2000 10000 3
3753 3966 80
2374 6037 80
2316 4805 97
4913 9402 1
127 6628 67
9017 9476 21
1805 2349 70
1703 5939 4
324 3028 41
8 676 46
2428 4340 22
3488 7314 58
3445 9084 34
500 9088 54
120 4741 85
3114 3572 37
6648 7525 54
1286 7868 13
7286 8594 29
769 6205 5
4409 4695 74
2808 9598 94
8506 9349 57
1034 7644 41
2586 8019 38
2193 7049 18
5126 6000 26
2671 5248 14
2192 7001 69
316 1574 47
2267 2307 70
6352 7355 98
1360 7790 90
5284 6384 15
4733 7227 70
4324 4427 24
3867 5305 90
3225 8256 9
4145 9278 3
2338 8247 78
4849 8889 64
1180 8710 86
677 9474 26
5513 8097 61
3058 6829 96
1997 2175 79
6226 8882 39
4634 5065 75
6449 7822 48
5407 7012 61
1317 2600 10
2789 3787 8
4392 8453 90
3165 4410 40
571 8826 57
856 9099 84
1623 9493 95
4286 7001 61
9599 9933 11
5891 8818 60
6083 7262 29
2735 6201 56
3852 5080 4
6571 9780 31
686 1239 27
7729 8560 44
8446 9346 77
2721 5908 46
393 4338 59
1105 1468 19
8122 8952 12
440 2498 36
5612 9642 10
9390 9864 63
7312 9444 39
5841 7173 91
718 3843 53
2318 6972 63
373 3280 65
397 1500 11
512 2940 86
294 4319 49
2472 9001 43
8284 9777 100
6006 9889 70
1300 9767 72
5858 7730 60
6171 8736 44
4470 6522 79
79 2452 45
1201 9187 66
5361 9828 10
336 1340 52
697 1724 53
1139 3244 56
78 6171 14
7193 9710 44
3914 4104 63
5118 9324 81
443 7327 21
5600 6691 58
4362 4867 69
6064 7403 66
1585 5905 22
2154 6388 9
4230 9230 62
5031 6954 54
1103 5673 63
2542 6146 88
1964 5859 67
3719 5428 97
632 2297 52
590 6466 67
191 5610 57
1820 5933 6
3082 6535 70
280 5523 72
30 103 99
7686 7920 35
1283 9082 46
2375 5686 79
4903 5275 14
4132 8634 57
582 5695 24
1777 9955 25
5459 6354 96
2729 5397 25
695 9325 25
6338 8110 64
4886 9637 46
6003 9718 66
3166 5788 17
1498 5246 75
1346 3851 85
6608 7634 5
5388 8626 2
7207 9542 13
4548 6936 21
2393 8856 84
175 4433 98
6229 6872 79
482 1446 44
5577 9987 97
540 9812 16
1084 2461 8
168 7434 91
2315 6945 34
1486 6863 65
707 6254 7
5897 8944 98
8599 9297 30
3735 6871 99
3013 9441 88
2445 3508 25
5966 9042 68
3211 8859 49
2572 4932 74
8341 9601 12
715 6443 96
8506 9486 17
7040 7824 77
76 1032 61
2324 2482 13
929 5911 41
2956 3168 93
2984 9403 94
4970 9113 81
2580 6433 29
5551 8390 33
186 7183 88
6841 9694 48
4458 6854 71
896 7854 40
1877 7803 17
6198 8149 85
7149 9691 7
542 1697 33
1938 6023 25
3925 4885 96
1152 3151 44
4881 9437 79
614 6922 48
4256 8201 16
4174 7912 29
423 3213 39
1525 8024 29
1645 9236 5
1610 5492 10
4837 6384 7
5595 7779 55
315 354 9
5572 9946 93
4494 7146 53
1668 1895 26
2746 9811 49
8286 8660 80
4872 6426 75
3238 4385 71
4755 9818 69
6301 8368 18
1033 5334 34
441 1084 72
2028 6224 6
1022 1870 61
2843 6747 17
1655 9424 61
3162 9274 5
1066 7124 72
5113 9307 7
5164 7476 39
2705 8605 16
6622 9306 76
912 6822 58
1021 9175 43
3969 5998 59
1929 8503 33
1879 7699 74
432 1434 69
3389 7881 87
8040 9138 13
3631 5574 18
5623 5730 66
5915 7432 70
2212 9101 5
1153 9090 72
7681 7908 100
3506 8951 77
3571 9019 38
457 3846 85
848 9756 56
1890 7453 28
2489 4747 2
1248 5835 29
90 6637 76
1142 9265 81
3225 8771 9
657 998 97
2668 8334 41
829 1851 34
4617 8664 84
2284 9039 51
2062 5402 34
5462 7832 21
799 3180 55
5673 9647 89
6652 8913 13
1766 4102 30
671 9389 9
4374 5049 39
2908 7101 85
1305 4038 55
450 9419 89
6240 8365 78
3005 8271 51
3557 3889 22
3606 5965 26
504 7541 33
741 3796 34
4776 7536 92
8722 9535 51
1605 7131 100
2649 9812 96
8295 9581 10
456 3256 58
1565 1855 67
2611 9354 61
2657 9811 13
2864 5969 35
4504 8997 96
5650 7860 9
1235 5824 26
2590 8271 6
8665 9996 22
3932 9096 52
344 4578 16
2311 7427 89
5664 9412 87
4248 5255 39
5661 8761 37
2364 7545 56
7713 9631 22
3216 7909 68
1279 7517 13
7209 9122 94
2430 8358 1
4532 7549 92
4938 8828 19
5194 5515 17
6098 6598 24
4862 7545 99
315 9851 11
4537 8293 15
1601 5563 50
4905 7765 40
4599 5065 88
3996 7821 82
1384 3980 84
5351 7167 80
4930 5278 19
825 4046 48
1264 4440 9
631 6096 1
548 5703 9
442 5217 12
5506 6789 84
1977 6114 4
4225 6483 2
7166 7347 76
4478 7089 92
3215 5696 74
2031 4124 61
1944 7803 56
5212 5359 77
7417 8919 5
727 7429 56
490 4364 83
2887 6312 52
322 8078 3
3552 4506 60
4441 6329 87
325 4782 5
1040 2370 16
799 7170 18
3727 4011 34
1888 7390 50
6729 6760 15
4136 5287 94
123 5142 28
1782 3345 1
1047 6166 5
3197 4603 35
4958 8477 76
1685 4033 22
5117 6102 42
4487 6113 5
634 5176 2
5088 6027 91
1321 1377 56
1938 3024 16
3477 7972 5
1276 4130 13
4112 6490 8
6569 6644 74
7007 7534 24
387 5019 77
1238 6791 5
9086 9565 82
1939 9697 7
2476 5627 77
3308 6304 72
672 7119 99
4099 5275 96
3512 5437 82
184 6131 78
1372 1632 42
584 1343 41
356 6435 4
3364 9950 72
3145 9448 20
50 3681 23
5946 8907 54
458 3309 23
6150 9275 54
4673 5007 90
3941 8507 29
1960 6850 31
7064 8390 80
6870 9067 12
4456 9012 88
381 3910 28
4215 4801 67
3187 6882 43
3780 4010 22
3947 6117 9
5562 8547 88
2137 5754 52
6979 9149 16
1162 3025 28
2298 7313 83
2732 7211 19
4131 9829 27
1376 8347 25
2458 8273 15
2916 7900 65
6383 9454 8
4451 6704 38
317 8512 82
6255 6832 88
2066 4749 49
1725 1881 65
3558 7513 29
3366 4130 93
2722 8358 82
248 1897 50
3619 9628 24
4325 9529 91
527 6675 89
7286 8856 84
5151 5780 24
6048 7838 9
4909 9879 85
103 6507 79
1297 7803 64
4784 6749 56
2255 9016 63
1332 4849 87
4471 9165 63
2821 6486 47
3684 7403 3
2068 6714 8
1712 4246 12
6969 8711 41
4974 9420 5
2974 4069 60
7391 9338 66
1461 6617 71
2213 9000 92
2890 4075 76
5451 6739 9
5000 5603 92
7321 9880 95
997 5052 84
939 2865 67
303 9420 12
3695 8504 80
1449 6791 29
4286 4877 71
5163 6551 32
1151 2155 96
7019 7460 27
3398 7608 10
1049 2118 18
8592 9429 2
4738 8628 29
9052 9879 28
1219 5569 95
586 8238 39
3212 6603 4
2175 6067 65
3982 7704 83
3413 6503 36
4881 6141 42
272 1166 45
3931 7986 51
4331 6438 94
350 4353 70
3575 8757 1
3784 8312 52
1673 5014 33
1363 3373 98
1948 2751 99
14 2472 62
5457 6345 66
194 5955 21
924 6132 23
342 1406 91
6816 9002 47
412 1493 62
9102 9132 6
2624 6814 38
6818 7682 14
815 1177 52
2132 8646 38
2219 3178 63
5067 5849 11
101 2693 56
4121 5405 9
223 7864 87
3695 6498 43
8378 9617 32
195 6139 20
766 5950 67
7086 9120 17
8293 8547 77
5629 7379 43
3611 8730 59
1121 2200 82
4759 10000 71
1771 7734 36
4362 4783 61
5954 7078 30
6640 8469 56
6001 6210 13
7469 9365 9
776 3502 65
6488 7887 56
4897 6161 88
2086 3738 67
8224 9834 92
1722 3730 7
3851 9475 47
868 6355 66
2789 4456 44
2567 5121 37
770 2788 54
1648 5981 10
6653 7839 90
8434 8462 46
1622 5118 47
5107 8695 9
2404 6797 68
5789 5951 43
276 8722 11
4307 4937 16
951 1811 68
5872 8073 38
6347 6958 35
1143 1892 46
5066 9372 34
1199 2401 58
2223 6082 87
3488 9733 37
2074 9196 81
2793 4748 5
3011 8643 24
4293 6653 3
5190 8034 72
1602 5169 25
3307 3522 15
2019 6407 8
7230 9322 20
2795 5634 74
8235 9165 17
4063 7990 59
801 2984 84
1613 7637 28
2620 3362 93
7113 9915 79
92 8007 27
166 5510 49
2774 3286 43
6459 7777 32
6179 9497 67
1914 8973 59
1439 2135 94
2388 6434 68
5233 6983 43
709 8325 88
44 2477 29
1670 2308 54
4937 9370 93
1668 7376 19
4488 9586 69
247 2557 85
2891 6447 24
821 3414 78
3677 4252 36
4667 9045 55
3486 8139 43
4248 8708 34
185 9189 96
166 5226 30
6279 9980 18
5039 7948 19
1441 8541 67
815 8418 81
4395 7842 88
4844 9821 41
1226 8842 95
600 640 10
967 5657 19
2020 8489 63
1938 7304 25
476 4571 95
76 2127 74
49 8749 92
1971 3169 23
2886 9448 18
7382 8205 84
1756 9591 52
3238 5234 6
3779 4191 29
4622 4984 91
3070 5680 60
1981 6855 45
4228 7002 57
1494 3880 16
2642 6946 32
2489 7304 11
1332 7387 64
1350 5294 63
6937 8691 100
787 8870 9
7350 9088 29
420 2594 95
7034 9401 33
4577 5126 41
4556 9808 81
2824 6163 19
4777 9128 48
63 5945 30
184 4364 8
7806 8281 1
6465 8604 13
4613 9153 48
273 5363 47
2382 4518 8
6460 8611 40
3329 7784 26
1124 9515 71
2019 5629 48
8077 9006 32
612 2309 33
1757 6900 75
2959 8914 57
8109 9880 6
2766 6420 74
8095 9979 45
1370 1459 60
465 9014 38
3931 8688 78
4995 5202 24
477 9026 25
2640 5559 33
2802 9306 74
6192 7911 65
7165 8541 63
23 7446 19
8272 8402 23
6341 6379 19
3375 4963 58
1642 9927 99
6962 9253 32
1863 8298 12
6285 8309 47
471 7020 14
1156 5148 100
4469 7613 53
5192 5702 16
5547 8380 15
2708 5033 43
441 6141 83
100 1896 31
129 4771 40
2347 9465 77
4870 5883 56
8120 8488 50
5436 8386 12
8665 9404 47
5768 6256 62
1273 1381 32
300 8055 47
794 6028 24
1062 9347 65
277 5718 61
7980 7987 92
77 128 28
1923 3857 64
1847 4194 5
5590 5883 66
4550 6982 82
936 2679 46
4506 4509 21
7410 8780 22
599 5641 58
88 5749 96
893 5801 57
3192 8544 65
328 5384 78
4618 7622 71
3425 3574 78
3124 7840 73
2864 6421 12
3115 4283 57
3891 4317 93
1116 7631 93
777 9494 92
637 1034 2
5289 5305 23
1718 4595 77
1357 3873 44
2929 4922 54
1324 5020 56
55 7907 93
992 2446 72
7447 9882 47
7108 9366 64
7725 7914 48
3640 6635 41
1718 2602 63
1572 2037 4
9670 9698 79
3460 4523 53
4724 9594 61
1084 5131 33
3701 8676 62
1599 6569 55
2095 5080 15
41 9567 87
2353 4525 90
6620 7269 27
2273 5573 92
4020 4546 91
5116 9158 31
3831 3937 74
1958 2987 32
5014 7031 56
3239 3664 31
4067 6337 97
788 5371 30
8279 9074 60
457 5579 67
7462 9938 31
5669 9263 16
6382 6990 27
6075 7884 93
1224 6796 33
708 3181 30
694 9486 38
2796 6287 64
614 5586 26
205 1249 12
8393 8510 86
7557 8228 33
6543 9279 2
77 2971 13
117 930 5
9103 9651 1
1851 4787 71
5744 8880 88
1705 5070 30
4956 5585 95
2814 8668 45
652 9052 7
2103 4369 67
3694 7940 10
274 8448 48
5776 6591 82
699 5192 100
213 7802 36
445 6703 71
7308 7598 81
4457 6446 25
1791 8160 96
3162 3256 49
902 7531 48
1640 8328 81
3674 7544 94
7244 7489 40
3266 8465 87
5102 7364 7
3265 6384 31
4958 6149 51
2242 3631 20
4913 6720 87
2866 4653 9
23 6893 59
4748 9116 21
3417 6166 89
3068 7153 99
3272 7434 88
5227 6416 27
3016 9429 95
1363 3813 3
849 9653 82
8808 9095 80
6320 8074 89
257 5700 97
6294 9675 62
2384 8741 14
5371 6653 99
3111 9791 11
3141 8097 69
6994 9245 74
1609 8592 56
6074 8615 56
8484 9023 22
3738 4322 79
629 3020 50
3810 9276 43
3731 3879 89
3871 5573 35
400 6634 29
2767 3511 46
5304 6069 69
4307 7879 25
1848 6185 94
3607 4076 25
3733 6129 42
2154 7599 98
755 4250 69
970 1377 66
3028 9572 60
2964 8513 33
1928 4127 71
1809 5511 28
1429 7469 4
278 2321 4
199 2627 54
4999 6998 26
3261 9441 47
9639 9667 8
2133 6098 67
39 9524 81
2117 2266 39
638 9272 20
363 9586 59
1756 3619 56
47 3283 21
1837 9767 23
1104 2803 48
702 1991 47
275 5552 80
2133 5187 6
4836 7190 7
6197 6464 78
4077 8819 84
5904 6308 43
851 1317 12
6636 8228 76
2743 6729 19
1991 8465 18
2682 9796 59
1506 8902 86
2714 6192 86
6027 6628 93
338 6012 93
5040 8604 41
1648 9625 32
1067 9781 97
1494 3977 59
3345 9281 49
5992 9236 7
621 7040 25
383 3994 66
3317 6267 15
6184 8182 47
1677 2233 39
4872 7884 92
2812 5613 39
3165 5716 22
1595 7196 99
3194 3305 71
636 8401 83
1467 5878 73
9 5057 60
6207 8523 85
3433 6288 27
3133 9943 81
6144 8878 88
6694 7345 63
247 3535 49
2009 8043 18
96 7198 62
6109 7115 19
4396 6095 35
320 582 74
1159 9470 72
7779 8485 87
7009 9188 7
7648 8247 64
1207 1496 93
1191 3879 10
3767 4867 83
581 4417 47
900 6098 85
2980 4657 73
6545 9769 42
8376 9416 100
5186 7223 71
1665 9934 15
3775 7648 23
6002 9444 45
514 9632 33
6950 7599 43
823 2596 24
6661 8335 25
1235 5450 50
2163 6190 69
5031 5219 59
1922 2606 7
3397 8677 5
610 1657 14
2607 4342 58
608 3586 9
1566 5356 86
5444 8881 90
5519 7216 55
2318 4931 63
5534 9729 57
3393 6570 58
879 7813 50
1858 3756 15
377 5308 49
3775 9834 47
8641 9271 24
3553 4219 76
3063 6361 63
2627 6443 13
4606 9749 51
6369 6382 47
4841 6952 56
77 7517 68
626 9195 40
922 2221 49
9087 9342 32
3786 7454 33
5660 5920 11
497 2575 62
6415 6566 25
1759 8209 62
3151 8385 7
3641 8725 91
662 1143 15
3529 5070 38
3183 5659 22
4053 8865 39
1599 3495 100
2073 2340 61
2107 8270 18
3916 5760 78
3802 9725 100
1323 7436 46
2166 9061 94
867 8127 21
4971 6891 34
2163 3899 66
2139 2835 51
207 9047 28
7968 9030 88
6977 9451 57
2052 3756 29
866 8865 83
4163 8657 75
448 6226 38
9309 9743 57
5511 8119 23
1251 8354 23
3356 6775 52
2251 4975 1
3059 6675 61
2992 4998 40
3535 8567 23
5202 9056 7
3650 4056 2
5258 9888 28
4059 6156 85
3091 3675 45
2686 7432 59
5556 6454 87
653 3189 6
8177 9540 30
2838 9824 76
5285 7494 50
2472 4268 15
7209 7601 73
6054 8875 98
1229 2799 88
1757 2096 62
338 4430 9
4755 6812 12
5632 9231 98
5532 6786 55
5184 7507 95
5646 7913 48
2230 2966 15
1306 8186 59
9205 9372 91
2203 5874 32
1087 4501 54
1338 1343 25
3106 7743 56
650 8175 66
1279 2741 15
5951 9296 43
3485 6974 43
6621 7935 80
4388 9682 42
5723 5774 100
260 8870 69
829 8058 87
3888 8773 12
73 5043 37
569 2207 14
1071 7214 27
4798 6199 94
3659 4675 23
310 3329 32
692 6081 56
1810 8925 67
576 1828 67
369 4324 24
3028 9776 36
1887 9964 91
6049 8364 81
4608 8037 85
6167 8774 41
6704 9626 39
3638 8503 95
598 2389 22
8132 9263 4
4812 9491 33
5402 7711 17
3269 9038 62
4469 8716 74
6139 8826 68
1623 4577 22
258 8780 89
1914 6862 28
5125 7153 28
1858 4675 78
1154 8730 14
1103 7479 78
2427 8394 15
2687 8579 73
1400 2595 61
3382 5935 79
5970 8218 84
3403 7503 81
1195 7809 65
8309 9395 18
4673 6652 81
580 5801 5
5500 5601 55
2429 5595 93
908 8907 2
7494 8679 19
2880 8988 96
4949 7059 33
5077 6298 58
3368 9938 29
5332 6248 29
4692 7134 4
216 7568 33
1319 7025 50
2711 9767 87
1150 2107 17
592 2267 45
8277 8400 64
2640 8514 15
2163 2628 39
5246 6484 43
6376 9452 31
4158 8270 61
5586 9949 83
4254 5870 70
3094 7598 14
5703 8412 58
3147 4922 83
311 2310 94
7558 9073 90
4925 9443 86
1685 6280 32
2155 3293 29
154 6510 1
5620 9348 8
7937 8801 83
2422 4459 8
1116 3207 78
7353 8021 44
4916 7642 10
2389 9644 44
6898 7648 56
5328 7854 37
3359 7379 43
383 8913 14
5063 9703 44
5307 8879 37
292 7735 86
3351 7529 15
5791 6479 13
1196 8696 36
3086 4233 67
7631 7912 12
5840 6108 2
5379 5593 8
4125 5260 17
545 5173 25
3005 7935 46
2423 7798 66
2729 6653 55
7784 8014 80
2014 5281 39
429 1803 26
7486 9723 36
3568 8543 31
3265 4419 85
3882 6925 56
1713 5747 87
303 4537 54
1695 1816 69
832 7925 98
1285 2556 40
5197 6764 61
5253 7049 94
2875 4361 45
4253 5829 46
1705 9069 92
5634 9160 37
908 3762 30
4422 8288 32
3053 9379 65
3503 3577 16
1034 3376 41
5799 7812 12
6132 7576 94
6213 9559 19
7422 8816 71
3231 7936 77
5703 8681 3
5321 6438 49
792 2419 1
3303 3409 21
4040 6082 49
2062 9241 45
6959 9328 39
1653 7033 45
2805 8700 80
1917 9516 81
1660 8364 14
8034 9057 26
1530 5010 18
1529 4531 26
541 7741 23
6349 9988 26
4825 9113 17
2315 7839 92
666 7203 19
2933 9854 15
1 4673 43
6546 6880 7
3054 3456 30
4190 7217 38
1523 9689 71
6774 8815 37
4910 6286 43
2059 9284 5
6094 6728 8
4484 5723 65
3242 9952 34
6083 8848 8
6216 9539 82
743 6376 24
5026 8845 5
1226 1470 59
6519 8463 93
6269 6968 48
9613 9803 62
9632 9636 65
7796 9586 46
4184 5664 28
1117 4712 15
568 6513 6
5774 9184 37
2329 7772 61
2323 7625 92
3112 8382 99
857 2025 91
281 521 87
3159 8120 20
569 6259 60
2568 3288 52
1685 8994 58
1531 8600 67
1560 4465 14
3630 9354 59
4096 9863 33
542 1833 44
897 5381 35
2195 9706 46
1911 5490 73
744 1874 50
6511 7943 100
3127 5537 70
2569 4998 14
88 8622 20
1174 3245 16
1288 9992 45
1397 4864 95
2073 8291 81
4128 8454 89
36 103 92
443 8094 28
1566 2923 64
1132 9985 36
790 6663 97
6373 6895 46
2289 7727 97
5583 6792 8
2939 4502 12
1525 9813 12
153 383 64
1805 5658 3
5573 7564 8
1166 5203 28
1018 7183 60
4220 8412 2
9553 9993 87
6939 7611 21
3966 7774 25
5944 6889 73
112 9482 58
2827 4816 56
5228 8333 63
7589 8072 74
8101 9889 23
1681 8904 68
5827 8219 45
1246 5390 88
617 4526 18
3012 5463 70
2303 7119 70
3504 8451 44
3895 9716 50
4990 7503 46
4540 7132 56
5545 7201 67
2856 6309 37
8540 9605 56
4372 7580 55
4109 6572 66
805 4932 3
6411 8666 21
6018 9049 66
1168 2954 67
3061 8706 97
2307 3310 72
4234 7213 46
5635 6405 96
2446 3356 47
496 2612 96
4573 8407 88
5383 6383 50
5043 9667 87
6526 9616 64
1211 7586 92
3809 7612 29
2252 8755 87
34 7095 36
301 2883 18
1437 7400 60
164 768 55
8925 9018 94
897 3773 40
1045 1467 100
8031 9306 7
2828 5123 32
458 7626 84
2020 5890 78
6774 9068 43
444 7135 77
148 3280 2
6782 7855 12
4366 9934 84
3909 5343 33
746 9449 7
759 5716 38
5423 7299 27
4885 5544 84
6766 7784 38
222 9777 40
4204 5172 54
7206 7761 68
4615 6603 81
2372 8570 91
246 2252 62
1692 6322 66
4876 9580 8
4198 9785 4
3381 9144 42
926 6024 98
1427 5727 85
7182 8017 9
4083 8004 100
879 2332 82
1227 2474 45
5728 7382 16
7446 7867 73
2069 9316 75
4351 4611 47
5225 7668 62
79 5033 40
637 4212 8
3086 5138 16
4430 7618 71
2260 3020 79
3543 7565 67
299 2567 94
4406 8218 45
897 8676 42
325 3225 46
600 5171 11
4140 4370 56
5448 6738 100
7898 9198 76
6314 7679 90
1955 2727 24
643 656 44
1646 3177 61
520 6373 92
860 1138 85
5985 6443 76
4998 5592 94
3581 3759 71
7012 8465 58
7311 8810 48
4654 7391 22
2599 2631 6
1329 5615 28
1896 8803 46
1388 4798 52
5252 7824 81
2562 4738 77
8299 9556 78
2294 4039 1
2843 3308 27
3521 4331 26
6036 6798 93
4586 4772 27
7830 8125 91
2063 6799 41
8111 9775 40
2022 3681 49
5430 8641 85
1695 3752 52
979 1424 95
2752 8260 55
648 3366 12
9465 9638 3
4695 9759 61
2777 2957 32
121 3986 76
1433 3742 1
7299 7446 32
7922 8589 66
244 4723 75
7278 9123 9
4515 5011 61
1953 5990 25
3041 4699 59
1736 3561 75
4559 4604 7
6170 8945 78
5430 5889 97
6622 7145 50
832 4752 62
2415 7460 39
4624 7025 39
1039 3547 34
415 4866 97
2582 2609 77
3897 4908 49
3470 9752 13
3767 7040 91
4476 8502 26
3619 7219 61
7549 9463 88
227 1308 70
4235 6576 77
1078 3508 9
911 1670 23
1401 5082 64
2110 8640 55
7168 9789 86
6587 8443 62
774 7197 38
4701 6496 53
4485 9562 39
1366 8731 65
1644 5878 20
3932 7380 71
1218 1812 48
2871 6552 72
5697 7595 2
3792 6577 48
5362 5888 46
1839 7954 46
9295 9746 27
5543 6534 18
4811 9535 59
3538 5952 94
6993 7537 21
1284 9900 36
5531 7610 7
7858 8467 49
3430 8374 77
4619 5252 71
7938 8738 62
4582 9459 39
153 7159 15
2051 4323 55
318 7154 50
1175 7486 73
652 6287 16
2223 4920 17
4044 6836 8
4425 9302 22
1667 4937 32
2 2306 32
8084 9185 49
1716 6921 39
7732 8595 78
3958 7954 13
4084 7615 90
4313 9155 54
3213 9896 63
2084 5944 98
907 6545 84
3310 8070 41
6795 9933 47
1773 3729 76
7523 8147 27
5669 9980 75
2271 4457 56
1899 9805 23
2727 7160 83
7530 8927 21
2601 7498 7
1487 3078 56
2630 9786 11
8346 8732 1
1950 3604 97
846 5417 58
4548 5294 3
1347 7317 83
1489 9283 24
694 5523 33
394 1971 27
3241 6614 47
7363 8536 54
1057 4820 2
4028 7199 93
6598 8699 97
5120 8330 30
1398 3769 6
446 4387 93
1667 5227 73
3765 4290 23
6556 9340 83
3602 4659 59
7187 7996 5
172 5265 24
468 541 24
458 4259 35
6369 9559 2
2632 9018 76
2022 4237 55
6078 9150 69
1217 8528 8
604 3038 2
5421 7815 1
4346 5938 87
1832 6580 77
998 4905 47
133 4301 16
927 9286 26
2373 6825 66
2443 3231 23
357 3018 84
90 7475 25
3827 6298 86
9375 9975 10
1763 3662 32
1423 3026 25
8163 8921 5
6439 8359 86
58 1742 35
7584 9386 91
385 3710 91
1920 7818 50
2076 4522 80
481 4972 12
4867 5639 69
3628 6846 22
1499 4346 49
1528 6248 59
3956 5646 55
7674 8531 29
410 4874 10
4070 8402 58
878 3364 19
3405 7567 46
2175 9081 100
2753 5846 25
81 4362 44
2183 2505 32
5264 5832 36
407 8780 8
3952 9990 63
1903 6168 80
2825 4333 39
1369 5747 74
4780 7913 31
1536 6093 65
2562 6346 36
162 7859 99
3416 9129 58
3676 3807 40
1277 2085 67
821 1914 79
1532 2037 86
6885 8986 97
3805 4557 90
2017 8306 56
1412 7511 79
1936 9904 38
114 7782 82
2168 3470 13
3463 8767 82
5794 8699 46
2300 9858 23
2649 4428 25
824 8671 57
4881 5599 90
1501 8906 85
2290 5749 31
4687 6831 82
4531 7270 44
3894 7245 6
1893 7400 56
563 3340 17
5139 7604 29
6454 9070 62
3671 7954 53
7951 9010 100
722 8692 74
1008 2027 68
1994 4821 4
1705 7724 66
2543 6982 54
2254 2377 8
1865 8776 7
717 5222 8
1941 2421 88
2448 7747 55
6430 8583 64
4177 5927 86
1722 6396 79
2988 8918 10
2584 7401 60
189 5875 64
4572 7045 83
2263 7087 12
2807 6421 22
8826 9836 53
4301 8776 99
1765 2114 13
5161 8311 13
1785 9705 78
842 3082 46
3498 8190 68
1340 8652 58
4123 5331 94
7827 9896 48
1479 5596 74
1132 6372 24
1933 5235 32
4284 5188 29
1738 4254 39
2168 5818 26
3054 8280 79
2422 7573 40
41 2716 1
129 9999 23
1537 8967 100
192 7944 16
827 3471 56
3275 7911 71
2324 9081 41
5752 8390 23
7569 8341 87
1340 7609 70
4811 5968 66
2514 7161 4
603 5900 20
4800 5960 25
5867 7766 43
3927 6648 79
3922 8580 88
6945 9165 79
230 4366 36
8062 8137 48
2268 9839 37
5285 8706 38
8947 9755 19
1081 8214 94
3983 9402 9
1714 1797 18
387 4151 74
606 8912 40
4285 8179 99
2418 3193 2
4053 8553 39
5841 8454 3
6416 9705 22
4772 6848 23
845 7328 9
2898 6738 61
407 7666 11
4107 8319 37
597 8639 15
2890 6426 4
1588 1679 36
7098 7303 80
1901 5486 22
523 9102 12
70 5687 92
4180 8891 35
2636 7297 86
1424 2069 5
1860 2389 59
199 678 72
676 4926 41
2508 8396 45
5729 7867 30
1554 8333 72
1317 4160 99
6546 7723 56
675 5980 8
1063 5666 93
2210 5480 89
918 3623 9
3206 8598 79
6229 9388 3
3100 3424 59
4496 4964 21
7733 9521 62
2572 6411 72
251 6111 7
8048 9982 91
2163 5141 36
5101 8780 49
5662 7866 72
6018 7091 24
3363 5982 97
295 7955 53
1408 5505 22
5454 5888 30
1807 8891 11
418 3816 60
1947 4470 74
8273 9372 28
7322 9402 50
2042 8759 1
2693 7894 25
266 7810 28
4716 4911 44
6199 7356 41
7346 7729 27
820 2651 9
3375 8461 28
2081 8843 91
3688 5765 28
77 6954 9
1575 6810 38
14 9977 49
2045 5763 98
5466 8998 16
2652 7941 67
370 482 53
6960 7878 58
396 5118 25
3431 5278 70
5049 5250 69
680 7225 80
1397 3349 54
566 6653 62
1104 9335 69
3846 8390 34
2572 9371 30
3841 5512 45
2678 3623 90
3634 5841 76
3359 3551 41
2513 3583 97
603 5289 57
3508 7703 83
4025 5333 94
1522 6446 5
7192 8595 67
1971 2140 53
517 4285 21
4988 9513 57
4860 9571 43
5819 8913 61
2136 7460 45
4856 7983 78
6990 9104 69
3405 9892 81
939 6740 39
1670 6158 43
231 5799 38
897 5418 14
2814 3699 6
2768 4054 10
992 5182 51
290 8464 74
2468 9471 94
1540 8201 52
1757 7894 56
166 5276 63
7668 9378 27
4377 8522 75
3526 8369 85
1240 2174 50
441 7415 99
2139 4690 43
1720 4966 73
1167 2738 30
717 8544 39
2773 5868 3
1336 3231 32
1423 3031 79
2208 3937 2
6937 8202 16
2882 2968 94
1921 9051 89
3671 7838 47
1043 3890 16
8238 8409 29
4135 4456 88
1218 9258 23
5459 6796 17
4953 5637 9
1461 6346 69
7119 7410 48
1312 8430 9
1137 4459 63
684 7306 1
216 8462 64
5505 6366 86
4100 4786 49
3349 6651 68
3993 9512 92
1878 6303 97
1218 4915 82
468 3563 96
4965 9336 74
1567 8276 88
2067 8325 61
6904 8648 90
6287 6716 65
3666 5764 45
1178 9985 77
896 9671 75
1229 8745 43
3042 9937 15
1144 3203 83
1716 9210 20
1393 3082 66
2286 6246 92
5571 7861 68
6461 8341 68
308 8184 90
5771 6638 5
2284 9789 70
965 8446 33
745 8145 82
4709 8795 73
8713 9357 41
3241 7245 5
4039 8961 35
1527 9689 73
9121 9804 38
333 8675 59
3607 6681 16
1913 3344 92
6223 8298 4
3606 8264 92
1001 3317 98
2174 5414 42
236 3751 62
3079 9712 43
5065 7447 57
5880 8793 83
2654 5544 63
5537 9955 47
598 5572 43
3980 8858 7
1375 9622 38
1077 8592 57
612 4042 52
3193 9456 97
3348 3732 54
980 3926 54
3288 5857 79
4464 6813 97
4603 5312 42
6569 7640 57
2694 9993 90
3774 8632 89
4952 9551 79
1354 2732 32
1022 4177 62
1500 6128 94
6827 8593 23
802 9023 53
295 6369 100
617 6528 16
4962 5083 59
7487 8862 65
2339 3866 2
1100 6367 87
189 6118 11
2581 8342 18
4927 5598 44
1519 2089 41
5170 6541 48
5525 7039 81
912 4688 74
2217 2372 41
1424 7027 54
2899 9681 79
1211 1929 99
553 6342 16
1326 8168 14
944 2945 54
2409 8235 46
7037 9108 59
5822 6038 33
6350 9673 47
1733 4490 15
321 9958 84
6862 7720 5
2638 4317 13
5636 7598 86
1131 4547 87
4019 6978 87
1117 3309 46
2604 9720 62
2756 4160 17
1963 8948 68
1403 8354 12
1449 1483 79
3314 6681 93
4169 7837 46
2574 6764 86
364 623 53
8173 9243 40
4247 9864 29
6554 6719 94
5615 9455 87
587 4159 96
6910 7779 67
4976 5974 82
3257 7916 76
2388 7162 24
1767 5823 47
8778 9317 65
4827 6441 18
8192 9818 43
1899 2047 53
1656 9509 17
4651 8872 97
2646 2682 57
8947 9269 4
3298 9004 91
1163 5019 72
6578 9384 89
3835 5963 28
5268 8667 4
468 8720 17
4366 4723 54
5839 6249 12
3750 7892 87
6206 6226 33
667 9504 22
997 1496 27
3344 5427 65
6913 7209 99
6003 6495 18
1120 7367 47
6330 6626 16
4207 7946 27
1447 3742 58
3239 4712 48
2913 8164 52
1626 1925 6
3968 7580 96
5358 7248 42
5496 6782 80
902 2723 75
3651 3831 98
4163 9860 5
6945 8701 68
2057 9068 22
5469 9604 66
1190 7528 73
1469 6930 78
3219 6789 70
225 5504 23
2068 9706 63
555 7124 90
4308 5218 29
238 9696 56
254 2553 98
4641 7972 12
2456 6897 30
1484 2156 48
5835 9892 74
2407 6016 82
1217 2349 78
3845 7538 55
4049 8863 41
6099 7141 8
4660 8146 20
4862 8385 83
8526 8724 72
3346 5661 67
3108 7984 96
790 1706 67
3568 8442 61
5792 7222 16
4257 5466 62
2945 8967 34
5711 9385 50
1529 5052 98
6938 9278 92
8096 8822 44
133 9602 36
4087 6012 93
1239 2042 34
5956 9331 42
6206 8018 14
1318 4807 77
280 2244 70
147 5079 92
1588 7994 80
291 7885 71
2842 4971 10
5188 5841 43
5559 6566 56
7134 8193 3
9111 9679 38
2906 3043 11
5503 5853 68
5765 9630 54
3593 8920 100
1383 3944 8
3548 3972 65
662 7338 38
2610 8676 97
6561 8882 54
7099 9663 55
1874 5993 21
920 7999 62
4781 9416 45
2762 9550 82
6835 7864 100
5012 6237 60
7215 9602 86
664 6398 4
5190 8651 5
4073 4437 19
2112 7060 26
930 1101 41
1639 3641 86
4788 6661 76
446 8407 43
7551 9584 79
3237 8405 12
3613 6967 48
6524 8604 7
317 1858 71
1233 9058 54
717 3481 30
3236 5435 44
3204 8394 11
5061 6126 44
5349 9624 20
1729 8796 23
1582 8797 69
963 9503 76
4623 7162 6
296 3004 86
6715 8593 38
2801 9587 4
1233 1977 46
4729 5923 1
6144 9484 75
2425 6483 70
4798 8579 56
4952 8146 11
4055 5710 3
3773 9156 25
4179 9598 57
6549 9470 82
888 1887 70
2050 5133 39
4040 4372 81
961 1009 45
1402 2275 75
1425 6115 36
3517 9126 59
1109 6428 8
2491 6978 59
4802 5474 98
876 6295 25
3130 3869 89
5155 7486 67
237 2645 22
327 3436 59
2152 3219 54
403 1528 93
3837 5959 65
5361 5849 21
1570 9450 35
1858 3580 82
1935 3795 6
2253 3400 40
