100 200000 66
17027 159910 97
57197 133311 47
137323 179295 8
116338 145671 73
26021 122556 67
41780 98488 46
12124 71325 44
17371 195894 64
131771 132959 39
82043 103382 6
20096 157137 29
60715 103349 89
11326 87345 49
83350 145990 91
43903 138282 63
112033 138494 58
71328 111788 96
11426 109636 16
7727 140418 32
74819 140907 89
1365 144717 76
52926 158730 15
131442 197282 99
120624 175043 85
103907 172063 16
120431 151815 39
121056 137518 8
137600 178365 34
55794 61170 2
82212 149441 51
130135 153918 17
119323 175249 15
87366 154669 9
184054 196270 32
60407 150367 84
12871 21876 6
42172 88643 81
10451 13789 25
2059 51107 31
23474 111296 59
122611 160184 30
86312 106028 19
55772 136599 88
2241 118881 40
122373 149634 11
74827 96239 6
57449 145289 32
99042 155690 2
77758 87258 79
66176 67544 96
84690 106247 2
38546 171649 13
79950 143885 44
94610 166231 54
21588 123819 60
176369 198214 80
124758 126770 76
53027 81515 55
78801 166964 7
103242 188149 9
10635 101136 90
64167 184244 95
16768 88527 29
41997 129581 60
1949 34963 31
68510 70476 29
38849 74394 59
164894 181700 44
43129 134546 27
80807 169993 61
84075 106313 42
83588 154301 47
15784 117750 79
11031 128073 94
34689 140195 21
48730 100814 69
4288 105830 13
88308 157164 23
127953 179971 4
106865 132846 64
96468 116293 15
118676 160171 50
18126 198916 81
33754 162291 5
72775 94335 27
109267 152108 16
36703 196624 69
77494 168054 30
88128 159480 69
92829 95934 30
157067 158104 90
70604 131386 71
98550 138311 37
23766 75696 43
72992 86348 58
69325 159524 40
67472 148940 35
110265 164860 53
22010 140614 9
173985 191677 27
