2000 200000 21
39212 156325 57
42046 108226 63
44417 137433 3
52174 107231 31
21980 178483 52
88914 135781 53
79647 83134 82
91805 162076 50
83033 149085 45
55117 145717 32
41126 100772 37
105108 108654 33
89007 169176 40
188719 194697 32
32499 150889 43
17425 19824 29
12491 62111 43
90385 185743 37
48131 124335 12
13506 92540 16
65751 134168 35
51868 146557 68
15394 159493 15
173620 187894 25
22849 70055 53
90692 184054 32
78152 116959 4
68380 141667 78
60288 188154 84
146276 160991 78
18160 127674 51
10934 66723 68
122776 124553 31
83645 111638 46
87129 177852 54
64479 134020 58
73749 168968 25
88174 196822 63
124058 153051 14
27144 95950 63
17378 94827 15
87701 188768 59
44684 74877 67
64185 87625 51
58228 90094 77
10259 145219 82
8857 178170 95
52001 114268 89
63484 198382 20
77781 135371 10
122301 158494 16
51057 108095 71
24357 68888 54
61718 162318 3
88320 138915 87
40231 191560 7
82662 179442 43
117285 158211 52
17145 44678 61
6645 124234 26
39856 111495 18
91810 178905 99
30518 88827 67
101563 140069 75
56443 108257 48
108241 173309 10
24794 119925 98
61104 198272 79
132714 193467 5
113771 136912 23
3489 161323 59
11567 182983 98
20324 126514 15
34384 79854 63
37761 167702 14
41491 59177 17
43688 63500 44
102815 187785 87
116392 139145 73
37985 145823 35
159244 191749 60
36151 164837 48
28750 79614 76
74384 108835 50
59398 165173 31
84854 89814 48
37096 107995 93
88986 178188 27
23327 82564 58
14828 182959 57
101194 108567 59
69661 139079 39
63756 120612 59
28546 122064 43
25547 65760 85
97290 171342 40
10973 134722 75
127553 175695 58
68721 169825 38
69049 103290 99
58048 120867 45
152090 173095 99
48242 122835 35
151105 195700 82
114990 194617 45
140078 187816 58
15832 171941 92
88623 146146 82
15064 20907 66
14238 183863 35
57046 91342 33
81147 89129 83
138292 166230 99
125744 137068 92
8826 85125 41
4592 59994 8
171405 193583 77
76348 170231 64
179437 194307 68
23756 97571 59
90012 128830 34
3081 165467 84
158275 190123 42
31779 114518 1
112999 164333 55
100214 145643 27
191325 191830 35
70271 177918 31
10965 175564 87
6161 135173 21
4815 68286 83
101812 167060 66
8210 33163 99
116807 129109 75
118664 191447 72
60413 65219 79
99010 135997 88
143371 191205 74
72069 193936 57
109909 140462 91
148 109259 10
43003 170145 50
103317 110684 22
24435 187430 77
21959 29905 28
24455 111376 99
40498 103058 27
69052 120539 4
138977 189207 56
38942 199769 74
65507 161494 62
127633 169256 4
24007 123929 75
33462 145996 22
72980 92904 84
166 79351 91
142375 158406 96
85821 132517 8
23478 152068 6
131666 178644 65
4661 178332 65
94660 152544 47
125608 195523 66
43200 132268 57
57734 139830 62
53216 55285 18
72334 181776 58
133842 146078 70
24060 49520 88
25787 135314 97
69458 100147 97
67024 168488 5
152522 171653 79
74073 75591 36
156269 180044 40
10771 77700 16
74977 160674 96
59072 132013 65
23744 186170 46
76335 141832 71
18014 47563 69
23971 61188 40
34544 195896 74
2821 190125 46
43878 143531 59
65514 176221 99
72373 193024 22
86771 181857 20
30616 107704 23
84042 102321 17
74453 184837 68
6260 87926 2
109278 187076 21
63298 178189 36
26224 163290 57
26527 124958 64
140868 189125 61
38243 161801 15
79118 165776 12
73150 187829 82
67027 140952 12
10779 127349 8
58178 59798 8
107400 188052 25
3743 21331 29
117395 195315 23
66262 79498 89
17134 71940 41
78312 78487 70
72359 90361 86
49451 108129 63
69163 95702 42
109440 176086 83
11467 95477 21
95787 102427 97
62363 72329 3
45994 62058 90
81367 137929 17
68108 155003 11
124401 130416 34
2933 27410 93
15787 124367 87
63190 80479 14
60138 197416 100
39904 59063 50
35649 110278 75
41916 179070 24
66197 146295 12
13681 163151 38
4371 88560 8
15110 78252 33
16785 42179 10
4982 148098 16
45981 62661 85
47573 104604 97
23728 91568 30
35044 181081 86
140362 141629 48
63207 175269 60
7191 143649 84
22058 145267 30
57384 112418 75
72822 135682 8
77965 96207 53
92414 190121 69
87853 144703 82
124644 142820 63
99546 148952 42
5527 31742 67
141623 165626 43
103409 160928 90
15899 189401 78
76889 179001 46
3111 182949 89
116691 139230 43
41400 168090 82
100936 106648 21
134914 167632 47
87199 149604 31
17701 182010 11
24467 90605 59
8004 22678 56
165043 178418 79
420 49285 81
104332 175973 30
54254 183248 39
75481 112873 6
72250 193896 62
94281 141407 51
22197 92078 16
42180 57404 5
85292 193093 38
75612 185378 63
113958 118398 71
38346 198729 54
24255 88238 69
80490 136694 65
17392 32472 40
81953 155228 51
161756 185460 98
122137 123672 50
80493 124559 44
36100 107816 41
41096 156776 98
57115 148170 52
77037 107565 3
32506 145155 90
27433 125339 69
5293 56588 76
28640 70276 56
20963 80091 22
38827 192189 42
163951 182276 37
43865 79726 9
13864 139525 96
77283 163752 22
12033 184080 96
80807 83234 81
28058 68882 45
133752 149188 100
94221 147713 90
66361 92750 46
117650 151414 63
29700 35311 88
4922 124037 45
19225 174615 23
60828 92795 87
21445 176145 22
111514 155872 82
54502 141399 90
18072 52930 18
110640 119667 51
45846 107958 34
31556 145276 48
139559 193030 1
111986 160644 72
36323 62227 81
17814 190531 43
30757 75459 68
41189 82078 28
59271 64815 64
46467 117862 74
98398 121091 95
42734 63555 85
64049 133226 29
62648 82115 65
95385 183424 51
74130 133619 82
63655 153564 38
8383 56661 72
79112 129413 16
118293 184236 23
92766 159439 43
171938 186067 74
46879 117569 42
52654 121412 52
78699 193139 74
117544 184820 31
119124 156515 14
13872 101118 49
146264 183290 27
128816 195008 91
134563 184045 78
51372 57191 94
31637 102597 17
54098 119991 62
96729 195194 96
145315 195499 25
171698 175351 47
42785 64611 100
106402 106669 83
110972 142800 77
30987 191565 54
59177 114617 10
12773 172622 84
86105 148112 20
23962 43833 63
39570 177357 39
49567 68791 34
24221 163540 2
87520 128499 94
61049 119787 87
44536 166308 6
1784 74825 37
121335 146281 21
47601 196715 31
25878 62955 92
42554 48221 59
57374 133102 99
89549 117703 20
19069 179370 98
155042 160114 21
1064 193680 67
7851 60474 100
91243 99672 51
104084 191454 84
65104 185659 86
100570 134325 2
8016 88197 98
41052 151934 20
137429 162869 90
62530 107024 61
2662 180166 77
80855 90482 30
65957 125073 74
13769 14835 99
55729 91647 19
85728 88120 12
32638 58159 89
126381 128819 26
28877 115529 93
107586 120896 92
44714 54142 67
86044 100844 60
89406 162589 13
86654 189743 74
1174 150018 86
26613 186947 43
22185 162325 17
106658 198280 77
40816 140886 36
94541 99391 64
24225 197574 35
95813 163057 49
27135 37297 38
110456 178361 20
4862 74589 58
187350 192126 80
80708 119574 16
21066 103711 23
5526 58579 81
57924 198551 30
19793 188451 41
128473 140337 89
64332 188835 84
113582 157176 83
60034 127515 58
177312 184660 95
3398 96231 62
13015 87900 53
132645 148022 5
110998 197101 78
172539 179175 58
4755 50779 94
68880 96873 78
136911 144320 8
44125 66679 18
395 26922 40
6532 56675 70
27626 86762 55
128764 198082 69
148957 173747 81
82031 135098 5
27562 44543 78
16801 190069 6
24588 65989 64
103835 148890 96
33730 135451 16
9694 107258 66
1150 103946 75
73632 109131 82
179430 182454 63
107550 131394 38
55063 100038 61
149141 189999 86
28958 53812 90
135350 135730 37
30413 41749 35
6428 38398 42
34010 127909 84
55894 65230 68
19061 25495 79
167453 176527 48
50360 83267 31
153499 173488 12
21509 38430 88
161698 170949 97
38122 99976 51
15663 172774 56
8236 44237 32
35591 55305 89
137871 184668 75
23149 121575 22
16180 71394 16
144565 168884 72
39016 115503 99
93443 157279 20
34708 108956 87
43965 111759 64
48774 137204 26
13219 163586 32
36790 88691 14
48773 116937 18
2852 14454 76
108246 155024 18
85265 110839 53
36837 184340 35
96636 170790 49
80816 105173 47
68678 148280 24
59578 181971 22
109167 167993 97
108113 190688 78
53082 94860 98
19977 98102 5
17189 43919 31
33260 110253 73
3535 115389 32
34793 170665 52
94735 98894 58
32 56320 9
49007 163207 7
144116 176384 73
88703 185095 90
44300 170177 13
40733 70240 38
28315 77677 13
143133 167043 14
31047 100667 63
114471 188324 25
28428 65818 47
166935 176442 78
69001 182947 49
38458 167391 51
37850 41054 56
161320 186818 69
137684 156535 78
68654 171417 5
30436 110106 10
88326 195190 44
73965 80421 51
63551 160639 92
76257 128166 18
21857 110719 45
48043 90991 78
103229 137899 96
69343 76499 61
183373 196896 24
190948 199199 3
77823 112069 42
21166 172134 27
63529 177449 5
49553 128712 94
63948 151428 14
96684 195343 57
116567 153015 65
37316 57938 60
60238 106109 88
21817 24079 29
48865 107207 99
89312 119787 77
26448 38399 34
65931 84190 21
102372 196359 63
75401 96581 64
57014 63604 62
21413 53731 6
64098 149010 44
131081 199625 38
80332 150592 61
37025 101742 87
64062 138853 99
67482 93139 56
19880 91912 7
99664 118720 20
20151 198379 51
68291 110896 45
122970 130647 31
152098 195527 26
79717 184659 74
12053 150017 11
44947 136368 76
20674 184523 26
120852 137891 14
43296 107232 84
80659 119795 26
16834 181040 19
22954 104423 12
91980 116575 61
67790 179027 92
47574 133447 94
112647 169401 44
154819 160419 27
134905 148286 58
4480 129761 60
23383 142618 11
133701 143708 66
40117 172470 93
91952 101575 1
130755 160439 6
70225 96799 72
7213 30122 97
113183 129803 58
6354 98175 73
108824 171718 79
38319 78593 16
119874 135048 43
68607 142643 22
44281 81500 61
29582 141044 19
147365 191150 30
11671 79017 11
60947 73623 28
68526 150026 22
93786 150703 88
7691 87263 74
20867 31982 3
103581 124364 66
17767 91545 24
97782 179686 78
67436 146503 9
38585 147399 15
3859 62664 15
84119 113025 52
28595 187137 72
55702 158656 35
34452 58957 100
87926 100167 24
15793 56503 41
78483 136432 9
64599 119516 9
41593 184825 83
50871 197227 51
83192 115455 10
2111 78302 42
9334 88593 34
27186 103817 94
44533 125736 54
95524 196521 18
109742 155837 15
78682 95771 42
11568 152210 16
5523 186194 3
80404 158488 77
154031 176031 95
83391 198587 3
65283 108131 41
62666 196895 68
61089 89586 76
28945 130667 30
112474 183622 28
110794 185804 27
90606 109001 95
72751 89757 25
8427 38544 40
128968 150690 11
131476 174489 2
5900 190805 82
3549 119932 38
110793 130527 100
25584 41899 58
56523 61172 77
43408 185336 26
135253 189214 18
161187 193325 13
7559 163327 2
116384 145836 47
147302 178053 48
84266 115933 12
25541 61809 30
9668 41113 46
66969 94887 48
12110 51741 7
160362 198695 31
124542 190659 18
134182 153683 48
20942 184179 8
25906 47327 62
1615 77983 88
62482 63228 86
102637 114978 34
41382 139634 50
178606 188405 59
102363 172199 62
36938 66586 89
56434 119241 68
93560 121359 9
3092 187563 45
321 33861 1
39479 94498 35
12335 175812 37
37152 60197 43
88989 108807 73
57659 129903 68
74227 168623 95
70267 81135 95
37063 144987 9
41771 198304 35
98595 169030 83
30913 62572 8
84415 117465 18
41823 148982 85
2728 46319 95
86476 111827 82
55173 129795 15
99623 162269 31
33229 186513 52
22752 149507 60
79176 154430 67
126970 185119 23
67280 74021 12
32088 51534 18
55103 117082 45
98376 109650 60
30269 168403 10
72259 183469 14
147248 169248 44
74725 189811 76
20075 102952 17
100544 107401 18
45484 189607 89
2208 141837 30
88828 120245 25
56198 134227 95
7827 147995 79
115966 138565 31
35822 95598 98
61783 185167 68
5957 46352 93
144364 165512 16
33406 93341 58
75058 80936 59
9555 84970 19
12146 69591 24
46402 67224 15
113083 156265 80
13396 99951 14
43013 195742 1
68285 126369 73
128800 140995 62
170983 180280 19
70237 140276 1
18176 104582 6
150413 183620 80
1773 9551 52
35037 146551 58
124895 189191 86
79488 177315 54
144774 171765 20
22385 144237 12
181830 194781 14
60566 122349 63
17075 146717 19
117264 166195 18
121785 172141 54
30630 38321 51
59492 178668 69
30757 120138 20
63011 162686 93
72666 84991 78
92392 191863 80
174861 189683 37
14201 180859 98
91980 117610 73
57267 78208 19
81487 116568 11
81822 99229 29
7669 37351 82
62044 74073 40
75755 165539 21
113706 140144 62
33300 167395 2
38316 132415 33
52784 123357 11
60478 118015 54
43211 172738 94
149553 182556 17
3273 149410 74
148331 150727 5
43451 103048 55
107811 112678 35
40722 138273 7
135865 184256 29
101002 112069 17
64067 74175 75
13358 179595 87
13177 24410 66
15352 117128 79
44410 117426 40
10104 174175 8
95852 168282 6
77468 82331 77
137650 144323 37
17477 39676 6
80801 122877 78
115364 139340 35
161856 183843 54
13020 175662 75
87975 115504 71
30340 68968 31
80670 197076 84
88129 111445 97
84173 182541 13
173313 178907 53
9002 76032 88
55803 94631 49
24943 115368 19
12068 197587 73
16391 170698 32
5347 12341 3
44325 120197 95
21531 124145 92
35623 146816 15
49895 80219 77
63054 196702 57
5557 98337 75
48081 110096 69
78358 167675 7
9764 122104 30
6244 142736 52
17912 165497 78
72312 73116 7
16443 72211 59
117240 179555 41
150335 155313 29
75552 127328 23
97297 150171 4
77713 185606 70
78144 126967 10
24187 104956 58
28602 187010 18
30858 80882 59
125159 135251 30
32802 188029 3
129200 188348 49
63968 150449 38
64852 94538 83
110102 177749 47
73094 132907 26
71571 166889 30
147335 163698 83
73997 174656 66
71919 75098 92
32902 91178 66
19768 81353 29
25462 80199 36
34075 84786 49
7333 86247 65
65898 103304 59
121871 152322 28
128253 182864 54
42053 173716 90
10788 47183 31
99341 156742 78
15209 152720 76
62713 104269 88
97784 198836 38
78656 110008 83
29587 30354 83
122409 169596 57
101631 193732 47
53989 133714 18
88998 91034 71
40578 131955 65
40728 63449 3
108086 138805 47
155324 185932 55
130813 145374 41
23550 82954 10
91555 113836 80
187668 189566 47
131597 150306 62
121009 167773 16
20862 199932 84
86372 149629 6
16241 79883 92
31964 72788 24
32966 170086 93
15966 31937 66
37049 124953 61
102115 138382 47
105276 172563 63
29974 157139 43
51178 102291 34
190727 191930 24
1313 69968 11
90007 106467 56
30294 117463 66
132739 159416 23
29226 182826 99
41100 73033 39
86838 136181 3
35981 112463 44
22563 123435 78
6604 96757 26
24294 98479 43
32404 161514 1
12612 192055 7
26526 123325 63
58368 107297 10
111002 141793 13
105554 130720 31
86154 197596 99
73580 122072 41
138029 153752 51
61552 80360 38
95568 192959 49
4108 183777 80
18724 197040 45
26176 53181 55
62665 184926 75
67364 149009 49
10229 151078 21
88962 123641 56
31414 48725 21
97165 164412 37
55483 115038 19
31630 48684 69
42824 170246 85
97475 107874 60
27710 43187 94
105372 119920 58
98257 120671 55
55822 108213 8
745 147021 25
88197 190818 79
73136 89702 44
71667 118101 100
62032 106434 97
41689 63744 27
22697 182237 53
6987 154409 35
18158 148685 39
1546 65960 24
4557 189221 76
55831 117711 12
9149 172043 14
33809 48955 48
44004 56667 89
34067 46920 21
4199 57085 36
13585 29052 86
52287 183816 4
28782 182497 73
11147 55400 6
27601 71279 76
79213 111306 34
42319 149342 60
141436 175182 51
53026 97129 20
182938 191324 74
84088 150340 79
119384 189939 35
106408 155370 12
10324 66850 42
52292 154828 12
147570 150676 14
42810 118794 94
18882 190473 99
31636 190997 44
94492 161704 55
146228 192371 58
66698 106396 58
30202 44494 44
101594 102797 59
147169 170172 75
104710 151909 47
111253 159770 9
96007 169689 59
115892 135006 50
48428 57402 48
112291 165416 38
53514 140048 37
7645 47727 92
78291 82745 30
70131 112647 56
18382 30043 93
146238 152996 42
11987 186452 18
162807 169477 21
33489 158990 30
125974 140561 12
114864 191472 90
88110 152413 46
67739 106413 77
60780 93978 15
132065 182078 60
132868 180140 41
15332 151331 67
3615 114482 21
148850 171909 4
22563 72048 71
96583 148423 98
13845 59744 93
69417 83390 63
97864 162536 59
96025 115832 11
29645 95392 38
55495 90507 24
71916 151280 25
89552 100962 57
27495 141659 89
52070 59160 98
143984 144332 35
67848 196152 43
118713 132440 7
25466 136495 6
89376 187327 86
74026 83913 56
7717 98545 46
4197 5280 79
11155 38964 79
149837 195245 25
22023 114659 26
54075 147888 82
32982 58239 36
16420 27540 61
22739 62914 23
90222 179675 51
60081 185363 47
164395 193568 64
127789 134067 80
148643 185463 99
6149 107627 44
77480 197279 85
16986 187377 21
10858 159748 90
25297 133875 2
30937 104595 34
8054 141718 50
135012 173475 85
28532 61751 61
153417 194326 27
34777 142071 50
82100 128195 28
35053 91016 41
63899 132855 82
3628 72851 69
68419 135777 100
171086 199209 64
44610 53161 12
65338 148389 52
83790 108587 3
22203 57059 90
25860 192707 62
140912 174794 95
165298 198242 50
3399 119561 37
42525 95221 53
61160 149856 71
147635 150463 74
48777 99857 28
69130 173674 59
48651 147122 31
55323 56971 35
29097 127335 83
9354 96751 92
190900 193452 92
3550 103813 33
5453 103295 5
28742 94444 79
66503 83758 63
93603 168444 44
63315 85226 70
183619 187460 78
135635 194346 90
66210 95027 6
15761 52095 10
4091 99927 55
26754 54221 86
109947 162671 12
41940 106740 4
48833 95937 77
54722 73874 21
12026 35664 41
26109 167568 20
185590 196393 20
38158 107108 46
81599 118692 47
146474 199550 67
94568 134881 10
32738 122674 69
93125 184750 20
55573 172731 35
48699 109291 73
62751 156404 88
109678 160808 24
60335 131502 17
11110 41722 23
171379 197796 52
17627 193364 29
63221 193042 14
43984 47368 67
16721 122996 9
36432 106822 2
89074 106166 31
44909 80355 55
19729 64939 86
46061 51942 11
1754 112889 93
71176 108601 93
30946 31019 45
2182 110863 69
22622 82791 76
77357 97680 11
97696 135051 66
18829 161255 92
79800 96288 11
17580 107447 86
160698 182604 40
5039 5389 2
62740 191721 33
44827 84192 34
31656 147188 2
5113 185355 23
102328 107098 96
29578 67999 63
136397 138744 49
60892 76644 60
42057 54187 98
59510 113248 41
49432 116770 92
62052 148204 73
12694 33311 74
117896 164846 11
45237 143686 29
144914 182237 84
1351 58936 20
93332 95582 65
56126 87972 72
89398 162956 68
97273 161287 65
39950 92122 24
9765 69813 38
53895 74472 54
70340 96991 36
122142 126789 69
46679 95858 29
115104 183583 38
57532 189918 17
51684 161775 19
6792 138616 49
30903 50456 7
64411 128618 30
137911 144043 47
119546 120067 12
187751 193286 99
132503 192694 21
67069 199507 55
109178 163221 74
3160 142060 97
39509 132672 11
24015 87408 22
88692 133366 57
16133 118234 14
5681 92521 93
133652 169723 94
9734 113548 44
53019 131733 14
80989 166483 98
16699 49597 12
82246 109642 84
29028 89691 87
51937 129814 82
126587 141897 4
156892 168586 28
146260 169060 44
38234 42248 73
8267 54854 45
111892 150897 70
32545 163889 31
10623 191639 46
21788 29934 81
23429 81775 62
39464 168445 20
121697 165799 58
9698 97701 16
74442 178512 82
81622 84076 93
52355 111338 2
128308 160950 7
59113 62511 71
176427 183081 98
38842 188649 84
7369 129822 71
33238 38731 87
3906 97827 40
17200 49057 99
3205 153176 84
13747 193260 17
181537 186090 78
95548 182409 89
131743 184494 15
143445 144727 90
4686 95527 41
180298 195940 77
154183 179170 24
59827 97508 77
165551 183317 2
162208 190637 14
51760 166511 91
59090 186950 96
58779 101421 75
173607 175801 45
182982 194407 98
33810 156676 74
36559 110159 64
139523 186427 54
21592 28309 44
15379 25121 68
29079 108169 14
106920 194006 59
33026 136531 82
46397 198270 79
44594 199885 47
157950 190231 93
44496 195601 69
8144 33320 74
30368 151623 99
37520 61267 61
84460 136838 45
26865 52929 97
26203 92339 16
108786 122145 3
50197 148310 6
96412 187668 4
115398 198426 35
42641 170001 76
129971 177219 89
6729 177603 99
83575 124103 31
75275 188998 35
18265 155376 1
36492 145353 33
37949 135732 1
88809 89232 74
150444 158441 63
114708 179007 16
106535 174016 10
90556 163851 67
146267 167519 35
1645 195492 33
11332 21062 75
176187 179388 32
90019 192917 45
7692 188301 35
53623 141685 17
121149 170863 55
85387 146209 40
1880 46930 22
59171 123012 3
18419 40130 73
10959 135915 13
89071 101943 90
142677 196862 26
44829 72473 53
64544 198218 68
156378 198894 12
159369 183288 11
35202 119664 57
64150 197692 35
50700 52277 21
18697 171366 30
137525 161920 93
124913 161024 33
54997 174145 69
25542 167216 59
62942 161299 85
111530 131096 31
81100 143153 50
92938 155914 10
58599 108358 38
32779 44769 33
44416 95889 56
44265 51638 67
43061 177446 75
3932 20844 37
10421 94471 28
60244 160206 95
5541 13929 27
62390 102737 91
22505 124785 65
56899 89801 4
102340 116887 78
19313 151626 70
6396 36961 94
44184 86561 22
51285 111247 99
77064 149313 42
152837 177198 46
13296 102275 65
178223 184075 20
27237 33060 90
157314 194988 79
110426 134191 21
69929 70911 81
28362 82942 6
13372 169742 69
82025 174083 54
51013 71346 41
65305 89305 17
124548 155872 90
74803 129065 89
4586 163249 99
13491 27173 57
57370 192041 88
28243 44705 36
45684 110615 15
27109 28265 36
44436 49658 65
10040 141618 79
107830 162830 36
168554 185555 78
12104 147076 37
48887 142336 26
107326 116163 57
84639 127197 21
125888 141206 95
14183 73787 28
42936 151189 39
14420 119679 99
69127 172850 17
82223 131494 43
81737 190215 68
74735 79356 49
47118 189415 7
79065 95488 70
135992 140152 57
120495 139409 50
72873 94456 55
114629 195881 16
138892 159632 98
3215 60906 95
30255 148195 69
817 76026 51
31161 106218 87
46388 190434 43
58496 62066 56
23704 165898 68
37793 86955 7
4685 194662 84
131730 173859 27
15735 88295 27
3255 185709 15
108864 176512 35
14708 187197 37
94417 141307 54
165937 178710 47
114310 158154 32
40864 177932 24
127827 145033 27
24441 86141 64
7457 191118 89
139324 189410 12
113176 182729 21
102667 150022 92
14315 164285 65
63196 160097 40
8871 105980 72
121568 159761 26
39668 195052 61
80604 192544 61
16117 45947 88
10237 110151 44
141980 187306 66
72760 95295 77
117277 187924 30
95141 185288 85
130384 197408 77
31680 110590 41
85810 90414 23
32895 132216 21
73776 119184 77
71586 99098 25
124778 155168 11
6646 58643 44
57099 104288 20
49778 125246 25
83073 183007 20
118174 176410 98
24189 140930 94
68756 109108 76
9581 140696 9
17005 188219 72
40388 131268 69
96032 134983 73
52529 126176 87
92655 151269 30
57283 155029 48
89310 167339 82
102284 187096 82
74318 111389 79
46483 129170 54
20756 133554 32
84157 133893 58
27089 97669 24
101119 161202 80
94964 123431 41
135610 178201 25
10502 18857 85
121501 169379 86
18173 105296 9
126917 199827 36
119275 144680 72
129972 151936 21
52092 143666 9
58427 60462 67
80667 189921 39
128215 154487 55
5531 199218 58
50071 99843 49
136609 171336 89
126144 145139 2
14366 125415 14
35732 108091 75
117289 156856 58
132126 162904 44
16398 132847 73
128622 186160 98
32832 193716 89
123032 175048 83
171392 176832 82
57931 111482 28
62228 144317 78
34005 97640 56
69740 160513 52
173881 188931 65
1727 160904 93
37010 90262 93
125470 148327 4
16404 87769 15
94201 103642 17
22369 70236 97
36271 78364 14
37991 168287 80
127811 136923 94
4839 80446 7
71 123651 49
85212 88552 99
102781 105443 48
108897 113257 58
109608 177755 87
64755 105894 78
2115 69211 46
23296 126796 49
52241 136658 96
5213 169653 61
31311 132735 17
55841 136915 87
46480 140958 18
137814 195234 31
42675 153047 39
86195 155715 32
103085 145395 35
90997 110676 16
46420 50387 55
120413 182462 28
57945 58095 17
24794 150776 64
81890 87958 19
71022 157272 9
117903 193830 59
34756 106257 80
23347 63433 19
66813 124118 14
54853 173934 22
143108 194638 92
147389 191491 67
75472 103026 65
85792 164269 75
172642 189796 81
14883 129160 63
10617 141778 53
1425 155189 2
5920 166925 25
31882 175674 71
3494 171603 97
45512 171498 68
71831 150563 61
136512 148342 97
83599 108151 35
66621 67554 13
2175 162812 28
8067 109485 29
174852 188816 51
8484 117852 53
59554 107613 20
176854 180700 50
164222 168673 72
8980 77465 96
31632 185231 6
50 183137 22
95015 110936 77
21816 82561 68
110400 176733 22
17769 50939 78
109317 157771 89
20927 114838 3
99567 175448 88
30214 40328 78
88432 155019 68
60475 166326 37
17450 48147 44
98405 107558 28
10668 15767 90
80797 175543 2
31061 60701 7
37598 111852 22
43226 183721 13
37761 149253 30
104545 179646 4
58943 130113 76
106549 112323 2
101042 150301 6
1023 108539 7
150431 180002 89
41186 178789 24
79808 101660 53
52879 183815 95
51938 175932 39
37471 130846 33
48274 56539 92
36062 164955 4
35016 160482 83
137975 172099 76
61180 79686 57
69551 92006 51
100234 120364 82
15871 150954 46
48221 105972 68
21222 120136 44
160613 175569 64
176165 199320 58
59598 68978 72
61724 188444 2
9753 43089 9
148497 170390 94
20844 152507 17
31657 105390 43
126293 127578 86
91810 112886 45
47435 101713 36
83894 125127 32
76608 138462 40
23666 162917 97
10822 67164 3
89052 100930 68
2272 83214 75
102171 170793 67
16809 57843 94
75531 159116 15
60499 141102 44
97287 103890 93
101375 123934 76
29741 189963 79
42660 109570 43
44450 70657 17
37153 48650 82
62084 156162 34
29959 178352 51
7520 79159 36
63322 185597 22
9331 72724 70
26597 151895 4
29599 162695 71
60436 179742 59
16483 118126 32
64623 70307 19
8322 34918 12
65107 123344 52
103897 109920 41
93262 146007 60
53131 83255 64
22483 153597 10
105803 164075 23
56232 199754 22
145121 147398 61
82533 129202 55
97601 193714 94
12616 131524 3
57284 153279 97
60723 62115 63
43955 54215 24
92791 195717 97
113887 131260 10
158294 174150 77
30421 154839 54
13465 105083 13
8288 111985 88
62914 79733 19
27499 142575 96
49913 67820 91
12836 102011 50
20170 100226 73
23737 54961 31
58063 98793 65
120409 180658 2
121331 172271 23
152492 156982 93
48018 186970 10
64697 165099 45
8458 164545 24
53873 188765 7
93245 182316 87
85873 91539 38
58503 167132 69
26763 170916 91
120951 130368 44
106327 121498 98
22352 114156 84
29466 43968 13
80848 182369 34
183198 193341 72
25562 118051 3
127274 172265 24
2339 147860 47
16355 51386 91
37560 132468 20
117611 170896 27
49865 69435 99
52100 135485 41
157992 166533 62
70139 85641 46
98480 124826 95
74728 110188 64
4797 170062 91
5669 32021 68
94217 138023 6
115694 131696 22
43228 49275 94
121999 190944 92
32788 173126 34
8898 38924 79
45603 114886 59
73630 160593 36
18937 63344 82
151390 193342 87
13220 173101 33
44077 125972 68
108660 121354 71
49573 191767 77
20978 185835 25
118664 185823 100
61151 195434 72
7785 70541 62
45554 167371 28
30385 89471 38
5151 88423 52
72190 126959 79
18996 192563 51
155573 189781 76
4739 39620 24
93051 97090 95
109460 197378 27
13973 89835 83
32787 141057 26
53441 63036 92
4042 117071 77
14729 42697 42
156420 187330 54
28487 168172 23
146553 194003 86
49158 132821 85
103268 132007 59
142564 188074 8
116466 195147 52
42470 138260 68
177056 181869 39
33648 182149 7
17261 117088 32
163549 167510 4
91845 187115 77
149865 171731 95
96084 116471 99
66358 161020 20
46055 197915 49
45026 51853 8
35429 191241 35
56803 159199 71
46489 98694 87
60605 116787 86
66344 80055 86
2458 179017 85
14821 43762 62
1367 169607 91
52439 117539 78
8723 188761 16
72477 127721 78
102746 142550 94
99087 118592 18
41995 75148 89
143685 186346 33
72324 84195 96
26077 79286 62
23641 150222 79
47942 150631 43
171936 172845 43
156925 185316 26
43881 104908 82
3342 120241 99
10947 32624 69
120080 130480 10
80837 194056 77
57311 131039 40
1397 170667 82
111929 124946 55
49010 139800 13
167925 190177 47
19727 96071 95
50324 57002 64
47920 158062 60
138121 174455 31
7142 43012 67
158754 188708 40
14426 16662 98
78007 148762 69
44755 97693 44
7071 94998 72
115971 146162 61
6752 50587 51
66761 186364 51
64850 93801 41
4991 112259 13
17606 114381 27
4464 125730 41
118426 178369 18
88290 161306 76
130946 179861 10
136127 185966 2
133866 195690 23
67579 122724 100
37394 109835 60
124033 157665 30
34468 199668 2
125181 175612 52
7764 25073 34
225 166451 40
193383 198302 48
8406 35551 22
32911 190954 4
51553 75969 29
85717 182479 82
37492 90408 39
6521 106413 39
95957 199471 33
1322 77635 51
52876 137656 67
7541 52117 87
82868 141026 33
80434 177564 75
85023 128497 55
17297 197161 52
128283 189259 28
28368 62133 8
72099 187177 23
67331 106612 5
44559 145934 86
125660 145495 34
83507 88338 52
47668 146228 40
32096 75887 74
38171 90363 33
17476 120316 83
158661 174638 12
27053 95018 11
61237 129303 3
84962 90073 47
29206 103425 100
38673 131078 61
140962 157307 35
82400 93661 70
95726 198752 60
15478 177494 25
75031 179228 66
107044 119978 36
73061 192182 77
45265 163751 13
101953 190190 11
121427 163905 41
110442 163225 50
174499 177115 54
48245 160412 19
39769 112430 22
86200 109699 77
3970 126296 58
55164 177230 48
50497 70495 91
154878 179236 94
71037 106081 5
9714 42756 44
66133 182426 79
44436 157285 12
57423 166838 13
25766 110191 55
45151 53692 53
118812 126781 94
98043 100741 79
121712 156977 96
462 157475 85
21953 114713 27
84454 129108 30
29568 80912 48
98235 171007 44
30123 110376 87
68463 79945 80
4631 104071 57
139144 169061 43
64813 137679 77
38210 196970 81
49439 80432 17
48255 187733 62
120597 137964 55
86758 194520 7
94413 104852 5
140339 190162 66
174247 199906 46
42966 105660 48
15053 70008 82
100557 127612 44
50459 104117 80
103734 189031 84
34972 137141 35
92327 145749 35
187537 199075 81
47590 187898 90
47024 199232 43
101194 125942 94
5062 68903 55
55852 90405 40
146733 173193 55
161814 176145 68
130990 148881 52
15133 103152 56
106242 187396 25
139224 165488 42
83972 191025 38
90595 149257 83
114413 138627 53
77474 178334 93
13697 65472 16
50617 76285 10
194177 198973 35
131950 174428 43
61788 164878 52
57065 151159 59
60098 60545 81
20793 140451 92
66140 191838 12
17242 75975 76
151217 167286 58
6337 32750 95
148736 192844 82
103646 142993 19
60977 112628 78
41423 190973 15
22984 101211 93
145581 196817 21
36484 93411 35
18784 69114 26
106533 182730 14
108150 134800 82
5576 26019 88
32398 109538 81
84664 90631 33
35498 95419 26
12807 167348 36
4228 50645 76
132022 186627 2
44438 75608 19
117161 121252 89
63900 129957 42
44599 59250 23
2909 40946 85
13099 77502 89
32743 164720 28
93315 164758 24
5053 31421 73
10654 58636 52
159574 173377 93
8593 130671 25
133525 183980 99
154162 156770 53
135756 165118 35
10362 125677 56
2909 96492 40
62569 79246 92
58250 141535 28
62511 109007 93
26519 59229 7
105084 178721 63
16650 74520 80
24742 151963 90
78453 90904 87
120993 149280 77
75596 119356 6
86710 141767 83
46463 188840 35
60293 179887 78
25791 198934 92
2258 152643 90
9603 76449 85
169668 190285 80
53020 183154 25
9567 141269 32
85653 92637 3
93357 134975 29
15642 188147 85
33187 42038 9
56802 174878 17
18142 40455 60
142838 145086 78
40339 98706 79
123723 182542 42
120070 198088 50
134959 180728 13
103106 187350 68
66285 85158 5
63024 65460 52
106345 136259 30
59149 106196 28
23205 199109 97
38384 193778 75
116837 178278 15
106945 191252 59
3594 69199 99
142573 166319 85
25097 117713 49
11478 12232 99
17407 34441 86
15908 44928 56
196265 198486 51
85285 178932 88
2086 32193 97
137472 176601 46
54259 170410 9
66418 172112 54
33793 94074 72
96801 126588 80
59185 137664 91
11282 148528 22
46137 155281 22
1224 133775 20
102403 105139 31
2636 54034 80
15852 138812 42
86267 118277 99
754 57178 16
72797 172431 22
27960 169784 97
9019 130817 88
15726 108988 27
17226 58325 19
90404 138545 81
12432 174927 56
159706 177415 43
73525 105717 62
152462 164704 20
39010 44547 90
41220 66785 36
66413 175174 2
108955 111395 7
96075 178991 34
59478 80714 5
104115 110641 71
39124 169007 9
68696 170133 10
166945 191219 79
4914 190051 21
15886 139859 42
2832 161183 62
68357 95892 12
72428 188518 46
117089 128798 44
8710 9789 58
145982 178671 40
130116 155427 85
1531 47174 32
54014 75508 81
135912 137933 6
133139 140466 1
29087 187269 68
67794 146696 88
95740 181682 82
11493 181940 8
17919 78054 65
25493 60983 18
86387 132363 60
102211 118597 47
11921 46590 8
142044 158653 69
13704 83213 29
118754 141003 21
38464 132420 42
75992 170758 14
84710 182581 59
19587 34670 40
122208 142831 55
38923 173185 83
36941 183052 46
62230 186169 73
126864 176947 71
41338 126499 23
81354 126513 33
50500 168663 100
156217 180890 61
25619 154738 84
22895 104687 90
133633 167034 6
92357 128367 44
37131 192199 96
14828 72580 81
14825 53573 84
104711 171960 46
37871 100785 41
60150 133656 97
47802 103049 77
15618 49065 99
21399 111123 25
52524 71956 94
45509 161471 41
146757 194370 16
110777 130766 8
63353 140353 51
39010 52872 64
76139 164848 22
73889 182048 57
92352 165473 77
89048 105424 78
36761 62784 63
81348 118870 39
