50 50
700 1442 4110 138 2616 9235 5072 485 3802 4874 8082 1836 7460 2658 3962 173 8821 8168 9608 2422 1842 3571 1317 9187 2319 381 7989 8269 8639 7446 6861 8244 8586 4571 9748 6705 472 5030 2005 9930 1982 5382 7988 1521 6345 6025 2267 5651 8941 5498
99 50 3 49 40 46 30 23 44 11 17 25 21 13 48 26 5 39 42 32 15 41 29 8 35 33 47 12 9 31 34 27 45 43 19 36 6 7 37 38 18 14 10 50 28 16 2 24 20 1 4 22
1011 50 44 41 12 15 42 50 22 19 4 25 37 46 36 11 49 9 3 5 38 21 34 24 1 32 45 43 26 33 17 20 18 47 31 27 29 40 35 39 28 48 13 7 2 8 30 23 14 6 16 10
1227 50 11 38 32 33 23 6 37 31 27 7 24 47 44 41 36 16 45 21 46 26 8 5 22 9 2 43 50 39 19 49 28 10 14 25 18 48 3 4 15 30 35 1 13 12 20 42 17 40 29 34
2839 50 12 11 20 13 23 6 49 9 47 45 43 3 31 42 38 33 35 17 32 25 14 28 8 18 40 37 5 50 46 7 27 48 16 15 36 39 22 26 1 4 2 10 34 21 30 44 24 29 41 19
5877 50 48 30 2 23 5 37 13 12 10 8 46 7 19 26 25 11 36 43 3 20 38 31 21 18 45 28 17 16 14 15 4 40 34 1 32 9 24 50 35 27 22 39 6 33 49 41 29 47 42 44
6166 50 17 41 23 18 35 40 37 34 15 5 4 33 48 36 19 25 10 45 49 27 42 46 11 30 14 31 3 50 7 28 8 2 22 47 13 32 38 12 26 44 24 39 20 16 21 9 29 6 1 43
10958 50 19 22 20 3 50 39 26 33 37 32 46 28 13 15 36 29 43 35 45 31 49 11 6 24 5 38 27 9 8 30 21 40 23 41 12 10 1 18 25 42 4 48 7 47 16 2 34 17 44 14
13401 50 37 35 47 31 42 12 41 49 28 40 33 3 8 50 14 23 22 30 24 17 48 16 39 25 43 45 11 27 32 20 26 4 29 34 5 18 1 36 38 7 13 6 9 2 46 21 10 44 15 19
13680 50 31 34 21 17 42 11 5 45 2 37 10 18 29 1 36 44 30 24 27 19 12 22 13 47 33 26 41 28 6 14 43 25 3 39 15 32 50 8 23 9 49 48 16 4 7 46 35 38 40 20
14943 50 50 16 42 13 5 36 2 37 18 1 7 33 32 15 6 23 19 49 21 40 27 30 31 12 17 47 8 9 29 26 25 28 14 45 38 4 43 44 24 41 48 10 20 3 11 22 34 39 46 35
15638 50 3 29 33 1 28 34 43 22 25 36 50 10 26 12 20 8 35 9 23 37 2 18 40 11 48 38 47 44 5 7 32 49 17 15 42 31 27 19 13 30 16 24 39 21 6 4 46 14 41 45
16917 50 36 43 16 30 45 31 21 9 20 33 15 34 12 17 11 8 24 19 1 38 3 46 42 32 5 2 40 10 26 27 7 35 48 4 49 18 44 23 14 29 6 25 13 47 22 41 37 39 28 50
17710 50 25 1 36 19 4 7 39 5 15 28 8 34 42 24 48 20 10 14 13 45 31 22 12 33 38 18 21 49 9 50 32 40 47 27 46 29 41 43 44 3 35 30 6 17 23 16 2 26 37 11
18744 50 32 13 23 8 11 47 12 1 36 10 50 9 25 33 18 35 24 19 28 15 22 3 48 5 45 34 20 2 46 4 49 31 40 21 30 44 7 38 14 17 42 37 16 43 26 39 6 27 41 29
23304 50 11 44 49 4 19 20 1 10 18 39 24 9 38 8 37 17 33 27 29 25 36 6 2 47 26 21 32 7 5 45 15 22 13 3 43 48 50 41 40 35 14 12 34 28 30 16 31 42 23 46
24740 50 50 24 22 31 35 6 36 45 9 42 26 38 48 19 16 28 46 3 18 39 4 32 15 14 1 8 37 2 34 30 13 12 23 41 27 43 10 49 44 20 5 11 47 29 33 25 21 7 40 17
34758 50 10 32 36 28 43 18 47 48 50 30 37 15 44 23 11 27 31 39 45 1 22 34 3 33 41 42 14 6 25 8 35 7 46 26 49 38 19 5 13 29 24 17 21 12 16 9 40 2 4 20
36717 50 24 28 17 29 23 19 20 21 27 11 42 41 8 9 38 26 40 49 14 30 31 16 6 37 39 13 10 36 45 46 2 5 18 15 4 50 44 35 22 47 12 32 3 7 25 48 1 33 43 34
36738 50 27 12 38 2 45 21 32 19 43 23 13 11 22 29 8 28 6 18 5 49 47 33 24 20 41 42 17 25 34 36 26 10 31 40 15 44 14 7 39 48 9 16 3 1 46 4 50 37 30 35
39003 50 46 38 44 15 10 34 49 50 19 45 5 11 12 29 31 13 2 22 26 40 21 30 23 16 39 14 17 35 28 47 48 20 3 36 24 18 8 9 4 27 32 1 43 25 7 41 42 6 33 37
40813 50 1 44 23 19 15 5 16 35 20 37 27 40 50 24 38 46 10 34 43 36 14 42 3 25 28 12 31 8 11 4 45 22 29 2 18 6 26 21 49 41 48 39 7 33 9 32 13 17 47 30
42175 50 24 23 42 15 6 31 21 28 47 11 8 22 50 7 38 17 12 34 44 29 14 32 37 35 1 18 26 41 49 3 25 36 4 5 39 2 43 10 46 27 19 30 16 20 45 33 40 13 9 48
44543 50 49 3 12 25 9 7 8 6 13 35 2 33 47 32 44 18 1 40 38 45 16 27 29 28 31 23 19 4 11 22 14 21 5 15 37 34 42 46 20 43 41 50 48 10 30 26 39 36 17 24
44605 50 13 45 11 15 2 30 35 48 36 27 37 43 6 1 5 32 18 3 33 47 29 38 46 50 21 9 10 17 42 31 40 20 12 41 4 14 8 26 39 16 19 25 44 23 28 49 24 7 34 22
44857 50 10 26 38 2 14 27 18 28 48 5 46 19 20 50 39 44 22 43 25 41 32 34 6 12 15 36 17 37 29 49 7 3 4 47 33 8 24 9 40 16 31 30 13 23 42 11 1 21 45 35
45025 50 4 27 29 32 24 33 3 31 30 22 5 39 38 7 35 8 1 28 46 40 17 45 36 21 43 11 18 15 41 20 6 34 13 49 44 42 23 25 47 50 14 26 2 19 10 12 16 37 48 9
46665 50 19 2 8 38 44 31 35 4 46 34 37 24 5 1 12 48 9 3 27 26 28 36 30 7 11 17 6 33 20 50 39 41 49 29 13 23 15 42 16 10 22 21 45 14 43 40 47 25 32 18
47778 50 32 30 46 26 27 10 7 17 8 24 43 39 13 45 28 3 31 16 33 36 25 44 48 19 42 14 29 21 40 50 38 15 23 49 9 1 20 34 2 11 47 5 35 22 18 41 4 37 12 6
51598 50 27 13 29 48 24 42 38 12 50 31 21 9 6 19 26 45 10 46 23 37 30 7 16 3 2 34 4 8 17 40 41 36 49 5 20 25 35 47 28 44 43 14 32 22 11 39 33 1 15 18
52588 50 12 31 35 48 3 46 20 23 14 41 26 13 25 10 16 50 43 8 6 34 47 18 28 22 42 9 37 40 33 1 2 24 49 39 4 15 45 19 27 21 29 44 32 11 36 30 38 5 17 7
55046 50 50 31 41 39 8 7 9 30 26 23 27 3 32 28 35 2 21 47 13 49 40 16 15 37 38 24 1 36 4 22 5 10 43 34 11 18 20 48 29 42 6 17 44 33 25 46 45 14 19 12
56073 50 49 6 40 30 43 46 48 23 8 41 22 21 3 12 14 35 50 9 36 33 17 18 11 38 47 16 25 7 20 15 13 10 26 2 29 44 5 37 1 45 19 39 34 27 42 31 24 28 4 32
56622 50 15 38 32 11 6 40 49 5 23 46 33 26 1 10 12 31 17 24 3 35 18 21 14 37 28 4 45 9 25 22 27 20 41 50 39 30 8 13 16 42 29 34 43 44 2 7 48 36 19 47
64671 50 35 44 16 13 27 48 24 7 43 34 41 39 49 29 26 21 33 19 28 12 4 18 23 40 2 8 31 10 3 20 46 22 1 36 9 25 30 45 50 47 32 37 42 38 5 11 17 6 15 14
64888 50 45 34 11 22 19 48 38 31 18 15 24 21 12 2 42 39 41 7 37 10 35 30 3 16 14 40 46 23 29 33 20 50 4 47 6 13 1 43 26 28 8 44 5 32 27 25 49 9 17 36
66270 50 12 26 7 8 22 18 28 38 36 9 23 6 10 29 2 43 31 50 37 15 45 39 13 44 30 11 20 14 24 25 40 46 3 47 42 41 35 27 33 21 5 17 32 16 48 34 4 19 1 49
66350 50 2 40 4 11 16 15 23 17 18 50 1 28 43 49 36 7 20 10 31 41 42 24 47 9 38 46 48 5 29 21 12 25 8 27 30 34 32 22 26 33 3 39 45 35 14 13 19 44 37 6
66361 50 6 28 45 41 2 21 49 3 39 43 26 37 9 8 42 18 17 25 33 14 32 22 15 27 24 34 36 31 1 20 40 4 5 50 30 48 38 46 35 47 29 44 7 16 12 19 10 23 11 13
66832 50 43 14 28 19 3 6 4 37 26 36 46 48 20 31 13 34 47 45 30 12 42 49 35 50 32 17 18 38 21 39 29 23 24 8 5 44 27 11 16 15 33 41 7 22 1 9 40 25 2 10
67860 50 30 6 36 7 17 46 48 39 1 31 38 13 29 47 35 45 33 25 16 23 19 34 43 12 24 9 26 18 41 8 40 14 11 10 28 3 44 37 15 5 49 42 32 4 22 2 27 20 50 21
68814 50 9 7 16 11 25 38 17 30 49 26 22 4 32 6 45 36 44 37 28 39 46 8 27 48 29 50 42 19 5 14 21 13 47 10 12 1 2 20 35 41 43 40 31 24 23 18 15 33 34 3
68974 50 27 30 7 19 8 22 47 34 39 38 43 46 11 42 12 26 37 23 40 49 13 45 18 50 35 16 44 41 2 20 1 29 4 6 9 15 28 24 31 32 25 5 21 48 3 10 33 36 14 17
70725 50 32 37 39 12 48 27 42 26 15 3 22 4 17 19 49 16 18 8 43 46 9 31 21 5 36 28 24 6 47 34 23 7 13 38 45 10 14 30 41 1 50 11 25 35 29 2 40 33 44 20
71687 50 34 15 17 8 32 49 13 44 39 33 38 30 22 37 26 1 20 4 36 24 14 28 31 42 16 23 18 6 10 47 9 35 45 48 19 46 29 2 41 7 27 3 12 25 43 40 50 11 21 5
72579 50 43 46 37 18 23 13 3 48 17 39 33 44 19 29 24 10 35 28 45 21 25 12 9 5 38 36 47 20 42 40 16 6 50 27 41 8 34 32 31 15 22 4 49 2 1 26 11 14 7 30
80258 50 39 27 38 20 43 30 34 17 1 2 47 42 5 28 3 23 12 14 6 33 15 35 9 46 19 13 16 41 48 36 11 29 24 25 49 45 50 44 40 4 21 8 26 18 37 32 10 22 7 31
85226 50 16 46 32 39 18 45 41 44 4 37 6 1 36 19 43 42 2 29 9 5 22 49 10 48 7 8 28 15 20 14 40 23 26 13 38 21 17 25 30 27 34 12 31 33 50 11 47 3 35 24
85318 50 15 14 17 9 34 42 1 41 3 5 30 37 26 40 6 13 18 49 46 45 28 29 7 44 36 25 35 2 43 32 4 47 10 50 20 16 12 27 8 24 22 21 31 19 11 48 33 23 39 38
89645 50 20 33 39 43 28 14 23 44 48 3 42 9 15 12 30 21 24 37 4 31 26 40 8 46 2 19 29 17 45 38 41 10 47 50 22 18 1 35 27 6 7 49 11 25 5 16 13 36 34 32
91658 50 39 16 25 31 27 18 6 48 23 8 19 4 13 14 50 26 3 33 37 24 22 15 35 28 20 21 29 46 12 34 47 42 11 17 43 7 30 1 10 40 36 49 9 5 2 32 38 41 45 44
