50 50
16187 449 6278 22022 527 113481 7658 31355 59110 8666 32433 18913 7852 192787 5135 17268 20445 6315 683 8683 122249 3373 94601 14970 12802 5240 1174 25603 4774 4231 21584 16290 21394 1059 11242 1103 1184 2226 15184 33907 802 1331 3982 29125 22301 1046 640 13180 6049 583
47 1 2
398 1 47
473 1 5
4781 1 44
8654 1 45
14629 2 39 24
15591 2 47 10
15836 2 34 36
17033 1 29
19018 2 43 2
19748 1 23
19906 1 41
24254 1 22
24977 1 26
29422 1 36
29574 1 26
31149 1 8
33291 1 36
34245 1 13
36346 1 35
40233 2 26 40
41540 1 21
45483 1 20
46483 1 15
48042 1 25
49378 2 43 30
53366 1 11
54656 1 30
56390 1 48
56910 1 46
59140 1 14
60556 2 18 3
62960 1 12
65902 1 16
66040 1 42
69221 1 50
74038 1 17
74846 1 49
77492 1 28
78527 1 19
80845 1 6
84368 1 33
85151 1 7
85949 2 27 37
89175 1 15
89902 1 9
92417 1 38
96455 2 32 1
97209 1 16
99998 2 4 31
