10 50
452 15347 782 97256 435 731 1768 470 118341 5344 738 97797 780 33230 5330 97299 97529 5325 5348 33071 118042 452 97120 726 445 33070 14990 1792 1733 1726 12154 7724 33005 1758 12202 715 7936 7827 118693 7808 32995 15026 98119 5427 5329 97196 1699 714 749 118215
2638 2 35 31
34790 5 42 2 35 27 31
70456 10 14 31 35 26 33 41 2 27 42 20
70841 14 21 26 31 20 39 50 2 9 41 42 14 35 27 33
76271 14 41 15 21 45 42 18 39 19 44 31 27 10 50 14
76922 12 44 3 35 39 36 49 13 48 6 11 24 31
78085 9 28 7 34 47 10 30 2 29 41
84639 12 25 13 1 24 33 49 28 5 35 8 18 22
92654 11 13 38 24 40 31 45 37 32 34 33 42
100000 11 4 23 6 43 17 46 13 7 42 12 16
