50 50
288295 4467 4628 5332 1948 655 1298 102 118 14633 5406 73774 3217 24734 1352 5257 43150 352 3622 385 4979 3766 1313 401 31990 21605 95 8948 26412 21365 607 605 4916 5864 2553 2266 105 15485 1910 5514 1530 33051 204392 8045 28941 7522 28652 2186 2194 74
1138 1 13
2425 2 13 22
3294 3 22 35 13
7959 3 35 13 22
9979 3 22 13 35
11534 4 13 12 35 22
11645 6 8 35 9 12 13 22
11780 6 13 8 12 35 22 9
12644 6 8 13 9 12 22 35
12751 8 2 8 13 35 22 3 12 9
15059 8 35 13 9 12 2 22 3 8
15856 9 8 3 2 14 12 9 22 13 35
17053 9 2 22 13 14 8 9 35 12 3
22272 11 22 9 13 35 2 14 21 8 33 3 12
24625 11 8 22 35 9 14 21 2 12 13 33 3
25306 11 13 14 12 2 3 22 9 21 35 33 8
26506 12 2 14 13 12 9 25 33 8 35 21 3 22
27489 13 3 13 2 9 33 21 12 35 15 25 14 22 8
27566 13 25 22 9 13 35 21 33 15 8 14 12 2 3
27666 13 14 13 12 25 2 33 35 15 22 21 8 9 3
28681 14 8 35 9 14 2 13 21 12 15 25 19 33 3 22
32138 16 21 3 35 8 2 19 16 15 22 9 12 14 25 4 13 33
37942 17 9 19 13 43 33 21 22 12 4 16 35 8 2 15 14 25 3
39433 18 15 21 3 4 33 22 13 16 14 28 12 2 9 19 25 8 35 43
39664 19 22 39 43 3 35 13 2 19 8 28 33 21 4 9 14 16 15 12 25
41042 20 15 39 35 9 13 12 14 33 21 16 43 46 25 22 3 19 28 8 4 2
45457 22 22 2 3 19 46 4 14 25 8 9 28 21 13 35 30 39 15 12 33 43 16 26
46479 25 35 31 13 19 43 12 39 33 30 6 15 8 25 14 4 21 28 46 2 26 16 9 3 32 22
47987 26 8 2 33 9 6 4 21 12 25 10 13 39 14 30 22 3 43 28 16 46 19 31 15 35 26 32
49039 27 9 2 3 46 19 25 35 10 30 16 13 6 26 39 28 22 4 32 14 12 15 33 43 42 21 8 31
50132 29 28 46 12 42 2 8 43 26 21 15 30 22 35 25 13 10 16 32 4 39 9 31 19 14 3 40 33 11 6
50440 32 25 3 15 11 35 27 10 21 32 16 37 39 13 50 22 19 30 2 40 6 31 14 4 12 42 9 26 28 8 33 46 43
50966 33 11 10 50 21 32 25 43 40 8 3 19 35 39 15 22 9 33 16 42 14 44 2 46 37 6 31 30 12 13 4 27 28 26
58025 33 8 40 15 46 22 25 2 4 44 13 9 33 3 39 26 31 42 14 27 35 28 6 43 37 19 30 50 10 12 16 21 32 11
61570 35 14 4 44 22 50 30 28 39 35 19 8 26 11 23 7 40 9 3 46 27 2 21 13 16 37 32 6 43 15 12 10 31 42 33 25
63109 35 31 13 35 32 8 12 44 43 26 33 50 9 30 7 42 4 28 11 25 10 6 37 16 14 21 23 22 46 3 15 39 19 2 27 40
64091 35 15 27 21 3 40 32 35 26 43 13 28 7 8 39 19 14 33 12 30 16 25 46 11 50 6 9 31 44 42 22 10 2 23 4 37
69446 37 33 8 44 15 23 3 32 50 14 7 47 43 21 16 26 42 19 10 9 27 6 40 28 35 2 4 13 46 12 37 45 31 25 39 11 30 22
71077 38 15 46 27 40 28 31 23 50 19 7 35 30 45 3 12 42 13 41 9 11 26 10 6 16 21 25 2 47 4 14 39 37 43 32 44 8 22 33
71264 41 4 2 21 41 26 9 24 47 32 42 40 18 11 14 20 19 7 30 25 35 27 45 28 10 43 16 22 23 39 3 44 8 13 33 15 37 46 50 12 6 31
71365 41 33 45 31 23 9 18 8 27 7 43 28 3 15 25 4 12 40 10 39 41 35 30 42 46 22 2 21 24 26 6 32 37 14 50 16 20 11 13 19 44 47
71758 41 30 19 9 44 20 4 26 2 25 14 41 18 40 39 3 24 33 31 22 21 42 13 15 10 28 37 43 47 32 6 35 7 11 27 50 45 46 23 8 12 16
78076 42 43 20 37 4 33 21 14 31 10 46 38 41 25 45 42 39 32 15 13 9 27 26 11 24 18 2 47 3 40 44 19 8 30 6 7 35 22 16 28 12 23 50
80800 42 3 23 20 10 45 47 18 28 38 7 40 22 46 43 21 37 19 31 2 35 32 16 41 9 13 42 33 14 12 11 25 24 27 44 8 15 6 30 50 4 26 39
81478 43 3 33 35 14 45 42 31 50 2 24 27 44 19 21 26 43 4 13 20 16 15 47 18 32 28 11 40 12 9 22 8 25 7 37 6 38 10 29 39 46 30 23 41
82838 44 31 19 33 26 32 13 38 6 15 20 28 35 24 3 9 46 18 10 47 4 42 11 2 39 41 40 12 21 8 27 30 34 25 22 50 16 44 7 45 43 23 14 29 37
83042 45 25 38 3 19 44 23 24 50 22 26 20 2 15 14 28 42 12 37 13 10 40 32 39 46 5 29 47 18 35 45 11 27 9 8 41 16 33 34 43 6 7 30 21 31 4
84414 48 2 35 16 39 26 46 43 3 30 50 23 32 45 19 47 11 49 7 28 5 41 8 27 36 37 29 22 21 14 42 13 20 40 25 12 31 34 10 15 48 9 33 24 18 6 4 44 38
90225 49 47 36 33 31 20 32 34 9 14 23 44 50 41 40 8 35 29 12 25 21 2 6 17 15 42 30 48 43 24 26 22 28 13 3 16 5 49 38 7 4 27 18 46 10 39 11 19 45 37
100000 50 30 35 5 10 6 47 9 1 27 36 21 25 45 18 29 41 32 28 7 23 2 37 4 26 19 16 17 39 48 13 20 8 49 42 31 11 12 33 44 38 50 14 46 43 40 22 34 15 24 3
