50 10
60 15 40 22 37 78 27 128 104 19
2 1 4
3 1 4
5 1 4
7 1 4
8 1 4
11 1 4
13 1 4
14 1 4
17 1 4
18 1 4
20 1 4
21 1 4
22 2 1 4
26 2 4 1
27 3 10 4 1
29 3 1 10 4
31 3 1 4 10
34 3 10 1 4
37 3 4 10 1
39 3 10 1 4
42 5 4 10 3 5 1
45 5 4 1 3 10 5
46 5 3 1 4 10 5
50 5 4 10 3 5 1
51 5 4 3 10 1 5
54 5 1 3 5 4 10
56 5 1 4 5 10 3
60 5 4 10 5 1 3
61 5 4 1 5 3 10
63 5 5 3 4 1 10
64 5 10 3 1 4 5
65 5 3 1 10 5 4
66 5 3 10 5 1 4
68 5 1 4 10 5 3
69 5 5 10 1 4 3
70 5 10 4 3 1 5
74 6 1 4 10 5 3 6
76 6 4 5 3 6 1 10
77 6 4 1 10 6 5 3
78 7 6 3 4 5 10 2 1
79 7 5 10 1 3 6 4 2
80 7 6 4 3 5 10 2 1
81 7 3 4 1 2 10 6 5
82 7 5 1 3 10 4 2 6
83 8 1 5 3 6 4 2 10 7
85 8 4 5 7 2 10 1 6 3
91 8 4 1 3 6 10 7 2 5
92 8 1 7 6 2 4 10 5 3
97 8 1 10 2 4 3 5 6 7
100 10 6 1 8 9 7 5 2 3 4 10
