50 10
1 1 1 1 1 1 1 1 1 1
1 1 6
2 1 6
3 1 6
4 1 6
5 2 6 1
6 2 6 1
7 2 6 1
8 2 1 6
9 2 6 1
10 3 1 7 6
11 3 1 6 7
12 3 6 7 1
13 3 7 6 1
14 4 5 6 1 7
15 4 6 5 7 1
16 4 1 5 6 7
17 4 7 1 5 6
18 4 6 5 7 1
19 4 6 1 7 5
20 4 7 5 6 1
21 4 1 7 5 6
22 5 5 1 6 7 10
23 5 5 10 7 6 1
24 5 6 7 5 10 1
25 5 10 1 7 6 5
26 6 7 6 1 5 2 10
27 6 5 2 6 10 1 7
28 6 10 1 6 5 2 7
29 7 1 6 2 10 8 5 7
30 7 6 1 5 2 10 8 7
31 7 1 8 7 10 2 6 5
32 6 8 5 1 6 2 10
33 5 7 2 5 6 8
34 4 5 2 10 7
35 8 1 5 7 4 2 6 8 10
36 4 9 5 6 1
37 3 9 5 4
38 8 8 5 6 1 10 9 4 2
39 4 8 6 10 5
40 3 5 2 9
41 4 1 2 6 10
42 6 1 8 4 7 6 5
43 3 9 1 6
44 3 9 10 7
45 4 7 9 8 5
46 5 8 10 7 2 9
47 2 8 5
48 4 7 1 10 8
49 3 3 2 1
50 4 3 9 10 5
