50 15
5 2 9 6 2 1 1 1 1 1 1 1 2 3 1
1 1 5
2 1 5
3 1 5
4 2 14 5
5 2 14 5
6 3 5 11 14
7 3 5 11 14
8 4 11 5 6 14
9 4 11 5 14 6
10 5 14 6 11 5 12
11 5 14 12 11 5 6
12 5 14 12 5 11 6
13 5 12 14 6 11 5
14 5 14 11 12 6 5
15 5 11 12 5 6 14
16 5 11 12 5 6 14
17 5 5 6 12 11 14
18 5 6 14 5 11 12
19 5 6 11 12 5 14
20 5 5 11 14 6 12
21 5 12 11 6 14 5
22 5 11 5 14 12 6
23 6 5 7 12 11 14 6
25 6 14 7 11 5 6 12
26 6 11 14 6 5 7 12
27 6 12 5 7 14 11 6
28 6 11 7 5 12 14 6
29 6 7 12 11 5 14 6
30 6 14 11 7 12 6 5
32 6 5 7 11 6 14 12
33 6 6 12 11 7 14 5
34 6 12 6 14 5 11 7
35 7 11 12 15 6 14 5 7
36 9 14 7 15 8 11 6 5 12 10
37 9 10 8 5 14 6 12 7 11 15
38 9 11 15 12 7 5 10 8 6 14
39 9 12 6 14 8 5 10 11 7 15
40 9 5 6 7 15 8 12 14 11 10
41 10 7 8 14 11 6 3 5 15 10 12
42 10 6 10 11 14 5 12 3 8 15 7
43 10 10 6 3 11 14 15 8 5 7 12
44 12 13 6 7 11 10 3 15 5 4 8 12 14
45 12 4 15 3 13 6 12 14 5 10 7 11 8
46 12 7 6 5 11 15 14 10 8 13 3 4 12
47 12 12 13 14 3 5 4 10 11 6 15 7 8
48 13 13 15 3 8 7 12 6 4 9 14 5 10 11
50 13 11 5 13 4 9 15 10 6 3 7 12 14 8
51 13 10 14 9 11 5 7 13 15 8 12 3 4 6
52 14 15 14 9 10 11 5 6 3 1 4 13 7 8 12
53 15 9 5 10 15 8 4 1 14 2 6 12 3 7 13 11
