10 50
167 61 505 161 21 669 537 58 95 206 518 585 34 1 501 71 23 28 108 177 50 633 51 50 34 155 22 81 22 689 154 23 26 178 1 125 1 566 172 176 39 166 681 108 516 20 38 76 35 62
107 6 10 20 34 40 1 42
132 9 14 37 42 10 35 40 1 20 34
232 13 9 20 19 1 34 42 35 14 37 44 36 40 10
405 17 40 8 21 36 10 19 42 20 35 34 24 23 44 9 1 37 14
501 23 24 23 21 20 42 1 17 9 19 32 35 27 40 18 33 14 34 8 36 46 37 10 44
543 28 27 32 24 48 16 37 18 28 33 40 21 36 44 20 9 10 46 14 17 50 42 19 35 34 23 8 2 1
553 33 27 40 36 18 23 22 8 2 30 35 10 46 16 37 24 50 28 34 43 17 14 48 12 20 1 19 32 44 42 9 21 33 6
585 40 46 40 27 25 20 24 12 28 47 13 19 5 41 50 9 42 29 6 14 17 23 43 16 10 8 36 30 33 35 1 44 34 21 2 37 48 18 32 49 22
670 44 24 46 6 22 36 27 10 39 14 34 31 1 50 26 42 13 4 16 8 33 49 18 23 12 37 35 29 48 17 44 41 30 43 20 21 2 25 40 9 28 47 5 19 32
1000 50 11 20 47 27 28 48 42 35 36 44 10 17 43 29 7 30 16 14 26 5 37 50 31 21 9 45 40 6 22 15 32 2 49 39 8 23 1 4 13 18 41 34 33 19 24 38 12 3 25 46
