50 50
3071 772 4638 19870 2302 1245 3077 19906 9453 14241 2252 45120 949 6993 13359 10355 750 13169 4449 4686 6890 2306 15521 45003 4378 1561 2036 2068 13969 8420 8261 10335 2253 8832 13522 3084 18073 18180 1544 48366 4547 56058 8730 1496 19710 32787 17905 1430 45401 8855
1111 1 9
3555 1 9
4239 1 9
5476 4 9 44 26 39
5798 5 28 39 9 26 44
10396 5 26 28 39 9 44
11223 6 40 26 44 39 9 28
14240 6 39 28 9 40 44 26
14979 8 39 15 44 26 28 9 18 40
15485 8 26 15 9 40 28 44 18 39
16297 8 28 39 9 40 44 26 15 18
18774 11 44 39 36 40 9 15 7 1 18 26 28
23589 14 12 39 36 18 1 28 40 44 7 9 49 15 26 24
26379 15 15 26 39 44 18 1 12 36 28 24 7 40 9 49 23
26785 16 18 28 7 40 49 44 36 39 26 23 9 48 1 15 12 24
26897 17 28 48 12 9 44 40 15 18 7 13 1 49 26 36 23 24 39
29221 19 39 26 43 12 48 36 7 13 44 9 28 23 50 15 49 40 18 24 1
31348 19 18 1 39 43 36 23 44 7 12 50 13 40 26 48 24 15 49 28 9
31951 19 23 24 13 40 43 48 1 49 15 18 50 7 9 36 39 26 28 44 12
32716 20 13 23 39 44 9 26 7 43 12 24 50 34 49 18 15 40 1 28 48 36
33401 20 1 28 9 39 40 36 43 13 26 49 44 24 23 12 50 48 18 15 7 34
35488 20 44 7 15 9 26 43 12 39 13 40 34 24 36 18 50 1 28 48 49 23
37021 22 34 23 49 28 12 50 40 43 24 9 13 15 26 48 18 1 39 32 7 44 16 36
38067 24 16 26 43 12 50 1 15 40 18 24 48 44 32 23 33 39 34 28 9 13 27 7 49 36
38526 24 24 33 50 28 34 27 43 39 26 12 16 48 9 15 7 23 40 32 18 13 44 49 36 1
39646 25 23 33 27 35 24 15 12 28 49 13 50 9 48 39 32 44 18 40 1 36 26 43 16 7 34
43357 26 32 40 9 13 33 18 46 36 16 50 48 27 26 15 24 34 43 44 39 7 49 1 35 28 12 23
44363 28 34 50 32 49 33 17 7 16 43 40 18 27 46 13 26 28 2 9 12 35 36 1 23 39 44 48 24 15
45575 28 16 2 7 40 43 46 15 34 28 36 39 12 24 35 33 50 1 27 32 23 49 17 9 18 44 26 13 48
45657 30 9 39 16 34 43 36 28 7 35 1 33 24 27 46 50 17 18 48 13 40 15 12 44 32 26 23 49 20 3 2
51832 30 13 12 3 34 36 24 40 18 16 9 17 26 28 1 39 15 48 7 44 35 27 46 2 43 49 50 32 20 33 23
56359 33 34 49 18 24 27 4 50 43 8 33 36 46 20 16 35 17 1 2 7 9 13 23 26 12 28 3 40 39 48 15 32 44 45
56641 33 36 9 50 17 46 35 45 3 40 24 7 1 23 26 15 28 34 39 44 48 43 13 27 2 20 8 18 32 49 33 16 12 4
62448 33 32 35 33 40 8 18 46 23 12 44 16 28 9 43 39 50 26 4 17 27 36 15 24 34 2 7 49 45 1 48 3 13 20
63445 33 2 24 12 32 4 45 44 43 16 18 40 27 3 49 35 15 9 23 7 46 26 17 39 36 33 8 20 1 13 48 50 34 28
66387 33 33 15 7 39 18 24 28 40 2 46 34 44 17 26 4 12 43 50 48 36 8 45 32 1 27 9 35 23 3 49 16 20 13
66971 33 48 20 3 18 46 7 50 27 1 8 28 34 23 33 12 35 2 39 36 49 43 13 17 15 9 16 40 45 26 4 24 44 32
68297 36 5 39 7 18 24 49 45 20 1 8 2 50 22 13 44 33 11 9 34 17 35 15 48 16 46 43 27 28 32 26 3 4 36 40 23 12
72306 38 46 8 48 50 33 22 16 45 35 39 12 36 10 17 24 26 15 11 28 29 2 7 27 34 23 13 4 20 43 40 49 3 1 44 5 9 32 18
73725 38 12 22 8 26 32 10 39 7 23 16 33 17 11 49 24 1 20 44 40 29 43 34 45 36 35 28 3 2 15 5 9 18 13 50 4 46 48 27
74779 38 46 40 29 33 36 24 26 35 5 8 34 18 2 1 48 11 50 44 39 28 10 22 15 12 43 27 3 49 32 23 17 7 16 20 9 4 45 13
77222 40 48 1 17 32 9 44 33 12 16 27 20 5 24 50 35 10 34 14 4 45 21 7 18 43 11 15 49 29 22 40 13 8 3 36 39 2 28 23 26 46
79129 43 28 33 13 26 46 2 14 8 19 32 24 25 39 23 15 27 12 50 22 17 11 35 34 29 48 45 9 20 41 5 3 10 44 40 7 16 36 4 43 18 21 49 1
79398 44 13 35 32 22 33 21 25 49 34 40 48 4 7 29 11 5 9 1 2 36 24 45 50 15 19 23 6 41 14 43 28 17 18 12 8 44 46 27 39 16 3 10 20 26
85400 45 27 42 7 26 2 6 46 10 39 41 50 13 1 45 49 5 20 17 15 33 44 21 35 28 48 16 18 29 40 34 32 11 8 23 12 25 43 3 9 22 36 19 4 24 14
87818 47 43 30 7 10 2 46 15 5 23 22 24 3 42 21 34 39 17 14 35 16 40 41 4 13 18 33 9 44 36 27 6 25 12 1 31 28 20 45 8 32 19 26 50 49 11 29 48
91866 49 5 30 6 31 17 42 16 9 11 34 18 26 44 20 35 19 40 22 48 32 49 3 28 10 8 7 27 41 37 45 36 43 2 33 46 23 29 25 12 50 47 21 15 24 13 1 39 4 14
95297 49 43 2 35 30 6 8 21 44 42 12 29 31 22 3 40 26 39 48 19 10 24 23 20 45 25 15 41 34 28 33 17 5 32 14 47 9 13 49 4 18 7 46 37 16 1 50 36 11 27
99087 49 3 11 12 25 46 33 44 43 34 2 6 5 26 22 36 30 45 15 37 23 17 8 24 4 40 18 1 48 20 14 47 21 29 13 10 9 49 41 50 35 7 19 28 16 42 32 27 31 39
100000 50 1 42 37 10 19 41 40 11 13 47 48 34 7 17 27 39 33 43 24 5 38 26 28 44 45 3 4 2 23 29 20 9 25 22 35 12 50 8 30 14 31 46 32 21 15 49 36 18 16 6
