20 50
733 63408 275 261 1958 599 7002 80261 8397 1965 63182 807 13257 620 12549 22573 8522 51721 992 12798 12589 6926 2181 259 612 366 778 6823 866 13029 63235 13136 15982 6953 63751 13366 570 63486 557 12913 166 2175 1010 51487 12772 80124 13204 12993 15782 15947
2261 2 42 23
10170 6 20 45 23 15 42 21
13196 8 15 23 20 45 42 21 5 10
27131 10 42 45 5 23 44 10 15 20 21 18
28098 15 18 6 42 39 23 20 44 15 5 10 25 14 21 37 45
28323 16 14 6 37 5 18 42 25 1 23 21 44 45 10 20 15 39
38845 19 23 14 42 40 39 5 10 20 30 21 48 25 37 15 6 44 45 18 1
44825 19 18 25 6 10 42 45 44 14 37 30 15 20 5 21 48 39 23 1 40
50025 22 15 45 30 20 1 6 39 14 23 44 18 42 33 10 40 25 50 21 48 5 37 49
50547 25 20 37 33 42 10 1 25 5 6 39 45 24 30 14 49 4 18 48 3 21 23 15 44 40 50
57049 30 25 14 49 30 18 24 44 35 33 39 10 3 50 1 48 23 31 45 37 2 20 21 15 42 11 6 4 5 40 38
57669 31 42 48 26 45 6 33 14 30 38 11 5 25 2 15 37 31 18 4 21 40 3 20 24 23 39 35 50 44 10 1 49
62656 32 33 3 4 42 2 21 20 15 23 6 37 48 50 14 16 40 18 38 30 39 49 1 5 24 44 11 35 25 31 26 45 10
62690 33 1 14 5 24 21 15 38 41 30 25 18 35 44 48 40 4 3 39 20 49 16 45 37 31 2 33 6 50 23 26 11 42 10
80676 37 23 10 26 24 25 18 37 5 45 11 32 47 6 33 39 31 3 40 1 13 30 41 20 38 49 4 42 15 14 48 35 21 50 16 44 36 2
81811 40 44 14 20 5 13 36 40 12 21 41 24 47 37 32 38 23 11 33 48 26 6 4 50 25 29 31 1 35 10 49 42 18 30 27 16 15 2 39 3 45
85017 42 32 40 6 24 50 47 27 31 21 38 45 36 10 2 43 1 35 13 5 39 42 30 37 3 14 26 25 44 18 41 20 15 16 11 29 19 4 12 23 49 48 33
88425 44 42 21 18 3 9 6 12 19 41 24 5 32 40 50 26 48 35 17 31 2 39 38 45 44 29 37 16 30 4 33 14 25 11 36 1 43 47 27 23 13 20 10 49 15
92406 48 47 12 1 11 38 3 41 2 17 37 22 26 28 19 42 4 27 35 10 7 14 32 13 6 48 15 5 44 33 29 16 31 21 50 40 39 9 30 36 24 49 23 45 20 34 43 18 25
100000 50 10 8 20 5 12 46 48 32 28 13 40 45 34 41 3 11 42 43 19 9 39 30 21 50 25 2 36 7 16 38 1 18 24 44 17 29 4 14 6 26 33 31 49 15 47 23 22 27 37 35
