1000 1 567
385 1 855639269
324 1 -167469053
622 1 -213130641
50 1 207144573
154 1 791052765
395 1 -304422647
290 1 315405082
467 1 -623574349
863 1 -57504449
147 1 781194032
375 1 -46623788
975 1 -390923390
408 1 -306103236
2 1 -147763860
445 1 -557023308
620 1 970589930
638 1 828890627
590 1 -989319679
978 1 -289026000
247 1 176043842
326 1 390008178
613 1 852440267
435 1 -207649162
560 1 778476716
711 1 432812049
21 1 346414170
779 1 -706338444
458 1 -731492991
557 1 -533433047
980 1 142709757
821 1 276079313
265 1 585056817
345 1 86202527
811 1 -203795181
634 1 -210014940
199 1 839772333
581 1 877272630
858 1 -301313338
874 1 131930515
720 1 -13037717
173 1 16449520
17 1 -237271043
360 1 425220815
378 1 555574907
123 1 877800462
970 1 -518351394
798 1 -230460632
34 1 748803178
627 1 -358964872
841 1 -546349653
436 1 826718900
660 1 655406802
976 1 -446965975
413 1 849636444
177 1 327124940
913 1 503179102
162 1 -617502708
402 1 -38941998
112 1 261968708
609 1 -560018329
285 1 -610161576
498 1 76312021
102 1 -783902133
909 1 155989384
448 1 -676287540
386 1 943981322
459 1 289028407
59 1 -74195488
355 1 133100275
105 1 -200893880
227 1 318893022
497 1 417266757
752 1 15180949
822 1 543418065
412 1 850999237
156 1 524996351
523 1 -930461066
315 1 147494448
850 1 -517842242
803 1 985542594
24 1 381961444
533 1 -431240
856 1 737230303
209 1 787163124
343 1 -830070477
338 1 942518765
110 1 531642675
1000 1 882957429
535 1 -467617956
201 1 675545331
691 1 783122882
169 1 -331854266
267 1 -135440458
748 1 429054038
286 1 852900053
78 1 -807015316
657 1 291854969
697 1 545783341
38 1 -992943247
294 1 801242349
578 1 101564388
808 1 117217398
196 1 -80498777
724 1 147182336
202 1 44917579
712 1 -591240594
396 1 700952396
540 1 -234106871
992 1 326461509
750 1 -27685853
921 1 756314107
486 1 -916580576
431 1 -697799339
221 1 -347381593
895 1 -704326799
991 1 -514477086
587 1 -571581925
20 1 -719913345
600 1 -948198666
371 1 -327256435
551 1 852227403
939 1 -435833029
124 1 262573442
47 1 -971226909
573 1 -203118089
904 1 -634973672
577 1 -848327938
662 1 188213495
411 1 492239946
541 1 528157959
676 1 721146767
973 1 -323326919
282 1 -593729445
897 1 379769755
280 1 52807059
304 1 -180753263
299 1 -347060104
655 1 316837786
961 1 -191003864
684 1 -379914073
888 1 -459052220
717 1 -855357088
482 1 571675810
647 1 999574511
90 1 -890791345
81 1 -219166634
63 1 230626065
164 1 -592860221
823 1 -740969414
228 1 -941667101
908 1 417083946
76 1 -178795086
220 1 -997162140
747 1 726295375
583 1 676853281
589 1 710064592
342 1 666669510
792 1 -836922463
968 1 357615821
125 1 639595131
56 1 965203978
938 1 762812300
846 1 293236600
563 1 -19956459
596 1 -265353061
258 1 792165207
424 1 -927123040
773 1 -640016871
797 1 -196926455
237 1 -289003286
208 1 -874431513
313 1 720540521
44 1 -869088913
218 1 -374853477
329 1 413402488
650 1 550765645
849 1 -336686864
246 1 906607684
144 1 363096106
224 1 663634117
824 1 225854657
346 1 -677281448
882 1 -200626892
92 1 -101738776
270 1 -722676767
953 1 -223636134
341 1 -266694001
249 1 344820210
479 1 143657120
859 1 -114264537
646 1 439637681
469 1 289478699
158 1 993611750
450 1 199231154
942 1 -283019946
403 1 -36206593
940 1 -532329087
84 1 233066090
547 1 120314371
825 1 875663778
473 1 43962023
275 1 -80825123
447 1 -163262140
264 1 -823934920
688 1 715992084
614 1 29356273
41 1 -736400155
152 1 802945413
305 1 -772270230
728 1 625633159
762 1 -797007672
946 1 141613440
418 1 303753645
203 1 -274707053
919 1 -27096116
336 1 -320198101
484 1 -449263076
931 1 -155300507
232 1 856163242
817 1 848510245
704 1 870298652
835 1 -206590562
321 1 427012031
932 1 -411299922
339 1 443952304
680 1 869437003
490 1 -634260205
907 1 -887448504
13 1 470200375
42 1 -231356036
157 1 -781941343
235 1 851417297
206 1 406742834
876 1 -82046892
639 1 920731764
239 1 626599448
135 1 -551827779
391 1 -73008080
591 1 -243520934
936 1 -788924989
193 1 370317160
261 1 336192832
422 1 208377256
528 1 612215890
503 1 93426063
229 1 854034219
558 1 -824869443
64 1 345158223
6 1 814524959
852 1 206988686
678 1 90136887
272 1 959109141
62 1 421517843
949 1 922601545
211 1 990702699
969 1 -721144542
333 1 778152928
579 1 -551327149
771 1 -740003280
695 1 -687588859
768 1 -613099227
322 1 -627800933
670 1 -830095938
53 1 -745346059
320 1 -181887941
679 1 923254790
46 1 127861867
705 1 -505614420
119 1 -632938729
618 1 -753392353
694 1 -833441847
117 1 852917949
572 1 -526867885
383 1 703943161
252 1 252246231
16 1 -613216119
759 1 815775681
388 1 -776581935
683 1 -357981523
271 1 765151290
644 1 -207635348
74 1 910472849
842 1 -4213428
701 1 162472328
552 1 -77716953
502 1 323492354
191 1 -398140530
561 1 -566752296
605 1 -96610410
332 1 -833951715
462 1 840355063
382 1 143679990
39 1 -257860645
344 1 -496668087
1 1 -525272630
108 1 936576623
180 1 -773505331
836 1 -667440078
172 1 898493143
951 1 371505989
833 1 -716836463
652 1 -449473305
404 1 11168601
256 1 -418100946
818 1 899809013
115 1 294109192
520 1 -761735031
675 1 -625621529
979 1 987211756
499 1 -182494846
97 1 -952346069
18 1 714159859
9 1 -321128867
853 1 -168520776
168 1 -305851241
776 1 321329411
132 1 137051692
800 1 98392967
362 1 -514076967
914 1 491461775
7 1 380219362
559 1 84850649
702 1 -727766379
534 1 -666068790
981 1 -239075911
446 1 -302131006
137 1 -990593749
550 1 -995365259
216 1 -367467129
297 1 7593030
109 1 723691423
361 1 -268704987
505 1 -252511730
437 1 -482696424
380 1 -598352396
637 1 -84244537
611 1 443596529
309 1 -633034541
965 1 199719911
870 1 68151721
126 1 5655808
91 1 902342790
292 1 -231346276
713 1 -394484425
230 1 664422919
166 1 -354791242
170 1 -314161560
357 1 769338711
427 1 -966234524
291 1 253653651
734 1 126264217
736 1 874099605
399 1 246452099
150 1 -960870152
425 1 -230026849
958 1 189936441
165 1 18349740
672 1 879556273
526 1 876573789
930 1 -735278764
268 1 -784591939
677 1 938019301
394 1 -500803288
538 1 -398796479
865 1 -744278076
131 1 -528756738
929 1 -253652785
134 1 215334380
136 1 -109793219
233 1 163034713
328 1 234611389
686 1 246375241
899 1 -88402950
444 1 993713366
57 1 -739293929
641 1 371321658
52 1 -836396178
645 1 367744469
567 1 793625285
238 1 990255877
111 1 -586946000
8 1 968160481
45 1 -536919194
915 1 -433395925
935 1 184596837
700 1 -714757364
510 1 -302729893
838 1 -860123646
761 1 518222231
666 1 783160908
898 1 332328701
478 1 309850595
489 1 899684176
40 1 -863398336
49 1 -904717168
468 1 -920254630
669 1 -886068070
384 1 443303220
65 1 -873785135
977 1 417459917
754 1 -905381051
58 1 393960493
262 1 -731049349
760 1 381619874
310 1 621017501
31 1 129776866
671 1 -74040036
183 1 -648221458
501 1 865040423
488 1 280618495
433 1 -866084671
855 1 570951558
93 1 -924790254
296 1 -217552265
483 1 844384054
777 1 -606194211
432 1 -704441949
443 1 785130572
367 1 726010494
737 1 -24236593
783 1 -924973390
311 1 -301235255
504 1 -544177231
314 1 92049652
524 1 201257987
740 1 404949852
420 1 -817685322
839 1 -441389332
323 1 -457460247
266 1 327829058
474 1 -281018697
903 1 -734240001
363 1 469516328
546 1 934518751
900 1 -878453216
693 1 -81023084
785 1 490128879
83 1 -944029642
692 1 899479839
61 1 -71339738
354 1 -117972281
73 1 725551289
716 1 855069640
215 1 -735293327
544 1 766893591
593 1 852598902
133 1 -493182398
466 1 -399505479
335 1 -258929830
449 1 305211583
549 1 651377347
174 1 150860526
840 1 -443725482
219 1 92735022
522 1 -440405156
372 1 931668917
234 1 -949662555
415 1 -845734608
359 1 54889130
423 1 424587656
517 1 438118017
104 1 752395912
86 1 132504645
440 1 -17985333
148 1 -147122136
877 1 -787012062
999 1 -743887734
599 1 145478635
67 1 99399993
393 1 -205680126
295 1 363982210
673 1 -606344064
471 1 -826400295
741 1 -280544269
72 1 -865175254
365 1 535866756
103 1 776174993
574 1 187984053
451 1 -395539756
729 1 -209687333
947 1 -85585962
674 1 150409368
738 1 361174376
146 1 -916377609
742 1 342288402
967 1 206026381
580 1 -415955500
160 1 539721521
303 1 266158865
217 1 232609201
430 1 -12337912
128 1 955815315
374 1 -496697688
492 1 592580363
806 1 -592298572
896 1 5697153
350 1 831141661
496 1 877221882
885 1 -604701557
906 1 392053676
948 1 -76249268
887 1 -377468033
894 1 -828983190
116 1 -332398638
15 1 683660269
185 1 457461560
604 1 840795058
883 1 -749646325
733 1 -971786668
370 1 817551928
441 1 -169318289
925 1 535669607
933 1 479871653
401 1 -122935429
407 1 -952046335
880 1 -682518580
60 1 711136290
349 1 832486160
588 1 -844184999
889 1 888011403
689 1 404353575
511 1 541389089
718 1 620081052
439 1 -24919727
190 1 379821431
351 1 -69038812
872 1 123396511
250 1 833999890
971 1 -263509723
687 1 864113820
318 1 222625666
130 1 -211998900
5 1 -103975756
369 1 -408723541
985 1 990429682
28 1 927432791
862 1 -429006886
698 1 -122255944
253 1 182750583
902 1 -601512924
149 1 260591655
794 1 977391882
302 1 511868136
289 1 314933079
82 1 454283264
628 1 -434827089
772 1 21004727
377 1 707988851
500 1 -652959009
532 1 453511417
665 1 573903623
23 1 -953503163
630 1 166742412
368 1 788215266
438 1 736873211
515 1 -869803924
810 1 -349734141
87 1 -350292469
848 1 -28811091
727 1 147052683
33 1 -593981609
828 1 -75367589
330 1 -441035837
453 1 -294116055
767 1 -24871998
491 1 221355898
231 1 -162569661
