10 1000 5831
7 727 928105393
5 176 802113139
3 677 171756046
10 613 470803977
1 442 25621973
10 662 220577906
8 102 771083436
3 462 -463639360
6 311 -613979757
5 350 401549291
4 965 987151262
1 766 -940530552
5 747 -966321318
2 948 -560480841
2 785 -390932172
2 168 -296473076
9 605 -393374236
1 527 153902976
9 612 238441211
7 789 -266640115
2 228 817907841
5 6 411693124
8 544 -46298590
10 465 638682562
5 638 -18863150
8 756 169468784
3 948 926035057
5 810 723414733
1 706 -683932200
10 134 -97442890
7 686 -184211906
5 541 -149643898
2 363 168941152
6 442 -599077839
6 639 -738759429
5 355 -246192013
8 665 60100777
4 789 197943716
5 935 -951845421
9 390 -503397152
10 109 111110958
7 528 346989937
8 170 268180349
3 640 169031044
4 219 554963718
3 219 957926939
6 736 -442152425
4 206 -944877993
4 331 -770453832
6 247 -761692980
8 34 -985658692
10 199 57197635
10 497 -797737949
2 375 314326431
5 672 -396530409
8 393 -887783008
6 232 -542229168
1 472 773058391
10 482 967006317
1 730 965415781
10 604 -134927674
5 371 719495834
7 453 898963624
1 274 -293132372
8 715 248426187
6 882 709825199
2 774 -27993061
9 284 721413901
4 655 -482681365
10 845 -642510990
2 93 -709523144
9 206 899987704
5 329 -809562560
4 63 633546673
9 573 -894296158
4 971 719689984
6 323 492244865
3 115 436870513
7 187 677438310
6 46 -748521101
10 127 -724256552
2 842 652651567
7 905 821918469
6 391 258101985
4 118 374893522
4 247 272231800
8 482 -128497639
5 906 -526820264
5 660 312180975
1 653 547225042
8 112 -614513361
4 496 -487917666
7 885 -597189314
4 84 544687477
4 268 -648933529
10 694 -845932551
9 213 462328061
5 825 -1458784
9 863 -870895796
8 251 341039900
7 749 -4469916
7 949 -391549869
7 988 931482290
4 243 710981487
1 852 -299563049
9 331 -792905514
5 250 -364149660
7 717 345874423
4 736 -481439950
5 3 -485042963
5 929 8291629
6 21 23555395
7 32 524877535
3 302 -951496941
8 800 -230987368
2 630 -672750774
6 519 -86498656
2 962 356326212
1 794 64341666
1 791 622966510
4 281 817290336
6 842 320643577
2 771 686200338
9 341 263053850
3 829 648986259
10 670 -234691551
9 617 -716190608
8 76 -912461507
9 507 798642481
9 442 307352789
4 16 757667897
8 718 535112524
3 865 597405146
10 298 -769095915
7 242 541706399
1 153 207213461
6 530 791511122
2 60 -471573568
9 956 -761344918
9 185 94257741
10 36 670455518
3 464 -854649532
6 827 -224079599
1 820 905162241
9 854 -127811059
3 639 687084567
3 695 906250018
3 102 -899089520
6 186 821429072
10 11 160428477
8 322 -70436019
6 616 -621952976
7 437 847649804
9 431 853311229
9 174 351393146
2 280 336367007
9 319 -325082785
3 174 882190102
2 616 656489725
1 213 722142732
2 187 -164566014
6 951 297762918
7 707 -301026239
5 626 876293166
5 373 -664410227
3 363 318332320
8 625 -875659737
9 89 770788707
1 930 -247899433
1 343 265834160
9 939 -253289261
4 755 471325007
2 544 861514173
6 16 374797399
8 106 -414641709
6 469 762444673
4 414 -416956023
2 758 727286068
8 175 447845769
10 679 827753576
4 674 114711818
7 898 -759514114
3 393 459961944
10 148 26194025
8 324 -833032328
10 352 -960388546
7 217 118855898
9 701 -319763305
6 155 925997730
7 878 -369198208
1 5 29405553
4 728 413132893
3 587 233583395
9 72 2515281
2 680 -893427136
8 428 144937773
6 406 -524820245
6 655 972274185
5 818 -965119390
4 105 901572510
7 819 601041478
2 567 890456044
3 770 1927718
6 681 771596825
5 453 280071
2 103 -491804092
2 526 978476081
3 124 833914310
3 352 -321409934
3 768 313107153
4 745 -46863071
1 3 -380789376
10 578 245569448
3 809 -990627178
7 956 144111846
5 466 -88078850
2 78 469582624
6 13 694941396
5 876 -396173786
9 936 -602057257
5 724 308644510
10 346 591531984
8 484 925072168
8 104 1011366
5 160 595796193
3 206 -390222088
6 300 976590131
5 190 421343569
9 780 5754300
6 230 -256811381
8 678 881212104
9 239 -33733271
1 193 -798184350
9 732 396346905
6 381 -926174018
3 255 -819674170
4 654 -102597180
5 87 -321590693
4 295 739983501
1 157 324853387
8 22 -974972585
7 192 195466914
2 584 560430287
9 653 -691505340
9 40 -540590913
8 987 -690784675
5 238 911592144
10 78 684699487
5 711 -832781918
6 520 -563680780
9 836 705155496
3 311 895965912
1 31 -199009490
1 50 436960900
4 392 69519899
2 719 -202084548
9 718 806969988
4 264 895661570
7 652 -628573263
10 501 286722920
5 439 670882846
6 547 162311382
5 837 926184491
5 175 534150674
1 975 -167627515
7 454 -987373661
8 108 563564533
8 347 -822013652
2 220 346280199
7 61 -974569374
10 463 -233837797
10 722 -235151473
2 530 999635990
10 64 652822662
1 777 374343273
5 363 557374951
7 271 576354582
9 286 -364965299
2 592 626489092
10 762 -125245609
2 686 -104349361
5 93 340868270
6 37 290279583
9 153 -494456003
3 710 326084582
10 822 491966199
2 990 408367861
2 184 -347895398
6 535 340550181
2 326 -737315323
2 938 476924268
8 64 -433096822
1 239 -593719060
9 317 602223184
2 954 -611880730
3 929 -256115472
5 430 -268020971
1 304 868418415
9 182 78368214
7 630 884358591
4 552 134109202
1 440 -489011764
4 476 484263637
5 966 385043942
10 121 -22932601
8 415 856844827
3 992 -7082979
5 65 -171410334
8 580 -343738511
1 358 796231460
10 65 -234559559
1 176 -195921716
7 906 234991261
8 914 505518355
1 562 -153822374
4 964 -586343215
6 125 129136433
6 324 94391674
5 385 -574061970
5 131 -798176217
9 457 405983052
2 776 417083570
8 934 493817949
3 481 -724384876
5 272 -287090673
6 805 140956074
3 165 125308940
2 688 135070847
1 189 -199264280
9 724 -473470379
9 161 533855118
3 344 -498149369
8 797 328336589
3 777 429959493
2 861 -136170676
4 806 -893704190
6 288 -437228124
1 615 433145687
10 366 640676003
6 867 186462428
4 761 563095510
7 886 594081237
8 277 102201720
6 606 -847413560
1 136 995798514
8 729 193371568
7 342 -798375394
6 734 474092360
1 395 370344620
2 915 -21463734
2 171 721920677
1 974 579900719
3 138 -539120647
5 316 -885987778
10 523 -282564612
7 83 851029076
1 110 146855688
7 962 -737757363
9 821 703074905
4 706 55440725
8 115 -775757314
6 528 895034170
8 264 591181524
2 134 -156992421
3 775 -728739429
3 567 -262905310
7 677 168337896
2 137 927616959
2 790 -78044430
6 481 -826049292
10 897 -511920569
4 670 269163337
3 50 333278096
7 202 -445470052
7 548 -461930093
3 186 -156808969
3 421 356081871
10 355 291350661
6 895 -962886662
10 773 -397922948
1 449 -666536203
7 73 903300873
4 141 -667809484
5 647 -791081142
4 94 590365713
1 389 573762902
8 448 163525432
8 616 786076239
2 249 -485733368
4 114 442235073
2 436 736528172
9 543 -6506204
4 994 811675055
6 739 -678456387
10 821 -899593837
3 381 948596481
5 312 651184038
9 278 -16908242
2 819 465750150
1 379 656645811
5 475 975725663
7 25 -633071052
9 603 -354602243
3 851 -745400945
4 568 -373331157
4 763 19007644
2 604 83119102
8 769 912565238
6 305 -601404681
5 306 -903325141
2 732 146866162
10 30 -544352000
7 324 -558256669
4 471 688680922
5 677 641125463
8 971 -239600827
3 160 416268446
3 569 -973887425
7 944 -815688093
8 819 762931893
8 508 166764626
10 582 -479090605
1 685 761308724
5 994 483055463
5 467 547587603
10 656 -480612222
6 798 189088297
1 297 -140092628
4 399 -54086035
1 18 344650840
1 774 -438272656
8 809 4825853
3 993 858190977
2 538 127141903
3 657 943955344
10 666 -167174516
9 412 594135887
1 854 -469772778
10 876 -927698709
3 826 796641675
8 999 -585335356
6 163 43536786
5 767 807720069
1 174 -373974392
8 594 -439391488
2 397 -11645793
8 241 314891959
8 779 -664349776
6 19 -525237122
5 264 419808772
3 737 812400385
6 335 -789524906
7 882 917558771
10 184 366600766
1 383 -62213353
4 993 131308562
3 503 -522311811
6 778 -851784382
2 47 376806973
7 219 700483172
1 921 672081735
10 328 -155675191
10 562 521367724
10 585 -348325812
2 856 -796683107
8 431 -754068806
6 187 -199686801
5 263 789361617
1 487 200394974
10 169 743280753
3 748 -908448006
9 393 789609018
1 484 -221315197
7 508 155778677
7 563 974665259
4 959 -217368901
9 917 262925828
8 857 -651291939
8 35 -517207728
5 485 718215168
3 577 908406117
7 971 -290769436
1 57 352443607
8 260 945935590
10 747 333609203
5 713 950738317
8 959 -938712064
10 137 803722259
2 275 887858853
6 522 445057203
10 884 558302018
6 55 227865534
2 641 60540861
7 81 -632471351
6 493 -293668535
9 798 -431544850
9 304 357234099
5 983 38389915
10 159 -193548983
5 199 181859705
6 160 782016929
2 338 -507917416
7 964 646192918
2 202 716941238
5 225 311915304
10 205 609846204
3 58 -411788266
10 900 296058978
7 179 -516364776
3 422 365553846
7 619 -570837885
4 605 -380355477
6 780 179439689
9 709 529996726
9 919 311730316
8 696 -97418338
3 289 753790800
5 699 229531523
1 526 23054188
8 876 407291836
4 69 232165716
10 874 -974520222
8 507 -716733159
7 855 -377940473
5 863 -221178303
6 538 -709246697
10 415 -385920919
2 726 -696995934
1 707 383171396
2 159 975099276
5 745 964879726
6 745 331782447
2 772 -600390360
2 545 -609097259
7 787 -746138430
3 439 608141115
3 560 -648557617
2 468 -520820536
1 66 461915365
4 561 459360398
1 180 206272257
3 936 911831824
8 224 991868978
4 615 61636936
5 731 270536494
5 229 5684004
2 292 -42027018
6 565 -100489638
10 644 443424873
2 924 821684815
5 492 -190723072
7 840 -922830337
1 733 -316886810
7 748 -770676502
9 620 833603394
1 386 306308025
6 392 -276670639
4 644 -666698483
5 405 -528946750
6 62 -685407657
9 195 -225460331
7 924 360922245
10 616 -298065868
7 693 -175543504
5 61 -696738000
3 357 -789627042
10 90 929792231
8 606 -628528449
6 864 36158145
4 311 80015760
8 969 -361630543
7 826 640982115
10 989 218102837
1 751 51084223
8 215 -580516708
5 696 221387565
1 485 516454080
7 505 -613846593
6 376 -779446283
4 153 -747464847
7 781 753479742
2 858 -401630826
1 467 908477726
5 321 -487442278
2 913 -673171303
5 5 422632703
10 938 -667013175
2 762 490764521
5 542 369014903
1 51 7334589
8 661 -803343627
3 954 -485113780
8 471 330170949
7 936 534140206
8 687 -62388058
2 974 -270756197
1 829 -60416829
2 541 234228205
3 288 346218696
3 674 839482636
7 31 978702514
9 238 -783444191
2 992 -386065411
8 463 -612300789
9 551 -456085441
4 881 276654860
8 28 823356346
4 33 342144894
10 3 151778023
5 690 -769543814
7 626 608201996
8 252 506694274
7 197 -88191729
3 417 -566201606
8 373 915072747
8 659 -891791459
6 810 -43441692
1 563 -706783776
6 321 -316916422
7 593 -108785409
2 508 652283026
2 319 595897811
10 82 -554669876
8 7 -829788148
1 483 -297871167
6 18 451132612
9 60 -197802976
2 304 -79498828
1 378 443085276
10 23 572243742
7 291 -615871619
4 787 660893994
9 340 52217591
4 440 859015688
5 173 231085183
8 569 -860000551
4 459 -648322292
5 426 -741965058
7 435 -248984375
8 849 730939107
7 15 189346477
9 961 -638888431
5 612 176713701
4 363 -978800367
7 433 146920303
2 357 450057968
1 848 -181597776
9 112 -348241847
5 75 449422724
1 65 460591162
4 863 739589186
2 705 -365810860
10 948 -103997788
2 120 -833036949
7 374 225390291
7 416 385530315
1 513 348763803
1 803 657019495
7 726 142102590
5 193 -776660487
10 554 -291501
4 349 -137880638
4 162 -571252652
3 84 897224133
3 796 394538778
4 15 314380943
4 504 -597635890
5 159 -736295213
6 450 -162911976
10 7 734919981
9 923 -400589575
9 907 -343906296
3 426 -360851453
9 415 -209122252
5 700 -994329914
2 569 -325544013
9 3 402954384
2 251 -909862172
9 794 763629599
8 974 -415079209
5 247 546867717
3 38 320791746
6 496 -137230741
3 597 -194542273
6 245 -537632149
9 941 373287104
6 226 390004037
7 609 972824991
7 66 -983949493
7 7 -832989502
10 74 -286966987
6 224 204313624
1 436 304326071
1 431 593607925
6 487 -960354965
6 420 415448015
6 470 412100162
8 735 -996892698
8 922 -405634052
10 833 478479029
2 442 -549866242
4 269 -608301097
8 182 -758113223
4 78 346655959
7 653 -153010328
3 31 910478376
9 950 607115589
2 335 -304647861
4 478 -89202528
6 475 -536736284
3 680 -442077970
8 679 -98324835
3 1 -102379490
9 872 -855805224
4 777 462876671
3 761 843023470
10 678 525532374
8 217 -546590928
9 851 807127037
2 392 -437706980
10 287 844573508
3 607 -772164710
6 58 -790711540
10 935 -76434617
1 553 189893749
3 318 687514159
8 749 29068245
6 490 -350100058
7 248 -86180599
7 283 221511457
4 636 191801585
7 951 952518314
3 931 -799104676
10 98 727122659
4 229 157657232
8 21 -753605642
6 372 340606453
6 647 -317148344
1 558 -369229066
2 273 279120755
4 800 -302751263
7 151 674064918
1 847 429647460
8 843 976859157
2 257 79527930
5 396 191210752
9 944 631912958
2 872 742024100
7 142 -982266402
6 436 670068290
2 426 -36123233
4 74 46071645
6 229 455394778
10 518 703271986
2 725 -979077459
5 162 -81572090
5 290 -735024384
7 345 -493143890
9 657 846719620
8 1000 777780088
4 254 821737899
1 931 -259695336
10 477 -530636862
8 171 -506924779
6 776 -434793698
5 753 -165320643
3 294 -454892981
6 741 361775940
4 547 899303494
3 887 650856025
3 772 708715129
9 219 -393410668
2 570 68530342
6 482 -700850181
5 709 -786350926
9 485 733384639
4 134 -853307829
10 537 -922715872
6 272 -364534077
1 657 214278111
10 611 -701678499
8 285 -299717032
10 688 11730489
4 586 281066327
6 312 543370681
6 646 -397871204
2 316 -555381800
4 718 -49537486
3 932 43668786
1 234 335361463
5 774 661344144
2 841 354767785
5 537 -828192240
6 507 -306726862
2 35 -405651863
5 796 726904469
1 673 -655040456
8 515 -299671913
10 580 -931312392
9 339 514261655
5 817 -995401547
9 933 786376520
9 619 -557479345
2 399 -421609354
5 538 -856160446
3 476 -505831997
9 263 -552353871
8 427 521007596
3 945 -465491252
8 880 480221121
1 971 -995288129
4 38 304953305
6 610 -397787779
10 800 135286649
9 236 189327288
4 778 -699221230
1 761 116949892
7 383 -319076506
1 161 836315143
10 264 712095350
9 277 -621128285
2 180 -956513733
4 823 -281981568
1 456 485421818
5 117 -723166137
10 623 -655510652
2 50 -40035135
1 983 277741815
4 765 -275705565
3 846 -480770940
8 144 818292438
6 217 586230774
1 957 201573656
5 114 -989851198
7 588 388972332
1 364 -754018774
10 855 -866948399
1 868 523965386
2 244 -98899311
4 807 -985485607
7 672 -576319441
3 384 130855972
7 825 -699314087
7 472 -78507676
3 565 -573007268
6 91 765149770
5 681 -377125821
3 80 378025037
3 542 -435375241
10 504 -37775970
7 615 -434049264
5 536 802148535
7 355 38005742
9 850 -885390616
8 39 716406609
10 129 580548516
9 960 625207884
4 143 999526994
7 534 560740091
6 28 -179539835
7 469 -740403250
2 525 82636797
5 412 -329526618
7 904 -507095399
6 43 -268907596
6 248 541640750
10 486 -130964583
8 954 453288264
5 618 487695558
9 453 769143833
2 663 746030542
1 240 951455033
5 749 214206281
7 844 304778152
9 444 -181246622
7 801 299754934
9 293 -328188078
6 763 124356748
3 703 674536057
4 897 -495758335
4 770 -411429537
10 690 -126316997
2 107 144148690
8 721 343317431
4 925 -541260113
6 664 457042685
8 311 383346910
1 898 663684307
3 966 -957851719
5 471 -173748108
4 48 -87493520
10 620 -795031106
7 879 608621
1 222 -122520771
5 592 797065038
3 937 -75908506
4 146 148836012
2 539 -362118772
1 80 -792144265
9 259 100904107
5 470 522249476
5 86 559274183
7 494 629039268
6 207 -904747882
1 919 -574250561
9 377 555313201
2 869 -825286973
1 536 -993922055
7 249 -270633673
9 940 -755392669
5 487 -231219449
6 347 -507413464
9 734 -574973201
3 704 818407416
3 378 -307517552
1 74 87395516
3 525 582397822
3 636 -983092440
4 395 -455051202
1 426 450920296
10 428 100552671
10 311 -797958889
4 12 557504080
6 764 -165319838
6 855 68660892
6 930 -962753281
4 878 -83590687
8 892 987265578
6 497 -559552816
8 510 -73107660
4 913 -877529105
8 409 -555859099
6 276 861785652
5 870 -793054948
1 969 96410418
7 37 408938276
10 780 -162172799
7 413 -126999230
10 985 -964792784
1 285 -303317287
8 716 908567029
10 772 868144520
6 158 520212778
7 901 -900791279
4 445 -390740361
9 266 -199978907
6 973 -497236128
5 505 53735814
10 402 -430700081
4 667 987165340
6 715 815979764
2 182 -700651449
6 45 797760296
6 700 -953307801
5 859 -438742883
1 262 132146780
8 705 380762873
4 816 647379098
8 401 -754077170
1 82 409552599
5 57 387836225
9 805 -30098462
9 886 -577948755
4 826 -835689290
10 591 922228884
7 222 9653563
2 166 870395071
2 348 439522006
9 124 -261273679
4 228 -121183704
7 167 881992200
7 19 -557505182
9 951 -204446067
2 461 178021329
9 877 -286149388
9 107 737268086
9 479 -763371262
5 10 276810256
2 86 457131218
6 90 -681475673
10 470 -778046829
8 619 255220259
10 444 -767445889
1 509 -100644139
7 896 207792112
7 957 28605443
9 285 260916924
2 466 -874809818
10 1 -542120706
2 109 501689860
9 34 472949863
7 2 318441352
7 430 -443818900
2 720 -982115524
5 454 -322466809
6 367 -169496748
10 267 -385863276
1 798 -255905020
4 189 -557016288
10 686 -187368858
9 279 -245724718
10 472 419653207
1 19 -730786095
9 231 -101534659
9 11 -644543373
9 326 316037039
2 259 -717566817
7 922 781326832
6 419 -170397878
9 632 -342907818
4 283 383080323
7 670 37368127
10 943 969421782
10 743 880978420
9 978 174968526
7 414 -862685189
2 435 594117430
7 63 -141139214
5 369 661636251
9 228 -100506904
6 921 -220359327
3 592 -486789704
3 593 286072846
7 347 270557038
3 484 605103622
6 196 -722892242
9 931 -575510903
10 51 345200009
4 801 -165850786
7 892 705335305
9 480 734466733
5 123 247499327
4 226 -734562054
9 655 -722932915
5 489 -744570914
7 843 -720156331
4 704 228485953
8 865 -848163730
6 912 105124890
5 673 704479708
10 507 290811400
1 537 834005178
5 94 984120487
10 543 719046284
2 751 -681690446
1 52 -904446957
10 324 -858572278
2 418 322682105
9 233 -589559130
6 411 -706857386
2 669 270667389
6 888 -303154158
1 195 -512836820
4 530 442821217
4 559 97769277
5 851 244569126
7 526 818832842
2 350 424284069
10 990 317238105
7 379 -15204919
3 795 -777651281
3 47 -3156577
5 309 -746944138
5 490 -783116992
7 64 -17195572
1 443 -665307323
7 618 -368461827
7 976 -889758119
8 449 191584860
10 574 -544297494
2 644 367096830
9 256 381043478
4 616 -205545536
4 957 410298257
8 753 -467990582
4 343 -108387864
8 40 462493224
3 862 343319268
3 694 170104793
7 299 -921821163
4 430 -834727028
9 166 156788124
1 693 -361822470
7 436 907498176
4 83 919330270
5 854 939167247
2 122 207893290
6 332 159396822
3 176 -853501029
6 505 935183901
1 713 600744572
9 667 174054287
4 79 76820272
6 86 -109430250
3 700 -426576147
10 520 626394588
8 585 -229305649
6 784 99028279
1 69 369255790
4 591 -388774509
2 104 -224573976
8 767 513726752
2 497 593533300
1 407 802430237
3 93 -528127295
1 185 618798214
8 530 -860852340
8 143 452410028
8 860 -507282875
10 229 -489336009
7 33 -196072491
9 90 -176976203
8 695 -405200988
4 5 89026675
1 661 -335518732
7 862 345022243
4 25 237796286
1 822 445455657
8 981 -473515812
4 532 -964205372
1 582 -681021158
8 701 713186727
10 653 -644561294
5 483 170150194
10 473 -981552126
6 320 770285218
6 408 394272996
2 5 618860456
4 877 863611455
8 543 711371879
5 925 -844797628
3 822 -146213445
1 844 -108663763
6 774 -59288935
6 285 955633644
8 98 -532857473
8 900 -389033807
9 822 -682845300
7 861 953442493
9 902 -717851565
10 966 -533432637
2 786 -991273297
8 94 -817756772
2 890 -362825007
6 604 -206926009
7 543 -855082441
7 148 -885082795
6 382 -257156198
4 375 -934678982
3 443 -809254326
4 158 349717199
5 940 -360703027
8 810 61271685
7 408 473326030
2 66 726176850
8 902 953921416
8 573 357776724
5 367 -96875868
3 723 -765974162
8 103 -939260234
7 545 409975195
4 825 340462233
10 381 -943474277
6 235 -897286398
6 333 155028813
4 852 -280001740
2 671 -441099984
10 598 -682798138
10 216 -441078060
10 777 520776485
3 724 213551306
5 465 6684201
1 728 682989180
7 893 -51430255
5 481 -804884593
7 351 -587686203
10 846 948887296
7 631 504161204
3 237 -251086632
8 674 422721233
2 824 -848540656
8 551 -660011257
2 821 -69667977
7 280 374325654
10 165 -384145795
9 187 957219257
3 773 487968157
10 183 -859451927
8 710 745213882
5 812 752605831
9 502 705544744
9 19 484115174
9 584 -504339023
6 457 -536556448
5 556 980580543
1 342 695632040
9 102 -180313252
8 308 116877926
3 489 702367968
9 744 37434031
10 249 -271285292
4 841 721886731
7 792 -405728233
2 562 -941557064
7 514 559346743
2 575 -917117735
3 193 717575815
6 611 -964557925
5 213 -136511497
7 916 -752200126
9 866 -975625986
4 505 -834085974
4 420 -838577969
1 759 -390869869
9 911 -13591232
7 55 478236756
8 491 -569955533
8 850 -976152364
1 256 -266678009
10 854 -765894748
1 568 -116966790
1 271 -979243480
5 661 -797818424
2 203 591111416
7 724 -697945345
5 226 -908317404
9 861 -59874397
4 821 567394891
2 328 793536360
4 679 629256759
7 234 -719709745
6 291 593023683
10 309 52937551
4 716 547198405
1 955 649316024
9 333 -394972767
10 33 -517170081
5 408 791640278
9 344 405884777
4 302 -89203849
2 994 299921221
1 506 -608660914
7 933 -718124924
7 459 430910358
7 517 -732646701
5 576 -67777878
7 196 754420275
7 312 -752322742
8 869 757173225
8 895 -892272429
9 197 -367257302
9 943 -53398209
3 104 -707623760
8 8 230159476
5 814 488448704
3 612 -742595421
9 689 181318625
9 976 693393807
9 536 -548515254
2 263 -971379278
9 391 443236683
10 442 620692922
9 275 859796165
2 470 -187424548
5 591 722824523
1 446 -34876034
1 149 -972992892
6 803 -376317736
2 408 -722399715
1 28 -504605439
3 360 568489240
5 425 299228086
9 384 -549426527
3 586 -891204421
7 122 -734070728
9 590 827575358
8 844 102465159
6 249 193325826
5 12 -856624052
1 899 107892794
6 22 -566892823
4 792 -204281606
1 652 -492245901
4 99 439488544
9 730 769122123
2 517 356163108
10 31 -57874434
6 177 -29832455
2 356 994467142
6 25 -528514455
3 706 451197179
6 502 952880625
3 882 958146277
9 451 -396684461
6 950 815097217
7 570 -458458117
6 213 -333530472
9 33 -111679254
5 333 3762952
10 401 150810041
4 271 748185407
10 29 -359220921
8 952 -813757625
5 299 148132135
4 128 -982517006
3 942 777010213
4 831 -509247197
3 730 926515351
3 460 -262007922
2 245 695755399
6 672 671073886
4 617 -255029710
8 847 -125559493
1 964 377757290
5 39 -885144284
1 422 898832157
4 746 -875050255
1 216 766967433
3 374 -704544064
3 413 -228388837
7 226 147800107
6 709 989515856
3 423 760651608
3 187 -402527400
10 619 -870372415
5 789 -796891783
2 41 -16110391
4 317 -405336059
4 28 -634334713
10 994 -732495401
7 404 -582129309
4 388 202504588
2 519 853359644
10 665 -615318857
7 72 -874899803
10 766 -891933742
10 143 885695545
7 770 806079880
9 289 -967890550
2 151 922736339
6 897 459158225
5 158 219840497
2 511 -602310507
9 920 933758016
4 261 765858776
3 760 752512049
7 669 449518726
1 642 -555425829
3 107 -319510451
8 768 -489310575
9 848 -532659278
5 926 68162797
3 118 -236148877
10 493 -140547530
8 553 784035054
7 643 19102704
1 660 -800208755
8 938 700513965
5 480 145152195
7 153 -10931094
3 227 807256571
10 634 -343286580
7 705 -618862222
5 232 -399044407
3 304 -22894282
4 675 657566086
4 2 221263868
9 146 837666685
3 454 495284971
5 463 -575868750
9 282 196135155
5 216 -310199886
1 625 416271482
10 105 449934031
2 874 -17768010
1 783 298875114
7 276 -299705813
10 646 -452933570
3 334 363941780
10 804 193586464
6 220 598022313
4 130 -642497593
1 76 -462016014
1 268 45591454
7 830 591531689
2 765 37233132
7 269 -605776120
4 968 -541344734
10 274 436542966
1 212 622935164
8 766 -953521255
10 166 35894034
10 717 -853951260
9 388 754468073
6 274 -132476432
1 321 99241066
10 828 797887199
5 293 -578867350
2 527 -400666605
3 25 -311979736
3 271 -610027625
5 964 277708098
10 434 763483999
4 217 -16758091
6 29 906420521
2 961 738909404
4 927 536463044
10 778 24281011
2 683 710505343
2 761 -670965037
9 212 423076102
5 164 664750968
10 663 154075765
7 572 804779310
1 303 384767211
4 193 -765055108
9 725 -351336797
6 171 751913316
2 738 -482663442
4 393 -176652829
3 430 445972828
7 915 -712959425
1 366 475366323
5 909 842412997
9 207 657863066
4 681 -557829707
7 782 -781017493
3 88 -599354639
7 133 -44920159
9 895 425478899
9 267 -709599216
8 246 777534440
1 370 806297216
7 900 -937385393
9 96 505772803
1 583 684236714
10 712 779776936
5 809 -398358594
6 692 -12184679
1 245 619391196
5 205 575432901
10 305 362954159
9 320 -490663886
6 268 -11993414
7 929 -13631831
5 844 106186857
2 741 -712484067
5 287 72115783
4 410 -751078644
5 849 250124268
1 595 -892215932
9 938 -366056520
3 65 860798202
10 220 83252823
6 909 -344073071
1 942 906288483
2 233 42555273
7 696 -211091385
2 236 414740117
2 270 -792813977
6 819 957076373
8 245 -416442195
9 39 774163099
3 167 -711221227
2 694 -636726656
10 629 -490020188
3 202 936890835
8 54 -648436195
2 57 -923772291
3 386 -423398227
7 989 -334166976
9 670 -311688563
5 902 445893300
5 214 957045666
5 552 971889748
8 885 -115232135
7 325 272290961
5 843 -916085539
4 316 410443589
9 558 -845784112
10 933 170930470
7 137 519412801
5 588 -703181495
8 473 390111505
5 167 228091998
7 977 309770166
4 314 474106298
2 265 831445512
5 429 -765516446
6 40 -231049773
2 543 562540536
4 242 -851777995
1 336 16395546
2 676 -976841193
6 47 -304335629
4 68 -980106535
7 191 586637410
3 435 -893739733
9 503 -510743703
2 971 -636779853
10 960 796521945
6 495 -956349712
10 361 152972108
10 432 -175903122
1 566 646755043
5 271 -848416099
7 564 -408740942
9 952 799155652
1 204 -547609119
5 365 827372978
10 262 -835823287
1 634 220399109
8 944 182882223
8 681 -247672327
7 306 -745812564
9 516 751085192
9 771 -837078977
9 118 269094214
7 207 -639273227
9 484 -740472194
10 734 951869426
5 347 -915024356
4 759 -125342696
6 35 73772384
7 722 633476710
8 50 48045475
8 728 -464448016
3 726 -704246218
1 465 699007375
6 705 129479900
3 303 684832485
7 384 -432966326
7 399 112388554
3 816 586405560
5 516 741347060
7 214 49141258
8 118 762873245
7 728 423695486
1 572 910181793
5 415 609387225
10 358 705521997
5 268 27031310
2 11 7054390
3 589 717798595
4 483 612054371
4 129 -327260831
6 621 -521251
9 714 -703511028
5 270 -73488700
1 90 445643977
9 964 377219671
7 691 918020259
7 368 301457814
4 901 -545478999
8 14 659916121
7 981 -237430628
3 162 51066361
7 237 -179442326
10 489 -207985989
10 528 187129417
3 112 -247934689
3 985 -231893367
6 609 -534685307
4 499 28660636
9 75 -157132658
7 720 294513623
2 8 -523554516
9 373 179166234
4 694 -783824072
4 956 -734265011
4 966 -959122581
3 13 745961761
9 761 411238233
4 585 21662054
7 479 -975695510
6 759 487534136
1 489 -210240503
3 749 304533809
10 844 226493142
4 779 502744661
4 726 -689142125
4 752 923189626
4 328 330566473
5 716 23289250
4 944 -738595225
5 341 235343753
6 94 604313950
8 82 205736008
6 206 -972477070
2 769 -996606376
10 648 441823509
3 538 -834286073
1 134 658103622
1 655 -356679828
4 606 58538047
4 1 784251808
6 924 -372855173
8 985 -642082958
10 373 -579039480
4 26 -760474432
1 939 437353779
7 967 -526637728
7 651 164586398
1 41 134948776
5 473 -113965010
2 967 -663564414
7 833 -280297910
5 45 369481583
6 430 -340000677
3 404 -403846260
6 61 -433109149
4 722 -674271790
3 272 151967446
9 148 -179848032
3 410 124655571
10 514 487590154
10 174 493295948
6 840 342485582
2 215 -120158015
10 312 929162059
3 453 946060619
5 109 -676138564
6 925 239076062
7 491 -166148010
7 293 -348947163
10 250 877713207
4 625 520860853
10 709 -285260573
8 951 -715914875
2 828 -361847950
3 583 494247932
10 97 406083849
3 973 -455000642
7 358 855162432
1 540 -160388572
5 217 713193816
2 800 -964748113
1 445 -358993659
7 443 -920776786
7 723 90683997
1 87 -377015886
1 313 481006220
7 991 -564451709
7 330 661654111
9 959 765570453
4 354 -602526722
1 651 147656166
6 749 87108444
9 42 992161532
5 407 155560196
10 196 -560299610
9 380 -416659521
6 121 203927516
7 958 230256796
10 38 971976587
7 597 -162745732
3 679 183799293
7 984 -35444362
10 651 981310574
8 9 44222138
2 314 858776179
9 483 763392874
8 47 274367254
2 793 -487769520
10 347 -518131284
6 958 -336386271
8 547 -951445166
6 407 -602454355
2 240 154237074
9 823 890586683
1 952 -277406757
2 274 -883233332
10 50 -253233230
9 534 722558211
2 773 -49387491
5 224 -621370134
8 168 541584113
8 18 866700321
2 553 903746675
7 742 169742424
5 482 896792659
10 527 155444580
1 238 -41556441
10 63 -565578979
3 611 -743273256
8 362 -697815924
8 877 850736244
4 400 262475507
5 459 578723128
4 835 -179953579
10 45 -587538668
2 481 -735572655
3 991 390423973
10 763 892663244
4 495 644624516
2 957 758163367
5 938 896424371
2 843 403356296
8 209 472482122
4 453 -581509325
2 573 452106656
7 632 885159240
9 583 479058990
6 310 -344705253
1 737 -264498614
7 212 846602551
1 40 -375072602
6 504 -206010250
9 125 578824123
10 534 715006222
7 554 925500508
7 440 364453946
6 303 63490569
4 705 -785856989
10 360 717281086
7 561 -175647066
5 598 -107351897
8 983 -3906603
7 213 634665485
6 990 638788769
5 781 -347416734
1 265 -895120330
3 308 218172171
6 429 568173463
5 571 626649605
6 314 11734038
8 556 738200694
3 231 870906469
1 869 189937551
2 653 803469674
2 155 356588094
5 510 -990991493
2 25 -134045795
5 554 -895607987
7 267 -793312052
5 973 -904579240
10 996 183313814
4 518 -195218709
8 763 399484189
2 278 -657444870
2 764 -807837958
5 861 220008281
2 237 267981777
4 448 -22062238
2 281 4526282
2 830 -295387292
6 904 -249969045
9 998 34722118
9 242 892662542
5 735 -725696788
2 868 472372849
8 160 205969770
4 284 603908333
4 64 313778369
2 550 -222479168
1 381 814518299
7 987 522354954
6 899 652113986
8 804 518221293
6 614 110262862
1 148 681806999
7 515 932203563
3 223 654666657
8 493 906884055
10 203 -697311904
4 347 675214046
6 101 548161192
8 158 -51826725
10 193 -279272686
2 978 190627684
6 181 696288096
8 731 812580512
4 795 -451060923
7 952 889736318
8 454 -107284977
8 423 794682056
4 700 -818481878
4 643 383814942
10 84 -503477811
3 900 939808200
1 905 649896524
2 714 131835888
8 647 884416979
1 611 -954135123
5 354 -46166927
8 128 724276931
10 478 -186159465
8 402 140388395
10 521 -470641293
1 369 -803411665
7 338 724086889
8 88 -381657498
5 668 -500673379
9 88 746144757
8 738 152462373
6 850 476163085
4 49 15383117
7 644 696162629
10 181 -34630066
3 122 503255454
2 492 177823308
10 691 567436200
3 876 604188794
8 468 -793071770
8 383 -875905679
1 835 949961292
1 164 -672945546
4 886 603331549
1 915 -751500280
2 429 219068154
8 733 -947545316
3 154 -951411220
6 143 752010250
1 126 969305304
4 549 193591640
4 301 157261068
2 976 -667013207
6 293 -204182166
7 475 180041475
8 751 -395178633
2 381 213612666
4 558 -173296287
8 856 -342649372
4 853 -916223271
8 694 260077232
4 220 935919355
5 11 -629247458
4 288 -278417318
9 560 52779461
5 110 344445400
5 438 -643974720
2 715 963798523
5 352 -87761712
2 90 726540986
4 298 -105534801
1 755 -588385497
8 70 -319829184
9 814 80833029
9 894 333479942
4 725 648201154
8 86 474991286
2 583 -897578631
10 125 -780177924
9 464 -561831832
5 583 -832027984
1 976 787503273
4 978 35993794
8 20 -219631703
6 597 -540388360
4 293 -306126861
3 268 357341346
3 191 -648302474
2 909 194740454
7 292 859200153
3 81 -285269161
2 388 651837710
8 739 -284648108
1 690 -331725945
1 882 -531856440
3 216 -803720090
10 913 -95337121
6 455 20266743
4 543 524258955
8 198 -720223008
7 642 -133132513
3 756 -422368722
10 385 -923037813
10 93 23106412
8 795 -570821421
8 44 -967951132
9 305 -970792912
5 495 734382193
1 351 938892195
8 399 513284208
9 327 -539897801
6 809 992100157
8 629 147938324
2 666 596018564
3 848 -839311998
4 75 664603838
6 814 247357088
4 101 -951068887
2 457 -514621283
3 654 -436454849
10 209 675644900
2 36 408169685
3 402 125363558
5 342 -552383933
8 596 -656611718
5 267 932553597
4 607 359753596
1 735 -152455431
9 571 -102215908
8 149 802436753
4 538 310901827
4 116 -548560179
3 175 -239770920
2 536 -980500966
6 515 608589749
8 835 974631490
4 861 -112138495
6 656 988561570
8 984 401552798
8 867 961178154
3 532 -514092736
1 935 -499721595
3 922 883161418
5 779 -436138643
6 797 155746967
4 377 -4949131
2 279 798187187
4 126 120641931
4 411 566247179
9 702 57507139
5 409 269306890
6 150 303366064
10 882 51651307
7 837 990516915
2 593 190549915
7 369 -986994054
3 490 -315218449
8 791 60676404
7 129 216600226
6 858 460882864
8 159 946696025
5 406 -242028823
1 55 -425347468
8 722 78949814
2 730 -128264855
8 955 449631849
7 525 -11707987
4 988 186858050
4 701 -787227104
8 23 80290870
6 244 939663680
3 683 159460062
10 111 -23981078
6 542 727994485
1 901 341481952
8 437 -519201641
7 671 -694847853
10 551 -287826862
10 400 554231006
4 475 -374598105
10 962 -612243127
8 61 -426620501
8 704 111960192
3 984 773049227
6 185 498229205
9 880 -977155928
10 467 -228737807
7 227 -773097152
5 446 872647717
4 623 167726003
1 635 -535921252
8 193 880407435
6 112 -270881988
6 965 486859753
5 428 -280623787
8 157 591402701
4 181 914553986
9 386 262177039
5 658 440534514
8 646 960756009
4 851 841795480
5 611 -992932739
10 707 112599756
6 975 869894113
4 492 61342225
7 194 -24083786
6 560 -814382547
10 875 429083119
3 338 164174255
8 250 579615316
3 46 776564532
10 716 436543171
9 433 573268485
10 652 620367777
7 902 998413245
8 651 -611354922
7 24 -468489356
6 994 464193455
1 301 -94370639
1 740 847645785
5 154 416934232
7 961 -354012086
8 364 -464065639
10 246 759059787
7 333 182491772
10 233 995661982
4 587 -416651
6 194 -615300965
1 505 -694641405
1 721 -540412517
7 595 136562804
4 122 -421898197
1 752 764294237
6 813 -811243161
9 783 -985891944
9 288 -388380654
8 790 586527456
3 341 -693487734
6 593 -498992357
8 566 -621082985
5 624 565972243
5 823 712687136
8 793 996414748
1 217 542596146
6 849 -535055138
3 461 -876321350
3 86 -529187324
8 366 -549453373
10 641 -29350784
2 710 -776226891
4 803 -204332086
3 526 849517399
3 41 -936571625
3 246 -204948728
2 116 441690919
3 405 613726787
9 879 37381881
1 500 666936512
2 174 699181622
7 679 -92024029
5 686 -833117266
10 211 -42328666
10 823 -467252994
2 255 541959224
2 950 418771414
7 734 390053439
4 923 210085715
3 939 -751993907
8 19 639047842
10 529 -673822866
10 964 147209700
9 916 -990754598
6 204 539483002
6 605 52911411
2 692 -352779734
3 785 459028456
10 622 -413423099
5 637 511843664
7 58 169344113
7 329 -233538096
9 87 -466233517
4 467 -285460095
4 557 805489904
6 521 -259903880
6 139 380618670
6 156 -925541984
5 102 32741447
6 325 688859128
8 435 -405596598
10 810 875151490
9 721 25187250
7 930 -709088739
10 316 404755020
9 596 262160554
2 235 669656686
1 986 520776605
4 688 193063947
3 884 -565400681
1 725 603908765
7 850 318402634
1 406 -502699724
4 749 427734873
6 531 132345612
3 286 -687944382
10 878 -714432718
3 134 -570353374
2 342 -651226765
1 235 -3195449
8 176 670460893
2 707 681513775
8 45 536484902
7 634 -894005548
4 309 375649962
7 49 337191034
6 387 -227656017
8 526 627727751
9 642 -399296536
5 621 14176161
10 371 937605841
1 666 128388023
3 743 672794018
5 501 46823750
5 930 -492967943
4 933 -81963301
2 76 762084147
2 661 -686480202
7 449 393605193
7 75 -177683579
8 278 976855754
1 817 -850867097
9 984 962989190
4 380 376404451
5 258 743962012
10 357 448400237
1 266 -229315796
6 967 581087375
9 220 532310106
7 750 -89694138
10 589 -16014672
9 434 586868051
9 353 382634338
1 194 31997127
3 474 639893211
7 50 963102213
4 188 -709916507
6 980 -18282066
8 644 349966159
3 676 -813073426
4 202 -472641603
7 182 -43318906
5 300 356437429
10 991 -364913812
3 510 933186053
4 819 185719358
8 384 569368763
2 729 681708133
2 21 191108634
5 685 186049539
10 977 783867858
6 215 117197269
8 17 -273202142
5 625 -971015517
1 460 -985851683
7 954 926131109
7 403 373279683
2 351 -123145722
7 518 452558259
10 389 -818595692
3 155 -423910610
9 691 -559277502
1 928 537536095
1 628 -583469745
3 628 158389370
9 739 -633015373
9 467 -288612793
2 997 -141701970
1 579 796793783
2 313 743296115
3 502 831739164
2 702 -113414308
8 691 968381652
9 757 -314493249
1 665 -925903068
3 346 652125567
7 655 456799227
10 596 -131929901
3 446 -827234239
4 548 621038320
9 925 726210788
3 838 934397025
7 586 -906145328
6 463 -560310920
5 723 -598706375
2 226 -936126679
7 246 879464061
4 986 -484296364
5 675 -920811057
3 819 609854241
2 75 712787187
6 223 -703283342
8 893 -17980921
9 133 -845316892
7 897 914953523
2 407 911287087
3 172 541831469
9 110 366642317
2 186 -558581898
1 678 -411009797
10 443 831662443
1 294 449777828
9 900 725941529
2 322 -624915421
7 56 115045365
7 744 958114825
3 833 -580067439
4 905 242993518
6 835 376225167
6 679 103427346
8 258 -213063207
4 356 959569628
8 446 38991419
10 965 -692744957
6 254 408373080
10 117 822095735
6 768 347451789
4 180 341884819
5 874 995027664
5 834 547231816
9 671 839142034
5 31 -607242082
2 847 655451427
9 579 -147116762
7 154 22037976
5 36 -701931015
3 940 510380124
1 841 754407398
6 221 35988516
2 248 -50422217
6 942 907130602
3 2 322470900
5 531 -448249573
2 788 965814396
7 290 -114934273
7 680 -419643892
5 784 93091524
1 327 -181505509
2 977 536988962
8 244 -560125481
7 457 261705784
6 386 -440076854
2 598 -970266362
1 979 419896676
10 865 -987239279
1 799 232432454
9 387 275237727
1 138 102635895
7 776 -97927917
6 180 463500121
4 45 -96723240
10 210 -746508637
10 68 612444467
4 647 433546242
4 960 -94485085
6 172 222997651
4 106 503496196
8 321 987286757
1 671 -61652153
2 473 804754079
4 88 121463467
3 947 -230679161
9 881 -522245323
6 557 940370679
8 980 765970929
4 280 -867883617
2 10 -507165263
1 59 -596993407
4 575 -30700175
5 728 768591196
9 948 -695494549
2 595 314930288
6 358 443905298
9 768 347307834
3 89 139600570
10 353 917746766
7 688 247437561
5 423 105891896
2 689 698186578
8 823 -56047707
7 638 319907882
8 512 991642864
6 794 774731913
10 122 -454806920
10 359 -489538613
4 668 -193934230
3 82 59538242
10 269 -74199737
5 275 169962126
6 214 784863026
3 650 -272166240
5 44 -523737640
2 896 -768717446
8 689 -934277957
3 969 -908787101
2 998 912945422
8 958 -254779944
7 243 -804134489
5 181 334557053
2 223 380378648
2 521 -417144768
3 603 991747010
6 572 28381850
5 670 610603577
1 473 -227027836
4 294 626337776
3 728 848015809
6 212 4745833
4 177 327881588
6 769 -102351738
10 672 -936693682
7 741 -628035985
4 91 241553915
1 302 -132589138
6 857 -708960522
1 904 516076093
8 887 -755922848
5 319 -487051011
7 774 984297555
3 245 544511300
4 812 -535113814
3 310 140373113
9 820 -406205869
7 363 140238420
4 665 -262779299
6 724 31739627
2 37 -367353402
5 769 691852562
10 271 -118456113
9 59 -285453309
4 358 500367433
2 958 110642689
10 509 -624700822
9 35 601945660
8 433 -133694345
5 657 -330138571
5 230 -58537263
2 654 -554607428
9 750 798366390
5 488 688788473
10 698 993139203
8 195 -63372973
2 79 284328452
1 989 -422775255
9 129 -350498627
2 846 -527407968
3 487 -462058752
7 123 -238239052
4 256 240322104
8 837 284326591
6 130 690305038
6 569 848353429
3 309 188542777
1 538 682259875
5 141 -560767405
2 417 -18623766
6 644 893756368
2 531 -142247622
5 714 199831718
1 37 177928395
3 459 689329792
8 979 958567462
1 306 2578341
6 270 -942103334
9 743 -716584340
9 549 789436647
8 344 -240394415
2 24 489609586
4 287 445806958
1 35 -818814900
7 91 73246903
8 211 -878404233
9 663 649567543
7 422 -688318344
8 270 332034489
2 172 -507392638
2 6 -456616001
10 453 -105130190
3 491 465206712
8 237 -766610275
6 722 997268622
2 743 642449846
8 855 551061126
4 376 523425086
9 706 -569628268
3 766 556709514
3 914 20350292
10 496 772839733
4 686 877976551
10 377 -118804468
8 794 416782284
2 787 459107029
9 843 -650472988
6 873 -570587083
9 786 -198622816
5 597 -279877427
5 605 -827837774
7 558 621082548
3 248 474252096
10 687 36612838
3 496 -510474426
3 722 -674796714
3 688 -375474166
3 53 791868853
2 624 155953790
7 260 760055297
2 188 -644836271
5 13 515295483
7 14 -517284745
8 127 -397191739
4 234 -593180854
5 684 -380451882
6 883 165229755
5 564 -17675022
10 787 -100392508
5 77 -18744036
5 289 -790529078
10 144 -267484393
10 437 -994402220
5 42 166733377
8 824 -175758563
5 288 -832771338
2 980 -430527502
1 77 838789370
10 573 -44370140
3 886 -170334844
8 765 817647534
5 399 -66489040
4 299 -616036205
5 664 -340882479
10 455 -927529912
1 985 -442955579
8 137 315928938
10 130 846603908
3 913 -581628632
5 705 -992961179
3 551 501912690
4 784 914467758
8 10 720386357
2 996 278932878
1 576 -83008303
1 166 250816660
6 250 -71561296
2 264 148179678
4 360 929144462
4 428 -389603206
9 440 -577457816
10 988 835399076
6 151 870582696
1 858 709334294
2 655 882212885
5 990 -467746713
3 151 -242918126
1 879 122016563
1 997 383085206
5 144 693966432
6 414 -851391906
2 580 -691274506
4 133 187160507
10 581 604413281
10 338 -471870530
7 111 894592535
2 559 720290666
7 125 762712616
1 276 428836103
5 559 -277480629
3 339 904150035
7 164 674652803
1 601 223626481
1 97 -205443012
4 244 609749757
1 1000 -368250000
2 32 600286830
3 117 637910422
3 470 741204557
10 303 955462699
2 507 7005389
1 739 953326369
4 291 -972545114
2 946 -199303950
1 367 303329592
1 528 -903468555
3 906 -51200529
8 147 746933038
8 613 -72511992
7 20 -594353700
5 416 -150278502
7 863 156591886
9 969 -384379043
8 234 -628684623
5 456 727248320
1 269 80139543
7 17 453256969
7 95 -870719061
1 871 -850477192
3 55 -987533173
2 809 735763413
8 142 -300174547
4 186 -626800614
7 161 323883021
9 269 -986084449
9 668 399108775
5 368 -323475042
5 967 933725285
6 479 -141714492
3 633 572340492
6 529 -820181399
9 595 683466981
2 376 -706666298
10 696 6588441
4 446 -620470638
7 985 -408873919
8 780 -459395444
10 416 -618594044
6 499 711297398
5 69 190578938
6 843 -849234086
10 202 313509775
6 792 389775843
1 466 -812694029
1 243 -939399133
4 926 -687291190
4 621 -760379357
1 273 -712276455
9 698 -91493876
10 587 -408378179
6 133 -293307156
2 514 296020420
5 578 117190479
9 784 732884549
2 189 -914011904
7 701 541770167
4 955 -255637687
2 246 800478000
6 298 357326693
7 503 713805642
6 253 -575865323
4 429 655591349
4 951 -920934267
2 546 709847563
4 638 497716868
7 683 6894101
7 168 919504972
8 828 -743070893
2 474 -48132107
8 523 -605359127
2 798 -868303719
4 350 -927129175
10 881 617814355
2 782 204743273
9 828 896796728
7 115 -589261530
2 643 435489351
5 959 681739707
8 504 194189202
2 917 785364927
6 877 632803513
2 45 -961746082
1 122 -709995768
1 680 -881312575
3 653 -834079773
8 684 464941756
3 812 -151960320
9 859 762834142
3 150 396287904
4 610 504920018
8 692 -214354743
2 510 699892932
8 483 551547342
2 621 -381405657
6 75 799595678
2 333 -502694549
9 475 -712491729
5 506 953649837
10 133 -58107985
5 246 401507087
5 256 292288927
1 263 603538573
7 108 -859194351
7 288 -880715140
9 4 -314716715
6 698 -565287688
9 679 -266411753
5 815 -577318624
1 108 35559893
4 945 -29684413
4 469 -671446498
3 317 -507168931
9 577 476356786
9 898 531828347
3 999 218256214
7 210 -926562119
5 579 -99214093
7 201 -640290644
5 655 454594470
7 263 729705731
9 22 -332295593
8 745 472599828
1 838 248407612
10 995 -486956961
8 567 841012285
3 195 747386144
8 257 -188821955
3 321 -648302593
7 286 299148543
4 733 -305301850
8 662 -503866956
5 568 -815252424
2 285 -694043275
3 51 -975180829
5 101 -424447952
2 282 -355586946
7 842 -266378136
3 835 459140981
9 874 -890680087
10 860 252608321
7 884 333633646
10 182 -771195087
1 763 -298795188
4 227 420442662
6 668 -842389856
1 797 33828344
7 546 -830494320
9 589 304377650
10 841 -889458643
5 76 205297486
2 914 423867924
9 527 54243200
1 967 295226541
8 169 -74729271
5 68 -33588677
5 970 -497012458
7 466 310661561
6 631 -190591690
1 551 -318797702
7 80 -816735832
6 712 -644722738
10 719 115527447
5 245 -548226992
8 97 118668114
7 255 -111582205
7 206 970157588
7 277 669214610
3 658 197200034
9 20 177792177
7 407 -63175073
4 422 847134080
3 568 246186195
9 618 26777304
8 331 29533932
1 115 882648567
3 97 -201953738
1 145 -334869679
9 28 -548589461
2 229 959276018
1 11 169513572
6 169 -652060318
4 613 451606543
4 522 773961763
4 664 -91791442
5 519 -10131130
7 11 -223802739
2 14 860448590
8 201 -500683474
10 667 -814801651
6 923 811414897
6 790 93936973
4 57 -777496238
2 491 -45553437
4 872 926792837
2 58 -830424026
9 157 -801420159
4 480 -922582369
8 862 -595524501
7 914 962783412
7 687 -531010970
5 599 -8482364
10 256 128879636
8 937 -447956333
10 510 -509487288
1 448 549612768
1 996 911945867
6 575 -540640221
5 500 275583804
10 638 -369564604
6 295 419734909
4 622 195443152
7 760 470784523
3 893 -831833576
3 243 858698893
4 598 897159149
8 884 -968268563
7 814 -22341021
5 535 283903435
7 305 -998655251
1 437 -230114315
5 996 968466534
10 657 -365942749
2 918 490482764
5 737 899750377
4 201 690636599
9 508 521276865
8 650 859960480
8 975 966209983
8 470 289850503
9 742 -703688081
7 663 -668449956
9 46 771934665
4 196 -667983680
9 156 395069470
1 877 407882503
4 370 427599482
1 703 -806123333
9 142 -89906405
10 608 -537111000
10 314 -226452767
4 86 -754596717
6 620 992320213
3 780 -761984352
5 805 233626764
5 882 -910959461
7 872 -836963729
5 667 -536874588
1 593 -112369650
10 334 -689928044
1 519 -273112453
6 791 -78073294
6 706 -534159630
4 136 -834094589
10 661 528702029
3 367 -719053875
10 695 945174331
4 820 267981034
5 249 31989292
8 69 -345459363
9 321 885657339
6 319 262325583
8 213 -322407946
1 455 745939713
1 784 -41759588
7 257 -637227520
6 373 -632034047
4 394 -14686954
7 860 -978075851
3 734 -41066214
9 781 665549687
8 140 95923373
5 706 -136734463
9 499 605757621
6 562 512533320
10 345 -670991126
1 79 836502522
9 521 -647090978
7 114 330381712
1 480 155570524
6 775 15019276
10 700 -86642264
3 351 -714135431
7 811 -83464830
5 922 -919202092
6 236 -77334448
3 938 -912330685
8 230 255898190
4 367 -323275731
1 101 -307908360
2 658 -990589703
2 268 244933143
2 920 189363727
6 327 545802160
10 419 -334847126
10 903 38562648
8 677 -624890063
2 262 438861543
3 740 598252633
5 734 -194672021
9 568 -84776925
7 868 -660912569
7 775 672976979
8 549 -953553888
7 268 -79582726
8 604 -640552279
2 993 -645879937
7 421 -206387200
4 602 644473864
9 942 603072059
7 256 183204647
8 660 -439145815
7 392 799502270
1 221 -290534628
1 20 16700776
5 208 -877051512
7 894 -65296041
7 220 308508904
5 980 640548158
8 376 887707744
4 397 257461735
5 212 -806229301
4 940 67822761
1 359 247563592
7 420 98285332
8 736 -480982580
7 18 377924676
8 576 -513120882
8 334 374070785
5 603 697823306
6 438 268642530
2 852 742298761
5 462 809644073
3 180 246954501
7 110 -902080319
3 389 223438593
1 622 -105601131
4 21 617534461
8 138 794396650
9 368 427751594
6 439 809886280
1 720 -707404017
7 604 -858535506
5 740 -32282722
2 124 888298577
4 113 -104585022
8 904 961150286
7 46 332159501
9 158 -60523122
6 423 638422771
8 829 -817801785
5 954 -415334442
4 120 -225708736
8 353 -4325456
7 780 371191534
6 666 -680987962
9 991 580558497
4 603 363064370
1 317 -377196678
9 510 -174957283
4 731 173362186
8 732 -185759342
6 841 -55359910
4 210 -122661738
1 104 -494261111
8 325 520404199
9 749 -196327528
5 310 -977585148
5 868 678988178
6 783 472876476
9 245 151800727
4 639 -506556498
4 30 -852669731
7 145 59114455
10 175 -111151930
3 717 591540277
8 342 -125317967
2 449 25389697
10 219 -508977198
10 675 -68883777
6 361 197810555
6 74 -565239849
3 95 -587420536
10 306 381398626
5 403 433776423
7 297 276711996
4 565 522737157
2 218 187019711
1 934 980034402
4 684 -403572655
9 61 275476799
4 168 247822253
1 190 -618145613
2 452 -130869288
1 843 949401144
4 498 -84055035
6 189 -313959673
4 660 -499209607
2 637 79912229
9 864 816331801
9 144 700141532
7 298 176640430
5 808 -598602630
7 367 -943814987
6 422 550198266
10 48 200114555
9 301 98957537
7 117 730560524
8 840 -121620272
1 242 431144509
3 398 997359983
10 468 942543298
1 404 -997732462
8 445 3988701
2 552 -413062402
3 347 -53347817
9 399 128751575
3 133 -727492496
10 631 462582622
5 736 971642502
4 896 -943133040
5 928 -130157597
8 341 506056628
10 284 -78330179
2 818 -23313784
8 236 154698950
6 972 492536293
2 400 774190771
8 233 -72884031
9 180 -536375491
8 434 -738796199
8 397 -893822753
6 913 571983561
1 357 726864511
8 680 390246401
4 883 95257223
8 546 444389330
5 523 819243805
10 872 665543654
10 53 685522317
8 407 -66657976
7 629 -887265733
4 282 3008143
10 363 223817663
7 270 -493056483
2 801 630729392
9 856 696670599
5 622 -212627282
10 237 233713532
9 622 -711575442
3 837 -132408290
7 657 -4297526
1 300 951700816
6 184 -315545476
8 312 234316510
2 118 273968956
5 502 -427400142
7 44 598236789
10 87 -613290577
3 582 338103751
6 219 572304666
4 56 -691346510
3 581 -35654092
9 890 -244254870
10 752 -704477029
1 91 -73381939
2 380 658716294
1 792 275563716
9 328 828678371
7 511 -753533762
2 951 458036636
3 239 -523514140
8 465 274876005
9 463 -239648147
10 290 814512764
5 240 -415393741
7 1000 -179325581
6 650 -64499287
1 17 -936620853
10 843 -396513570
10 307 443866030
8 457 827518028
10 993 -38289903
9 137 -558405323
10 288 -623214503
2 362 -393615550
3 844 305148317
10 447 -510492937
6 541 -65617010
4 791 745042829
9 407 319028394
8 317 -779915898
5 729 -643760561
1 363 467071239
5 669 -495526850
6 294 -102568343
2 305 136748015
7 992 -619071599
3 559 -896801218
6 617 72532573
8 583 117502103
2 368 -107345349
2 331 -991383925
8 56 508196086
3 644 957460095
8 283 978855812
10 322 -649084627
8 826 781484215
2 141 393374633
7 913 699377942
9 977 -801172847
7 982 -329850668
2 157 362849732
7 74 859692556
10 41 901208061
7 864 -55412390
5 9 915816744
7 569 -193281204
9 297 904968430
4 751 -240962454
4 489 196028138
6 49 566447081
7 635 -623417090
9 591 403340419
4 832 -75497693
3 598 -46962987
1 808 -251724753
9 693 -640075087
1 61 248452877
5 33 -247190562
9 306 -649924518
2 175 -237344268
5 47 -757153201
6 261 -484183752
1 495 564411181
8 96 197732233
4 724 67465418
6 190 873604341
6 32 784456578
2 882 -586533101
5 494 -107906936
10 609 628550240
9 607 758882159
3 488 513431758
6 33 -426314978
8 520 -384144701
7 261 764739123
8 148 285058179
3 727 -400822681
7 231 813982329
6 524 442054798
7 713 87168887
5 484 734615240
5 99 -686961546
6 918 583459589
8 125 853864609
8 72 -930934083
10 532 -656251485
2 364 -406831983
9 675 857776823
6 299 -994830188
1 667 -771631728
3 870 -325432515
8 560 -467755085
3 699 -438043051
3 444 -977894692
7 790 -658029308
2 459 61133558
9 378 -816364174
7 938 531117916
4 321 -799304756
2 679 -527314996
3 617 538726379
10 154 577550578
10 399 -904536627
4 753 715679066
5 702 -760452799
6 660 331759156
8 627 504432310
6 492 -348603271
4 125 -91340603
3 543 -60818397
9 970 -944483197
7 365 591102196
10 187 -382034842
7 265 -212115576
7 463 -479606202
2 297 -857666415
8 836 119805058
9 988 -681158049
9 498 178852177
2 899 -775675339
9 791 348028040
10 647 750299219
1 405 783065316
5 70 753297253
3 71 511875730
3 854 168052995
2 421 123757076
1 452 174224938
2 523 -384251988
5 92 -918548171
10 198 -874184504
10 61 -56752783
4 390 660214408
3 157 -66909667
1 891 272000616
1 427 -767143398
6 726 -697450682
7 147 376258382
6 415 164444957
4 999 -311272175
1 744 942791614
2 897 145077439
7 986 -99408510
6 350 562801561
5 663 -610637123
3 36 -365787758
3 880 -961598616
7 648 -483674983
4 515 -970587969
4 828 591840145
2 904 -4748791
1 486 -51740544
3 130 14228792
9 154 369594374
4 194 -73556664
7 502 808475392
4 167 359819086
8 509 -751816018
1 940 -840465220
8 323 377593217
8 451 918671120
9 338 854548611
9 36 -557119117
6 725 350213217
10 774 454318604
10 612 817738975
1 464 -546487028
8 2 -378529429
8 901 -106543285
3 21 301310585
6 10 820560210
8 608 327361565
6 684 -257532513
7 970 992836286
8 973 -146068033
1 339 975393240
1 912 309403091
4 612 285868835
6 718 661279464
7 309 -594581191
5 313 -264434748
1 570 -681691606
8 161 761821000
1 27 957649776
9 682 -526459119
2 804 -905075
6 258 400467602
2 802 -209916273
6 916 -459785693
3 665 170029818
1 47 -186960157
4 909 -791003245
8 503 -343961254
4 355 21353676
3 27 -121544657
9 470 451019883
3 279 371139748
10 973 361913067
2 253 482659414
5 178 -321630522
3 480 206159644
8 601 -656984109
8 759 -368084154
3 943 473478089
7 869 363708946
1 780 950711027
9 857 -47165948
9 708 467519760
5 24 680472564
10 617 809508462
2 217 -251864129
7 689 637853898
6 443 -700575797
3 70 221767404
6 385 -145156682
7 599 -791764004
5 880 -342999471
3 285 -88806807
7 504 -869305781
9 782 -480486680
7 245 802094332
1 753 932533457
2 393 -475113315
2 95 -904703417
9 561 -471368546
4 998 816640887
9 633 -821603473
6 785 552555973
8 240 -660862768
6 410 -923766346
1 813 -294178387
4 207 665962923
10 618 886403677
7 166 -348360242
4 888 -848165112
2 799 245942219
5 261 104645993
8 960 -171425996
10 252 -414997816
4 814 426628504
5 119 908574902
1 58 -493494269
4 842 818073701
10 868 -56072356
8 565 -758140720
6 341 -63073557
8 495 -160260990
4 297 814450526
2 698 147688194
4 767 567649751
7 426 331762228
3 622 191088107
10 104 416442569
3 185 -206373850
8 109 564694810
3 896 -442701343
9 454 741028553
10 715 380981524
8 49 362578447
9 772 291747697
2 513 842038444
3 579 543221710
6 677 -473380020
5 157 -944070315
4 555 -364316669
2 446 -376025569
1 547 -440728039
10 421 872795906
4 437 500463970
3 18 -352810496
8 319 33233154
5 665 -475571912
2 440 -314774391
8 467 -692204015
1 111 -298470728
1 152 -534082161
6 162 270179257
8 518 -852908971
10 572 -9074989
4 8 545148538
6 326 105746937
9 687 562789020
9 189 599455681
7 310 -323163921
1 163 -123760081
9 91 -893331746
7 617 -46690444
4 536 -39273757
1 762 719773557
5 280 -244924308
7 817 -344107080
9 816 284882554
3 879 950393236
10 899 -991642999
3 509 -183175181
9 627 -592559910
7 362 993588533
5 800 -608952808
10 116 572623680
10 654 260322019
5 950 405942197
9 438 304645097
2 885 -453168631
1 623 531148408
6 940 911644147
8 24 -906133781
1 409 517960247
1 340 -274872899
8 38 -268838671
6 732 468705700
3 119 -409321218
9 578 -310996180
10 866 544914458
6 601 -441226524
8 440 252494658
9 247 -484521794
8 262 -896038755
10 826 732817994
4 609 -462311427
8 485 828069699
8 181 -750018623
3 449 734766490
2 437 384935949
9 300 -60911739
6 894 975372701
5 986 -338140232
8 746 76256308
2 276 661966362
4 550 959698046
3 63 844323048
10 565 -75583551
4 39 636805969
10 149 880409360
3 974 679072874
6 238 -533413853
9 468 56804938
6 193 736207957
2 520 -732237446
7 170 569498159
2 889 990768002
2 496 68750038
7 254 125116693
8 239 -217205079
6 525 201692631
4 290 -353377282
7 396 -348090142
8 631 -651668472
8 410 -745518522
4 138 -785308636
4 876 -508204837
3 978 -728841159
5 609 255759259
5 905 166014583
3 152 943187662
4 436 -538338110
6 615 210098026
9 505 -421860102
4 382 706288146
3 927 -2373917
3 544 -952556256
6 878 -429881998
10 975 325816736
1 135 -916247083
6 265 617420119
3 173 944421505
7 109 664460184
7 8 -295449696
4 579 -239071443
8 525 699199733
4 473 -565028848
3 782 -217718476
4 570 -472620876
10 906 212164613
10 789 920274092
1 365 -421815613
5 303 -326657537
8 658 686432667
8 238 793951312
8 744 10346324
5 650 -789446321
8 227 877551941
1 922 -119591340
9 443 863642099
6 983 172435236
8 918 -228436867
3 599 -163695966
7 890 -402428284
8 58 583957618
6 947 743004228
2 291 390123792
1 995 -889085278
4 804 155929823
2 462 362040751
3 382 -690847295
9 831 87485603
1 834 682711865
3 897 532741002
9 570 529505852
3 988 -184562130
3 179 275401109
6 902 -821375236
1 45 783511319
7 42 766932360
3 483 798436656
4 981 -235430647
10 204 -699974673
10 508 359984232
4 898 824262788
1 514 -357050488
5 923 748489824
2 939 -311565122
10 984 -792833801
10 967 -817275876
3 42 823393726
9 162 -821287940
8 349 -922973153
3 530 109063753
9 62 711990196
1 510 -685767204
10 2 541525420
6 30 914281350
5 963 -370124234
6 369 337021855
8 243 -178173118
6 252 -278210771
5 174 -255465594
10 861 -811748742
1 616 -678695701
9 712 789223265
7 204 736279872
10 349 661378096
7 903 -522745807
6 468 803986757
6 304 -349579621
7 252 -628265121
1 702 -247397255
1 147 981267203
9 678 -419901409
9 722 -185255264
7 921 867863586
6 758 -807415693
5 50 243229832
4 307 779469414
6 901 -869208676
7 112 129165042
7 301 103209054
10 970 911309037
3 519 -983349243
5 107 682837547
5 343 861562397
9 835 -83920556
10 291 -669032577
4 145 878737754
8 588 249474083
2 117 -419885502
5 337 -802160848
7 979 -995766903
2 39 -543971551
8 388 774803868
3 83 -107489046
9 336 977559251
2 853 -136924532
8 899 851142109
9 599 -126400712
7 385 -940560241
10 475 206455106
2 224 -329749629
4 371 -167127714
1 775 -156879631
3 343 44678202
4 149 806918528
8 683 -902904099
3 670 -57718485
8 480 822474011
8 713 108441883
10 594 -613497047
1 224 -608872057
10 101 -551922204
4 637 -608389958
4 871 285857601
5 838 -12254748
2 389 943282018
8 986 755213968
4 73 884559154
7 960 -689185995
5 526 -670059123
6 460 -806028475
1 516 877987042
4 855 480408730
4 882 -344788402
8 460 916142365
1 264 -77033109
1 883 -231928419
1 121 -37172051
6 862 -966336184
1 429 566414052
8 963 -153460189
8 533 -871966315
9 73 -730295982
2 123 34327118
8 232 430213674
4 472 869779687
10 16 415504798
8 41 273309134
4 391 553974348
3 953 -869055650
8 315 571459142
6 263 -892782552
2 425 893487627
1 578 540527781
5 707 763518638
3 507 -840261348
9 711 772084015
9 251 343099556
1 282 -667649468
6 963 -295423297
6 714 -456776280
4 620 -330660830
1 789 776735769
2 733 -486676456
5 362 332196201
4 275 -715124654
8 469 322529651
8 489 -854139908
2 395 -444730064
6 69 -376400519
4 501 -226729275
7 439 867517038
7 160 90649388
9 899 -142723906
3 361 117028512
1 913 759352386
10 25 497904115
9 435 40253899
4 195 766301953
1 738 660038854
1 354 -944871414
10 606 -378173076
6 908 -277656619
4 658 -106929829
7 698 -279152106
10 503 -131420403
7 438 -106007878
5 90 337037362
10 70 538753449
3 331 817186635
8 612 457709565
5 833 -771003627
7 764 609851152
5 285 -778396602
7 965 841515969
7 100 -771786312
10 448 804196762
7 576 701350608
5 862 -535040722
5 41 561129448
8 633 273063229
1 641 -53724558
8 429 446184628
5 895 -157902887
1 982 571167148
7 637 233260031
2 664 131561092
4 164 -408385081
7 791 -674830954
4 977 -649021654
8 545 596967885
7 163 27737442
10 9 -190732511
3 72 -543533702
8 281 990966246
7 60 -854604515
7 132 384854480
1 821 -772876913
2 695 804262196
5 757 200121633
2 968 205172634
5 635 -225136262
7 307 -117768612
8 418 -564536388
8 146 337256208
9 54 -456557019
6 489 282293881
10 530 839030732
4 198 -548859356
10 571 682558974
6 111 356153643
2 211 954219049
10 588 -226166468
5 630 551469605
7 136 -754553825
2 744 -14793294
5 801 -995529068
2 724 398979639
5 468 905630068
10 898 921235001
10 950 -239310752
1 39 -920930563
7 529 935342198
5 67 355312746
6 131 -868876053
6 952 304973828
6 733 -923065104
6 255 208078116
10 749 219633742
4 178 92566878
9 58 -944299289
8 298 65180989
1 814 348311185
1 310 -52929026
10 40 6168747
4 937 221588295
3 663 -675800221
3 774 -792765898
3 123 861101248
3 230 -165568563
1 704 -13293337
10 162 -732328006
2 423 -994316013
1 902 432814715
5 30 68309301
3 687 -173750955
3 702 868203479
8 305 -706292722
7 719 757347314
4 248 967405995
10 215 -484581050
10 832 -12206716
4 100 512155869
10 836 -527044524
8 673 -42228313
5 74 243222050
5 318 312295413
6 543 -488453550
1 972 -611518664
1 73 -775005402
9 817 663701220
10 390 -543535973
3 297 -781677805
5 617 440496773
10 863 -838724379
10 857 157177472
8 4 239418180
9 741 -634600517
6 225 -70454601
9 526 -33998820
8 368 725956049
1 127 -136919180
1 807 17261237
10 930 570697617
6 526 -95700773
4 788 -88279406
3 256 -321299450
8 897 214815140
1 345 -27061444
5 431 -596996592
8 584 -789693750
4 696 130849591
9 985 406528401
7 300 -81179506
9 268 -566258793
9 659 -445717337
10 796 -817044931
1 288 -702491152
1 796 954473954
9 611 948654566
2 288 638552234
8 280 561736293
9 350 -975220292
10 781 -642503853
9 576 -75599558
1 590 -809115895
1 565 -86058959
1 917 -498429522
1 546 869300852
10 433 -658355123
10 545 225845817
5 125 846953043
4 513 975855726
6 770 201809086
7 794 -329877215
4 119 -253570936
2 33 -713868424
4 723 -715248906
1 257 -980391053
3 16 66354533
7 645 211898653
5 434 991237418
4 97 743443339
8 443 -911889575
4 969 -850289670
3 983 -976015263
9 926 904565027
4 780 -459485053
8 355 -45919249
1 68 808521194
6 752 439044301
8 481 -177529164
4 715 -241313646
4 50 -936524785
9 280 -607671562
2 871 -186252187
2 359 -971041454
6 456 239905199
10 495 180116475
3 44 233860794
4 502 467665181
10 414 -241215878
3 100 244930081
3 125 -403163946
1 900 37676556
9 644 -873463826
10 689 -682340277
5 335 731169623
2 895 -500370664
2 27 -665731475
3 557 -441751382
2 795 361724304
5 374 -979428149
3 232 444439509
3 767 -491882198
1 522 871918377
8 649 66890704
9 217 669858095
7 536 604046998
7 442 366468376
2 928 -273214480
7 314 -811471942
3 997 -541817122
9 525 -216806948
4 192 919765441
9 425 961164557
9 704 758846975
6 839 176523588
1 60 -902160779
6 202 -379084720
8 11 -727762197
10 394 386430638
2 345 -649695656
4 845 340561796
6 961 881314704
6 865 302335905
5 892 -475567898
9 255 -65064854
6 966 -617828495
8 667 -499603710
3 401 525897512
6 44 -223214553
3 971 978205195
4 320 960176865
10 272 -205440585
6 426 923518633
1 415 -663451069
6 508 579764765
10 120 -158668019
4 533 933993932
3 198 686115526
8 572 -9889255
6 748 -129352067
6 383 34564339
8 339 968933349
1 876 680297518
3 638 802377471
1 833 -175203817
6 377 755787742
6 716 -397618403
2 214 -608421827
2 753 221512375
2 2 301709136
1 743 -810556354
10 934 663152862
8 458 -484619297
9 973 750259912
6 641 974613886
10 327 242793194
8 316 -301920778
5 388 -335483153
2 463 619974358
10 998 129075396
7 729 235571279
5 308 365595377
9 626 593219956
2 128 558847043
2 149 -108220085
8 301 -653329908
5 866 664987723
6 331 -914878275
4 313 -35829014
1 748 950029972
4 11 927141139
10 268 569616175
7 70 91059110
8 292 -327420217
1 144 -674134528
3 778 -495828507
1 676 403128015
4 325 465296995
3 129 -594751521
2 634 607755687
7 620 -518918252
2 973 537329916
5 336 100756066
2 495 -813153189
4 346 234151767
9 205 -856790047
10 685 -314768831
3 473 -950355703
3 965 -36250430
10 850 867072673
4 23 -640619977
1 689 249938035
2 394 -151299949
6 89 -270688190
3 744 -593539525
4 214 621215761
7 411 706927417
7 340 606933291
4 702 950452709
10 889 -689224510
5 985 -390063906
1 866 40528231
8 89 482377500
6 356 179558328
5 29 -288445432
10 236 -632707132
10 517 -455044585
9 450 322339233
1 88 -321005543
8 723 -446852437
10 957 248081295
2 537 -405708981
3 24 576204454
8 486 502918163
4 43 140721990
3 77 387492271
4 521 -992985404
6 242 -537261253
10 790 931983612
9 392 -576400667
3 609 548768369
10 732 100529429
10 88 -807260444
9 183 128784618
1 280 -396902557
2 693 -193539860
3 642 19937611
10 542 -25661645
4 212 890896129
2 62 -949273887
4 943 -145284810
5 828 -794539792
4 37 -913543390
8 286 -749179989
1 697 -604121522
7 156 -104758518
3 103 -809286331
6 448 -726427352
2 844 630917039
4 322 968982409
9 32 -480476439
5 496 377149191
6 978 942329759
1 249 775842543
4 463 734075115
8 552 79602592
5 143 277039942
3 56 384645351
5 135 810346746
7 997 463316442
1 453 -727802914
5 839 -433650080
8 936 -581076751
6 176 -66284358
8 935 -635646210
3 434 582239745
3 260 159739575
4 402 -637951303
4 433 -406571879
10 692 -887389918
8 424 81744725
9 298 -88868302
1 215 -171188241
5 28 792107284
6 523 -956382275
7 82 -475134567
5 755 -12974645
1 596 -778721968
9 705 -436757167
5 826 -895027369
3 919 -860371438
10 908 -121393774
1 726 48949342
6 114 643542735
6 555 151716485
4 36 -290232452
8 119 605870243
1 347 -101435212
2 102 260333331
4 19 -932996665
10 814 162316589
7 418 -73907659
2 239 806912925
3 177 666168706
5 357 98724137
7 215 -793447995
6 815 590590611
7 816 -189809623
5 632 930014619
4 17 135462416
9 202 283799682
10 186 846012595
1 938 -581565960
5 569 362912967
9 159 31320532
6 544 -908833188
3 578 358018208
5 129 -20003348
6 685 -45425680
6 885 -932829997
9 165 -876140651
10 859 161644217
4 486 -603160192
9 565 -77288516
7 846 467506642
1 360 -880059273
10 378 -626729525
10 788 382828635
7 737 -492695632
3 442 -362203862
5 188 791845992
2 926 -169659881
10 241 -829070550
8 274 -512106031
9 76 172522804
2 406 600686947
10 524 818805796
6 751 -46413659
10 158 -476643477
10 234 -382542925
5 900 -802409037
5 97 512936064
5 719 68928460
2 146 142883403
4 695 -303022699
6 144 573145932
7 104 277270606
9 372 -81573487
5 79 -54067264
10 575 -384068751
6 800 352060689
6 340 316904110
9 937 -221133193
3 729 -700992120
9 74 -529423370
7 397 -125377354
2 413 975345728
2 502 304766770
1 907 910135905
1 83 657161643
9 554 483985867
8 275 257505422
3 739 229328887
8 707 -383068469
7 480 -145627648
4 799 552862911
1 346 76680046
6 337 -619884619
8 998 3500925
4 917 855507250
10 693 555592507
9 610 -254257154
5 725 -280209279
6 128 -731779764
1 292 -334706710
6 682 789849376
4 235 207520488
1 71 -946657114
7 121 419937240
3 471 -25168835
1 228 -765598411
3 301 748234485
6 246 -161397376
5 515 52139391
3 901 376612290
7 608 -542698238
6 343 537447122
8 517 94737036
8 126 949463427
7 623 -722171198
9 385 -213867530
3 643 665630799
5 715 715696190
10 547 553010725
9 262 398249821
8 444 -604194653
3 210 -812641942
8 574 693388675
4 218 -238481539
6 550 -877545488
10 259 624050630
6 890 768759748
5 596 -253159861
1 606 610826875
4 596 361576222
2 983 197772724
6 409 -534710713
7 59 -305162963
5 989 28125275
10 258 -860718459
8 492 -367999527
6 561 936016309
6 826 716507555
6 352 -401017955
7 275 -768805255
3 792 997063123
1 13 -341362573
4 175 401758696
3 364 394805211
6 613 303365402
9 151 -581280003
4 537 -998070449
8 231 -868117880
6 534 -114986900
6 998 -108691377
1 102 -450967937
9 471 -102744240
7 102 124350363
9 94 -847558716
10 141 -898496305
3 504 -662840130
9 800 799773364
1 760 -391638739
8 326 789831369
10 974 -564176928
9 787 -352441434
4 748 -840981924
7 610 -845310285
10 636 -925900479
7 668 175772956
10 494 437188341
1 639 -13357610
6 969 -368443838
2 640 -315285013
1 889 -562938745
5 878 589185430
4 935 -669149200
8 289 -184009462
4 830 449098718
2 135 914951035
7 612 493257265
1 643 922388836
3 353 485562151
8 197 492795414
10 877 -82201865
10 939 -747164468
10 816 -667304141
3 280 8796387
6 264 -152135990
10 792 -51805255
1 123 -916967882
4 121 195625122
5 610 -293275770
3 890 317023128
6 105 988406963
5 464 552969480
4 581 -193876827
3 370 82479423
2 353 -828016849
1 2 -136082021
10 410 -446832600
6 773 176288401
7 883 162003493
10 445 -342778208
2 748 274691248
3 420 79385414
2 160 458718689
10 461 446527638
3 37 -690376268
8 607 -712358241
2 557 132784196
4 332 447808316
5 557 25715083
9 546 -218373805
5 241 173823461
5 493 -138852261
10 189 353257057
4 87 288881144
10 626 -748701887
7 899 -734115200
9 946 -981646719
8 977 -991115321
7 821 -800810275
3 824 339427927
10 138 475176108
2 827 402756958
8 207 -456564728
3 295 -483426966
6 540 986643661
6 277 -309415422
2 349 840867846
2 438 -466924535
6 428 506620188
10 99 115011406
5 979 773181176
10 59 966724144
9 932 -719280426
2 485 -803741260
6 662 743136329
6 622 -685333145
8 6 -425969777
8 254 207271745
8 354 -283609562
2 937 -658695005
2 43 -388644378
1 388 167225819
6 944 -820707619
4 682 476394852
1 209 838289251
1 850 9622502
2 366 -293242843
4 691 -213082840
8 872 -296851377
1 179 630717529
7 3 -689474232
5 550 618814831
1 247 -880873328
2 894 658600699
8 87 -81973252
8 806 -794220143
6 554 990068792
1 42 -20287826
8 293 366151680
8 478 732586178
3 375 -595891926
7 135 -577822536
3 429 -244956497
9 276 -770763595
4 635 116168644
10 555 -75245770
6 396 -767037994
5 548 552959652
2 854 -309225
4 985 -604326325
3 218 -604301400
8 337 934314788
4 416 -200154361
1 594 539224415
4 267 41822866
3 926 41030598
9 473 387139149
7 484 983254637
6 702 479357777
2 582 204252613
4 381 -845275023
1 203 -153501617
2 509 -43471667
5 197 698422125
3 184 -708850047
8 300 -728194418
10 294 524839729
9 500 -499439517
9 849 -624227603
2 590 -822650521
7 877 -741955062
4 409 160431204
3 757 -681319179
3 874 995305547
9 145 -9246422
4 435 425926321
10 590 -749714788
5 589 314944
8 141 -356169356
8 405 374180720
9 253 -411053681
2 756 495851820
2 966 -421980884
9 281 57731103
7 239 -146049813
8 404 -817081441
7 209 897604469
4 983 857929723
10 171 750183951
1 12 -345957745
6 140 -678072983
7 319 -79089340
8 521 -206612457
9 374 211589670
6 149 966878038
4 379 -427349159
6 935 -392991393
10 736 218649387
6 351 -313245017
9 580 -492927664
7 520 -426045332
9 852 -883197541
5 269 -81553971
10 891 -301099758
3 326 509165984
6 486 795473605
6 767 -130007616
4 703 -681103670
10 759 -784361300
5 590 239932920
1 423 212555530
6 740 -641080186
10 6 575804556
10 969 46947621
9 745 -678775583
6 297 231480754
5 732 817753089
10 735 390068591
4 123 132346301
1 170 985966840
8 307 114461360
7 532 -805051069
5 1000 -832071040
4 444 308545241
7 483 308779906
5 222 -837459559
2 674 -873216152
1 281 -600362018
7 343 296966611
4 82 963943937
4 904 949837524
5 600 202239395
1 561 574489449
7 464 -784088698
2 475 782225792
8 190 644538066
9 258 -344583391
10 771 -465107094
8 864 505059565
3 537 748025101
4 55 93671379
1 159 424458594
5 455 -830231543
3 827 -801241425
2 706 -989305095
7 395 -218312220
3 878 114805928
5 297 297827541
10 412 419469794
9 167 -815317815
5 479 -501608274
6 451 -818548843
6 977 613119111
2 838 -874750471
9 332 -80281025
2 547 -522360672
1 22 832382528
9 49 244757202
8 992 416393148
1 782 903740825
2 487 -908336210
9 523 -335412100
3 283 483166686
10 393 -782199275
9 862 -982387749
8 750 977542881
3 836 -239998296
9 230 -735879173
2 883 -828339081
5 762 -443040638
10 834 -660674462
1 511 568204785
2 324 -753543213
4 947 -877641513
4 646 640490979
2 845 -405205874
5 856 129488787
5 486 327526792
8 78 276670309
10 152 698055936
4 144 -726103602
3 276 -868565289
1 320 -81268138
1 112 5120468
4 879 -859110816
8 932 -977877475
10 201 -317422752
8 117 863009844
10 840 -337166830
10 335 506561341
3 201 -411178098
6 87 -404814758
4 173 735795810
5 296 -605913821
3 571 -943855382
9 45 -758351282
3 831 -446077437
1 414 -368897479
4 223 -47092568
3 76 -618911645
3 857 -31384381
3 721 380937267
9 376 -918589825
10 798 -55519529
1 24 92110970
1 768 -71489538
8 581 -729295034
1 956 741276748
8 253 390556457
2 477 -609301002
8 123 377710627
3 252 423276549
9 716 955450647
4 958 565632187
7 946 911829484
3 629 -390354551
6 667 -8319352
9 981 394397419
9 756 92722201
3 742 133185396
1 373 953947880
2 127 -709144206
2 427 -219505448
3 9 248815823
9 111 592066599
6 766 642772084
5 770 812963636
6 378 811518654
5 273 892835392
1 432 -514398916
1 960 -544742981
3 625 703026304
4 461 458823089
7 92 32762069
1 723 -803165284
4 239 -187251105
8 996 569376072
10 132 -79867544
7 393 -384194462
6 546 -245596747
8 538 483897288
5 533 351904037
2 691 254475939
7 832 409460446
1 103 -580374290
6 772 220060378
6 500 846383966
5 555 -294413213
9 427 341804710
10 281 -260710235
7 16 935470679
10 705 518225767
1 560 -816093577
9 458 -406245666
3 98 536521461
1 994 572641916
2 89 -295883100
4 10 835591934
1 477 -20967563
3 241 103857754
4 564 -913682249
10 981 -986440595
5 15 314106309
9 694 306045524
3 634 -169116968
2 794 252520347
2 981 -16762685
4 477 435987478
1 184 489920964
4 221 -143254564
6 8 -334881310
8 187 935399458
8 853 700445772
4 889 324069295
5 132 893983293
9 506 -192399769
5 63 -489818370
9 833 -778501003
9 200 479551220
9 31 194969048
2 822 615134854
7 149 -374639321
10 488 241353050
5 43 -303434936
4 466 -375428203
8 506 492954076
4 426 -565915999
1 785 -287473510
7 376 656611688
1 523 -668447987
9 50 -993323431
3 621 -580497728
1 856 -393316867
10 931 593156641
1 948 370749446
6 979 -334405163
1 619 -971149090
10 471 -900764273
1 93 295473717
1 371 412651154
1 629 926659033
5 276 541988166
7 250 599733608
6 159 620570436
4 211 994781383
2 731 -636091292
4 85 -54387912
2 623 -443088550
6 756 983578886
5 907 772700824
5 586 -211401965
8 498 -788350104
5 697 290642105
4 66 540039781
5 279 379261510
4 771 711063712
1 880 -855524746
4 539 444846234
8 79 -582625065
6 553 176867179
2 441 628527682
6 5 -4917245
6 859 -358545364
7 751 -515335127
1 679 662655248
5 172 347342839
2 770 -321029313
1 548 795697698
4 339 -239154783
9 348 -318189693
5 391 -317648659
8 592 258840163
5 328 911494800
10 289 657301651
9 51 -481581
1 377 -101461403
8 511 659042905
8 630 -857845615
8 879 620511717
1 218 -48336948
6 63 643386281
4 677 -236771197
5 982 -681938641
8 136 131081676
6 390 432828701
5 776 575564479
3 800 807422463
9 476 -54989027
3 251 -913500850
2 656 -170311171
4 165 -632596091
7 405 918174527
10 637 -338395908
8 916 -203388245
2 101 -880415380
7 238 435836498
2 817 755251484
1 278 -590551272
1 497 -240141163
9 155 637801232
2 734 -220349926
8 272 248288076
7 658 85791202
1 250 674382309
2 576 -972404093
2 750 -840524666
7 926 -169002901
6 527 -941984156
7 259 670964554
4 975 427548109
3 648 -770565324
3 990 -158404759
6 663 -43648812
6 476 -498389416
2 192 -398814411
10 39 -236939396
1 160 740651066
1 630 689820849
4 839 986524006
8 162 268221534
1 873 -476836149
1 741 501448267
9 628 976697013
9 98 936846981
8 25 -172973822
2 412 -77863312
4 470 -318392625
1 966 -274696024
7 165 943671235
10 73 47624558
4 611 480299892
3 616 726878507
10 614 -257653322
9 550 -269309705
6 872 -430801338
5 787 -746855938
10 418 32727662
5 830 407596753
2 12 -348887297
7 225 -758027329
1 260 84014491
10 526 -281759340
8 842 629842326
7 725 814623281
6 166 236982857
1 387 -596008125
10 55 351600989
10 839 -551205991
8 610 -482638191
4 931 939981043
7 409 -114103559
3 918 747413649
1 650 -637195270
3 328 -357465025
4 53 -910942330
6 587 -891532114
4 374 304365779
6 628 -906573342
10 27 695400855
4 319 -741568131
9 1 -769048784
1 113 -84145756
1 870 345073343
9 140 -701644516
9 436 -611137013
10 100 -107606713
6 999 476866190
8 494 146133036
5 223 13970407
5 49 -807231212
4 272 -617092170
8 708 -923018425
6 618 848868608
10 172 -609870007
7 937 -51286579
6 38 705267838
6 67 879495993
3 916 815450348
1 881 617282876
2 757 -525795277
6 914 -859310411
7 912 437185392
8 641 371627873
8 600 391881340
5 202 770132619
9 776 20379774
2 533 995523087
8 813 -715048471
7 348 -297804704
10 515 -29139666
9 226 487345484
10 601 -713865111
8 151 959547543
4 341 165349013
2 231 -686173719
9 109 -854726069
8 212 77294952
3 325 -8685540
7 36 997070570
8 352 116951802
6 53 420967836
10 479 221545157
5 704 -793679234
2 599 401798248
8 642 -820839270
1 826 -426947565
1 911 525470485
4 362 -812727450
7 98 -381340124
8 450 251301714
4 514 -157463718
2 747 -743842317
1 617 839766738
6 954 -368094319
6 804 200626381
8 632 29146086
1 325 -737230230
2 972 -83418399
6 348 851941395
2 529 390868670
4 488 -402730940
1 16 -142246044
6 834 -636714531
10 76 248894530
8 365 610308983
8 33 -187638250
4 911 681402211
1 861 -5753085
10 892 246232020
3 225 -135778880
4 512 -565128302
1 779 -845275052
10 559 760403541
2 649 325668472
5 691 849388444
9 302 -218241488
6 874 758633515
5 974 -109242470
2 642 263555239
5 972 844479777
1 621 414745509
9 672 -386116596
10 945 -399301743
8 105 562849960
3 720 26125972
7 867 177917446
2 403 -667530197
7 907 -393314091
10 375 -574924477
6 445 563504695
7 697 410932261
10 951 565278621
9 18 -402548115
8 488 694836140
5 376 749257103
8 536 591415232
5 858 -485989523
1 435 899756066
4 231 -144017154
3 889 557389809
5 383 439510480
9 887 803663368
7 372 96115839
4 920 -572500026
1 26 347327218
3 408 956697208
8 590 876062803
5 18 431824319
10 799 -48592227
9 539 -306414934
4 661 857130792
2 721 -131094757
4 768 320758680
3 957 934635871
4 255 153493588
1 171 -620868691
9 914 723631589
7 975 -999487798
6 974 485913310
1 688 -898535242
2 205 874988508
9 210 984266956
10 593 528623402
5 860 -703112918
10 727 871259402
5 614 33604429
7 311 659797342
9 760 -343183569
3 90 895118263
5 55 735126887
4 614 -29611618
7 253 -401590422
10 342 188245404
5 738 -673668521
7 45 23879413
3 383 -707805443
9 478 -53948359
7 294 334225231
9 323 823483326
10 255 907597345
8 186 302398589
1 408 -995752152
6 201 -230126473
3 614 -742096616
9 680 171068575
4 303 -945468744
3 229 738243544
1 717 -101599954
4 278 -896266338
6 59 -442510040
7 887 90849193
6 344 -777914017
3 784 -530861864
5 999 -826797858
6 97 564362029
4 860 152560288
1 886 -611046302
10 895 797351341
6 989 -736666831
7 23 259901021
8 648 302951740
10 928 -224597978
4 252 -312291515
10 72 765834304
10 946 -14591422
3 735 -734410602
7 22 -453181065
9 649 118303702
3 169 548968056
10 379 -341413337
1 525 233658408
1 191 -252006674
3 228 -978432212
3 411 468586625
5 209 563728213
1 241 705156366
10 549 -256877
9 597 -791179893
1 492 -618497140
6 533 -36737452
5 890 -45768458
1 987 -183338354
4 161 -639663062
7 702 -644396419
9 802 -759656098
4 858 845138425
1 94 347692201
10 949 -944929850
3 825 129627182
1 524 1790092
4 327 -268787329
5 444 874612609
3 456 -242498484
7 85 -423767657
4 526 618137747
6 879 -697383367
10 879 67357960
5 322 116721506
8 578 -47454175
2 448 -162393833
3 514 236447909
6 313 -423422704
9 530 596273086
5 566 -935797265
5 147 19144621
7 48 570381403
2 923 326597604
6 871 413712762
3 738 -176708418
2 956 722055689
10 577 -366384235
9 640 94710996
2 290 279450747
10 541 687069761
6 197 639583230
1 397 395965256
3 166 -371334382
2 597 -716388584
1 444 -830297064
8 173 794457365
6 915 620518028
5 987 52435647
6 200 -653742279
9 727 -998503956
9 423 -13873541
6 991 770707312
3 349 -953209576
4 919 762563114
9 441 385163081
6 452 -458766389
9 424 612865736
8 930 -397401923
3 354 -674962361
2 935 614714655
4 7 -935581041
8 817 -218059264
7 321 81865739
6 183 -813363397
3 323 -420159328
7 366 -860643438
6 624 -150212210
7 364 15951297
5 32 -612540793
2 879 51133514
6 271 -794989373
1 1 -379696909
6 585 53310972
7 943 -394931529
4 809 86653551
6 317 -859681849
2 789 696425981
4 4 35197572
2 386 962522780
2 934 502512312
5 23 -163727434
5 112 473505333
9 609 264763417
1 534 -378275058
6 73 750960278
1 754 604991158
4 421 -484171730
5 848 363552843
4 554 -10597473
10 92 577587068
7 155 780013123
7 551 695134835
10 77 -516842871
1 691 400636003
1 142 -114338713
3 247 465188610
4 425 305537825
3 781 -686791221
7 798 979690655
5 894 -927493742
1 478 43745158
9 807 58345238
10 627 -191954140
2 325 811672770
9 699 -427182799
1 646 951771399
5 204 -867768430
6 165 -293559272
8 222 -668582975
10 372 -901856557
10 253 -374353205
8 153 212702076
10 85 -658440362
6 461 628999340
1 182 255750332
9 779 -41529132
1 156 368045310
5 196 859129236
5 636 -737615056
5 572 961932600
3 452 632548000
1 34 -851771835
1 887 -445061610
8 439 -648298472
5 327 131186871
10 742 913224191
10 185 -638594902
10 179 -514551992
4 939 330527686
2 811 621451458
2 884 -968886513
1 845 124361365
4 308 -861296810
10 42 924655339
9 370 302345763
10 640 10739077
2 309 651847350
7 481 805821707
3 596 195334997
4 58 -260410527
2 596 -365116698
5 291 56850214
6 703 207038741
3 362 -187617169
7 633 327171258
10 231 680618679
10 633 873424269
6 432 78885618
9 495 621170942
6 893 26786335
2 484 936347936
7 486 -337827340
2 810 -749845155
1 963 -53933299
2 932 812856151
8 133 873119310
4 112 328151683
5 518 -869116971
4 921 438572233
3 281 -838054110
4 991 403847738
1 421 -664409065
9 966 929531113
10 819 -987532221
3 482 -26972222
10 837 603147247
2 849 782820583
9 116 64226055
4 434 -591097087
8 358 -543111669
1 309 15936461
6 755 -574436346
7 406 974575410
10 283 493579017
10 194 -916146276
3 278 -205545988
5 956 -132072675
8 558 184950801
8 597 60425994
3 776 -636312806
3 479 -387297338
5 60 -136447651
5 575 -16253463
5 620 551634746
2 108 153833656
3 904 438796685
9 139 -669230801
4 246 -275149412
10 339 458230062
8 101 126287245
7 21 297593140
9 48 -200380993
3 188 -586052878
1 92 -662324598
8 816 151750689
1 374 54609570
9 395 -545141806
8 91 -121319532
1 399 767126647
1 885 -746586080
7 402 146315519
8 340 53282132
5 472 -659842512
4 9 -538570366
10 947 -413121366
5 751 55863245
10 439 -136724698
6 398 989620014
8 965 769879113
7 834 400215400
8 777 842808218
1 608 -296149758
2 114 996289611
4 894 -349153082
2 718 202658132
2 561 -447943423
6 115 445996516
10 556 -15853364
10 469 64423217
5 756 538298473
7 845 -771105331
5 323 905340092
1 569 573752032
2 892 -897186848
6 948 302404181
7 625 -225131625
6 66 -377646397
7 157 -771690315
6 970 -705424632
10 28 923933936
9 962 452250978
10 460 221180335
1 951 -209759978
3 447 837211848
7 560 -746628337
9 509 -7106725
9 172 -409304347
9 244 -925120818
5 136 909089022
4 300 -388959588
9 420 390131520
2 443 45790554
4 306 -851423367
7 715 -883669290
9 752 -843018798
4 873 465001490
7 359 -207650156
3 287 -742347527
5 440 -971400590
5 944 932256292
3 546 298203634
8 502 -788182323
6 743 -45957739
8 516 838933516
9 542 -58209798
5 852 294564161
3 170 -518007420
3 468 441152082
3 92 -638076218
8 284 -400055839
4 102 -703320500
2 106 419007832
9 837 -486178123
6 532 -906207775
10 714 -334136440
10 750 378623686
8 620 -344238988
4 973 543447665
6 713 750318042
8 700 940441111
1 831 303822762
8 711 357380277
7 763 387073760
3 961 407167309
2 578 935659817
3 521 -73246854
1 696 138478832
5 283 797855031
3 789 -338478023
5 34 -988516790
10 217 -569704179
9 169 -401657983
4 482 -379864522
5 443 -675441565
6 424 489993088
4 782 -345964709
10 885 629367332
4 92 187119824
8 132 -17702826
3 845 482076355
9 541 -234237478
1 700 342374555
10 533 911072752
4 824 480250477
9 178 -405408140
7 858 22269950
4 794 154549689
5 122 -137816867
9 631 46170605
3 732 283994680
2 68 682223344
7 704 -460648881
2 428 -151545338
10 682 390987245
8 841 -187365678
7 942 -249666897
3 436 -692880362
8 183 -716917570
10 222 259256659
1 119 -279620997
1 533 -739701373
9 472 511658295
7 141 610921651
6 132 -641163352
2 618 -531199541
1 544 913167195
5 177 -134382744
7 824 815273765
4 443 321020409
2 659 597890256
8 653 -885877562
1 865 677813259
2 486 -679556341
3 561 624302986
6 363 -369606057
3 403 -207094647
7 628 870299478
1 424 -558188183
3 883 112561609
2 163 91069960
5 824 -553437345
9 665 143563971
3 418 118721799
4 419 862292535
3 708 89476161
5 961 -19298989
7 262 -693545228
5 903 -153567207
2 682 805945136
2 410 878070243
5 22 -253451896
9 717 -303812544
3 48 -472969316
7 731 -89759578
2 609 -107444536
5 872 505704263
8 268 -71684004
10 584 428793864
5 616 604011235
2 40 371583960
4 215 -109673481
5 234 497786075
10 806 -670217925
10 621 183334128
3 111 -338026802
10 8 987794565
1 708 -356645838
6 483 -656380539
7 162 12837078
4 174 -21997140
4 115 869944856
9 406 811241890
5 324 96711757
4 567 216567233
9 176 447002575
4 208 17518678
10 413 -887207998
4 802 -327055232
5 580 -359553406
8 367 823706689
9 924 -341593748
7 940 23518473
1 353 208025602
7 320 899092414
9 982 169184165
7 847 550995221
10 308 -877960319
2 320 -621991838
3 284 251167274
10 386 -424688954
6 211 182396074
3 136 -209905798
5 791 -978060335
7 341 -151574352
2 200 312168494
6 898 -303482285
5 524 919560938
1 801 148473063
4 44 -244467079
3 249 418861795
8 611 412823640
1 786 803337667
7 27 294618417
1 699 -540905387
4 527 850242933
7 673 145949895
1 192 -64501370
2 243 -620944097
3 207 984101203
6 328 240693466
4 185 -741892295
5 921 590098653
1 773 684721040
9 841 -996653705
2 142 295130007
4 662 -151553121
9 354 -822456784
1 719 -892871985
6 661 -939268787
8 531 579519799
3 466 421287958
1 872 -503634125
9 945 857973294
1 15 -503386546
5 682 698961689
9 71 -978644464
2 204 -446879682
3 758 -404652557
10 112 -17007815
10 227 833284178
4 384 -70682280
8 669 949900878
6 366 564029421
2 549 418690002
5 83 -683730689
4 373 563541718
3 998 217873746
4 544 -72534396
2 258 553304598
1 246 -247227657
2 944 -423325236
2 877 496528979
5 646 394418254
4 396 427508703
8 579 245740022
2 293 815604429
10 139 403244504
9 194 -338222476
9 10 25878031
3 40 -235472869
4 566 -832149408
4 992 -683905317
5 778 -144940663
1 973 129121749
4 353 959145398
10 396 -566318927
2 636 -559147577
1 384 531351101
7 445 429446672
9 188 -417441893
1 609 -529788329
2 143 -226394432
1 394 935671663
5 421 584084886
2 29 156255033
3 190 -682151870
2 130 -129760655
10 918 17136147
9 287 32480891
6 102 892403543
2 460 313341856
7 492 -823965938
1 403 746112262
6 906 204326502
3 600 644500041
1 220 505110930
5 889 -677708897
5 965 882028034
6 307 616946116
4 345 265466647
8 242 -247452150
5 166 567162303
6 168 781020521
10 599 -289620366
5 553 -493996069
3 463 695918495
1 457 533204674
8 273 -85978758
2 943 445657901
6 349 82853393
7 641 -515374688
5 91 -486729807
6 509 -760512856
7 304 158883463
5 916 -298841352
1 441 -438360601
6 665 -525648273
8 614 201584440
9 888 -571620342
6 707 698705332
3 691 119558760
7 278 -586785855
7 800 -394554818
5 915 74132775
9 84 527498937
6 462 838730139
9 630 -997708093
3 707 -999528296
5 772 -231977302
3 518 -785287978
1 46 168791896
1 612 -632986800
9 753 82352624
7 119 -668700566
9 875 27758319
9 283 938335361
8 591 999935078
1 864 -426463402
10 115 -801854620
10 628 781572508
8 762 -583846981
2 97 -257321908
2 18 482292326
5 302 -396367575
9 224 -999492552
2 947 -448073558
9 366 -887909026
9 358 -958771210
5 773 927104634
9 93 -534425891
8 832 106357297
7 87 -231442319
10 388 -485061244
1 299 12526012
3 517 421177183
7 452 -504053838
2 603 -919882311
2 419 318672195
3 197 252592503
5 931 468426563
10 293 672524457
7 910 958839980
4 34 -502033520
9 92 487547655
7 739 -135378154
5 873 989196930
4 182 -643888213
8 453 -430117541
8 798 661834281
2 387 -793885744
8 464 396736486
10 86 -354335291
8 188 600016817
3 798 535700957
10 915 -723827235
10 409 798215239
4 329 -406902638
9 883 368480798
8 874 145953927
5 765 845509784
4 630 945477827
7 10 386975537
1 277 435897468
8 122 -16591492
1 341 -751356103
1 577 812636639
3 114 612502859
8 372 -783213997
3 813 -343887979
8 476 -771359953
7 674 867148358
6 710 -522279084
5 847 -977466273
1 410 -173465713
2 626 -854927560
7 279 828635948
10 862 -877795434
9 362 -509724743
7 732 108947893
7 889 946811712
10 926 858662452
4 887 -537706732
10 768 68313050
8 712 -633641274
6 884 450701605
10 426 833167358
8 93 362795132
9 486 323796049
7 662 353523806
7 983 690471392
10 963 -888442458
8 919 -401266932
8 801 -397792628
1 790 216879240
8 447 -921525942
8 16 -917703678
9 56 13359567
10 403 -869139448
10 858 -63416780
10 411 732670786
7 230 -369046772
9 8 229738950
8 939 949349377
1 451 17168796
5 585 -152094754
6 701 -459063705
4 624 426651168
1 362 -413283564
7 353 179995290
4 553 879188896
1 675 -804374498
8 309 -654737013
1 512 61665397
8 83 613058788
2 522 669400199
7 601 -226899089
1 150 -115240715
4 903 -610663501
2 910 419172846
10 745 -559120612
7 190 782291943
4 891 -690427151
10 539 701094508
2 302 -195453975
1 946 -799516539
9 43 -749911924
2 46 -456027689
7 622 229348792
1 178 -40520407
7 521 147721523
1 781 -609284337
9 410 847651334
6 416 -255463956
2 605 -10755873
9 762 -780523721
8 554 928036081
8 697 -783382811
7 716 -733196087
5 503 -707308627
3 355 478165300
9 598 -762614559
8 163 26767762
7 116 -152144676
8 548 -481090921
3 350 -860990360
9 904 416452512
6 846 707871797
1 154 60903467
1 731 -867779311
7 596 277489069
10 407 599383744
1 44 -52693253
6 26 895855748
4 595 475527728
9 908 -332153472
7 803 -787911507
7 90 665049303
8 100 854497172
9 790 34073096
7 390 -677813934
7 740 302058468
9 179 -803858069
4 259 -114105523
2 628 68507802
9 746 -690187061
6 54 896271910
6 727 933457345
8 30 156268817
7 432 -491115814
7 823 -8780470
6 315 459840357
5 790 215602870
5 377 731788466
10 888 771158131
10 398 278327446
9 168 -354165997
6 836 -66389592
10 704 22550777
2 984 -7931416
3 751 139619495
7 138 613199395
5 105 156616055
10 102 506705275
10 320 -916292859
2 9 609087850
4 786 -804147311
10 978 789082858
3 894 869407179
6 896 578230536
1 552 719041236
6 118 -737031496
10 13 371314478
3 242 -336444462
1 36 -34010012
7 603 -392310027
3 821 934389875
5 997 -636820052
4 292 275107651
6 237 -567888317
2 851 -521858341
8 374 -780751002
5 474 58094251
10 160 1434402
9 972 277750904
7 616 113798335
3 253 -628203439
9 123 -834007709
9 95 87317440
5 941 -486469017
8 392 -160523727
8 499 -154398762
2 835 219633583
6 640 5422110
7 990 95884085
1 672 246952562
3 962 -578766387
9 993 -256602171
8 858 499679171
8 348 67228113
6 379 -187688801
1 333 147923514
3 556 267201150
9 465 939305693
7 495 678836113
4 528 -740469654
4 867 -733596513
5 137 -528892492
2 301 -253734
2 85 -778342156
1 199 -437331867
7 1 572024321
7 769 88139509
8 923 -719129056
1 806 -619801890
3 664 725501926
3 85 -970746916
5 78 -431249080
1 832 313347066
9 522 -479503914
1 602 -997536131
3 714 -955373657
8 863 -1032189
9 517 -901216916
9 337 -107891689
5 375 939261233
7 152 338695296
4 277 -454945371
3 915 382887135
7 184 -127152947
9 101 -163891682
9 677 514593717
10 664 910124839
4 574 -25403827
7 189 -360673098
10 450 -24016258
9 235 -203414378
9 915 -385829636
4 22 -701336116
2 164 -108619606
3 684 258078890
8 150 -470628672
7 361 -850954065
9 382 894066969
5 627 -779300686
2 499 268041972
6 765 -267723395
1 459 -314572824
4 427 -204859378
10 795 -679701452
6 933 -561231015
10 731 -383640465
1 463 941713477
6 552 391343112
7 836 -902347122
6 389 -117823725
5 346 -797443496
1 776 -816384132
4 108 -336492322
2 816 676637662
7 501 192771645
10 896 341908003
2 651 124304776
3 477 421018844
9 70 -870117959
3 672 776338165
3 440 -910305184
4 184 981738534
9 754 986761895
5 398 757177806
5 540 684144432
8 75 -516379220
10 44 -252865793
9 299 -993905870
1 618 -392999016
8 854 -386685659
5 896 85088146
6 384 -190365558
10 392 -333588472
9 826 546458625
9 37 724517769
8 514 220727180
8 926 -360141883
10 971 536507238
1 461 -349018505
4 709 -745012420
8 537 957736355
3 946 -767955887
3 146 949789218
4 535 -944381861
10 449 -808014860
1 597 -846448326
8 890 -521361628
6 747 -439523166
2 737 -762393176
5 16 -109594170
3 799 105111677
6 14 502554882
9 175 -70001816
2 247 -375129970
9 216 974256943
8 634 310530469
10 987 -851048249
2 657 -782260767
10 561 -753359453
9 292 -901741578
5 424 -738377342
4 744 994923298
4 152 -809524387
3 793 44348025
6 208 -92809577
9 459 814450569
6 322 -337376346
8 535 710938696
6 354 567203991
7 918 -880508436
7 783 153050778
9 196 -585364338
10 955 32619736
8 398 -833877391
3 864 232925659
9 173 -519775395
3 779 -856566096
4 330 -268280418
3 505 718511927
2 796 -167877506
5 392 888346635
7 759 188031097
6 474 62828269
3 869 144772795
3 213 892526789
3 686 -424421406
8 343 509340491
1 968 -272394980
9 375 295738983
5 397 67920201
6 283 753805695
7 891 597806166
7 871 716490714
2 23 383184743
9 448 436292818
1 328 -129565609
1 756 192655329
6 513 406629011
6 683 665970921
5 517 460943488
5 512 -654880699
6 875 656952499
8 282 -279611160
2 863 818629665
10 214 -626602224
7 621 622872411
8 956 802067039
3 861 889354674
6 198 -653716809
3 292 -135234448
1 201 919500433
5 613 -994414898
6 566 -730705009
10 155 571896211
5 943 -453752318
3 20 -400543627
9 562 -122660999
3 493 407597717
1 991 -110055726
8 27 -482429460
9 211 -483158493
10 568 895108878
3 515 -128508715
10 531 -513887104
3 254 770333822
2 638 126651328
4 972 77718052
1 474 18671165
9 66 14614953
1 812 -195932555
3 327 874255924
7 917 957059207
1 770 550625727
4 387 994771935
4 711 134707525
4 671 39235116
2 933 676441450
1 620 344335984
6 900 -396395591
9 553 892400765
6 281 -360560043
2 49 211088850
4 455 -702129619
3 214 531519237
5 645 -298371380
6 697 382353377
5 284 -528528391
5 721 -485758435
5 623 -660170383
10 245 346065521
8 910 -89976275
4 449 174948876
5 433 -653616348
7 676 867992521
5 508 -597938969
10 764 463679705
7 945 787406350
9 867 -645541472
9 260 86614734
7 880 925898906
4 776 444997772
7 820 58456902
9 429 -536644751
6 71 478056672
4 713 532913588
4 857 -270241700
6 927 -585011824
2 277 -96103300
3 872 -58117908
3 705 -477875674
3 415 787603520
6 289 958215674
9 69 -391140431
1 230 897981988
8 52 -505788228
10 797 300518167
2 558 -989249459
6 418 -790890177
1 894 234329921
1 682 188034588
4 403 -201935315
10 912 -932895434
3 855 -608516702
7 649 -975163870
5 584 63851489
6 336 577385632
2 555 247673448
3 675 -502612357
3 817 523437094
7 537 679346702
1 335 115315033
9 795 731729249
2 343 -109240153
8 690 610782136
4 848 -627205123
8 359 -63360122
8 26 724576827
1 614 145527314
6 889 -639182878
8 776 -24166154
10 746 432035005
6 696 112874160
3 659 -709908759
7 519 601145236
8 702 -777650707
8 925 -422046874
6 637 394549827
5 133 450110662
3 842 -133755099
1 988 -150694180
2 148 382938485
5 543 -835485420
1 402 66418915
1 270 -909242033
1 169 -81208708
1 502 277202169
1 454 -736649426
5 441 -6433725
1 344 -305432843
10 927 56924495
8 31 395503575
10 454 706504058
7 607 -643217425
2 92 -935223755
5 927 241143969
4 932 -663076027
10 380 -519147646
7 839 -66591829
10 883 -272376098
3 54 -297548178
2 439 -155593317
2 370 -31854386
4 868 673475868
7 223 385585877
5 642 -764089800
10 321 344937789
1 434 631061681
10 136 -640955373
1 133 718293684
8 719 -309333108
1 906 888668781
3 335 -98966169
6 478 -174955995
8 505 -678257401
8 830 837322595
4 191 74839375
3 324 213570578
1 958 232002098
3 433 9831469
6 76 -46555193
4 653 -480838466
7 9 508108760
4 517 309682851
7 762 736740364
6 808 203787747
8 421 89539919
6 36 -878187751
2 959 -479734072
1 750 -990430537
6 421 355398095
10 740 -10442630
7 935 680277346
1 390 -352804132
1 649 376786268
6 360 776904768
8 3 -137556539
1 120 -306912934
6 934 -42598184
6 182 249791603
4 849 157824829
4 32 928507478
7 767 -741613289
9 243 78666397
2 622 -562359289
5 759 -958108555
8 671 -944249497
2 227 876066701
5 766 -275057970
10 708 -988199270
6 592 986479333
4 159 -936795234
6 266 578141030
3 43 -622200904
9 592 -292647314
3 199 -522926507
1 63 -390870488
3 604 517433732
3 523 -67252383
9 666 450468599
6 27 383627771
4 503 -955002888
7 241 506008097
9 696 -781770228
9 396 846239006
7 274 933442644
6 595 137608318
5 887 -714707801
2 289 -786851122
4 524 209915725
10 260 -945574587
9 356 -592056625
3 545 269816602
2 633 921911955
6 811 592736782
2 814 563870924
10 35 818397903
2 834 -180969684
8 37 -168058776
7 963 887876067
6 795 -631339597
10 643 -895390837
3 908 -884734812
9 567 801117859
4 758 390773535
7 714 -834423021
8 991 -668082712
8 792 -933619812
6 559 378244469
8 775 -305304858
5 418 -396052026
5 802 451154051
4 457 -667548873
10 909 789828021
8 978 -554145047
6 786 -390974507
4 197 -236122527
4 70 -234081418
1 712 351901618
2 728 5861422
6 77 -136507168
3 23 138276011
5 390 -172529792
8 559 261150098
9 315 30501623
8 92 -725191125
1 385 -308586328
2 660 -46393402
8 155 -700265344
8 827 230137504
1 206 741461195
7 598 607257412
5 988 -431070127
2 556 -886579667
10 417 570596322
5 771 891967672
4 338 79179569
1 419 535783075
1 143 242477057
3 685 -57880541
9 313 -434836818
9 104 441123443
4 60 687476643
8 406 -470775158
10 62 -527862583
5 544 172800976
9 359 434115120
7 67 378067300
3 196 -509501189
2 979 628126109
3 959 633873480
2 482 -629647208
1 535 -573955841
9 414 118991021
5 179 -125465462
7 127 -312967356
3 511 50095602
7 357 -146587343
2 199 852703690
7 854 -429731959
10 635 116487211
2 985 868598777
1 392 -384953985
2 404 -871282489
4 738 369403372
2 125 710464409
4 142 321728291
8 882 785077439
3 128 -901818118
5 648 885943966
1 878 -492783794
4 827 -352097018
6 576 55258729
7 460 669707876
3 661 587360465
8 928 -576719562
7 557 -275056147
3 967 -180588577
5 602 484678482
2 113 473875694
4 870 201638581
9 889 457066091
7 181 836036132
7 371 268708210
2 165 -227634415
4 166 -919164365
7 582 771863217
9 254 529068165
8 676 903895472
1 168 534762885
4 808 -87904671
7 468 176805920
3 3 564715960
1 7 -862509612
5 634 -585880655
2 431 -402762725
9 556 -583494767
8 194 867364145
4 491 989528615
4 398 -259804738
6 330 -538348490
2 900 481791286
5 4 595715686
7 477 494740631
8 29 631127320
1 208 246091696
8 905 -49745341
6 146 944059358
5 528 590259536
4 721 -941664067
9 122 -168121987
10 145 728302512
8 199 736444983
10 242 598055086
5 259 229862851
8 62 -130423725
4 895 334009361
1 413 578468451
10 724 357212606
1 290 -711908408
8 781 -81843102
2 185 753986976
9 57 -115863374
8 81 -623216039
3 192 -557155378
3 818 687271781
7 68 -963373920
2 340 12427595
3 194 -268326551
1 146 229573980
1 232 547408871
2 272 610936102
9 68 908770456
10 852 -428547036
8 408 302546947
6 957 -266165997
1 815 -786029277
3 379 825914560
9 557 72216372
1 349 290090289
8 725 695955175
7 733 -889155719
9 325 938945402
8 223 -229405955
2 51 -186220371
6 138 -854494581
1 517 540738354
1 981 17992578
10 811 508532620
4 401 631004835
7 106 -442304639
7 793 559078514
3 891 740237107
8 386 -941914568
8 279 659288442
7 947 -982445591
10 119 -94016741
7 282 -190629443
8 672 -178472720
8 541 -359817797
8 345 -574949812
