1000 10 4865
824 6 -230049005
851 7 11612632
313 6 479207015
334 1 508571760
592 10 915811052
328 3 -656777556
741 2 -884543573
948 2 -690199626
627 10 -290424335
120 5 -289959610
349 10 985971482
750 4 8338268
872 5 -553284895
803 3 435320647
418 7 510385619
495 5 239544723
330 6 646897331
461 5 -853575926
601 5 -836697933
971 3 724618040
440 3 -537074438
397 9 462513646
922 10 832682237
949 6 396640008
100 10 -92062807
231 8 -631040411
979 4 727873365
420 1 595417214
61 4 -875222111
411 9 -806945204
380 7 -188924263
903 1 147214051
871 8 77417463
838 9 462634778
10 9 814803135
447 5 -422746408
144 8 673931544
471 3 646268963
638 9 -58756847
756 5 659975504
195 3 -566731884
129 9 -901603118
317 8 -140451223
332 10 -858629361
190 3 550076018
509 2 958951302
520 3 39137947
817 10 -187997971
406 9 165809277
975 6 808103279
868 5 575969461
274 2 423174475
864 3 -876454650
63 2 -712203551
962 6 615012052
479 4 -473350220
456 6 -249529760
95 1 -741143539
989 8 -943351044
567 4 946507657
52 5 222128310
425 3 -476264771
641 5 712626807
852 4 -110493753
991 3 674397649
912 9 78300585
248 5 -598968010
227 7 320358167
225 9 477007795
28 7 970646015
44 7 544254007
663 2 -468934977
619 3 -304826995
809 7 -304458825
75 2 200946872
125 1 19127604
766 8 147493303
159 2 600898081
172 7 810031550
150 5 402205781
834 9 432710681
496 9 -387854394
736 5 -57731249
311 8 -899796616
256 2 -793914882
48 2 783873966
972 8 -42719279
845 1 701250862
534 1 -244470830
625 3 368227838
625 5 -841532342
372 6 228160581
153 2 -353682860
433 3 290801550
788 7 -963641802
446 3 822281682
889 4 802513547
642 3 -868761874
376 6 719237503
84 7 56117361
332 1 200985338
618 10 738951332
685 7 -432473662
960 6 -358441364
186 9 749823440
659 3 631577305
358 5 872099564
165 7 10677741
856 8 -803803403
690 7 706922690
776 10 -205559586
75 3 -39917393
935 2 -123194906
570 1 562819808
791 6 -576199317
756 7 -14731971
97 4 -770886162
261 3 887553234
224 5 497859689
867 9 392908707
524 10 -331454307
490 1 518986910
658 5 -358238171
135 6 -874838817
568 2 -334100242
600 7 510091465
55 10 344645380
215 9 906458181
462 6 797532890
720 3 768502207
472 3 -918712170
892 5 -39965414
151 2 -712841519
677 4 -212252990
586 8 414950174
29 7 -805637350
627 9 -647121329
929 6 -438285767
773 5 796888892
402 4 -140806431
309 2 -263194042
893 7 74908077
166 3 31381840
561 4 -667622880
891 9 56015238
987 10 -339466028
31 4 941578141
134 4 386445232
232 3 414381320
158 4 -639777027
844 5 -889056618
405 4 348218506
595 8 -318766517
5 10 44080226
102 9 631279881
968 1 -211793176
191 10 -167189447
542 1 -156222720
650 10 -645378993
382 10 -880714788
396 9 45058968
591 6 547921792
129 7 -170561196
1000 7 486239132
538 1 -108447422
485 5 -474973247
456 8 -977833453
428 3 61315946
243 1 -173015748
872 10 84992208
623 3 -366912622
452 2 911723263
1000 8 531775078
139 4 -747841524
652 6 -631387036
998 1 -882317567
929 1 -704026726
910 7 905573398
175 4 496798088
315 7 595285159
824 1 -570649561
453 1 -396018163
733 4 -175779522
898 7 -671284546
437 4 457129370
541 2 538692070
412 9 675828528
25 1 872531386
936 1 649983633
837 7 637567796
934 2 788648415
514 2 -339015390
916 8 908693114
612 8 -504247573
666 7 -449319202
844 7 -624399782
569 1 432953105
435 4 -356218080
683 1 -639883625
386 4 -268625363
124 4 624744862
473 3 -876488288
648 4 546692497
230 9 -718053731
814 10 -425627717
959 3 604483723
268 2 -489348360
993 8 -8236746
780 2 -977818103
531 2 -795591699
934 4 243912349
230 5 -51702261
198 2 -900797202
39 2 795998162
592 7 -955258573
719 9 210591406
785 10 -949060006
8 10 273879926
825 4 302625069
244 5 -810463083
319 10 -569845800
402 3 391128511
509 10 -18479838
993 4 12019946
413 6 -492139215
472 8 522365023
154 10 -444517557
734 7 798992489
330 7 -398464601
375 9 -734352454
498 2 209775294
191 6 79927632
604 6 -982879002
730 9 -555582270
702 9 253240424
739 5 -741074717
500 10 -977813883
861 2 527879503
560 5 135324422
608 5 634159836
7 10 810646941
357 1 -472805611
974 2 -233576928
827 9 -297455032
149 8 734033140
467 10 -517423162
139 7 -391140730
643 6 619907872
228 8 417228485
151 4 -356174535
359 7 951825757
109 7 -599753284
468 6 186313094
505 4 -560331623
821 9 -297597158
278 8 652627132
818 1 -897958799
488 5 -886767949
738 3 -285327393
935 5 -420194841
511 9 -649328447
877 7 949085831
931 3 -187594672
170 4 905919985
737 9 355104377
23 5 -763658127
949 2 446924567
64 6 -798238478
903 7 501368715
294 5 -549314901
308 3 524830446
805 5 -862828364
975 7 -511218260
778 3 -350563969
631 3 -13631102
848 4 735043736
393 3 -568488962
564 3 -815153429
792 2 -949650052
566 2 -116696144
459 7 875054262
569 7 534322715
647 5 -766596655
446 1 -109463909
613 7 -138280694
604 2 -126752064
430 7 738582732
11 8 701659317
693 6 -206487534
499 4 -611883891
148 6 578149164
623 10 366451924
82 2 -967595609
431 5 -847276865
660 2 -812638325
221 5 261437782
315 4 658477890
902 7 -870510036
373 5 822084521
309 3 110620722
783 4 654940294
139 6 75685727
282 7 407339680
514 8 12024330
348 1 477023152
738 6 -961740435
794 8 -927306863
724 5 -951913943
547 6 -68188997
407 1 281161518
799 2 614901782
224 2 -337173337
384 9 621948409
150 8 -714272113
824 10 99724230
45 4 -659559474
940 3 636465115
866 4 570862321
953 6 4833552
104 10 9597802
661 6 -656581532
897 1 945135104
255 10 47137807
295 1 575322415
106 2 -816186745
244 8 -596364102
551 2 -614421121
559 5 -745444458
186 3 -949538165
25 8 -146449716
575 10 315915126
104 2 -758769287
300 9 652243063
679 9 -163099348
278 6 890648877
451 3 350430425
897 10 860917144
34 5 592035848
102 10 -94035144
402 7 378454287
267 8 104631854
108 10 860930123
341 8 -695606360
810 8 -286790348
861 7 252195766
127 10 390379788
225 1 -262410612
722 2 -752302504
173 4 844834612
475 10 -713606368
234 9 -942435709
434 8 -560916562
215 4 -652329066
885 8 -103756610
830 2 -850897709
786 2 148858923
425 10 -370742827
20 1 336984309
413 7 128130944
162 5 -64635308
79 1 -639192571
988 10 -112151208
711 4 -369773901
333 2 549852936
854 5 -894913
246 5 -236205457
48 7 44731207
609 1 -119165279
574 5 -933491038
64 8 -369778628
768 8 -625495121
403 10 993677644
259 2 269685767
271 3 -450876382
152 1 -345732777
578 5 -23150736
454 6 -768570007
523 2 -162608047
50 9 -799443676
329 7 737166818
433 4 -72851881
742 3 -305625693
4 9 806198389
39 9 -617226233
393 10 -22896531
532 6 201411934
154 2 -153287133
352 7 351712902
441 1 -939629729
985 9 248556688
720 2 -739956620
225 2 -420168546
350 6 -969334579
93 5 711006895
119 8 960177200
68 3 -419277167
659 7 -454582800
507 1 877391763
92 3 937449961
407 9 -675330003
841 5 -814861254
868 7 843510517
903 5 63675330
149 9 208462453
705 7 503268847
347 6 386736457
541 4 -8415245
930 2 -345854824
410 10 -921563113
697 7 -575680162
864 6 627131629
593 8 -583553697
984 1 314485149
952 3 -433985694
20 4 -146746060
423 2 -932920198
512 6 -115923688
282 3 839920721
138 4 -633422529
351 6 -109222854
103 9 823689984
313 1 698631184
183 3 839849280
678 8 334201100
99 10 -706406685
462 5 -856722893
868 8 291418230
150 4 -356593369
934 3 544854352
493 1 -411913567
566 10 193535275
285 3 -679264898
120 6 -533787299
829 3 -330940293
397 8 878247883
221 2 -795023320
396 8 502435658
707 2 -222522905
159 3 547248174
844 8 -468365408
288 4 276994743
317 3 362504823
548 5 83159087
172 4 935133091
503 9 -811054402
137 9 124319803
121 1 846473150
986 9 -408495597
265 5 -347164445
134 7 401340146
823 1 -448905970
617 6 -894034459
966 6 -22731271
893 4 692841930
675 9 -521907301
650 5 571651935
681 7 301728168
179 5 -212695493
220 1 -175202298
429 8 -57907116
706 6 -361236790
438 10 194693521
832 4 -808174537
58 5 281042053
846 9 904134205
493 7 747128689
525 7 -392055248
129 4 562653504
46 1 510210715
265 10 -915056381
677 6 87748400
998 9 -393615479
183 10 -61713762
776 7 -11669659
404 10 -696883836
238 5 855368572
191 4 -522933412
281 2 -184721489
257 9 -234099191
33 5 -881643327
610 9 758041106
416 8 -484636391
665 2 -631888599
807 1 322787795
905 3 -534944899
202 7 -347265335
661 10 -427779557
437 5 -224625651
988 5 -599605533
145 10 -482722649
870 4 949275134
47 2 -542600903
511 2 -949109309
760 3 381878701
634 9 -545140114
772 4 -782839674
474 8 -819837241
657 8 -20426673
968 7 909539523
813 6 332460495
264 4 -213480656
6 5 -506797277
45 9 112584661
696 1 170894797
857 9 -110956785
673 4 756931857
787 9 -437133794
296 8 28031195
196 5 492237137
825 7 -962479397
600 2 576268258
875 3 195527162
43 3 82710283
976 1 148041001
36 2 -460503421
631 1 719683217
416 1 869434361
32 7 -825363430
833 2 495973047
984 10 912065312
478 3 397958373
877 5 -653671061
661 1 432922583
137 2 -595035667
831 10 821048540
420 2 824293448
72 8 -610927154
442 3 551027854
437 8 507661935
605 5 388619315
483 3 -214359652
174 8 -960331034
545 10 21806173
712 5 604098585
559 1 -260579495
681 6 776183664
829 1 827115187
137 7 970586446
528 7 694279326
287 2 -442159350
385 6 738480717
880 6 593078391
286 4 119975293
314 7 827193591
190 1 -658085362
185 4 271763938
720 7 -194261819
209 6 -887390675
660 7 747250844
164 9 -368668313
646 5 605512863
326 4 151947357
375 8 -359081943
547 4 -311586887
984 5 -505191041
930 3 -36559706
728 8 -836826316
876 4 848349901
361 3 -700264018
726 1 422228627
106 3 874165893
743 2 -221897135
346 8 202983289
699 8 606172299
994 7 -646852450
17 6 -66194022
251 3 -625773789
276 2 758889661
633 3 -338058043
846 8 -48727018
287 7 -391004519
266 2 590144690
539 8 477092265
835 7 300555508
3 1 -609991107
983 5 -854905690
129 1 -181516770
929 9 457846496
364 6 -320344296
310 6 185505174
401 1 -454772872
703 1 -428986937
737 6 913567840
175 2 437148608
242 2 864926965
694 1 -725768747
547 7 -682003774
486 9 447970100
547 9 626075561
316 7 459277288
242 10 -989727957
275 3 313401826
339 3 4832691
132 8 -72044644
713 6 -797483015
761 6 -588725802
385 7 409145781
571 4 -3131613
47 5 -831738095
33 2 -751624628
339 7 686358602
755 7 -830015515
270 6 348328180
86 2 -762423145
97 3 306004218
481 10 -516609756
85 5 -391291624
248 7 -593384514
121 10 -290046097
24 8 904283612
288 2 -636669489
996 1 -725425938
866 2 -199118196
500 7 -694498854
14 10 164735416
115 10 -261896011
34 4 -701995906
171 1 3720804
183 1 -158712687
749 5 -377796736
920 8 858327988
380 2 419145548
626 5 177391956
624 1 439613667
535 3 -454991495
854 8 -506269447
397 10 -204305484
659 10 985153684
337 1 138894682
987 6 471062909
679 6 -927596482
545 8 -768757468
493 2 260241474
873 1 -201256720
11 7 926236493
915 5 413885175
184 3 915491793
248 8 759764290
382 9 495074046
548 3 750694591
359 4 598639944
50 2 521690149
562 10 268857786
583 10 158497607
374 10 761766388
21 4 394569051
764 8 577093942
907 3 -495845761
162 8 168246165
28 6 -517317227
46 9 -954504137
113 6 518128027
904 5 -1928861
274 7 -202045999
795 2 447547701
91 3 295944155
551 10 -347146083
581 7 545638301
215 3 -954229677
517 6 427147258
743 5 -922436125
363 9 -402194256
997 6 -57295372
818 5 -61723163
126 4 278505498
384 7 -783853555
728 3 -776891669
712 9 974650139
795 10 -578698956
12 8 -134200595
907 7 -717796602
342 5 95850928
473 1 207168944
919 1 112624912
125 10 -870976433
546 4 -896741713
114 3 308623645
109 2 521119915
302 4 -27355058
992 9 -421699974
179 10 -328386833
19 2 -688332159
113 1 -922575282
564 8 -764631767
924 7 -801353814
945 5 288135260
168 3 426108070
578 8 897308884
944 7 -77764723
641 6 266005087
838 4 -170436905
600 5 -98779527
895 1 -297140752
257 1 69945198
102 5 -449933805
510 2 -577115638
43 7 -795820320
582 5 571814921
59 10 838114365
322 4 531641661
74 10 43398543
592 6 -291295496
223 3 147824121
758 2 830476118
742 2 -993706525
426 5 270005960
978 7 -341468842
814 1 -871261159
532 1 -667674016
744 4 -778080704
716 7 554080673
504 9 37799286
621 8 -989609148
83 6 -910780509
985 1 -982844290
695 1 84191327
27 2 675558584
651 4 -488837080
747 3 -443033917
83 4 -531458217
138 6 -328950172
568 9 865761335
763 3 -203009118
231 9 1346450
522 6 -567958707
5 3 701061003
262 1 -161048259
374 7 610724765
611 3 -225138059
601 10 774507933
178 7 482037007
515 1 -481611437
242 4 -178775860
571 2 841337134
613 8 879868236
53 4 -663238168
163 7 667928724
270 7 -69164799
33 8 -603439071
657 5 214342564
739 6 -387199028
554 9 -817374460
32 4 -216006062
249 4 340085528
406 4 807685458
874 1 -585387011
687 9 564149901
827 5 -655769170
379 7 639187831
879 9 994499067
900 9 771400067
52 7 -320228227
300 6 759870516
161 10 -318879627
689 8 -452321152
529 7 -905938944
813 1 702707494
972 10 497685580
169 7 447837937
656 5 582178453
104 8 -95442338
377 9 739995255
65 6 -976353983
678 1 -800816264
634 1 870661879
392 2 -246214570
286 1 561621719
6 4 842889064
850 5 -139359647
778 5 998458715
441 8 -403042056
370 5 141888270
56 1 641968428
239 7 351485540
535 2 491640618
570 8 -865151032
309 7 309388999
886 8 808376799
538 10 -698939732
531 5 913673662
368 5 -445970146
494 9 -923239386
915 4 -937296328
802 8 443013090
70 8 -518720056
749 7 17317869
269 2 649051767
444 6 209940587
812 5 -953551665
400 4 477878876
697 2 -867947140
12 9 717040602
882 10 -863720499
815 6 -473961806
223 10 372745700
171 5 -897876395
266 8 421895263
806 4 88021680
885 1 375120434
168 1 115755505
315 10 979839811
430 2 501246357
218 4 -815658596
613 4 -253755180
712 6 -205484921
225 7 -683795863
124 7 339984619
671 10 -849594145
120 8 -739170029
576 7 -55117950
717 7 -137834530
560 9 715887
69 4 -568904709
542 5 -387608669
24 3 48907425
851 10 266372539
886 6 -959689940
667 6 -949234605
610 5 448248704
814 3 -729400088
406 10 -63089634
454 8 817914790
842 6 218932053
740 2 42779272
900 7 -210658062
15 2 105157013
409 2 265848472
322 8 507895525
581 8 985937383
857 3 -801209442
962 3 -83215793
869 8 580064100
666 4 -334539665
614 6 987369039
755 8 -945555562
101 6 -69032143
873 3 -799238337
559 7 429231085
93 9 -955051819
519 4 860711246
8 4 289528583
771 6 -387381721
263 5 -712656541
608 3 645720632
673 1 -112478848
796 4 -616125551
312 3 496569542
25 7 249847511
756 3 -225680383
393 1 779597215
370 4 36636949
525 6 -828926420
462 7 950323699
687 3 200596028
269 6 948860993
93 1 -196838030
6 2 -375482941
56 6 689062637
795 1 582339854
233 10 975072140
968 2 61962980
898 5 120061579
118 3 675928441
579 1 399214697
863 6 -744855192
77 8 831341094
318 3 -393276846
188 4 346717588
623 7 -807153279
563 8 -810530831
24 1 298194182
932 10 429194340
512 3 -257228610
173 8 -27844693
743 1 975000676
354 2 309196037
24 6 547434400
455 9 70516234
64 9 405068776
419 7 400046013
568 10 841738580
68 5 -560378644
391 1 -95721980
293 4 -913630673
736 10 -788127341
275 5 3502480
789 5 870679093
49 5 254932522
706 7 -268253383
961 9 105320006
446 5 -837102685
445 5 589578355
62 2 622330494
317 9 -548466736
367 4 -356151864
50 10 530275819
69 7 712652053
953 4 -911404775
779 9 55845968
295 3 755510781
786 9 819090686
387 5 -376766870
653 1 743159987
656 7 -48044425
480 9 789865356
515 6 -89406660
280 6 557355849
143 1 -849864549
372 2 -513812015
352 4 408665798
780 3 687615664
174 7 473920682
640 5 74399975
219 8 730994433
66 5 -731463515
71 9 -309020053
183 6 -663126801
785 6 -862481383
193 8 645260552
668 5 835998808
588 6 595367190
283 4 332300991
696 10 883386540
438 9 551299072
512 1 762892364
143 4 381304340
249 10 162927893
265 9 302289873
232 10 -309402601
139 8 976096551
89 5 -870905805
469 2 -670335898
900 1 -178621925
664 9 21511561
106 4 647075611
875 5 257600895
519 10 755331862
761 7 495205559
424 2 -258561080
394 10 -80756193
883 10 791956466
261 5 -331646883
811 4 654635142
900 8 687505547
687 8 484722299
685 4 -228739415
162 9 -583339470
111 9 -419608790
677 9 594299971
922 5 214272942
390 4 -989514280
506 4 625085022
35 9 252431526
831 9 369944109
433 1 593787415
571 6 91452665
834 7 64501997
41 2 472558442
715 4 -712833128
668 1 272101981
991 10 783338515
530 4 267425080
485 6 743971973
39 10 786001770
146 7 218465555
598 1 358877271
121 9 -452441058
184 5 -202496868
601 4 -26728584
865 9 -949516419
858 6 637295378
164 8 886556104
990 4 238446056
405 2 834828917
916 4 -562183291
51 6 -130344180
662 3 -666495414
190 7 759199657
375 10 31652328
865 5 832085057
89 10 49218171
279 1 880186602
60 6 -898929085
350 4 302304951
360 3 -76233909
183 7 480989484
793 5 40659695
508 10 923969133
680 5 831714137
832 7 -612523348
842 2 958146015
240 7 -827837861
403 8 -701214944
16 1 872436262
380 10 186688605
751 2 -144151180
877 10 -534299930
205 8 154538320
187 3 477922736
638 3 -429134614
584 1 924307708
671 8 -944117126
246 1 -418349054
867 8 -276955686
959 5 333743575
774 9 758071635
479 8 106445763
882 6 -687945749
748 6 22036537
921 10 -624447529
13 7 913574783
21 8 -32592024
124 2 -881723297
328 8 147957450
105 5 88018072
873 8 -932109289
614 4 -676794732
395 9 -811510713
710 3 512171803
458 7 -815736531
645 8 54655262
141 10 891120083
115 4 -383808938
622 6 -269432531
890 2 334992303
506 5 667455729
683 7 -266553107
368 3 635919616
479 1 187518041
273 8 -164574556
36 7 568924004
149 5 -670789363
798 4 752738303
429 5 813484940
670 8 -788789222
672 7 469590364
899 8 150645810
611 5 -353994330
223 2 873978421
533 10 370153991
236 2 74494427
98 2 -826137715
594 2 88363894
307 10 -689018641
439 8 -374791505
619 5 995614783
288 5 177257011
397 2 854100122
470 8 -146150694
413 3 791396195
292 1 400934599
83 2 464993142
173 2 -33786477
774 1 -437439995
142 7 879668271
495 10 278217169
602 6 -334045139
152 10 156987902
819 10 -105241436
892 4 302316658
630 1 -577307044
6 6 463333939
318 4 772572921
793 3 875660021
920 10 946946311
153 4 48666722
913 8 610867471
544 5 -347657998
98 3 777223089
878 4 886656151
824 3 361168751
581 1 733857406
834 8 -123642343
548 6 -734988376
182 9 140880177
11 5 -988699331
315 8 294185686
599 1 660417664
918 2 -120563056
606 1 574564977
512 8 -819453507
404 2 232316338
387 4 -654207984
63 3 604070263
476 8 56942737
379 9 -759970309
13 2 -448060197
479 7 562736928
970 4 59548192
606 6 -643408786
510 6 -724798920
277 9 612065695
722 5 -379965656
593 7 -55062566
159 10 -305111275
345 9 81324161
507 9 823646448
276 4 814717476
971 5 411277170
46 10 -320908025
810 3 960826702
983 1 -473470049
808 5 722313588
478 9 -762112215
356 10 973902568
957 3 974866757
964 1 -136964320
308 2 581850330
937 7 461451629
60 2 136157982
867 6 279376654
82 10 -237509521
384 6 550462269
3 8 440693070
938 7 -45002561
556 7 -756390463
255 4 -255403326
955 5 126683429
220 9 -173073194
84 6 -904224042
662 1 448758884
153 5 -602309581
107 2 315570613
172 6 -994322495
691 4 -172133123
583 2 167025656
765 3 162090670
666 9 877402265
213 5 -899142101
324 7 776390441
994 6 -899090509
101 3 350523092
941 9 -253132627
324 6 829768905
736 1 -793579557
887 7 222768702
240 8 -489300500
624 8 -70325921
169 10 -306000068
990 9 226598981
740 8 68441526
907 1 192287721
656 8 -96081246
419 2 -59101699
995 6 -58228569
28 3 -762518615
150 10 -158648694
168 6 461686914
93 6 -420789719
558 2 545250583
825 6 -833122241
696 2 337045623
952 1 979679988
120 4 -736957901
648 10 -224134885
489 3 -659697812
432 4 132293054
643 5 -941885841
721 3 892716572
496 2 485289326
820 8 -604246255
937 2 893774487
330 10 152906698
426 2 -439183100
22 4 -454235172
682 4 -47862729
715 3 302464496
155 8 -719268587
297 1 -100512911
706 4 -183878379
354 10 -258150243
223 7 828572058
378 8 -679956762
551 1 316555485
952 8 280591008
576 1 -106054467
395 2 670337006
671 4 294997642
942 9 797372576
233 8 864695163
207 6 -978721106
43 8 -948642148
663 8 148922683
277 10 -996138257
431 9 -181321926
809 6 -708609361
206 3 -851226680
868 4 -885113844
146 8 -191393633
286 6 -87874077
432 6 808105418
760 1 -800984511
252 4 394216226
210 10 320545167
713 5 380597296
428 5 -311281777
356 6 -465515664
442 7 -478925237
817 2 176072058
836 8 -70028190
942 7 857592086
175 7 -439519843
961 10 698503611
287 9 449079167
481 7 -122602010
234 6 862092834
172 5 421142772
314 4 996707282
677 8 -260703973
7 1 685904154
114 6 -309565447
582 7 -673839500
947 5 -603858045
828 5 972212369
914 9 903326745
108 5 153997614
162 10 467187639
612 7 -749268007
845 2 -677724226
992 10 -290936865
580 6 -810481773
633 2 -249734831
616 2 178981752
802 1 -694383085
602 9 -367699541
334 8 132989047
467 2 -881711022
333 1 -256453402
891 5 28639223
34 3 16823956
318 1 607918642
329 1 -406201780
400 2 187497602
433 2 -934124231
232 6 -964929667
685 3 744836851
110 8 613957147
10 10 -425073768
954 4 396547326
465 7 -321746267
702 5 988815951
301 7 -89619029
565 1 954731213
440 1 -693120780
829 8 -715598535
786 4 593891685
425 1 -195159029
499 7 -573984674
459 9 -20681517
650 2 742485089
257 3 -400376598
175 6 -991439960
349 6 -325122695
503 5 -236353945
383 4 862574412
135 1 648071951
717 9 150559054
788 10 -122313301
203 6 -317339872
480 8 615503402
710 9 -701993018
338 8 -301348482
501 5 846834367
723 6 902261215
954 8 -903278214
836 2 -146017441
440 9 904371447
81 4 89997739
866 3 253346220
24 2 -671406038
76 4 -936235019
159 5 -10958005
290 4 -350737189
51 10 420628384
427 6 -41839962
904 8 -642203045
247 10 799180680
907 10 -639083601
646 1 -923815747
94 5 -492316524
978 3 992414711
35 4 911788563
334 5 365846928
587 9 771888670
935 7 -462705319
310 5 -130510250
304 10 -428390352
307 5 -512734940
335 9 840698689
831 2 796733085
90 3 454390562
411 1 192709207
938 10 516033858
2 6 -22033061
437 6 -702061685
858 1 -528598117
942 5 -642125585
814 6 497709511
137 4 -152382473
53 8 429163137
107 10 -166487564
357 8 -804742975
480 1 860139948
734 3 945177823
243 3 -2471424
353 3 -212090406
423 8 -830057455
931 5 -784876753
298 8 -787435373
744 6 100981413
969 9 -863811702
822 5 -388013956
781 10 -995210784
939 6 -93285624
218 10 -566364145
818 8 47026324
515 7 230193823
273 2 -49791386
234 2 449981393
65 10 -117223333
223 8 -486116101
267 4 751447313
560 4 -637493824
665 6 -432644105
97 2 285590882
286 10 214573124
111 2 -450223979
943 2 479339982
202 10 475984010
28 2 -201829730
127 3 638713838
31 10 267305007
921 4 639358679
3 6 42723431
994 10 -478712891
36 4 909449819
337 9 471588072
727 5 618014678
257 2 -267101218
895 3 -436974361
754 2 -873362748
506 8 -659352690
135 8 -471300282
309 6 -983529044
31 3 -523257037
660 8 -107277585
69 1 -63522015
440 2 -818583474
636 7 423493635
166 8 -920408928
343 1 765531448
819 1 -405576182
207 9 200931593
994 2 843317634
451 10 -825325302
157 8 298665174
180 7 305490574
422 3 614348001
615 8 119863741
272 5 915144215
962 10 -421965944
697 6 641332423
239 3 -461006645
891 7 109791753
909 4 343463873
213 6 632736189
432 9 346043628
543 1 -770518398
290 9 -73361785
988 4 -759875477
155 7 -267964870
283 5 -610805564
527 6 688026963
782 9 447695739
471 6 946675330
679 4 -366683653
324 2 244974215
849 5 910985565
946 9 -383922330
749 8 404442338
319 9 -695782238
844 4 -118722979
558 5 -459362763
11 6 -522709637
114 4 535093569
238 10 765964085
551 6 462860867
742 6 266833260
456 9 652402316
130 8 714267618
384 1 -23948465
14 6 370657504
418 8 594259265
22 6 -413503759
860 3 292443493
623 9 -884192501
709 3 -793709614
458 3 539262226
659 4 -471347183
336 2 -891554150
960 4 -466540623
861 9 831649184
637 5 617048059
351 3 -276865655
80 3 -189380666
575 5 858650411
347 7 -600758658
640 4 -493437271
711 3 -920183379
175 10 707796187
381 10 181708126
505 7 -638430029
687 4 393518941
172 9 31524362
477 4 61736345
897 8 566882831
115 5 700311744
453 8 302323993
783 5 -348161289
615 9 -246256000
894 2 518280114
124 5 825627794
518 7 963556651
910 9 -530436928
269 5 667061156
925 5 561931086
323 8 -674125176
96 3 707136699
72 5 -987783683
51 4 -773395631
767 8 -982348120
574 8 904965232
379 6 399860923
474 2 48814400
485 8 470840162
189 9 -853691746
70 9 674174320
939 9 795236108
207 5 -334926314
300 8 -853383482
998 7 -660279446
936 9 -439184182
263 9 15290247
766 6 -400805857
942 4 343100041
741 1 315488973
242 3 -675576161
351 7 881970010
501 9 -802087830
991 8 -100410669
319 7 573705813
339 6 -580267761
926 10 767802386
213 7 -893494390
366 2 -312313530
264 3 526657390
793 4 -968589615
244 7 518675231
347 3 991882737
108 6 16701946
329 9 934395364
541 6 167335680
478 5 99178754
229 3 -805122497
543 6 588263453
103 3 -302541297
516 3 -260098022
685 1 -307283250
869 9 -504076008
218 7 415579946
637 6 141060893
675 1 -540844535
1000 4 737838080
880 7 700094040
990 2 -442631811
862 5 -706698060
865 2 -70770029
655 7 943025611
279 8 -157492332
340 8 -861575871
760 8 -640448487
966 3 683989052
828 6 535031624
489 9 172349390
276 6 866947915
901 9 -970979292
792 8 -715840686
512 10 -448664726
710 7 -917471038
850 3 -173389237
384 2 -971521947
360 4 -303108723
680 2 -131547052
696 9 449340633
223 5 946580236
456 5 92229673
888 10 77547383
437 3 578304424
760 6 -366173708
392 3 -727051896
392 10 -726499608
68 2 -485150370
140 7 -884540703
860 10 737199783
292 6 -979138807
826 9 -740294698
102 4 725285374
108 7 722913331
687 2 354228016
460 9 -124733551
490 7 223785265
190 8 -61785968
364 4 889989130
246 7 -70331387
754 8 405830944
476 1 252837939
148 1 791581745
765 10 -351441949
616 6 -271464133
459 2 -781885779
880 1 -986319538
125 2 483826754
71 7 -160739682
973 5 973926206
353 10 -729723623
865 1 562376460
674 2 633096508
168 9 494908129
160 4 -267823418
622 4 412189058
704 3 -144053094
579 7 769986761
557 5 -972863034
95 5 861812822
840 4 -7687759
115 2 989832496
289 2 -140409847
233 6 -880946673
818 7 899663868
311 10 885148642
821 10 -379289959
674 1 -451319952
34 7 57095791
526 1 -669455202
681 9 79273383
514 9 67355470
292 5 -916072103
482 7 -652127586
692 2 922202668
153 6 -977090503
422 8 613426739
448 6 451678517
841 2 30092639
365 5 910853209
233 2 -769979624
994 4 653321165
607 6 383436211
269 8 27081729
323 7 206144572
771 8 438210560
699 9 -78733185
823 7 -850378589
911 5 -851201128
62 6 935560708
328 9 -517788241
858 5 229583658
360 6 -994762316
181 3 895354864
165 9 -158230533
270 5 60974968
975 8 134564971
682 10 -224569616
985 6 -342536744
883 3 -159660008
527 1 96581816
750 9 672320941
820 3 -854101876
194 1 -655192659
562 3 692746699
458 9 545098432
307 4 -116064005
59 8 -863945459
82 5 245074088
12 5 73004405
848 7 104042988
136 7 -701058411
164 7 102305085
19 8 -487805230
453 5 438236365
409 6 -656697114
455 3 -685304284
321 3 -86212667
961 8 -824098737
590 9 105202813
421 4 -180989033
222 7 -431526580
80 7 -785213849
199 5 -577525525
779 2 -858924697
790 9 -623787873
656 3 689933365
149 4 -965877973
167 1 -820519759
990 5 -318094184
539 4 732026602
889 7 -831227122
414 2 -564234946
362 5 416286698
785 9 226172445
812 1 371270026
249 2 735583987
794 4 -395366873
401 3 720164398
871 9 -357737031
163 4 -541331624
871 10 -90176322
583 5 475259493
922 9 625366137
287 8 92774706
728 2 -484752210
664 1 -461653685
529 4 -486102697
496 1 907507843
210 5 -152867271
658 3 484615712
997 9 -723034643
825 8 -685018065
676 10 -444883807
86 7 855070395
980 9 -791070269
842 7 632508231
453 7 -839952568
906 2 29420286
299 6 -309138059
337 10 -526920381
805 7 136366706
961 7 -952651823
465 5 -536089738
524 1 127277181
431 6 766311534
100 6 -857286081
889 5 -54142049
701 5 539921120
432 3 -475214558
537 9 -748599273
462 9 -149047490
110 2 -285057506
253 4 867587922
842 4 -556273042
567 6 -649496263
277 1 -23658450
208 2 688346815
696 8 -189062468
709 9 -411856313
516 2 315689447
721 9 943627106
32 8 -388322371
85 4 -266483323
146 5 534106767
873 9 651663873
765 5 -995765097
462 10 556503144
233 9 580108869
316 6 563111762
97 8 -711364535
119 3 281073933
2 5 257344462
132 1 -905428325
591 4 933393572
965 8 339177993
745 3 -452867623
905 4 -980227888
916 7 304177929
434 3 -976170226
503 6 846115328
103 7 -976925546
61 6 -681378675
231 2 990445009
305 2 -5047956
930 1 -721282740
597 1 -767355115
827 1 796406826
603 7 -868334889
162 1 276777755
764 6 -421504997
988 6 -810928462
691 8 299168539
291 10 -266409815
741 9 -656538688
135 3 -287397988
902 3 -694756585
755 6 -166188962
966 5 -880088392
170 5 -168256913
398 8 -39741304
156 7 -687411549
284 2 -168770140
500 5 451372972
580 2 133855996
142 9 268748606
509 5 -772694621
906 10 -840679007
983 4 13953052
787 5 712266721
515 9 5275254
770 8 903336187
895 7 703464644
92 8 213149303
555 9 -202629851
377 1 -94713757
9 7 656475858
805 1 -360214545
706 3 -214452503
105 1 678132772
298 1 -605738936
232 4 27619284
163 2 -534600516
518 5 -390739981
705 2 417758236
688 8 723223816
247 8 574347618
573 5 -110981211
173 5 228243006
413 4 -165028535
88 10 -684828989
396 2 339055971
962 7 -408242410
608 10 925493541
348 9 -780276018
644 6 580277617
455 10 -171602132
310 3 114294993
302 8 672158445
544 9 867856181
551 8 440311486
849 7 545532637
294 6 761409094
939 7 -374560191
509 1 -790515080
102 1 -159558022
864 9 -232749181
505 5 -670910770
655 4 76837987
983 6 981067377
802 9 91872930
32 10 -352145742
553 5 -929033116
139 5 -19591757
306 4 -164113473
371 9 -806139439
540 5 -408370678
936 2 943323679
742 8 745308730
297 5 -230086644
510 8 -286341183
253 2 532142098
33 7 -381769419
147 1 869263852
167 4 627164072
186 5 -249959645
988 7 674082653
463 5 -83574006
233 4 499548655
233 1 177537382
449 10 -759149868
793 8 -842607839
185 8 -683775008
693 8 231881553
999 6 -707642690
504 2 -2203725
619 6 444944754
303 2 -621659102
670 3 52526751
179 6 465380859
803 8 26254598
875 8 -668780143
228 4 4601765
873 2 737717907
103 6 739521450
936 5 -313473234
327 1 428081664
383 5 213911970
237 4 -456906431
963 7 -348679472
639 8 538318009
881 3 488268924
153 10 -990339741
330 1 -575209758
874 3 -71992428
427 10 -861038892
712 8 -874416977
338 7 -436974909
238 3 110094916
291 8 887948198
422 6 -916125854
519 5 513776509
276 1 -894798805
859 10 56839652
555 5 830746988
266 3 -340357250
769 9 473050648
173 1 -212172442
927 1 202391629
505 6 558759485
120 9 44811285
360 7 944823848
173 3 720734735
460 8 117355514
215 7 -738641885
386 2 234199385
448 7 -564849337
224 10 -891983878
949 5 -584402386
560 1 130094826
470 10 -204662886
10 5 -94564847
398 5 -968831433
995 7 -276888635
173 10 886768885
992 4 335440410
824 7 726691565
772 5 -266127961
645 9 -438607044
768 7 920212509
196 4 243415362
408 3 626438430
968 6 375345774
731 3 957643055
173 6 -48242751
115 8 -159550815
945 10 -700073206
94 2 443415190
254 4 -802568217
343 4 51098330
174 9 79442691
191 5 542531159
897 5 450116525
23 8 -384508044
489 2 -961953281
486 10 -417003583
318 10 -721952477
189 10 394845504
87 10 508096357
235 5 -848291266
162 4 -845478928
559 9 149630845
209 3 889302390
201 6 -1732044
831 7 842058047
810 6 679163569
811 3 -513547131
913 2 -135507
771 1 -862553099
567 1 -692823973
632 4 -521324674
729 1 673078720
740 4 -769800438
646 9 446565560
544 3 719069660
279 4 -804219910
949 8 -277649131
787 3 411587272
410 6 354473331
584 2 299434980
463 9 -645376701
736 2 -508010712
718 2 252376476
109 9 -602247293
520 9 358768956
929 7 906166086
61 2 810433760
488 9 224566655
420 6 582723558
7 4 688646724
484 4 574311754
189 3 793562101
310 2 475423560
614 3 -323136949
563 1 344938211
757 9 -219253137
758 4 724125056
615 5 -290958962
830 8 -365462714
141 8 924138501
521 1 648910767
108 1 30026393
834 6 -459562484
487 4 745052503
260 1 -863624665
63 9 418898443
752 7 189175329
346 9 -356261636
416 4 595023475
255 3 -123199515
423 5 -950966312
765 8 -586571907
73 4 -288789158
796 5 609772197
945 6 -690530509
502 6 863797015
744 3 9776415
490 6 66677888
649 5 507873662
952 4 175002005
159 1 559652386
432 5 201797660
331 3 103710631
376 2 -102858555
901 10 -528453307
153 8 -344720218
1 2 457780173
52 4 -23602462
204 5 923155740
991 2 504553736
890 1 -385522167
93 7 176806985
450 3 -705247104
605 9 -589643689
395 3 -176589433
914 6 -248558361
174 1 911810495
46 4 720255538
710 1 530381687
907 9 -613202454
344 8 -10889792
649 9 76783884
586 3 -396539769
546 10 108312291
869 6 -860870100
37 5 -451323983
8 1 671513892
906 9 196769422
695 4 311754078
532 7 -357748370
452 6 425164391
368 6 -182649357
647 9 409492349
675 4 -475450420
157 6 844836386
55 4 -917559531
688 10 -841415082
302 3 60549627
967 9 941418137
531 9 -541455754
323 1 -717458960
817 3 712582237
612 2 147919933
923 8 831189217
243 5 946130571
244 10 966454889
662 8 -483561090
917 6 -56662400
352 10 657427076
973 10 621356269
901 4 596792298
520 2 408386471
83 3 224967455
847 10 376264927
151 3 720151174
506 2 209764719
5 6 -565299010
857 1 471059612
85 6 -118984655
8 9 685454151
713 4 918374909
56 9 167153611
862 6 -380726565
176 2 -65150463
726 7 630643838
543 8 803309493
993 10 -325358791
20 5 -138997869
533 5 -250513627
332 6 317975011
820 7 754326380
275 6 680642453
246 2 339046254
479 6 -569442900
368 1 349994528
427 1 911411928
298 2 930596179
354 9 -915070320
532 3 -246492394
715 10 -975204087
129 10 30718318
831 4 884362194
852 10 -245724970
903 10 78994122
42 8 705222168
968 4 940700259
249 3 961683532
422 1 -370488586
161 3 -180116695
718 3 151065947
923 1 783354992
423 7 -365673355
688 5 -726418193
884 2 -513481403
47 4 -145887320
72 2 389185578
122 5 738705302
126 6 59621918
891 2 598170618
725 6 -529143218
165 4 -48554752
132 3 -126125942
520 5 -840133835
779 5 189695516
770 6 879481028
157 10 575312214
837 4 743806067
267 3 852784336
709 1 794060190
603 10 -858676103
343 8 -532663331
491 10 98666143
214 5 252604918
653 6 317516258
643 10 -489830169
201 3 -689586361
518 10 -825415694
443 5 -969851875
772 2 -737232759
517 9 -795137713
672 4 -663654937
959 2 671453376
400 6 -561362641
72 7 -34650718
337 2 -926502594
808 3 557058520
593 9 -185280998
997 7 -748036436
853 1 -255291994
576 2 -793365184
245 3 -244914465
544 6 -488589546
458 10 -993227364
195 7 -826304758
64 4 -905771859
592 2 -708830176
981 9 -821724553
265 7 103651195
130 10 335631543
573 7 264132802
824 8 338336862
546 2 93221381
808 8 157416848
701 4 691078183
127 6 456053732
541 7 971943347
491 6 310296648
468 3 -178295277
973 8 99659220
191 2 -497997144
716 4 -481494807
241 9 361564610
168 5 -947353135
737 4 923945068
433 9 -661937686
768 1 -442828460
288 8 359820488
925 3 -584217145
427 4 378029059
322 6 305846439
399 1 250294041
309 5 -786401030
1 3 10900931
414 8 694238509
733 8 -597616749
281 4 632535786
69 8 -584298676
863 1 -109246823
677 3 280578011
77 5 -495970205
609 4 698019624
839 4 813757791
299 7 441898536
431 8 -30506959
854 10 963528537
471 10 436696321
717 4 -990069688
966 9 376795709
676 6 -522640042
185 6 -903147876
527 8 -348985028
69 9 158167360
972 2 549812479
285 6 131587660
28 10 967543600
902 9 679626809
998 6 -188954167
771 4 -369927257
652 9 -576732379
951 5 -185752201
983 8 -791250659
30 6 -389297680
991 9 809114109
782 6 572942851
364 5 -318726516
969 5 -139107685
835 3 -107894698
536 7 243870472
477 9 -206049325
338 10 -73692758
892 10 620302782
973 7 -937264448
602 2 304794152
849 4 -159167505
822 3 -863609054
693 5 178374215
881 8 405824698
882 3 -86482127
562 6 -52516594
18 9 664257380
214 4 473905721
188 2 -914148615
202 2 -657314300
120 7 529184296
614 8 438634326
845 9 156991070
673 10 -740081891
735 1 -2516604
908 8 570484850
20 9 484241339
361 8 -215412974
943 9 511737719
871 6 -535770616
401 5 421608400
673 8 760092287
511 4 145126136
310 9 -997970968
802 10 -844373213
661 7 789562291
774 7 -852490670
486 5 -731135934
334 2 328013450
976 5 918272823
9 2 310977727
812 10 658229839
748 10 739184577
886 3 -515983120
591 9 552775768
726 9 119958031
705 8 157531676
107 1 812445702
435 6 714363281
22 5 -589607115
357 10 -741898753
889 6 540449537
236 8 160678268
430 3 -560439851
713 1 -13720819
772 6 470632154
473 10 -324510297
735 6 304842886
302 6 226912164
528 2 -887845177
60 4 -726264904
491 8 580769004
646 2 -901642425
804 5 -571257845
202 5 -98352509
813 9 32862891
725 3 427088738
628 7 -388137279
728 7 117373464
669 6 9765140
979 3 87181235
417 5 97457036
599 10 749242637
133 1 903382111
662 10 589772528
294 9 931006824
324 3 -659890089
546 6 198436833
725 10 -819361296
931 2 384410042
98 7 -603613155
944 2 -752018341
677 7 -782734276
11 4 -79087343
473 8 832099412
133 9 299446644
993 1 823506746
377 3 -574779370
30 1 866226483
237 8 -276296186
781 5 -667399163
183 4 480157905
176 6 843943902
344 2 882852679
97 9 -347301136
770 10 -293131186
366 5 784815599
969 2 -383035597
709 8 839213262
867 7 866256984
308 10 762909298
698 2 344409134
280 3 924148248
295 10 928100492
657 4 -395680489
457 7 806077421
553 9 731436576
823 2 828169211
800 1 565350903
847 8 534551785
389 9 -841245680
573 1 520216790
801 9 -739323391
898 3 497981841
744 5 -175291859
205 7 -574479294
54 2 746837029
832 3 701209137
547 5 -680918176
100 2 83095036
50 4 559102240
390 5 999829504
857 5 136903785
475 6 880311113
430 5 -577401381
946 7 -727208528
285 10 -940594028
738 5 964374145
30 2 663993809
964 3 297480628
582 9 675124925
893 6 227670441
875 6 132188650
678 4 -233380613
94 1 -840831108
403 9 -507485909
552 7 -295671471
963 1 823107005
814 8 -542475631
757 10 -308268669
569 8 -303856790
546 5 785953045
621 7 -248224409
729 9 216989329
411 2 950983215
295 5 24068956
363 8 658443748
540 8 -341592422
922 7 -436001679
821 6 -562153481
926 9 941342601
547 1 479245789
250 3 -128849528
346 2 -351829922
773 6 -480447592
872 2 731995172
506 6 181131579
781 7 -454027502
596 6 -770297104
325 2 796890300
393 5 755891395
61 10 -552388812
428 8 -825386325
84 1 -700068531
226 7 -280262740
483 10 -944479694
828 8 -674242964
347 9 338063052
924 9 -999985167
481 2 -865840805
495 2 -724060104
491 7 890440234
260 6 411418513
210 7 929076673
595 1 941085829
858 3 -179045101
667 10 -623354404
751 4 -143940866
676 4 -194144133
556 2 685153329
449 3 76680748
712 1 332712613
409 8 -244378265
864 10 64889714
49 1 979378708
665 8 -686417264
645 4 -393551928
403 3 619116299
993 3 -885947648
985 4 -967720492
188 5 61671008
720 10 928596303
747 9 8120615
780 9 414219873
197 2 193177991
176 8 -44063945
45 5 315007004
731 5 863130196
194 5 459307568
333 5 7653320
212 7 -250698947
652 3 -51074308
672 9 -110653026
148 9 424503493
288 10 976621261
501 1 -446450741
149 7 152922596
53 6 -106382740
554 8 232204513
178 8 -275464164
554 2 -436262653
630 10 -389271408
776 2 217542774
433 7 -86528183
248 9 -874797991
638 4 -132734491
176 4 -299009200
847 6 -601441319
82 4 33927414
734 5 -840519818
615 7 733480883
67 10 -348333502
151 10 -311009564
150 2 315955247
365 4 -600838483
291 4 151219645
116 7 -634496392
910 2 -640630785
265 6 -763937335
922 8 -825892852
529 9 -910980825
269 1 50140497
31 1 -653027822
589 7 -805303333
746 6 149941577
332 8 980282890
718 1 532505948
893 3 130998289
952 7 -228736922
444 7 -227108981
344 6 438594041
628 3 -554221545
860 2 -950356936
876 6 329090131
913 4 603425215
522 5 -852525184
774 8 218240834
394 1 -607271093
149 1 -794836848
202 6 230077418
935 10 -858185175
503 2 643218914
91 7 95070902
682 3 790289555
14 3 -208906025
24 9 -843777452
408 2 39670784
425 8 -290372537
607 5 455227347
469 10 602268210
561 3 -806940223
132 4 812436116
131 3 -328916733
30 4 -116685772
735 3 814225511
313 7 139292444
147 7 -418305595
702 6 795622883
722 4 -891723761
631 8 972610230
663 1 -361266490
609 5 6503583
713 7 289282502
596 3 -873282733
196 9 51568176
216 6 573188059
678 6 321483508
342 8 609986717
922 4 -408668663
860 9 -236816166
596 1 555458191
219 7 -208945571
762 10 -684935481
663 10 -765686763
437 1 -121237077
486 7 -921139184
246 4 165574463
885 5 49730055
745 5 870479874
91 6 31984177
719 2 216366014
925 10 -456722457
97 1 506765579
380 1 925008676
90 4 -63598880
701 3 -58824605
943 4 -694528337
789 8 -523103109
813 4 -964612084
791 9 -658966322
159 6 326540230
975 4 178573127
714 9 -24270040
251 8 518231299
248 4 761882863
854 2 539672194
911 8 -469576219
730 1 261021689
56 2 440203599
797 2 -39545430
695 9 667286695
562 2 386483305
375 6 307526980
757 8 306784039
677 2 708254096
26 1 -280178488
319 6 -285320867
775 2 537874571
519 9 545353130
88 5 -685137809
373 2 851763099
227 1 -325913813
170 1 254478321
250 10 -144851168
335 10 728706141
272 2 -511723289
602 10 -565131959
528 5 -928203545
232 5 907196849
955 9 -604457232
93 4 -416609368
211 2 -773906284
65 4 -308589123
581 2 652874392
902 10 -158687600
255 1 43510269
505 1 -421329085
164 3 -703029890
293 9 99975288
957 2 -902561459
264 10 135556541
950 2 -795278531
788 4 -541509922
461 9 -457495919
976 3 866532704
79 6 49095335
946 10 436526154
747 4 -459263626
744 9 177035153
723 5 -764759519
151 8 -663228427
297 2 310398703
132 6 -576991858
548 8 -524482684
671 2 -74372596
714 4 813180062
204 2 180493396
352 5 38949717
742 5 679869060
178 10 72146070
240 1 -432352070
211 9 590651182
920 3 721195238
398 7 -45350605
820 4 526953897
851 4 -792367480
527 4 -590853383
844 1 -222568215
388 8 -287084651
512 4 744800848
331 9 300293315
691 10 968099561
603 8 -171545363
605 3 -425779181
800 7 446906158
172 3 -779946058
483 9 -547416721
549 7 -124906928
26 10 315381849
744 1 -240648537
823 5 -769334316
263 6 97926327
755 1 -290679760
254 10 909941234
291 3 437708322
258 4 864512957
390 8 -309912899
424 9 -911935223
933 8 825268038
372 8 -263091629
186 7 -350989827
21 2 41863331
157 1 104560290
182 2 -680682177
591 2 -947702784
703 6 -209166309
303 6 420961551
897 4 -360163820
450 4 -31447459
828 2 -757141731
776 6 -518238682
58 2 343948572
298 9 -899253874
729 10 919209113
673 9 -281249808
128 9 720728900
653 7 -570142055
555 10 -295435952
677 5 714419617
875 9 -803675473
417 1 -190428983
100 5 -748591659
601 6 -756222420
411 8 -244736806
374 4 293320435
728 1 -494836735
216 5 -170772876
497 9 685812886
17 5 -491002851
756 2 132545482
201 9 -700502579
667 5 575156870
371 7 883607976
589 4 -958915914
10 3 834523322
618 4 672672569
202 9 -152902382
617 7 -352879357
768 4 425700939
390 10 515632396
707 3 949100199
136 3 302062221
147 6 -271739335
785 5 -245429129
259 10 -953627882
748 3 -22330897
408 4 -136805862
251 2 -961709975
135 10 -447168557
933 10 439093693
566 7 -430769258
804 9 210915482
156 10 -107385343
748 4 57900027
78 7 -42972107
619 1 -265937044
273 1 14558612
863 9 214858204
75 10 412417769
655 6 16921337
979 9 -849853549
712 3 687629889
968 9 615396534
735 8 -105671840
320 5 -971365016
461 6 -905402068
105 4 -72414813
372 4 104351851
818 4 683599680
454 3 -91339384
821 5 -49601255
590 4 691287259
439 9 -614643258
117 7 -525013195
777 7 449200783
531 8 599979116
167 3 -246535342
318 8 296477261
976 10 -623006109
945 1 597010457
17 4 -599406460
767 7 -752163155
174 5 -156198880
220 10 -996639191
184 7 -196812077
994 1 -420175072
788 8 -536339508
354 8 -756431474
83 5 615734845
161 8 667333149
497 1 -217387393
220 7 -734048919
471 1 -534934990
354 4 78699465
737 3 -519438563
65 1 -326019592
420 3 580970107
428 10 -856841720
273 5 248399985
546 9 837119
334 7 344802863
193 3 54064951
260 10 530066811
198 9 64319989
25 9 -933223700
978 6 -709158517
836 5 732959680
278 7 -317678926
646 6 919886775
903 2 -992058880
96 2 981162450
311 1 829587513
940 5 56022797
185 3 692872054
886 9 280198682
929 10 -736152283
584 8 492280479
862 1 -645230071
353 7 49249134
279 6 789059633
805 2 966277591
828 3 -847180145
73 2 771621335
129 8 636636385
539 2 71768651
913 10 605369122
348 6 -659277085
943 7 441125289
667 9 118969541
840 2 946329372
467 8 -281665944
145 3 377883905
979 1 -697886706
903 4 -842783060
699 7 -536107772
239 9 -769705491
783 9 -416402038
800 9 218909297
632 7 690355873
34 2 142163425
493 5 618021437
838 10 -828550101
616 7 433110893
117 4 101536050
767 1 -884442139
99 8 -771360578
293 10 -496769112
190 9 641369952
923 9 -879894159
887 1 -394699455
276 9 405505064
52 1 951374441
949 9 -142391144
774 2 -306750961
287 10 170596973
193 2 114853569
585 8 883745654
95 7 257875348
946 3 588489983
668 10 -536497217
523 4 -867672412
558 6 581697457
535 5 245806926
413 8 803273415
266 4 549925950
811 10 71650783
759 6 -29472438
942 8 -725576241
327 10 352039668
258 10 409049803
317 5 835280720
728 6 720191618
759 3 605065067
167 5 826307145
363 5 197318110
919 4 -579392967
447 6 544879313
447 2 -402260757
801 8 118499024
35 5 -564489379
87 4 -957428801
405 7 888658673
876 5 -233792441
77 6 -289464173
771 2 -308697492
200 9 -925245108
724 10 610853863
203 5 -806229806
39 6 -611674659
222 1 917517951
878 6 361426666
429 7 957723015
222 10 -663282625
341 2 -331904995
424 3 884430146
245 1 605785765
187 8 387103749
690 10 -744484914
781 6 -610341908
863 8 173190034
39 8 -560263608
841 10 93920296
60 1 117493472
616 4 817953365
21 1 -86353957
914 3 864272079
854 6 -749156088
778 7 -786265527
100 9 -810675450
513 8 323260308
542 9 683299013
24 4 233577037
65 2 774506234
756 1 -231697231
595 6 236074524
362 6 -664200648
112 4 -130057999
338 2 932436166
424 10 -753835156
300 10 215123342
881 10 868245084
55 6 -108472601
899 7 -583220817
384 3 481219598
608 8 620146780
707 6 327367227
965 9 702869596
444 3 -587157659
318 6 -423788874
794 9 561297351
874 2 532100971
746 2 788118897
816 1 -787762072
597 4 983291011
696 4 616167801
193 10 -396852352
995 1 -484659544
830 5 -984453317
777 9 181440455
190 4 935375802
420 9 -844745618
470 3 474204239
939 10 732646086
889 2 654647538
572 2 -840737623
663 5 -153336501
486 3 -44859627
997 4 887389413
126 9 -813036223
934 7 -819950696
618 7 -433314338
25 4 342540289
377 7 -159195756
359 9 834814745
541 1 -341911310
225 5 617851283
723 10 836428165
322 9 -68377911
197 1 269568668
745 6 650687611
987 3 313869700
290 6 369641475
156 5 -258649271
805 10 -942098490
521 5 642789544
226 8 251161715
351 2 -942566601
607 9 945202823
441 3 -899874307
848 3 -331683067
573 6 -510437265
483 5 869458514
227 4 -8334979
379 5 -153613344
325 8 701125107
555 3 425369193
29 2 150108006
579 3 458472155
906 3 700548773
434 7 -124015528
822 8 815128707
652 8 828548413
562 4 -625737569
89 7 -768957072
153 3 -201396264
911 1 741650769
158 7 -839236457
633 7 -116237567
751 6 -447659610
751 10 -230484329
470 1 -513328108
200 1 796116880
193 5 193087734
775 6 746499219
310 10 -233502507
536 4 207961460
797 4 -956220158
983 2 -545013757
623 4 -996844231
908 4 751689363
654 10 -360098338
738 7 464370163
429 1 421520680
476 10 -962219506
484 5 -946537959
421 6 337836674
81 1 -1673587
762 9 816469090
178 5 -683703384
472 1 955912229
205 6 -47545013
937 6 602495372
731 10 -964547066
694 5 -233610800
60 10 132768185
970 1 -511977359
256 3 848104013
331 5 -876640808
456 7 30302923
400 1 869140046
163 10 -615096491
961 4 225005919
726 4 855487653
43 9 -107655588
327 6 -431443251
110 10 908243621
264 7 -417945631
258 7 -263898873
211 3 494526624
550 1 -921943889
349 8 -167530464
48 6 -474754622
783 7 -952923377
563 2 614515060
914 10 -676088244
210 6 -129181920
219 10 598819309
638 1 -107502179
693 4 -425522587
539 3 180842767
982 8 984592865
580 9 -530234459
997 8 -163899076
168 10 -47099312
35 6 -398272955
308 5 -862103601
127 1 -770745120
719 1 -719136608
739 8 422797789
46 2 109628005
556 10 -415976911
857 2 870157923
526 5 -441058866
80 6 545452943
515 5 120209360
834 1 -45461977
822 1 -77710665
853 7 421240371
924 10 579146494
812 4 -236431651
700 2 -73991417
268 9 -530851820
678 2 -844274605
577 1 -96078469
235 9 -371855545
757 7 71580397
373 4 87161017
391 8 663020505
650 1 535237950
432 10 340056356
512 2 -709166056
260 7 491692055
598 9 933526416
989 3 440816407
710 8 221918353
424 1 452014608
589 6 -442413587
818 6 189726975
789 10 870220493
535 1 895702495
345 1 171207685
826 5 -363905866
69 10 -428384244
14 2 -143508248
381 9 -195997410
197 9 990663076
742 4 785028518
541 8 329523075
239 5 -719860431
835 5 -718822252
947 7 -31052124
299 5 307894293
803 1 -750824214
146 10 -295185091
435 1 565658788
469 7 466240614
330 3 -142510946
744 7 604162195
79 10 939884763
160 6 -919858368
856 3 -538856972
11 2 -584808949
743 8 795501089
395 10 167115075
579 2 218005521
459 8 744659600
442 4 -101362327
397 3 136526588
672 6 -476727717
989 5 -280324012
243 4 501910152
832 2 538733677
425 7 929949824
520 7 881868454
655 9 -853284924
337 4 -100193034
342 6 -914365293
497 2 -649658961
66 8 266325555
626 3 364482512
859 9 -263036118
985 3 -567482948
934 5 872815943
108 9 -514866805
634 10 -312312260
980 5 -513713007
327 5 -895839494
186 4 846115188
659 6 -714004235
208 8 -86381972
516 5 316230233
802 2 -274339952
328 4 652932469
322 3 479945626
850 6 980469474
709 7 134964079
878 3 -520659629
329 2 -714159525
990 6 832755895
454 1 706723255
603 3 -861371609
776 1 972585486
790 2 826644833
624 2 -735671042
752 9 -956618970
43 5 738587966
697 4 -132402813
617 2 60641108
536 5 -364466316
54 7 393385631
833 6 -291664409
465 2 338773720
414 4 -231974422
441 9 404943898
571 9 8402714
238 4 727011007
41 5 903270547
732 6 469009170
902 5 450554303
423 1 695377956
197 3 -131254433
791 5 565598898
248 6 -597624391
215 1 -679188648
634 8 -772759449
843 6 242208998
662 7 -61691115
836 9 -127418678
698 6 -633012911
561 10 584738692
522 4 -806424919
122 8 -588183489
133 8 -380008957
986 10 31173921
464 10 34295746
551 3 -90226927
513 10 -876406491
628 8 295405610
558 1 -676377936
564 2 923632
175 9 -431968969
480 7 -645910211
68 7 439323767
840 8 360022261
240 4 934949550
785 4 841945116
884 7 -544808210
89 6 -480354096
413 9 506722319
254 1 91085707
658 10 420990020
879 2 -892528930
131 9 703149868
350 3 -603018887
84 5 -84574019
281 5 257685868
645 3 244854743
210 4 -757186539
921 1 -34254937
682 5 279029747
355 9 -35809758
869 10 416365268
374 8 -917464462
233 7 -501712654
92 9 -47677936
749 6 666851175
187 1 537676649
951 10 -143905205
691 6 965032536
303 3 -240529405
678 7 -322818524
857 4 992433947
507 4 -567748449
799 9 -228959609
268 5 -649566071
525 8 127565453
378 6 -852378682
466 10 582468363
950 1 -696766258
852 8 554388107
15 8 733878336
56 3 -448716181
625 1 -747009604
247 1 775866387
594 10 -515597869
436 7 -869803496
336 9 -822524237
35 8 -822810517
339 9 691016382
495 1 172060049
498 3 -986894406
749 10 241346368
902 8 342868104
564 7 551968336
338 6 794168094
988 3 -784320950
733 1 -829547313
258 8 -231274752
409 7 956857296
485 2 -329339986
302 10 199567132
45 7 72625493
519 8 -742689164
754 1 80688295
3 2 35704327
535 10 976026655
170 2 143537968
7 9 -758067107
352 3 -203094827
599 8 220415377
185 9 312544298
767 2 -342922721
798 5 448915190
232 9 -179198871
209 2 425981129
896 7 235367485
99 3 652245357
417 2 970723380
837 8 491142518
865 10 -797973280
298 5 -175146027
262 5 256155037
540 4 575570663
463 1 771079432
530 2 -750181791
919 2 975305486
917 5 -827028811
465 1 -336485402
37 7 952566012
133 3 -828158277
6 3 -469866223
30 7 -693231759
908 2 564552692
681 2 130044270
792 9 -563435223
306 1 -638878472
743 9 -768567303
654 6 893991735
863 5 -886737388
523 1 570891519
811 8 5216812
432 7 -327449226
679 7 349931817
752 8 -976030164
724 4 971258519
508 9 -916292833
23 6 -115331660
157 2 713892038
852 6 938909897
899 3 -213967587
873 7 667807277
720 9 891775140
852 7 135098104
914 2 827719708
125 3 835779406
885 3 -419219237
559 8 -562530681
472 10 514944399
993 6 478070460
682 8 901613795
88 6 777673453
862 2 -12199880
613 2 425391736
837 9 191441892
912 2 478640698
444 5 -397189666
886 2 380077250
362 3 -283215066
207 4 246069605
757 5 -320137899
281 1 -823420480
548 1 -180547444
448 8 -917476702
714 2 61889327
759 7 -483265732
637 9 961600872
668 2 688251946
38 3 871166702
745 4 691476750
412 2 641414576
727 9 -932817621
158 6 -802403736
33 3 -921325799
377 6 -459294390
695 10 161798878
476 3 202755710
307 6 165435870
101 10 -497729015
34 10 -318443413
378 5 -677460691
732 3 -606355847
928 5 -974124769
753 3 743424493
711 10 871010467
968 3 -912494794
190 5 -421503067
107 9 130839416
217 4 180675482
867 10 -150653826
40 1 -638684345
218 5 -441040086
741 10 -42754242
415 10 -694512000
213 1 375712209
587 2 415962562
491 5 473544976
342 7 727526952
144 3 -113833149
289 10 -400120946
139 9 621456124
36 5 -747303110
373 6 694054024
215 10 136115282
152 8 -547692659
907 5 898949674
54 10 838854097
167 8 -742777695
115 9 675345635
458 5 145714893
689 1 670777084
181 2 -44467463
674 8 144547287
631 10 589209292
767 4 -309051075
697 10 -586354412
494 5 237902240
348 8 244962777
623 6 -803152163
174 6 867669535
626 6 -448070255
574 7 -974211234
894 1 901615641
509 3 123526135
315 3 315718334
489 5 -944338678
267 10 -257548921
20 3 487491040
245 6 824358136
218 8 721340276
950 5 -903907785
514 3 412566216
202 1 201437549
930 8 -967398982
196 2 -937025696
993 9 -33135281
883 1 -568668625
692 10 131997447
387 2 -398056623
108 2 -376547602
933 2 273498152
331 8 -527899533
9 4 231751593
118 5 -453041914
585 6 736132816
992 8 22286642
834 4 59582378
764 9 -253587394
647 2 493728316
543 7 -910676192
40 3 290495111
823 10 -653638416
121 4 -328158611
471 8 -983358932
393 9 331151274
544 4 150482731
66 2 331461397
887 9 500232209
861 1 -683077142
404 9 140914969
145 9 -62547402
530 6 -733191746
320 7 774237616
415 3 -807790482
436 2 -596536861
805 9 -458052590
275 4 -970248840
221 8 -810992515
65 8 358718386
4 2 841766133
487 6 888939701
304 4 480860536
68 1 -614431640
965 1 979639502
366 10 592652043
25 5 -644143753
896 4 32070971
827 3 482478042
847 5 736909375
180 5 724651834
731 8 144675411
466 2 -394440297
526 10 897804207
542 3 -334982793
138 7 -583749624
362 9 -142557622
711 9 854658683
782 1 720356322
408 1 -991967113
258 5 698596577
172 1 -537862084
639 5 -858353842
445 6 -864440496
929 3 708058937
12 10 485464549
81 6 -433171634
485 3 585923901
774 5 802223206
155 9 -302987692
468 9 -831518443
282 10 887788636
44 4 -657703882
722 9 -183699799
62 7 -991969915
616 1 -753385003
526 2 -796781749
394 6 43393243
513 3 -127418893
508 7 -871727455
586 9 862596279
782 7 -908993573
257 4 749933259
959 8 -820615930
700 4 -852979019
43 10 320424585
326 6 -641046908
32 1 584109176
537 2 -988163000
180 2 92269182
342 2 -874913512
794 1 137715491
632 6 -739654449
191 1 566298518
321 5 834784156
961 2 12975654
515 3 -767682545
361 9 -254114236
764 4 61415897
160 10 66170957
592 3 -225396712
590 5 -94825391
585 4 73225545
548 2 -482502796
513 7 -804206231
780 1 -626160907
519 7 -485330425
578 3 102911299
724 6 -869146499
753 8 -115754406
10 6 515455414
99 4 -789788296
201 10 859134747
736 4 113669626
776 8 290461215
492 2 850817756
203 8 460216264
771 5 591874927
402 1 774207015
549 6 -265090775
979 5 -745261888
980 7 921102999
95 4 776208536
569 9 376350700
409 4 -759959084
883 5 -404695562
598 3 370839317
141 9 372999100
447 10 335130578
815 7 209210447
36 8 729340774
560 6 808802834
148 5 712429469
473 5 473459479
631 2 -653149746
383 6 -999636553
790 3 20701014
239 10 252659316
916 10 -481343923
464 6 -469683758
856 10 -30768697
511 8 -536700438
140 9 274827784
410 5 -490403249
258 2 875394154
640 1 -529503120
566 4 -356565052
320 1 757019988
324 1 -934027399
45 2 -60434770
107 8 -998654080
671 1 59449997
735 5 382325177
400 3 620509696
534 6 499356525
609 3 -832827154
365 7 375148558
848 8 -31283065
150 3 -438978986
488 4 202153314
214 9 10222135
913 3 448670517
316 3 -98500582
115 7 787666129
840 7 -880068185
496 4 -186229316
529 2 808559721
589 8 -584434277
6 10 -81111358
26 4 -879008675
644 3 -863008664
796 2 -248359145
684 4 671386300
981 5 579934202
113 10 531242868
460 1 675586082
483 4 534126073
246 3 -61332661
622 9 126047060
545 2 -627184194
522 1 -153814281
954 3 642515666
991 5 -118243891
360 9 -476404179
754 6 -215564054
156 1 419159300
985 5 -236305505
617 5 244399962
587 6 -820465435
368 10 -393399949
338 9 -176050784
99 9 828113978
134 8 464350891
1 7 175089126
150 7 538235162
684 1 157736020
586 5 721439191
118 8 -222159550
147 3 -376775687
708 8 -283777439
77 1 -372047333
221 7 -694551410
388 4 -677540064
731 9 -305873604
302 5 109462336
22 8 -367465068
214 8 197661943
460 3 880428509
666 3 -268195613
158 3 553866341
498 10 -609194419
515 8 -89395058
250 9 481633742
162 2 -75672173
167 7 -759698113
401 4 -218044185
878 9 -495759772
312 7 315933957
334 9 -274802822
967 10 157735084
772 3 861402814
633 10 4204876
483 2 -176437984
776 5 -630212975
290 1 -972767096
566 8 661910305
321 4 -312982574
474 4 986848091
983 10 456714667
901 5 -653377240
578 1 340576723
955 6 445527436
678 9 -224371714
544 10 -830872193
39 3 -465283009
686 7 -637913436
553 7 41083279
509 6 192742737
806 6 312894739
481 5 616202591
370 7 -451221543
982 1 449690550
561 9 -571240858
7 2 840606320
285 2 -612264989
666 6 295218877
669 10 577041627
445 1 369839838
504 1 -420133420
855 2 770922402
841 3 -13718056
140 10 -549534102
6 7 -851565129
690 6 -255620154
393 8 -557045297
971 1 -981597842
550 4 709958755
620 7 -948367062
893 9 348401340
21 6 233169299
474 10 -481674003
727 8 -396218230
594 3 -720182116
651 1 298696182
846 2 177498823
847 3 137433437
818 10 -474930665
296 10 -216610879
441 7 771357096
888 7 805005212
399 7 -881204694
995 5 696516295
598 10 -958605806
824 2 188286480
392 6 370767850
474 9 -412840262
76 7 -680027799
713 10 -358419460
311 6 -256236963
706 1 722492143
283 10 -342119872
647 4 -808531949
865 6 -825493445
307 2 -582503914
443 7 887253720
269 7 360042929
715 8 735122793
382 2 -701218268
886 1 -317457563
415 6 -946859026
373 3 -291599902
698 9 -973442950
575 2 -996177789
563 5 5695182
713 8 368994906
332 4 -434759646
611 8 292522485
504 10 -928142206
430 1 -992979970
763 5 278004317
488 6 -887215946
422 2 -241569760
883 9 489056612
131 7 172148541
261 1 317196541
855 1 -88263313
272 3 -253714314
230 6 -901461354
440 8 -760028295
619 10 -47294707
805 4 986659668
833 9 745509833
846 4 -759525100
167 2 589014021
305 8 -150889381
385 1 -308228384
356 9 -333926732
238 8 338131383
521 8 982527429
75 9 145582354
105 7 -126665527
275 2 299878777
379 10 -267050839
983 7 803736323
2 3 -330051295
947 2 -247015390
861 6 -529399126
44 2 -779608770
721 5 -984868560
343 2 -664768909
252 1 607933795
103 5 436928764
141 5 226049004
609 2 849816138
781 8 -352475816
702 10 901012514
502 9 474721983
477 1 245429018
531 1 986782978
803 10 -525345627
76 5 -606235320
356 4 210233779
863 3 707996765
341 6 -998094542
5 4 922308170
103 2 542353682
714 7 -790718565
11 10 838325067
593 2 341353549
523 6 673356869
274 5 149959521
787 10 384543555
14 7 -187508370
529 5 -118351104
527 3 826400304
56 10 -458802495
219 3 964157530
106 5 438924461
914 7 832048415
45 8 -504111459
523 3 -140461618
904 4 99564907
231 1 321662456
174 3 898229911
97 10 -870762111
439 10 -468022842
820 1 -247360168
215 5 251861088
949 10 -906354682
720 6 17429833
533 8 -388967724
688 4 -35276690
236 1 -789456449
31 8 41782671
770 5 -696067815
695 5 216356576
341 1 52412847
132 7 -943953095
759 5 -477208326
518 8 703326602
227 10 15897911
399 9 811225811
747 5 -802149634
694 10 -185550311
4 1 -454713967
765 9 577239922
456 3 715868689
651 7 -141727362
78 10 -246875064
499 9 -44074169
30 8 -503305683
354 6 -905553768
116 8 848981207
576 6 -723020117
279 7 -69852398
798 10 -506681301
532 9 109601132
115 3 -326247071
414 10 481246870
700 6 494713506
106 6 608407910
524 9 -633073185
373 9 177767766
177 10 -161956857
525 5 903251485
918 10 -257760287
572 1 71748657
360 10 -770154495
193 4 -836792725
377 5 -491772580
808 7 986189838
182 4 845427398
842 8 -802450557
114 2 -847979524
363 1 455329025
337 5 -370326152
136 8 303375334
392 4 755793209
294 1 797291594
361 1 370258478
60 3 -377202681
612 1 -673035750
647 3 53979103
964 2 -563817391
374 5 -404239266
419 9 870744974
189 1 884842378
28 1 -298476620
159 4 -376295914
9 5 -46968659
624 4 -606408741
425 9 -781341768
870 1 -897295240
721 6 -214424668
461 8 -186816173
750 1 -123393005
779 7 713549608
805 3 898369357
997 1 610568372
26 9 -571171075
438 6 -539743238
235 10 982137871
634 7 -487162741
836 1 -10526890
154 3 -222042031
308 4 -243356327
18 6 995800200
404 5 857975620
725 4 884034594
157 9 -554957947
326 7 195809766
918 5 -381065875
153 7 -287017395
194 2 4572501
511 1 -731623088
499 3 -262756216
937 3 925507226
837 10 -320501840
748 1 -984276943
142 2 -150332071
700 8 805250187
329 3 466769722
530 9 -838997808
612 6 -506192160
24 10 -891026563
524 8 354123530
417 9 466869629
876 1 902512787
578 4 -992163502
178 6 -94193554
652 4 -841864073
107 7 -121554288
778 10 429649366
307 9 -650931465
301 2 -204347019
654 9 381193357
837 2 -346466856
91 4 -482358005
336 6 -430812153
515 2 -68518378
3 9 546105250
630 5 204202027
642 1 879037499
571 10 -435462085
681 10 -262479277
177 6 -27765146
872 4 385071452
936 8 209417189
295 2 -466572127
606 5 -798342878
15 5 404730577
508 3 991768417
379 1 39789331
883 6 -780306588
821 7 927094298
323 4 -433835969
761 9 -832294262
996 4 797249878
938 9 900009842
810 10 -617252778
463 4 336629270
506 7 583085720
283 8 -579683602
42 10 -462129261
123 1 246127775
354 5 233386854
854 7 604071305
588 1 -756149059
615 4 -99597951
761 1 -112286329
230 7 -993406290
224 8 639468686
949 4 -98279843
984 8 95448933
946 4 792175436
686 5 629504483
2 4 -645294476
417 7 367410516
963 3 620872455
349 3 -162308555
640 9 -522780870
430 10 -926694752
597 2 527945208
122 1 85958932
807 7 -469788849
416 5 -251441072
120 3 521546087
635 9 -696536509
964 7 99407772
930 5 259369846
977 1 -980312381
582 4 523390522
436 3 -838872867
414 5 539642843
312 8 381823174
847 4 -589005995
263 3 349365240
729 4 -130725032
817 5 -884337489
81 7 -47611709
214 7 -697340278
910 3 -854094798
289 9 495819239
746 9 -836745538
418 3 877750375
247 3 427443298
754 7 855968975
521 7 617805147
224 9 189876599
86 3 -281051628
270 3 -178388016
57 1 -135409649
164 10 462211025
963 6 458380526
140 1 90780324
169 3 -903455219
599 7 -397988696
894 3 -307418587
91 2 59344916
529 1 -886873102
412 1 -195724993
731 6 -257476794
548 9 759217897
50 7 -204875602
78 2 426047385
514 10 -5453941
587 8 870950999
587 10 606461887
78 8 -850830369
1 10 -975592140
757 1 505811276
801 1 977082926
850 4 -401063021
193 1 -874801651
294 10 -603531774
286 3 400526042
517 2 141706405
206 7 172413437
325 3 225640026
556 6 857521470
481 4 906452399
992 7 490787366
898 8 -601369762
348 2 -981181495
457 4 203220373
960 7 -678800850
57 2 -447408529
738 9 -529932469
32 9 -527779314
49 2 706056829
247 9 652529597
942 10 4109353
811 5 -757946344
368 2 -3405073
520 10 672035144
271 5 -687042412
721 8 486422105
606 9 565560112
718 6 -116879793
213 10 -587415870
978 4 372553969
117 5 861761799
413 2 676670889
957 4 815570295
776 9 648771909
523 8 742366143
117 10 577392317
175 1 74011933
285 8 -496655889
313 2 107068293
428 2 190451740
855 7 -692554794
281 6 -723474216
285 7 -500468170
724 8 -672618649
564 4 -48039856
301 4 525981526
363 7 731204018
938 2 855221976
692 5 -697714281
298 7 154366329
772 7 806814637
500 6 239763872
915 10 826876271
691 5 -361884113
923 3 583433698
777 8 80557704
606 2 -135825466
862 8 -53053296
252 6 833786679
252 10 -864760503
378 7 -256677384
2 7 211862872
632 2 717841595
67 9 117413700
229 2 325157903
340 6 725174548
19 9 93299114
635 2 -341150045
61 5 927981946
624 9 -327373582
967 6 413997663
91 9 348896026
436 8 -517088380
350 7 -144006065
62 9 581309743
584 10 -743585510
802 7 74792893
136 4 750235047
418 10 -356392025
62 1 -509743948
953 5 736796649
666 5 704711112
793 10 579514001
497 8 509442847
815 8 38357813
225 3 970998270
948 1 -484672436
434 1 409640233
883 2 374363357
790 4 523180867
188 3 943044746
815 3 -624150725
998 8 412041635
858 9 720887446
774 10 452075364
768 6 500623188
807 9 351131304
426 10 741228793
268 10 207305474
238 9 -405874134
402 6 813360190
887 5 403330657
614 10 138040837
647 10 -68641532
979 10 -728774033
72 1 505775644
786 7 438649572
378 4 -212301864
931 1 -242365584
960 10 146238770
966 1 763429347
909 6 -148846900
570 7 -663911242
500 4 920715455
489 7 247601605
559 4 -331964515
9 3 -471429300
701 10 -343538637
366 4 -824590588
355 4 7560167
612 9 -615962974
359 3 59776221
28 4 704833450
252 5 -15811650
131 8 -612576785
964 10 -338878469
808 6 606106096
466 1 -341729013
938 5 -661102797
480 3 860079186
820 9 264189890
575 4 -229977392
610 1 -442370424
133 5 561403910
959 9 -142382144
290 2 534168745
293 5 -915259856
691 3 721908961
174 2 -316738768
145 1 -424122949
382 1 -718814235
796 3 21198089
268 8 -923125150
853 2 247078863
552 9 -720586338
957 1 -708601626
152 6 -226779547
243 6 174891313
402 5 742690656
618 9 854824015
460 6 -58531395
441 10 -237822981
416 7 -540040023
928 8 -633412888
181 9 396947907
250 1 669949101
766 10 700507269
580 7 -647862171
484 1 598114262
72 3 586661932
806 9 412468496
832 9 -915273979
690 8 611004784
411 4 407852515
164 1 340817470
765 2 -182037783
358 9 -109730177
656 4 948045831
550 3 -375830410
283 1 425034410
233 3 -22819524
463 3 737604215
424 7 500053448
450 7 883568264
743 10 -110783305
666 1 -177966218
945 9 602461735
728 10 659414997
222 3 -474437362
423 10 347316987
608 9 -467017402
909 3 -991129873
366 6 -275721516
72 4 824316744
460 2 251118499
394 8 917422432
494 1 -536267824
215 6 105118326
624 5 706332329
358 8 492273839
795 9 190984673
5 8 -625467174
510 10 -670023722
234 4 -751414047
730 7 714778772
626 10 -376995970
548 4 -220856718
16 2 352656287
931 10 404781464
188 9 -34630434
458 4 424005221
719 8 -541412975
193 6 390617546
178 4 876643918
122 10 570000197
28 9 -950465553
99 7 200837199
17 1 -370504511
867 4 323404621
646 3 961849719
333 4 -253453689
208 6 -245215443
826 1 92314021
763 1 846603462
200 3 489233887
725 5 507261419
250 7 -472558477
522 7 -683960856
940 1 -4902401
367 7 855766789
1000 5 -889654393
603 6 472967936
639 7 -947744081
274 9 205838825
676 7 518709351
435 10 -515513333
79 3 -859569218
566 6 -127693752
830 4 -51901841
978 9 776165794
218 3 558876157
845 4 -867443635
494 10 658888594
205 1 -116430838
240 3 679898127
701 8 -384370548
133 10 566350855
833 8 163401979
597 6 158614912
87 2 874222796
195 9 -645871857
934 10 -4977070
753 1 -785578711
421 9 563095132
92 6 832068573
357 3 -689008073
269 10 495558161
461 4 -860180481
213 9 144709161
92 4 -2359708
907 8 776045628
126 2 -410590812
397 4 -268867859
469 3 468492036
674 4 -672386354
309 10 -369499364
292 3 153545114
431 4 871775226
255 7 -622710090
941 4 514969102
950 10 972272587
69 5 59478198
138 3 773165932
759 4 466373224
370 1 -239581129
287 6 234482000
186 2 971587201
637 10 351739516
616 8 -633603088
334 6 -635640086
180 8 -842262955
896 3 873476952
660 9 -424167252
502 4 438414413
804 4 343594673
267 7 439693341
724 2 -71466194
920 7 -789118277
410 4 -63582811
346 7 114028235
925 2 -88388199
582 8 -574235554
237 5 -989041652
635 5 -783282508
799 7 -646344429
889 10 -37785416
329 4 6428706
285 5 48108598
921 6 -186020269
432 1 236345254
461 3 415230761
27 4 -203516917
772 8 358240186
995 2 68372887
288 7 600585157
79 7 324226411
528 6 877733000
147 9 -731406747
385 4 968239572
430 9 151325272
231 6 387889429
160 9 -817324661
212 6 965148161
900 10 675828552
180 9 -697433559
335 5 764166679
927 2 -160128478
798 7 436580923
410 3 -719524764
336 4 685215747
895 10 259371938
425 6 507991047
674 7 -735961007
390 1 -261933136
786 6 324821673
892 8 81178277
680 8 -86097485
145 2 -757312058
590 3 311897983
359 10 -326464581
107 5 -477839732
553 6 -7183707
912 8 -600609776
176 3 -98320850
844 2 666200598
479 9 893959634
375 5 -131241158
652 2 -32421701
893 8 865326230
525 2 119899120
383 3 -867949294
872 7 -908395417
311 4 397874906
550 10 751647153
184 2 -132403500
206 2 883441970
254 9 59520031
925 6 785650700
433 10 -98423410
367 1 -562722537
321 7 86383569
67 3 566339242
806 8 -370469922
973 4 333037668
815 4 419366621
866 9 -139882531
25 2 -565752209
171 8 695056642
999 1 126032947
632 9 -604780838
537 6 174619492
834 10 737291272
461 1 365886438
958 9 80736743
871 1 607816305
657 10 -3485710
36 9 204063422
49 3 -20762492
562 8 -590638591
492 7 424643408
264 6 210824074
524 3 826272576
332 5 477274097
219 6 280625717
73 7 -490087966
539 5 15928870
178 2 -214400231
507 5 411086389
642 5 -981809481
792 1 -468568248
208 10 -518124206
899 10 316589460
376 9 711466495
426 3 -526666973
127 7 -306105969
939 3 -833802735
849 3 509184257
560 2 927911514
683 2 326986063
344 5 -387809630
620 4 -25064351
396 10 306701753
927 3 450713098
251 9 97439056
676 2 -764867399
376 4 632236788
455 1 -494399424
2 10 -118573545
560 7 13529941
703 5 -60985903
194 9 554657647
68 6 921915930
706 9 171545127
488 1 -75638884
778 1 -735807510
823 4 -751577097
375 2 832113274
602 1 -471569550
697 1 471220046
433 6 -322612091
99 2 -837201731
153 1 271795712
688 1 -921919056
517 10 550801201
982 4 -152606335
645 1 224174258
50 3 -993757519
507 6 942430434
600 9 321872666
59 9 578895833
268 6 695873726
944 8 465361281
785 3 -506666604
489 10 837096938
181 7 200150163
330 9 -149676100
460 10 -566644577
48 4 839259801
429 9 859413910
303 7 405017935
486 4 468538897
673 6 -432522637
401 6 265419459
567 2 -505899372
904 9 722338854
965 7 -696378871
695 2 357313367
80 1 50034243
126 10 -402153439
187 10 -864535589
612 4 -132998693
636 2 -771753980
102 8 941994867
653 9 680747840
878 7 151640216
625 8 -53810083
572 9 644717797
676 5 -481260787
195 10 481889297
55 3 485645252
852 2 -263403812
729 7 436314406
669 3 302049534
762 3 596127251
188 10 -299166257
976 6 813473818
128 3 -804009909
789 7 682846925
342 4 -975663585
790 7 712542668
604 3 -756094528
838 1 -950445133
693 10 -826399823
52 9 27594751
355 1 -655101951
471 2 99150002
86 1 -185218933
464 8 183555734
832 8 215129054
357 9 633861611
593 1 648188937
870 10 -235892609
495 4 -774277529
814 2 -670357883
509 4 -979423346
29 4 522059243
199 6 -450471842
508 4 -317590352
17 2 784372038
986 8 180628021
853 10 -464331418
741 5 -126153985
136 9 755722226
182 10 337557059
451 6 -981667892
356 1 249789508
531 3 -711372192
118 9 -230611704
51 2 -967557747
65 7 -816767611
250 4 -531011401
962 4 -14740284
304 3 -181224033
702 3 -842962318
243 7 -33480897
197 8 -634018218
725 1 -851945057
588 2 839898948
77 7 -954799970
977 2 -225514869
459 4 -951680187
82 1 -912143685
530 1 -823757963
975 5 730788090
712 10 289318956
681 5 670921798
693 3 778511813
919 5 773756008
379 2 381788076
296 6 -976142954
501 4 902149148
223 1 542254330
327 3 363683608
683 10 -180511976
953 10 275020305
694 9 125112485
498 1 956563283
90 5 937894992
388 6 641230232
793 2 -288304125
837 3 895658730
315 9 -839034059
694 6 407504159
989 1 791818051
591 3 904575216
55 8 988949240
462 8 797702394
806 1 303561637
397 6 902886505
256 6 -1279975
431 3 -919873620
293 2 -139466443
495 8 243857719
965 10 -679498862
883 8 -403193456
111 8 667684781
540 6 562950330
44 5 269396422
294 3 592424205
841 1 637021275
12 3 847843141
169 6 76316635
962 8 794376681
735 9 -823913122
818 2 699209115
227 2 12749127
334 4 -853669209
510 7 -904851073
853 5 231237025
29 5 499334630
277 8 -724140204
316 10 -348934838
316 9 -41858306
166 1 311507793
186 6 749465140
58 10 -496636564
473 7 -125223721
635 7 -599818583
585 9 498816865
213 3 -928154977
170 3 -566282295
563 3 818366575
869 1 39950133
251 1 -678191532
349 7 -202580395
804 7 751072800
445 8 -224408454
556 4 -559949121
27 6 -553862812
935 9 -840014938
603 5 -820748051
387 3 -204944861
700 1 -514852390
217 6 -3721987
144 4 662434330
298 3 840674899
1 4 -216000151
680 7 513738713
743 7 -536719953
689 4 -600551737
63 7 -213162983
726 8 -891831890
532 8 880572223
701 6 10749740
498 5 995078094
911 9 513687813
306 9 -97425537
435 2 69072572
240 2 118194328
656 1 903689514
528 3 73495601
762 8 -232432466
691 1 250985040
42 4 -2924531
422 10 -660805205
257 10 250483010
882 4 -899569126
398 6 664477424
983 9 -473531629
797 9 745041545
242 9 408982102
53 9 468947422
912 3 -552100625
141 1 769267640
485 9 -420758834
270 9 939729775
833 7 -388699502
287 4 450511755
818 9 896732012
608 4 -203655938
765 4 225909930
313 10 265881215
439 5 262326823
719 10 -32865095
675 5 921401882
670 4 94969486
354 1 -464646089
620 3 -819770233
93 3 140697362
169 5 911702217
740 1 -40005782
166 2 -220542957
643 8 -915269515
182 7 -281187680
380 9 24274503
759 8 -786738063
739 2 790353351
119 7 302558613
550 2 99223379
366 8 -238850437
898 4 757216347
884 9 -830916790
79 4 465238029
735 7 -324899441
494 6 -852913569
596 5 -811224439
364 10 782883800
932 8 301958727
827 4 -500997267
224 7 -74062857
748 5 14127711
576 9 -381172630
398 9 137970281
396 7 557203736
313 9 -425438999
787 7 -487234516
272 7 888315566
241 3 142328274
777 10 629433295
518 1 -879057645
996 7 -493048862
503 3 -151289628
639 10 -750993819
399 2 282628539
391 3 -570617048
945 8 -257826213
661 9 -698691824
332 3 210776712
809 9 414116999
427 3 676197064
74 8 -346580078
875 2 310779088
88 3 836259331
145 6 -233518494
292 7 353197501
123 4 -553052339
689 3 756862325
962 9 -56002613
306 10 -693684232
142 8 180934802
54 6 -770747095
699 10 307169270
33 4 878222757
827 2 792498741
874 8 -647451300
626 8 54589693
577 10 -944579241
564 10 -673081934
396 4 -601478216
47 8 -108587535
142 6 173424851
145 5 689167358
48 5 -497850947
707 10 -200376037
497 6 -693506280
689 5 -206708718
509 8 629731844
795 5 -384544962
683 5 411912953
550 6 820685457
828 1 181569458
438 1 951760697
428 9 -861832112
823 9 -933335463
636 6 -321992208
156 3 -524003743
954 1 353609500
651 10 -262197531
887 4 -351728473
104 9 706032398
966 2 -812567763
751 5 -138333687
734 1 -965992480
409 3 576643807
418 6 -124606258
667 4 -141657928
613 5 -279862923
990 10 -524504780
860 8 -474143214
386 5 688394311
621 10 -552049498
532 4 670918955
338 4 375078081
405 3 -299332913
226 2 -687197787
264 8 810729465
969 10 225130179
117 9 144306227
658 9 624975281
635 3 746389550
896 5 887174057
67 5 36746378
974 3 -509265107
185 10 -718186253
590 6 403158432
833 3 -989078446
708 9 147341030
241 7 185873111
294 7 -247721076
671 5 727420826
270 8 -64737802
736 3 -524349236
864 4 -300512963
509 9 -815413853
228 3 -707597056
518 4 -263417297
232 2 200363433
63 8 668642015
125 5 -295595004
409 10 -908920023
311 5 483932006
488 7 -860779941
190 6 295575705
752 6 113334221
349 4 -870600887
254 6 -463205962
851 6 -208973521
90 8 -412617203
579 4 244951040
669 9 709341879
633 8 -764661250
492 6 807187300
916 3 800316870
118 7 -570606702
112 6 -811543957
689 2 -458213310
581 5 -161938835
596 7 715556459
298 6 -123714825
757 4 -850402137
205 5 -525572088
191 3 757910867
857 7 49459619
462 1 262583751
85 7 -594767588
275 7 725733594
579 5 716204264
946 8 -104083976
746 7 264192500
371 8 -420581568
829 10 -869720691
20 8 -615245574
696 7 -246209947
713 3 204431122
128 4 -726028186
64 2 815543544
304 8 41440620
969 3 -197485317
116 9 -200346456
555 6 107261277
118 1 -613488467
979 2 859433511
496 5 691264033
192 7 712823023
285 9 690628359
222 2 929991580
774 6 -189666
20 6 -352442006
739 10 -210987777
214 2 -787146591
123 8 966061948
77 9 -447634109
972 7 304772554
889 8 527757164
898 10 144862402
143 6 -693178107
272 4 860611390
737 2 633979648
49 6 -572522841
418 1 -524825762
275 1 -844635288
74 3 39089066
386 9 33080284
29 1 -275774221
535 4 -723606423
402 8 -479408360
896 2 -544726830
142 5 -996851851
296 3 -928451786
646 10 919854710
518 6 43622575
849 2 742673745
500 1 128673435
667 8 -758083424
928 7 934150172
139 3 303916045
445 10 110980593
476 4 -503087084
452 9 73758541
702 7 -991412362
358 7 234910795
201 4 797560411
600 4 -236862980
967 4 920137486
648 1 -957688764
163 3 -455779723
523 10 235070220
641 3 -485093129
848 1 132148942
152 3 -669455074
330 5 -839783828
842 9 35445242
133 6 900152558
332 7 63730339
430 4 418054663
502 3 -261574981
832 10 341371336
470 5 387870587
906 4 657311145
886 7 -68101397
270 4 908747901
572 8 961918873
573 2 362292777
717 10 193400485
307 7 489307305
998 10 -322041290
136 5 -74456262
708 1 884138095
813 10 -515045295
319 1 963119666
769 1 710643923
384 10 -690942458
517 5 -710814336
849 1 985974273
778 9 -231985193
308 1 -915609690
402 10 -289790995
573 3 482769547
589 5 -313164815
839 8 -862703180
737 8 -980427411
450 5 -822895946
467 3 956806814
969 4 807471243
789 9 399429629
15 6 -341969189
185 2 182889422
199 3 338956977
431 2 -445119302
332 2 22030767
229 8 34671924
206 5 -967527583
323 10 -906400307
498 7 -370518714
399 10 975617342
339 2 -439726457
880 3 161288247
712 2 64984342
223 9 -904463891
371 4 -895280799
254 5 -277398310
123 10 437803890
663 9 866695476
869 3 -33084918
627 3 -304739208
166 7 -582301165
785 7 912076509
81 8 825941779
903 3 650732011
390 9 -791241530
478 2 672782693
889 3 218086249
519 1 -692191748
125 6 -826529284
391 6 818429833
56 7 846244498
639 9 -421154984
924 5 127237120
912 6 -333798736
149 6 -492043620
428 7 -179099276
390 2 -160296702
923 5 298487775
932 2 -240696437
597 7 630026085
475 2 -126033072
399 3 326877965
740 5 -718497537
684 7 -919596868
181 4 -126039577
960 9 484559178
327 2 -484118147
555 7 948532001
697 9 15514950
765 1 209842244
221 4 -177972006
307 8 90878997
569 5 -85835532
490 3 -504663218
562 5 -965380935
711 8 -784208080
570 4 916866343
918 7 -289281904
648 2 -728616797
650 6 -824391205
604 8 374706927
111 4 -314166814
526 3 271352819
278 1 -935142527
440 10 754058964
920 5 141344495
454 5 -239806381
272 10 362844766
452 5 542598552
709 2 130810889
838 6 87823186
441 6 -226098769
70 1 115860789
445 7 366349462
17 7 510580484
803 7 853539666
822 2 417565844
864 8 890760884
739 1 664740350
878 2 876021617
981 6 -163809196
256 5 -438193530
131 5 -270099771
846 10 76543020
399 5 762892905
317 4 -167385844
229 10 -501021908
263 10 504671635
260 5 372630865
305 7 313989524
526 7 360044325
119 4 857710081
585 3 -426760977
278 2 845090503
794 2 -340787062
376 5 265580557
453 10 -219495664
362 1 20435507
629 9 -749727632
15 9 -873066925
377 2 -97603563
4 8 -189815885
566 1 -362316542
556 3 -913327482
330 4 -103136983
293 6 -793650440
28 5 725764584
18 4 167429540
918 1 812912588
277 2 -593004039
873 5 -595425077
435 9 921297139
917 3 472812568
912 4 773397908
962 5 -201640453
695 8 -168874231
985 2 -182610739
371 5 190500835
576 3 716119498
943 10 12613010
443 1 -230825531
449 9 -440292727
737 7 -892823206
617 3 -22894567
856 7 111821358
825 10 654867724
479 5 677970468
98 10 716339060
196 3 -546520657
1000 2 -783769544
588 4 -782981100
977 5 293139483
306 7 396826555
534 7 714189795
634 4 230760831
246 10 -26059825
37 9 -607141245
684 9 49937851
760 5 -647127518
494 7 42969442
681 1 987088723
850 7 -517348626
591 7 -833044774
345 2 241133657
405 10 225275500
469 6 -410725949
504 5 -195545955
636 1 273042960
669 8 114261256
68 9 -773989286
658 2 -692063890
206 9 29828633
170 9 317453035
891 10 54696762
675 6 493723554
477 6 32691015
238 1 905670723
109 8 -906582568
103 10 -46457553
853 9 -231406110
935 1 471429558
245 2 157660078
674 6 -118833998
636 4 -494754911
766 4 -522914056
205 3 -236784341
205 9 -513292270
647 6 -967268400
76 3 971716383
161 4 -663862562
63 5 -326572982
607 4 67209714
187 9 -72389629
331 6 989984622
113 8 -387471349
1 1 372324405
419 6 -169357542
712 4 56491761
122 9 877500041
880 2 -464758587
616 9 531658207
138 9 -287341304
491 9 860802725
404 1 -654583070
139 1 946242143
552 4 -787584224
300 1 73064784
208 1 547059273
292 9 521225163
631 9 987861141
944 5 -537453094
393 4 369765122
480 10 -140560874
299 8 200852124
904 3 767879393
2 1 -350685818
933 9 -742473984
318 2 379622366
559 3 824721945
604 7 70191062
346 10 -355490971
981 3 316119866
923 10 -583012327
272 6 -217899395
933 6 688034755
881 5 395594661
985 7 624325331
426 7 -539940485
604 1 -527104104
380 3 -158046238
187 5 454658075
125 8 892465139
585 10 -990630376
159 8 469389911
209 7 -510390746
596 8 -369805557
950 3 -792758808
14 4 -781297002
38 6 -758382863
630 9 844508506
13 4 -913384689
973 6 292749526
212 3 -96882859
782 5 -782786972
292 4 514497614
458 8 -271503405
621 2 126082849
733 10 -92525571
725 9 61022390
430 6 43685664
635 8 603822182
380 8 -997992292
915 1 -925762047
536 3 -148840004
413 1 -18813328
68 8 -877970177
160 5 39750547
395 6 -16059670
231 3 -36611007
135 2 -443584667
914 8 876305585
392 7 222669368
786 10 769156625
726 5 97329182
137 8 869961965
745 8 -942441327
582 10 662724208
605 10 -750981687
474 6 -603045167
754 4 -374762356
928 6 -717799108
652 1 282279877
381 1 -3145649
888 2 146514333
521 9 150679821
589 1 -830501954
411 3 -295828471
356 7 -442355683
820 10 -782833845
514 7 -435360469
479 3 523367768
865 4 -489089320
327 9 -578654217
171 3 -970703739
544 8 -948354249
918 8 -284559937
529 3 210944795
630 3 -563488880
710 2 -345327725
357 7 966483686
273 4 -53277395
314 6 126900785
19 1 239007754
61 9 815830178
