10 1000 239
3 618 21306289
6 374 323189783
2 609 -936466178
7 274 -111155349
4 432 633717300
6 674 -547523839
4 458 -318461709
8 799 634907172
3 371 -754248890
7 609 -865804740
9 614 -841787004
9 843 697859625
1 93 -934425171
6 430 971197207
6 418 -389687176
5 729 873037668
7 748 -790350971
4 304 -907281628
4 989 -967799626
6 435 681476820
10 499 -156737235
4 65 -46105759
6 483 -301914095
8 661 76933423
8 494 412785364
9 369 4738479
4 549 -544831481
3 657 856484018
8 855 -129192093
9 641 -543301205
2 302 159610304
6 730 -675732882
7 870 220951624
1 434 309578503
4 326 -79727404
5 643 973452950
2 930 -59824705
4 942 -735930172
1 41 313708520
4 736 -601202015
9 691 942880104
4 820 -365499921
4 487 952760507
4 690 956385751
8 202 680863157
5 111 319498176
8 931 508932898
2 589 679206420
5 374 283015753
7 460 528290768
3 633 125517241
3 857 719301571
9 823 -550188872
8 627 102222110
8 28 -768950203
10 423 713006862
8 498 133411410
4 803 401067690
8 462 -291050750
8 955 448032557
9 15 251633355
3 5 -431946858
9 356 -485929513
9 671 -698222243
8 972 -372869242
7 414 -855778967
8 283 706439873
4 837 67428245
10 831 141820152
6 349 827814744
8 755 285087585
3 441 -857740255
10 35 559047931
3 916 -244350298
4 143 899499312
9 182 -263588976
5 91 516543162
2 995 459822700
6 607 -441095755
10 525 -309478969
10 900 -335344242
6 396 160967114
7 536 125721934
6 651 696439445
6 122 890633526
5 278 -147534012
7 928 97265610
3 722 -520156368
3 544 -316304383
4 17 944020826
10 969 -529906689
2 29 563776765
10 400 748457523
1 909 512526538
7 263 -94101229
8 919 203587112
2 14 947356317
2 222 -81001092
8 953 239740635
1 552 -157698102
3 166 381722051
5 182 -650697118
4 965 918173098
5 234 389410527
2 517 -604147460
7 16 440006960
6 658 768476340
6 758 212019625
3 148 949392942
3 961 517910940
9 589 -528818766
4 169 -502168253
8 843 642782527
7 726 -453729268
5 478 -781830006
10 476 884753102
2 859 -377719731
3 235 952858820
9 25 -454651340
10 787 -999377943
8 970 -699838328
6 423 -70823430
2 949 -235207718
7 352 -348654713
2 770 -787332212
7 629 -483396462
9 918 95864679
6 919 -426665195
4 448 -579040680
3 570 -480390660
10 37 942470228
3 210 -168242321
2 888 -731039377
5 579 -611380326
6 924 -152354525
2 37 -793956253
7 262 -435326466
2 655 594356138
1 357 773749628
8 305 -495241048
1 532 -48921134
1 343 561944587
5 794 -251825373
7 579 -863729204
5 249 636823032
8 51 -248635019
5 749 -165988058
5 452 235481564
4 126 -464479272
10 790 429124224
6 8 945471208
6 361 -275708564
6 800 -141224186
5 398 -421274836
10 219 194446224
8 274 -849270903
6 891 -566549719
5 663 -673883265
9 507 16598312
4 356 -684161009
8 660 -68118533
2 615 154602236
4 703 -52767791
7 89 458731875
9 332 546006520
8 634 687279681
6 443 127294019
5 509 -267037009
9 922 875634757
7 926 -916650392
8 159 264885690
2 978 -2694052
6 839 -845713481
5 846 -233943445
2 567 -220189239
7 283 578796431
2 378 281381000
3 785 -173838999
5 338 -845741059
6 282 417236999
7 439 -510140914
10 160 626132368
1 155 -127520351
5 591 749441167
5 491 609989581
5 529 -997592298
2 623 -692487191
6 268 405681533
5 79 -542440911
5 445 -249345446
6 40 -733068650
9 179 55228177
8 144 891809672
6 504 -657132151
5 75 -850316081
6 149 -634000616
3 477 753770698
10 276 322132420
6 650 -172439030
1 843 -716143674
3 202 47455474
10 934 427256522
7 546 -687990766
3 436 -227313375
4 160 408868790
7 54 -458783906
2 638 -114905803
10 747 -475709738
5 954 313849523
4 713 967255723
6 556 278055085
8 520 -977316097
6 776 508029868
1 984 245240064
1 229 -13696840
4 581 -209450246
1 30 -754542837
2 104 330999020
4 896 -144424089
9 552 684223698
9 412 -282152609
6 594 -559413362
5 141 -673346194
10 822 -19475884
9 549 577167590
8 290 -986880357
7 700 873875354
3 204 -958649478
9 289 -74424970
6 218 -979776867
2 646 236191951
9 29 -444985322
8 309 -7258223
5 351 267651513
1 88 -531437016
6 353 857332016
8 905 -610106026
1 273 -204073478
9 197 983858607
