1000 5 200
36 1 980791722
260 5 943335910
706 5 438957762
417 3 -309397657
120 2 -618701630
428 1 385420776
550 4 -515950317
668 2 -124438060
592 1 -417454836
728 3 -864716870
411 4 306525577
396 1 478705292
433 5 293034979
737 3 -670575494
75 3 -571824656
62 3 701514545
990 4 -662479598
809 4 -457445404
193 1 877568898
506 2 -371284203
253 5 4427409
954 4 -400706268
589 1 736607800
192 1 -671494157
833 2 679437575
540 2 85502669
13 3 -937584767
31 2 -882117136
647 3 33344226
962 5 -922720143
937 5 380611214
765 5 599459909
330 3 101765526
195 2 873702395
20 3 606031919
868 1 853496782
985 2 501780289
867 2 679034112
247 4 552950694
585 2 411945708
390 2 -434060434
817 5 -348980018
768 4 -218030844
861 3 773447682
744 2 341853085
913 1 169563326
149 3 -853013701
502 3 19235241
912 2 -718080648
666 5 392851007
387 5 707724935
829 3 -825116003
901 5 -965372476
263 5 -475211876
556 2 -92330047
464 4 -722711966
178 5 426417015
271 5 553189767
535 4 -933075354
998 1 -205352974
533 2 548751808
958 4 64544318
606 5 -191643536
813 5 -950098268
836 1 -814626778
588 1 832843290
133 2 -295591515
643 2 -335436917
369 2 75423270
917 2 675534531
287 1 40525050
964 1 333370464
275 1 382775702
69 1 -86838689
28 1 964985380
907 5 207166710
814 4 -113009018
370 4 -164443457
26 1 -636137083
280 4 365159391
952 4 200878547
401 5 852023627
784 3 -467008024
177 2 485143779
813 3 -11437000
336 3 615111995
315 5 -336001568
817 4 -553495080
531 2 896361887
450 5 -986734138
20 5 -466766626
507 1 -588810738
899 4 256625122
480 4 -736439159
382 3 -257681080
745 1 228981232
125 4 -948609454
285 4 62856312
586 2 -24278451
866 4 713499138
707 5 115238886
447 2 977430794
93 2 -72369603
813 4 993674813
859 3 -765950147
195 4 -293999257
478 1 993999857
849 1 -486652625
439 4 -36246609
200 2 -406001064
931 4 864122030
351 2 -226385555
70 1 618239679
120 5 636829383
843 1 981929862
532 2 614892404
506 1 800046650
804 1 967423237
579 4 -191657389
130 2 -345411149
418 3 -620269838
415 2 384179744
299 1 493115637
821 5 717457261
120 4 679038681
80 3 -102131074
496 4 -363633186
928 3 -790492828
802 4 341923578
2 2 492366325
418 1 -659811519
704 1 169397398
547 4 -103154915
614 3 107566205
582 5 167690392
758 2 -928384604
425 3 762901007
430 1 481220176
803 4 372869923
976 5 745813246
414 5 817700601
121 2 -179026120
126 1 313190848
366 3 -782099462
874 4 -84534629
572 1 -311667279
416 3 138890480
87 4 -881733697
629 5 68747850
509 5 -451254256
269 1 653121310
491 5 97386144
159 3 323967036
664 2 -742233961
693 1 382194207
560 4 125669024
522 4 782967866
812 4 -161821054
477 4 453972429
568 1 81536973
581 5 199934917
916 4 72308495
356 3 -875157498
935 5 649342381
977 3 -972884921
553 4 -257475548
329 4 -336303093
559 4 761164227
869 5 738722896
60 4 -108467437
562 4 22553437
870 3 259338978
516 4 -313429953
319 5 899678856
932 3 733089447
429 1 -513227324
484 4 -416935338
772 4 789403116
415 5 892366787
985 1 430525953
78 3 -898692831
754 1 961142878
417 5 -227353551
836 4 997950361
603 4 -977120046
964 4 -131329969
9 2 -882730056
259 5 -554953199
691 3 803837576
451 3 -147844645
123 4 -214612525
423 3 -904897629
86 4 -387834118
122 3 685794760
177 1 560347245
734 2 -753294467
509 1 175655236
984 5 665103280
582 3 -952591830
209 4 -5851162
