76
309443140 474001921
309443140 740873602
309443140 581622154
309443140 353376528
309443140 43057552
309443140 292794003
309443140 137648533
309443140 323167642
309443140 358858013
309443140 812373149
309443140 966463007
309443140 806729122
309443140 686948389
309443140 748223911
309443140 536791208
309443140 617873191
309443140 418695975
309443140 18940839
309443140 716860587
309443140 765229102
309443140 375533870
309443140 774422704
309443140 221577265
309443140 880692014
309443140 534713651
309443140 380181428
309443140 474462332
309443140 444935735
309443140 281750843
309443140 625438524
309443140 698787900
309443140 148220348
309443140 937982015
309443140 971250240
309443140 768461378
309443140 106401346
309443140 711578691
309443140 995274179
309443140 43029574
309443140 699057095
309443140 146753992
309443140 414896198
309443140 35441226
309443140 502324426
309443140 45201100
309443140 84176205
309443140 78438345
309443140 83055055
309443140 120430928
309443140 429380687
309443140 769486802
309443140 919318468
309443140 221363410
309443140 349344213
309443140 739248462
309443140 411452505
309443140 550688346
309443140 494803929
309443140 567117913
309443140 108842717
309443140 147014110
309443140 581656415
309443140 3732450
309443140 611048162
309443140 129659362
309443140 222833893
309443140 64974182
309443140 750786151
309443140 389485928
309443140 779713131
309443140 114046699
309443140 542111979
309443140 332994032
309443140 12247544
309443140 847587961
309443140 253346556
