80
495333526 98212304
464748932 8004749
536551146 273873709
464748932 31951326
464748932 185047637
464748932 923035898
464748932 764992673
464748932 972845416
464748932 106507707
464748932 63419013
464748932 55709547
464748932 930146626
464748932 718698342
464748932 867257702
464748932 369033506
464748932 733458257
464748932 55822862
888464929 883579516
464748932 917188681
464748932 259251338
464748932 380814231
464748932 181489703
464748932 345781555
464748932 512626766
464748932 764460576
464748932 64855023
464748932 958127349
464748932 611122589
464748932 727894564
464748932 265124031
103453829 325013751
464748932 233131395
464748932 334750040
42934982 520366848
464748932 379293082
464748932 736600552
464748932 376418760
464748932 312381364
464748932 806507808
464748932 208955557
464748932 344231047
464748932 604456654
464748932 974733850
464748932 130255356
464748932 786912910
464748932 109595759
464748932 168218773
464748932 432461954
464748932 375400473
464748932 519788249
464748932 944103280
464748932 509949409
464748932 123761006
464748932 152074799
464748932 290193646
464748932 737997652
464748932 942167291
355025235 586517175
298193778 952762121
464748932 350765693
464748932 424352687
464748932 907802489
464748932 146233853
464748932 132487158
464748932 53098875
464748932 987311633
464748932 719159353
464748932 127351712
464748932 31990251
464748932 927312540
464748932 139873861
464748932 268541702
464748932 336305596
464748932 147392393
676444301 844353108
464748932 399290127
464748932 86248386
464748932 95502216
464748932 508703889
464748932 64204631
