75
694701373 928684075
694701373 708131343
694701373 795527275
80828333 963281246
694701373 671777851
694701373 138853180
694701373 350413195
78644494 986577010
694701373 662462028
694701373 906619640
694701373 223803658
694701373 217010835
694701373 909632374
694701373 210866250
694701373 636737268
694701373 18139469
694701373 578615530
694701373 749882460
694701373 842552292
694701373 288962099
694701373 79176911
694701373 128024818
98085529 739059403
694701373 81680122
694701373 926998347
694701373 204883415
694701373 313251744
694701373 936028716
694701373 245193817
694701373 833238391
694701373 651887369
694701373 829413027
449991889 513817854
694701373 558593870
694701373 360597650
694701373 742434402
694701373 103235806
226188735 215418329
694701373 143411288
694701373 949738695
694701373 701511141
694701373 671637855
694701373 498996414
694701373 823487988
837003229 561619063
694701373 611742049
694701373 363348841
694701373 448947433
694701373 496804095
694701373 81134540
694701373 74340603
694701373 174550839
694701373 911950645
694701373 603618844
694701373 721892306
528240457 904966269
694701373 800591351
694701373 692657007
694701373 779418505
694701373 812927708
694701373 387791003
694701373 765893349
694701373 136428825
694701373 449882043
694701373 661932428
694701373 560083438
694701373 741700894
694701373 369672186
694701373 148222918
694701373 687220800
694701373 424638551
694701373 999304956
694701373 506821080
694701373 424170230
694701373 480408647
