50
743087741 909545215
120428257 394705367
129227256 909545215
120428257 488702422
387360477 909545215
120428257 486575305
120428257 118168799
120428257 901409241
596194770 909545215
494185299 909545215
120428257 109844730
836382893 909545215
963230989 909545215
120428257 384773385
878636679 909545215
102627150 909545215
404189311 909545215
120428257 300793193
120428257 374273453
734064276 909545215
468604459 909545215
120428257 631664462
120428257 114096101
120428257 184460108
77967175 909545215
120428257 252263555
120428257 920717358
772894501 909545215
120428257 913590146
120428257 155809615
510029712 909545215
120428257 811029834
120428257 394505109
120428257 979248354
711186419 909545215
120428257 582039656
509345954 909545215
543855254 909545215
893969984 909545215
120428257 429787640
120428257 230450524
207362789 909545215
120428257 273780932
408171798 909545215
719740029 909545215
188323581 909545215
120428257 244687417
30877347 909545215
575124309 909545215
792134143 909545215
