70
400958715 32391060
400958715 489865619
192419720 974393044
400958715 453215121
361456393 974393044
400958715 802385498
400958715 803070475
400958715 551491789
591698045 974393044
400958715 460742436
400958715 643092439
471370934 974393044
400958715 273093375
400958715 312444069
964296359 974393044
400958715 904424301
400958715 216077107
460763763 974393044
400958715 976050497
762990913 974393044
400958715 132969207
463672315 974393044
82693250 974393044
46950171 974393044
183319764 974393044
400958715 229587249
400958715 182289778
520262977 974393044
140083828 974393044
331460530 974393044
400958715 625926805
400958715 478756509
400958715 243980971
741988027 974393044
755424747 974393044
914025224 974393044
400958715 860013198
195988980 974393044
400958715 950143216
400958715 601697231
400958715 498395405
400958715 579250857
65860237 974393044
400958715 127095656
286018846 974393044
243801424 974393044
784807997 974393044
805776760 974393044
398993836 974393044
400958715 172921315
400958715 557952038
400958715 113982558
400958715 942885206
400958715 207708925
870858770 974393044
400958715 564550420
400958715 765984910
400958715 911307672
400958715 806787942
400958715 839591482
676228902 974393044
400958715 253609289
400958715 706388754
400958715 375895794
158195796 974393044
400958715 713128099
400958715 375163528
400958715 576225264
400958715 265176358
400958715 493865850
