80
800907482 587793912
150756696 587793912
167619280 359770564
167619280 353538388
167619280 409742182
167619280 834323102
394723415 587793912
167619280 518964694
811199722 587793912
26758239 587793912
147758470 587793912
167619280 736986794
167619280 598579240
167619280 470444354
554954584 587793912
323808566 587793912
167619280 224928712
694612114 587793912
748409689 587793912
567681001 587793912
167619280 664034705
167619280 827514887
167619280 473072739
167619280 59199296
167619280 283865242
167619280 718553823
167619280 516751344
167619280 833072748
847225433 587793912
167619280 910844088
167619280 136790357
241434376 587793912
12425349 587793912
167619280 240074410
13027720 587793912
508674040 587793912
167619280 121669514
167619280 665068493
632894687 587793912
167619280 327174906
839388177 587793912
167619280 26249803
27097981 587793912
662497722 587793912
167619280 421402632
167619280 9014789
167619280 440183813
167619280 707361568
167619280 821624804
986923441 587793912
167619280 672442492
325657185 587793912
890213109 587793912
167619280 825396446
109956846 587793912
167619280 938250439
167619280 739132924
52996433 587793912
749276250 587793912
605997645 587793912
167619280 819364424
283798849 587793912
167619280 683309512
810259347 587793912
411498368 587793912
286680135 587793912
167619280 638795171
167619280 667258318
167619280 296651511
167619280 969265606
167619280 992193622
167619280 948904673
167619280 562474090
951309645 587793912
167619280 543727438
167619280 758059248
777279608 587793912
133127674 587793912
167619280 952875963
167619280 592883824
