74
909776314 833617009
441508180 833617009
335763465 340370720
536700392 833617009
335763465 284936735
28049963 833617009
201831573 833617009
319132131 833617009
335763465 79696232
938055517 833617009
335763465 549537181
489391354 833617009
335763465 366912596
818805579 833617009
833742371 833617009
696942254 833617009
85032109 507800773
64659555 833617009
917411032 106751556
335763465 807246958
335763465 806057893
875917111 833617009
585335400 833617009
191970313 833617009
867676086 921546330
399130353 833617009
7082991 833617009
543741325 833617009
335763465 330985374
335763465 553801499
335763465 925268205
44451091 833617009
335763465 348611254
335763465 326380804
335763465 367454373
692325094 174902169
165432236 833617009
470527415 833617009
656838682 833617009
266698709 833617009
335763465 197986768
385404541 833617009
165756041 833617009
537426450 833617009
812886940 811898434
335763465 660894392
38268590 216399472
335763465 688114321
813819961 833617009
570027763 19517036
335763465 174770639
142085092 833617009
335763465 590091777
931852716 833617009
870012617 833617009
335763465 428728602
764412404 833617009
408201488 833617009
335763465 186760805
335763465 332227560
335763465 672663947
466510130 833617009
85874509 948132574
231902719 833617009
245740161 833617009
527947872 833617009
458529855 965772076
335763465 450641407
872270645 708887762
667116332 833617009
335763465 992430733
270030953 833617009
335763465 275841132
757871591 833617009
