77
652145253 377258682
74700306 196361063
819330753 196361063
381463025 196361063
74454334 196361063
354333187 196361063
983461242 196361063
328140426 951443882
328140426 478580430
663980704 154687437
522972326 196361063
328140426 492981612
328140426 980523187
392462997 196361063
328140426 730986352
328140426 463770482
194502206 196361063
581799880 196361063
328140426 830359141
487263527 831206276
380305277 367937830
990991777 101686251
984907190 196361063
441583748 196361063
310513838 196361063
638832684 196361063
988079153 196361063
374350706 196361063
328140426 623582647
328140426 254117669
333987737 196361063
328140426 456963880
328140426 78137912
328140426 187344675
328140426 654585208
328140426 972580064
328140426 610060126
160904149 196361063
101675920 196361063
498418449 196361063
457863055 196361063
328140426 704167101
328140426 288990512
489988655 662154588
997867596 196361063
83850479 196361063
244304107 196361063
115348897 788128605
328140426 188790606
181305287 196361063
328140426 454783041
461513902 196361063
350107937 196361063
328140426 744002043
460849846 520628289
33355005 196361063
250532124 53346794
328140426 202167033
130031812 205296634
800239921 196361063
328140426 200832642
156448007 196361063
328140426 657543707
436534429 438651618
661787840 196361063
328140426 702392853
328140426 178487891
328140426 676820571
328140426 507909116
228713877 196361063
328140426 101407565
674998270 196361063
328140426 756188035
328140426 31472841
828553308 196361063
110575059 196361063
328140426 721786843
