30
264335766 264335764
418988825 581011177
371698138 371698138
114920217 114920216
215364096 215364098
425258078 425258076
845063581 154936419
474091471 525908529
536436836 536436837
337319030 662680969
730518436 269481566
755057242 755057241
825779227 174220773
865590256 865590255
642594089 642594090
511356180 511356178
945859547 54140455
934716372 65283628
490860845 490860845
682975508 317024494
749714699 749714697
108655887 891344115
975882862 975882862
246479325 246479327
599166265 400833734
300699078 300699079
204669388 795330612
241797961 758202037
319666974 319666975
587561831 587561830
