80
612314339 612314337
248838693 751161305
852468419 147531579
881733681 881733681
722770207 722770209
965004673 34995328
141690308 858309694
573242605 426757397
878671396 121328603
216673952 216673950
731544102 268455898
461360068 538639930
431769807 431769805
907266623 92733378
215031930 784968072
439298166 439298166
842371605 157628397
801246922 198753077
11332546 988667452
968671409 968671410
627988781 627988783
731338072 268661926
23324215 23324216
506784284 493215717
106098810 893901192
814312501 814312499
431010293 568989709
528625843 471374158
744214358 744214356
892357698 107642301
232480390 232480388
566938541 566938543
858097936 858097935
504163626 495836373
372899824 627100177
669570685 330429313
59519582 940480419
700519526 700519528
24689640 975310362
113931629 113931628
413439782 413439782
452823938 547176060
146535439 146535438
88563397 911436603
96498661 903501340
231929234 768070768
932997680 932997678
744660646 744660644
119502447 119502445
633172651 366827347
136397381 863602621
856144021 856144023
505260941 505260940
222733506 777266494
308875084 308875082
255170291 744829707
480360620 480360621
681959134 318040867
921331806 921331806
13863729 986136272
643389286 643389286
582705874 417294128
72349423 927650579
863889806 136110196
19022300 980977700
618364483 381635517
919158945 919158944
436914372 436914374
324840104 675159897
572962865 427037137
689227513 310772486
611896754 388103248
183372587 183372587
310341826 310341827
601841742 601841741
216228337 216228339
593868946 406131052
9000478 9000480
886584100 113415902
827193177 172806821
