49
713779073 102803673
959768525 108482856
257310959 728329709
753064129 728329709
713779073 167796117
783950599 716686236
713779073 287698535
145034319 733955062
113554562 728329709
558277015 168578908
416423692 716686236
752691485 213673107
986354692 213673107
119640980 707158668
742828145 481729454
713779073 285210729
558277015 629462446
418415822 319850190
848155466 716686236
954999653 196803869
461682974 473224119
145034319 353742063
122089910 716686236
602517151 716686236
125626501 707158668
558277015 316229466
461682974 430302782
183574677 196803869
713779073 691221536
558277015 366835174
558277015 164612051
521402754 213673107
81579957 728329709
418415822 705916276
459687618 707158668
304527691 728329709
418415822 532748764
368204154 481729454
461682974 188959937
129261693 728329709
385407986 728329709
3246673 213673107
157890681 792529518
731638159 716686236
951244052 728329709
145034319 694445852
157890681 874114524
974021783 481729454
769612163 716686236
