73
92107090 824275516
917833698 281346761
448249291 594869591
626690056 594869591
829771818 924802347
734476779 351424768
542314660 324731102
47937559 594869591
709144265 594869591
734476779 356166776
522274538 686552475
92107090 932527903
880513304 373784558
943202891 355583309
734476779 959159330
11145418 594869591
943202891 730128173
351763473 173595007
734476779 357073069
901375698 924802347
542314660 786148940
522274538 854189334
734476779 222049087
901050170 373784558
92107090 944047946
351763473 109841036
252844685 373784558
135057269 497501664
609620161 420321242
381584580 281346761
338718324 327863619
943202891 915141611
734476779 493705684
155311618 497501664
187247419 497501664
921209107 405963065
967643436 594869591
609620161 909895954
522274538 440117363
609620161 157534160
216872375 497501664
625094735 924802347
563528369 373784558
609620161 322697665
145795288 594869591
493722230 373784558
826506966 594869591
522274538 415452958
679038364 281346761
404344074 263628285
861560660 405963065
376533101 405963065
77039576 373784558
734476779 695351605
404344074 285160547
522274538 641939219
840123557 405963065
139651226 594869591
493310597 594869591
248070893 859316630
351763473 378865176
830645365 594869591
925394513 924802347
467257887 924802347
404344074 255456561
351763473 54821733
581761020 594869591
351763473 208312776
542314660 321784021
39770094 859316630
906272848 859316630
785010507 405963065
609620161 883361976
