80
726714845 97235587
442004026 256973826
326354257 255410822
437710105 397371293
359404283 397371293
901407625 771777845
901407625 299672589
726714845 85113565
433630405 347581506
254121445 36702557
872434969 852772607
931314513 966554974
834834270 296298923
472811682 327703801
841163616 966554974
454504539 646410810
393333589 659003995
836355178 528744538
442004026 428143356
846480640 409848441
862974487 524420057
423993840 293043643
360454310 347581506
326354257 285113570
433630405 318894919
836355178 608975217
326354257 397371293
442004026 378862191
852230245 608975217
433630405 302132120
836355178 427011516
419210417 293043643
326354257 395418849
862974487 619132345
254121445 89476685
809699898 771777845
387145959 185619097
442004026 255410822
405740212 347581506
852230245 409848441
118677238 561300719
835615977 619132345
862974487 296298923
425249390 954017552
333216190 772145009
903173525 966554974
360454310 293043643
860632458 619132345
347178511 397371293
726714845 966554974
323424156 185619097
472811682 635746923
472811682 659003995
425257858 659003995
350706739 428143356
338654866 397371293
280740144 399168841
839817770 296298923
931314513 243894408
853224585 85113565
437710105 293043643
280740144 428143356
835615977 409848441
863922710 549085218
809699898 296298923
254121445 659003995
50026348 147258638
472811682 373252854
852879797 296298923
931314513 36702557
741751916 504810744
848966938 608975217
437710105 390776348
841568153 409848441
359105293 185619097
743203199 966554974
836355178 539781494
901407625 85113565
280740144 185619097
472811682 185619097
