78
642977119 619600064
362161598 508612876
119498379 726245393
432913671 451767518
143754959 794542994
362161598 438601298
642977119 192633853
150069997 770378968
247410772 638396802
598741841 619600064
459612284 508612876
642977119 178702429
113333170 397828404
200430368 924086569
145817060 781606199
409850208 467212550
119498379 781606199
103217994 794542994
882200932 661525347
183505307 508725648
550073304 508612876
355523742 440045172
617125335 107662177
150069997 746960635
406889435 438601298
355523742 396560828
49412758 602330075
499339785 446961469
147625197 781606199
89958483 794542994
150069997 754754688
352784753 972680400
214986705 482807859
17492900 924086569
49412758 482807859
642977119 540493882
118189037 664517370
186386767 813928815
490929392 508612876
355523742 583428996
119498379 767940457
481605653 467212550
499339785 477792851
182101826 664517370
150069997 790320380
49412758 629669742
499339785 476953064
234681488 924086569
50665237 924086569
396583024 477792851
481605653 460797961
89958483 664517370
247410772 654374179
499339785 438601298
17492900 178702429
355523742 619600064
49412758 874003297
150069997 732428619
150069997 794542994
481605653 451767518
186386767 664517370
730710263 956340694
396583024 453110809
91671919 874003297
362161598 472793631
119498379 734776063
150069997 726245393
247410772 924086569
396583024 451767518
481605653 465493457
382728571 508612876
550073304 396560828
362161598 445573344
741505563 167662710
150069997 765338114
481605653 465455899
247410772 482807859
186386767 874003297
