73
272354547 634184225
273325834 578400615
845090615 718417774
183141646 508558050
324464255 578400615
100867410 795044468
407437382 285361646
197214440 706148614
211020356 706148614
324464255 640047101
323643653 706148614
768061357 793412592
259524997 634184225
257911430 706148614
845090615 755660532
616495530 782123434
845090615 793749616
881383862 259005225
243131313 706148614
197214440 684560395
616495530 804800778
704766350 711875914
31540674 795044468
336643543 504392414
211286072 770313531
222758492 770313531
183141646 504392414
704766350 622477354
704766350 702441600
905731404 804800778
639961002 793749616
766945061 622477354
616495530 568505698
324464255 659968216
766945061 714361465
757776486 793412592
675223471 793749616
323643653 634184225
197214440 602354124
742501705 793749616
819454858 793749616
31540674 479669464
183141646 770313531
236292517 795044468
336803762 504392414
845090615 568505698
827036058 804800778
704766350 793412592
197214440 578400615
817108664 568505698
639961002 616508045
324464255 770313531
788887626 793412592
788887626 719009928
350505976 234385915
199806224 706148614
935860564 540235085
749272414 616508045
311872591 634184225
597915016 159048294
295059718 706148614
766945061 649907949
196233112 770313531
840624059 888025867
259524997 706053737
935860564 479669464
336803762 795044468
611009316 376890548
788887626 616508045
734307728 568505698
259524997 673079021
731907015 136092532
935860564 804800778
