69
332630231 433497064
202213606 544911076
176709456 477494734
682506177 476570465
603667606 280155711
682506177 573178657
652235429 795865315
61667268 311688589
727268416 573178657
219253714 311917783
678448449 429365682
603667606 536243039
701515424 476570465
808130380 482824137
760842723 528407912
332630231 371565211
691304568 429365682
760842723 264282079
603667606 342946378
727268416 429365682
808130380 795865315
316761757 504118213
375168963 311688589
138196284 544911076
727268416 504875290
306006385 495268884
344485370 311688589
660798093 636265564
603667606 795865315
404744903 752980185
660798093 429365682
61667268 476285960
61667268 752980185
332630231 451666729
720180751 476570465
727268416 482736115
760842723 636265564
332630231 544911076
233794539 371565211
808130380 223901400
475497515 311917783
47583514 973863452
714686562 476570465
47583514 223901400
332630231 410849162
682506177 526625273
727268416 498017790
685753578 476570465
349189203 752980185
619152548 264282079
402123544 973863452
267251698 655363259
138196284 311917783
486033683 311688589
321381162 371565211
21022005 285731107
727268416 492936320
486033683 973863452
47583514 820397233
808130380 370995591
698823774 795865315
238385294 544911076
660798093 495068756
603667606 264282079
660798093 573831738
475497515 752980185
852750662 945181094
682506177 534084351
47583514 886713869
