79
589963754 452490166
146769103 447291322
133739578 407469536
122303893 487853802
655231695 541647181
123023390 442185491
656814261 452490166
112102314 526665558
897440495 422114283
677100447 541647181
677100447 521101309
168178526 680424414
124703788 442185491
620358463 541647181
121071324 407469536
541525589 452490166
168178526 580453334
462032860 605398632
133154463 487853802
677100447 452490166
897440495 549511067
122239410 524233402
462032860 418995191
146769103 560423580
632573819 452490166
123988816 442185491
592966295 541647181
371832377 654342226
133634318 524233402
698580545 605398632
243200096 642192200
168178526 358929385
991388352 763782892
133686572 560423580
949113241 708937978
575011438 452490166
101852487 176380380
582550001 646709975
547864278 605398632
146769103 407469536
569865692 266331462
543900569 418995191
462032860 438834563
698580545 247208904
592279564 541647181
359771618 247208904
101852487 680424414
127484855 487853802
897440495 646709975
118233194 524233402
134299393 487853802
137191941 524233402
506080397 574958906
523204437 574958906
506080397 480696023
193223237 114929919
338983013 83248559
122303893 444511790
578585752 541647181
698439357 574958906
118233194 498169510
101852487 459824466
698439357 418995191
122303893 445825292
652398181 418995191
112102314 536988891
112102314 560423580
122303893 442185491
359771618 646709975
629565897 452490166
137191941 442185491
112102314 358929385
146769103 474666174
494441828 646709975
118233194 407469536
506080397 452490166
897440495 176380380
698439357 491002114
637509247 574958906
