141 200 98
87 88 95
63 162 5
95 109 77
31 60 80
102 139 72
24 93 98
45 173 8
47 136 7
27 74 49
79 107 28
45 118 77
8 43 22
70 157 36
5 102 64
150 198 11
151 164 81
42 104 69
20 130 77
48 97 40
104 173 21
84 115 28
41 83 76
56 155 21
117 138 73
3 61 23
49 116 55
48 145 51
101 116 81
110 128 88
31 136 5
25 107 12
44 188 63
35 124 13
16 112 61
43 100 29
115 188 30
49 181 16
119 166 8
126 155 17
116 124 27
71 106 55
111 180 64
15 176 81
14 54 26
53 197 50
16 177 88
9 178 88
18 151 26
95 183 12
44 53 13
118 120 75
73 112 100
57 83 30
20 182 78
29 72 56
12 200 27
23 197 66
100 150 52
131 164 15
173 184 46
51 156 43
146 159 10
44 82 72
27 60 19
75 81 94
43 94 79
18 52 29
73 138 37
47 131 43
138 167 19
48 59 18
187 191 19
34 36 1
111 124 17
20 167 22
111 164 66
36 73 33
53 169 64
46 150 40
2 71 93
83 162 33
56 88 81
33 158 64
2 126 88
79 93 41
90 104 45
93 197 14
105 160 90
83 176 4
146 181 68
3 149 25
24 110 83
29 70 68
125 141 73
165 186 2
33 76 22
77 199 72
58 151 9
11 133 88
68 118 97
92 125 82
8 42 44
179 192 93
4 158 82
27 118 28
120 153 95
89 175 86
48 85 54
73 80 81
34 196 2
8 154 56
17 129 15
57 108 37
125 168 4
19 21 73
20 138 91
4 95 86
35 108 16
22 154 29
171 188 62
11 19 73
51 146 1
21 122 15
7 52 23
52 136 66
164 175 46
94 129 24
54 192 59
41 72 52
172 194 74
8 49 26
61 169 29
131 199 23
15 161 38
46 52 4
39 116 50
12 194 74
19 39 39
97 157 92
61 66 6
30 77 90
