199 1000 98
202 749 59
169 277 46
85 705 26
150 452 85
509 524 90
416 731 17
898 990 44
981 993 92
18 634 10
206 866 24
285 595 28
362 661 7
666 841 32
324 891 89
61 110 51
531 737 95
207 570 24
95 690 30
191 393 3
345 813 22
444 686 58
502 678 28
319 369 10
79 599 77
554 697 30
32 509 29
24 694 69
564 935 77
54 655 84
786 964 45
160 297 72
240 830 99
144 892 100
120 369 74
154 270 29
336 934 53
26 744 59
397 450 58
30 343 67
290 983 17
346 699 56
149 834 47
252 452 50
798 969 69
268 307 22
525 704 20
172 349 88
188 591 73
570 929 81
139 593 18
544 888 26
719 963 73
232 913 22
104 820 21
404 833 89
229 851 58
808 970 87
105 672 100
53 399 72
307 903 18
553 894 71
359 835 17
110 661 7
111 878 73
304 792 30
939 962 25
477 893 10
305 683 93
791 800 10
249 977 70
246 794 84
490 871 54
199 764 56
350 531 41
563 605 68
590 898 9
411 921 65
513 884 51
516 705 52
20 671 40
899 942 75
697 1000 13
84 874 48
258 925 47
29 139 36
67 950 56
407 865 61
225 998 88
22 800 13
487 754 89
43 338 50
379 862 78
398 917 98
479 519 43
312 423 14
253 962 3
392 944 41
805 836 49
54 420 36
519 618 68
463 837 53
145 349 83
833 837 24
741 886 5
92 356 89
141 586 55
330 522 80
284 908 67
764 976 47
363 489 89
93 738 29
47 961 62
186 202 50
784 869 29
286 631 29
601 835 12
195 315 72
351 966 18
36 680 30
720 818 85
500 994 13
94 425 57
323 358 31
363 850 94
172 777 64
98 882 4
718 757 43
106 505 73
9 561 65
311 523 5
31 917 86
716 723 53
721 769 57
156 165 77
255 849 68
347 659 7
1 20 31
669 829 5
507 895 93
483 557 3
162 990 34
802 807 51
331 979 97
588 833 40
155 267 60
679 941 35
25 196 99
88 771 96
258 973 12
725 893 91
471 480 83
781 871 19
137 761 18
377 549 37
80 492 45
608 770 77
207 761 36
345 381 65
38 650 100
142 765 3
92 937 52
219 989 16
160 705 33
180 190 96
552 877 22
512 722 81
138 406 78
393 434 78
233 548 54
207 783 91
856 899 54
33 958 37
571 892 87
41 624 19
473 727 92
514 743 16
335 535 30
80 870 23
550 973 80
643 915 23
557 940 56
378 624 87
453 462 12
129 429 46
419 764 48
483 499 29
198 462 65
154 986 96
67 376 83
93 487 43
368 471 11
642 854 100
479 843 60
224 753 28
2 335 79
117 905 86
152 180 84
629 692 87
135 345 62
