388 1000 58
626 639 42
230 897 28
219 698 7
411 817 31
182 575 72
734 772 53
851 945 51
381 680 4
200 750 87
522 751 21
429 775 29
490 711 25
331 922 20
97 317 40
390 686 18
249 817 99
459 606 15
459 821 23
95 794 98
45 225 80
682 878 63
618 933 57
8 701 63
50 887 41
116 158 45
397 752 21
221 460 95
453 937 72
797 825 100
276 937 2
723 806 57
246 411 82
705 931 67
508 1000 49
201 622 53
599 710 4
163 492 36
310 865 30
60 507 48
663 755 63
504 576 4
758 782 52
220 401 98
612 949 75
441 659 51
201 441 99
371 821 2
805 857 30
385 699 11
73 659 97
5 150 22
416 582 69
85 784 92
268 985 83
590 948 67
402 552 75
390 803 87
387 958 90
462 970 33
13 922 82
505 740 18
409 798 8
409 425 43
95 936 77
7 767 19
584 877 44
119 579 57
105 374 41
420 524 40
402 440 56
60 659 82
159 265 46
640 740 60
348 928 19
673 851 35
337 894 41
1 83 87
60 760 52
816 826 59
345 749 86
699 813 83
691 769 47
151 903 38
565 856 55
203 844 64
89 125 3
31 918 62
133 730 38
12 211 18
43 376 100
371 980 53
727 748 39
8 25 98
744 996 1
652 983 21
646 722 88
811 923 18
156 928 4
267 832 96
147 787 33
85 615 72
325 852 39
62 220 34
504 617 49
380 727 11
586 598 81
161 791 95
130 648 88
439 721 46
59 596 66
401 839 34
612 880 81
705 744 78
295 318 77
322 836 60
269 592 14
239 768 68
592 823 37
10 86 4
57 705 40
283 371 5
203 432 71
218 325 25
385 465 51
481 993 15
688 784 87
593 900 3
180 481 10
21 660 27
11 619 21
199 728 89
871 898 90
205 931 64
554 774 54
125 675 33
179 916 82
354 423 54
29 440 7
82 555 25
817 872 74
205 897 6
634 923 7
620 933 1
115 713 98
657 817 47
657 735 95
211 552 90
572 729 57
442 490 21
269 922 83
33 852 79
358 782 47
210 962 45
337 832 10
544 839 60
368 820 70
310 564 21
48 595 94
722 752 19
376 923 95
73 295 74
284 525 53
431 618 98
618 877 5
497 515 27
113 637 2
655 909 80
498 639 91
8 696 36
357 518 72
670 853 29
376 667 27
22 34 88
394 929 69
238 503 81
195 604 25
899 965 43
433 780 91
38 709 49
341 359 30
564 947 84
351 928 57
77 982 61
402 723 22
287 937 68
443 573 67
390 730 43
56 320 86
619 998 97
715 817 37
306 741 94
182 318 99
459 911 48
131 505 80
3 454 90
100 445 26
17 137 23
170 795 64
413 850 47
98 877 69
197 677 54
120 447 57
424 425 23
295 971 75
7 25 95
74 676 16
20 235 4
958 996 17
71 937 34
4 46 69
525 566 26
118 200 92
219 331 59
349 943 87
257 947 7
761 918 71
537 794 64
678 871 25
346 748 93
191 523 4
251 418 77
117 638 4
354 419 32
211 462 18
13 50 77
49 429 61
855 968 65
302 564 78
402 986 55
218 870 51
306 883 1
111 312 73
407 501 94
113 871 9
376 544 40
95 591 16
662 668 81
699 791 21
490 713 62
801 896 61
266 394 84
484 961 48
299 693 92
395 845 28
329 807 67
157 381 63
417 717 39
41 632 95
204 699 62
455 828 21
244 343 52
341 645 64
436 525 75
785 824 51
67 480 72
55 837 60
478 667 45
131 590 16
63 216 64
395 597 12
168 830 78
34 474 12
143 781 95
232 320 50
290 623 48
392 604 52
126 262 19
419 954 9
64 987 82
698 779 30
635 661 20
272 513 66
346 849 51
284 556 24
349 903 84
192 597 63
31 112 36
183 807 55
776 797 20
126 667 58
765 828 71
60 686 53
192 463 68
585 658 47
719 855 80
153 852 18
93 746 15
516 621 84
277 865 87
260 389 1
381 761 10
283 462 77
165 747 42
239 250 11
23 650 56
436 740 88
73 889 74
119 292 68
314 938 21
209 240 24
16 65 83
145 263 94
316 503 50
367 471 36
21 479 52
72 713 23
171 680 26
825 872 37
107 368 98
225 436 31
90 364 40
264 394 25
389 636 52
237 671 63
225 687 56
863 917 76
181 783 56
656 696 1
22 501 4
144 461 27
636 892 35
145 772 83
505 590 61
731 750 75
107 994 40
335 938 75
338 986 33
451 681 57
297 460 51
462 658 32
673 955 44
201 773 96
18 251 99
622 631 50
226 343 29
230 424 42
196 904 44
105 790 92
382 935 29
85 812 81
239 434 51
562 637 57
432 679 15
285 423 11
975 987 52
308 311 76
533 622 47
604 862 63
475 508 91
348 721 99
332 818 31
235 373 48
214 456 79
30 64 39
179 920 60
473 914 93
98 165 55
124 272 51
6 445 59
507 646 21
75 795 63
841 950 2
597 743 74
261 710 51
751 844 54
402 903 95
291 462 14
519 611 73
313 546 40
176 507 36
600 957 14
157 441 84
726 833 17
142 360 44
144 224 8
131 937 73
441 520 8
108 652 16
677 768 100
354 568 52
273 329 76
314 780 95
436 942 59
9 861 27
660 869 16
198 855 44
410 945 59
287 652 26
