523 1000 68
230 397 19
532 896 27
258 407 31
640 807 6
587 888 58
640 818 48
157 545 80
48 510 6
108 772 88
439 805 40
198 667 74
335 492 13
81 461 96
415 846 84
209 580 100
541 997 66
340 518 17
183 312 75
490 908 77
220 445 88
46 535 39
279 537 88
7 462 76
546 687 26
523 725 7
336 933 2
70 754 26
238 860 1
261 498 9
225 404 89
102 388 61
255 433 16
490 821 45
198 310 25
42 326 92
484 956 82
298 563 12
9 150 99
160 971 66
481 941 81
604 852 3
61 766 3
2 830 41
20 319 51
634 665 64
544 766 54
463 638 69
237 396 42
286 522 45
657 733 57
157 918 96
644 908 41
271 782 68
439 735 60
152 386 10
629 802 18
199 261 85
439 489 71
515 537 59
292 734 100
720 811 83
130 150 44
384 871 20
504 536 8
145 224 9
536 602 15
106 670 50
250 359 71
238 384 73
635 815 31
265 807 27
337 719 58
176 349 37
376 872 61
78 537 33
933 964 18
220 963 60
593 877 56
600 676 39
888 955 80
673 843 48
470 842 38
570 802 15
255 692 30
492 656 40
86 597 60
606 873 17
226 404 37
358 500 29
442 901 12
152 909 49
353 966 26
135 917 46
539 618 36
204 514 3
411 907 43
871 940 36
96 641 59
328 913 6
114 976 30
153 884 93
99 507 50
231 849 62
316 866 72
419 588 57
6 799 9
517 581 10
88 254 75
391 900 54
684 734 2
318 769 68
585 728 4
455 876 33
212 491 89
886 928 19
311 440 43
322 761 90
208 212 48
60 426 60
18 117 65
387 526 68
485 597 37
318 653 3
375 865 6
531 777 76
380 528 75
475 676 40
179 852 56
62 206 44
190 366 24
117 454 88
219 512 11
123 936 53
421 791 99
479 738 39
116 201 96
286 992 60
122 599 61
467 668 45
215 533 22
188 700 93
256 577 4
701 836 16
438 455 79
204 448 44
467 914 24
85 864 68
182 533 85
305 544 27
174 333 94
56 765 21
455 940 41
373 717 94
123 764 92
176 819 7
205 771 52
17 737 4
124 315 78
118 601 98
35 722 78
87 326 85
82 780 91
98 266 19
66 507 23
343 482 21
236 660 68
288 381 39
501 891 40
49 662 96
205 402 11
199 481 4
212 338 10
450 517 83
273 759 8
717 913 59
270 434 68
433 725 98
57 246 63
365 827 50
10 472 87
234 389 40
126 556 85
478 599 58
418 892 85
58 488 85
247 433 66
525 917 60
296 672 2
174 433 39
99 556 97
354 837 10
107 446 87
149 191 6
475 591 73
893 954 7
518 944 68
413 748 9
130 171 24
145 451 89
436 767 98
312 520 53
267 303 29
547 625 32
302 357 19
70 649 83
706 988 57
465 638 98
8 844 3
230 492 60
405 963 33
697 915 33
548 980 19
28 369 100
29 320 48
291 307 70
105 224 65
618 928 14
156 398 39
11 123 78
6 404 73
182 916 78
597 667 97
223 328 32
74 911 40
462 993 96
385 398 80
533 555 99
462 814 76
257 447 33
222 266 58
228 569 41
398 710 86
933 963 92
48 213 49
468 904 67
727 892 37
20 884 50
691 890 28
917 949 53
154 594 21
363 432 66
311 750 45
473 550 3
250 329 38
43 145 91
222 333 47
556 864 38
340 801 30
258 291 81
715 884 23
544 555 92
770 876 29
918 934 45
4 605 5
60 242 16
915 947 27
232 653 47
473 557 2
89 304 79
548 597 64
7 664 56
47 249 14
521 599 80
841 900 96
218 256 53
329 767 49
151 614 94
474 493 17
266 835 13
726 816 41
53 613 37
131 729 1
340 890 51
501 958 62
800 932 93
766 837 43
497 710 34
579 978 44
11 864 66
183 276 3
77 355 66
136 233 90
236 965 82
111 466 13
37 980 91
666 753 53
106 248 1
32 355 44
633 794 48
64 301 68
1 455 93
396 774 27
483 795 32
526 627 56
540 801 13
223 721 80
478 484 6
8 510 69
136 630 2
482 958 12
634 693 32
929 952 83
254 399 71
467 710 93
707 901 31
69 975 37
266 526 79
372 686 78
144 692 89
232 884 96
300 506 72
140 993 71
184 956 90
288 660 39
646 903 7
448 659 13
98 801 95
257 523 45
817 993 59
322 750 80
229 317 3
134 285 40
76 789 67
452 623 36
582 634 43
450 591 91
89 511 97
665 726 52
738 937 25
485 884 54
218 316 88
600 683 89
141 505 17
896 930 29
22 354 97
137 455 73
198 370 90
52 748 7
445 690 27
110 114 87
7 791 25
198 404 4
417 509 51
590 592 95
258 593 13
97 447 14
271 934 79
760 978 29
221 966 37
617 964 35
99 468 81
287 506 90
102 695 87
70 963 79
965 972 88
210 830 79
320 893 18
205 244 50
827 949 52
126 211 73
134 516 63
287 980 86
128 518 14
208 284 56
444 707 51
240 951 29
342 789 87
734 885 27
273 294 61
248 663 45
1 896 67
310 910 18
93 603 31
284 369 48
205 308 81
79 168 26
335 759 91
22 605 57
736 918 29
686 919 9
46 116 38
531 710 29
231 996 89
244 534 9
385 616 68
73 768 100
121 498 17
444 746 34
396 999 53
53 208 3
321 721 64
358 774 25
22 318 23
40 804 64
157 662 22
275 580 63
29 908 63
155 401 17
21 46 46
248 453 96
387 770 69
86 551 25
408 565 72
100 178 94
460 508 16
271 979 31
216 674 68
463 578 40
2 923 92
316 554 78
399 819 17
28 180 3
632 904 56
270 588 81
174 184 28
47 189 89
448 599 20
153 576 72
7 332 48
21 653 43
26 917 45
157 966 52
322 601 75
553 560 54
109 491 62
639 948 99
483 919 87
361 941 33
682 991 39
259 684 29
464 497 7
283 453 44
386 477 86
238 299 28
49 349 55
283 703 88
320 730 42
135 891 22
567 893 18
61 843 40
811 886 95
301 642 39
75 756 64
796 908 64
379 707 11
766 805 68
357 691 2
344 754 71
513 897 50
103 108 86
9 782 53
456 774 1
624 814 7
51 347 18
2 757 27
357 528 29
52 742 85
178 630 68
114 274 3
31 806 92
259 295 63
130 975 12
403 653 9
58 633 87
379 484 48
356 365 95
247 906 60
68 450 98
99 415 18
279 698 20
467 918 88
11 936 81
380 993 91
334 534 89
704 863 66
93 759 1
380 516 75
502 664 48
239 964 1
139 741 35
359 507 10
508 862 53
139 255 18
53 62 83
723 793 17
278 730 33
606 730 65
6 790 31
383 979 4
175 500 6
272 604 18
662 718 56
467 512 36
129 162 40
716 910 24
621 702 40
214 832 16
194 462 46
443 535 44
176 789 31
300 358 72
485 564 15
571 908 84
308 918 67
229 930 4
432 648 10
143 870 2
85 581 38
495 636 16
255 514 87
413 916 95
818 959 47
88 209 15
585 770 98
133 145 27
164 403 26
519 858 21
276 858 87
554 566 43
361 391 70
489 947 48
27 104 32
640 931 61
