174 1000 97
124 152 11
350 649 60
246 517 40
191 900 60
368 595 100
359 824 23
259 294 71
280 714 64
151 734 26
788 937 82
216 865 91
419 814 36
42 259 2
234 469 23
164 506 31
158 496 58
522 895 59
691 917 49
151 978 15
439 641 16
281 996 61
123 853 44
106 503 68
174 770 84
403 535 21
313 381 40
401 639 7
612 883 49
598 608 20
762 992 28
100 496 55
803 941 49
3 749 93
477 524 36
47 409 26
69 893 75
383 732 8
676 866 37
273 302 84
180 522 18
226 333 1
553 932 3
676 833 37
290 750 42
113 507 81
593 631 50
167 432 31
188 320 38
693 831 90
325 856 53
425 570 6
100 600 97
230 932 1
317 543 98
232 475 36
14 761 55
808 889 83
307 423 26
17 927 99
417 523 41
137 584 58
32 660 99
730 811 50
363 754 26
249 738 52
767 909 98
704 820 18
172 945 58
520 841 63
5 854 87
55 208 28
358 587 1
342 983 18
114 962 48
162 492 70
295 469 37
435 583 87
393 600 47
251 785 51
33 159 39
15 702 27
402 579 55
60 62 8
4 404 18
662 936 98
148 966 21
377 565 75
120 879 40
120 138 27
553 907 63
445 584 100
169 683 38
736 866 86
317 529 4
138 274 66
633 755 95
252 410 71
547 763 51
559 783 44
40 276 22
261 961 45
422 612 2
431 495 11
615 985 74
193 366 8
130 468 35
307 324 45
390 567 57
529 865 98
716 870 8
317 435 91
932 952 20
128 362 35
5 158 68
290 405 94
63 877 31
11 118 43
34 160 25
408 632 31
232 558 61
61 749 40
702 965 44
9 751 45
589 683 33
30 712 48
693 929 53
199 562 46
99 228 12
270 449 33
37 235 56
357 993 29
160 389 32
203 831 87
262 612 12
424 655 38
405 679 13
117 265 35
310 592 42
584 976 90
485 915 89
19 413 33
470 571 94
124 713 46
226 516 47
61 644 94
786 869 66
687 917 81
123 787 14
82 551 89
7 330 39
41 951 38
380 661 56
352 554 1
132 573 85
103 787 40
312 418 48
216 426 6
322 598 80
135 678 5
73 887 78
433 755 19
449 910 33
127 495 1
99 981 39
415 538 82
44 602 29
263 406 49
808 875 14
536 586 12
232 664 55
665 702 3
26 807 89
551 981 55
279 847 99
