5 10000 100
3 7663 -300933686
3 8140 -97071234
4 2729 129577936
1 2173 -238349316
3 5026 891470912
5 9322 624462323
3 4550 358803721
1 9771 -52494978
3 9534 -959089520
3 9051 -282952199
4 7231 -932010791
5 3861 162266098
5 1232 938310675
3 349 406433244
5 396 -274232907
5 1313 176708345
3 8488 452621869
4 9345 357222140
3 6197 59164939
5 283 -502005886
1 7593 513616186
5 2539 -262222237
2 9722 -375754504
5 737 -309826486
3 43 445541441
3 8628 83780355
3 7995 958150372
1 791 -776396410
3 8298 -260376024
1 7690 -81451903
2 4158 -848592468
3 7251 -504351799
5 9847 -198486956
4 2076 665905550
5 8238 -440705720
4 5152 705310268
5 7812 -699714022
2 4081 -456347819
3 6440 -364545198
3 1644 661846222
2 5386 -522471510
4 8880 645832070
5 2703 -658152906
3 6588 -261521378
4 2100 -867076504
4 1944 -436967217
3 9879 112755961
4 9765 693403831
1 6195 861404960
3 6263 -513660809
1 8748 153834728
3 1459 -191274102
3 4251 31954172
1 9557 -889320886
5 3594 517250735
1 516 -665573089
5 7378 -783352422
4 2712 -520193942
3 116 984300595
1 4075 643945405
2 150 9871799
2 6095 211033569
2 1184 -790874762
4 6287 -606566004
3 3238 629620533
1 6858 321567081
5 2934 574289476
4 604 -289491039
1 4629 530800420
2 5214 575162807
2 6663 279509123
5 7679 610850985
3 5341 973592440
2 3347 143061212
4 9794 -183056975
3 9420 -724119047
4 359 487018202
5 3592 -474808234
3 8350 -222877424
2 8250 -113251252
4 8230 -344091413
1 8473 -310451439
5 8008 357920464
4 757 -930900097
1 3894 751986935
1 5013 380125341
3 6280 -994072501
5 3747 544808932
5 3310 -451845047
1 1727 -220795303
4 4977 486867050
1 5598 -101404139
1 1830 -847051554
3 2 -494565152
1 2054 740184668
3 7834 -365922969
4 140 230228710
3 3516 -856152704
1 528 200221244
3 2672 -11020330
