5 10000 100
4 22 -230315876
2 7172 738840675
3 1186 818731458
5 3510 -575404666
1 5088 298223220
3 6674 -153579015
2 1242 267390044
2 1990 350662125
5 3242 998357033
5 3436 -728884531
1 4294 -749306420
2 5080 -601868135
3 3836 508702243
2 7255 583272809
5 830 -38441518
2 7701 -37514046
2 4225 946524454
2 2109 73914252
2 9187 454219489
5 2070 -988837804
5 5499 745488599
1 3660 -733610846
4 6678 71526382
3 3132 847755532
4 4094 -515806047
4 9220 426047341
3 5533 -279033198
5 8474 -108915035
1 2131 -923384385
3 7051 -722491580
3 4020 330284672
3 1478 -772784292
4 5365 -407011999
1 4122 -609969468
2 7928 -560492818
1 8302 -553942830
1 9829 -420001544
4 7935 127612941
2 6475 373147402
5 5407 -433740996
3 4519 -6394621
4 2940 -649287381
2 9685 798908129
4 5966 484220905
2 3509 736274356
4 8356 -15706426
5 1839 993051440
4 8673 -223943264
5 4313 -642622968
3 9347 -189514304
3 136 263831142
1 276 -97829365
1 6917 -243488407
4 5061 -243349157
3 2 -362964050
4 2391 714584201
4 9085 169573202
1 6092 -791875847
2 3795 -436435527
5 3149 978885575
1 6617 991726141
4 940 -805393074
4 7863 -356819428
2 9005 -405008984
2 182 845576066
5 4864 976467646
1 5851 -736981308
4 1522 281974154
5 4004 735561322
4 2133 -885016832
3 6354 917393891
2 1165 621046175
5 6743 -636410010
2 9500 -199237979
2 8578 31294353
3 5375 -708291162
2 4120 414386161
4 2858 930845766
5 1317 936861958
4 3922 827094842
2 163 176045642
2 2025 254041190
4 6618 383307875
4 463 -960440642
3 153 648249599
4 6103 283507188
1 980 577144693
5 1863 -767258913
5 6430 -32744688
3 5684 -799323704
3 648 958359068
3 5773 -937282161
2 7450 964633307
1 6534 -749644627
4 9633 -357230049
3 6663 -946739513
2 3481 -184058718
4 7238 -471514705
1 2509 434410245
3 3587 -321638014
