577
-346132 -883411
-36563 982240
424995 832788
-78598 -18214
-371156 21378
-155347 -592376
-896775 -791225
732445 -221979
873539 393098
-492422 198510
579208 340273
-11143 -705572
798129 -799081
-96484 -111594
-380395 -51828
-529963 765516
856372 -165184
-676264 731363
-414572 346848
287595 -171562
851701 -740739
3930 -713842
-418569 649041
704544 -901680
-154837 319978
-373863 -708742
774380 816544
-894970 770923
-786970 543748
990434 966165
76851 423260
-195949 -844059
945310 -1174
245376 -467812
709875 430930
-235531 441841
397877 -219998
-163750 238731
-785144 708276
-786538 -382445
267157 157039
994468 203695
173716 722074
40332 530623
-40500 654894
219484 47806
565617 691466
306900 -128655
-428516 -721120
412927 634892
395338 900768
-217878 -604685
407649 -513919
474138 -377462
-644684 -427201
-732962 -214612
3138 -553856
261696 864840
799971 303838
631161 -840129
-838172 636456
960162 110633
-432878 -232759
520334 467891
89119 -234395
712971 -282907
-478861 -918475
107364 546980
381787 -726838
644252 743324
183701 -573145
833707 -427989
687574 479436
-312045 -255266
826889 521889
-227216 -511136
801959 -398004
457680 -393580
606690 -820329
149929 290972
-177567 133006
-336123 212675
-716673 -319433
-147554 708473
-547931 963954
-120477 -13820
313725 -767401
520798 238610
-113599 -309672
-246925 -847008
-127521 469418
652266 685465
-645486 -833243
3937 -602132
95665 70608
-164992 252623
862897 498417
-445386 -201037
744640 -255729
860170 278008
-511751 -271656
-208455 755938
-645835 781523
-153582 -553429
-937766 -674775
359621 -53898
-897430 -48149
630181 695381
-401597 -867182
-788015 794601
517092 801131
-784690 -592818
-444356 860022
-526372 -535608
309115 -313396
170018 214852
-999982 291658
-542172 -631655
915725 126440
-231022 -892022
-534021 658691
359550 -914455
-573715 -130820
720545 651133
119487 508012
417015 831274
-686955 867020
-944854 -911541
-175979 -816019
-71593 -498371
486275 -392276
-861939 248823
48172 385476
-233243 906496
-767499 677919
-335200 -312131
891584 43720
289705 -456725
-101945 512826
-404381 24669
-709539 -918725
-139523 125948
-811176 -95453
809585 -330763
771596 231317
242084 -533075
941015 608998
747656 481198
86369 -97116
-54522 687114
579832 -65024
-24133 -164908
380046 291309
806116 -182345
-473823 -339090
-4029 34643
-425174 -248236
358221 -954886
-182668 -494557
769103 -460764
-640158 247467
-541184 -131737
220001 95501
-99551 -952189
967660 567381
-487013 -445943
-148683 610305
349969 -728126
923807 41784
244570 -895620
687799 -665030
-790511 114107
214363 776292
-83937 -318895
-804389 -738117
-539069 -565717
682802 423433
-563437 -635699
292413 655549
-613858 14456
72431 255450
-127246 -108414
95139 -505847
-457389 329463
-647059 181802
-683584 797670
647571 -758212
902492 259779
51658 608121
51738 -993446
-665521 -827092
791216 429510
-746659 -328220
632615 -29847
604999 484793
-741380 -660002
-240297 -300827
-779546 814320
-318709 164623
985034 723189
-350092 237731
-854819 -721319
-530648 -752581
-289200 -77654
-969261 -227087
-932108 -269124
39899 675857
565935 336212
645096 781648
486169 -593430
132565 -207563
-911025 -494104
-187355 -177362
-4284 621931
443755 -263103
-177812 707615
35536 762296
-716060 629661
-393298 -324244
448632 -101641
-228441 -486562
-332842 -425987
259395 -709854
-880253 -549190
380715 501422
591114 452635
-682463 334785
-175551 -847052
330550 -949435
-402427 7278
-364175 830010
-427319 -815036
910360 120987
-238583 -208624
-33285 -465415
215743 365393
-52355 -155054
-309441 744626
-346934 111695
-613095 464744
864634 124216
-844048 -369025
202613 -550528
-702068 236443
100944 -656293
846121 -991007
-728441 -455637
705029 -243592
742171 -516076
478674 822745
231254 -172894
414740 227507
-887583 -914320
649685 -441533
197212 -968903
-893169 -361836
-898532 798792
371027 478779
598997 964828
679809 441700
-675327 -922121
-105035 -917864
-942784 -157996
-375614 -720588
169732 -417296
806754 627395
-892139 51234
-338129 580767
-583817 -95186
391785 -293736
-784275 -729417
995757 44505
333910 110397
766128 342370
791639 256202
-188407 535886
-766158 644870
901996 226951
-498240 -140432
430769 410991
-575590 63852
-530599 852474
-587111 315351
-562892 -473208
979073 -624111
-215785 718752
688943 125099
403107 -896082
940121 -38199
418923 444961
-328015 184186
-513864 -491707
936648 -784638
60600 445560
-796635 -397695
718892 -536315
220213 274563
-413120 -937283
-614888 -116518
-866189 -510271
-974807 32738
-789164 -542281
661613 17639
265490 556188
276129 147236
-746106 455433
989429 457017
394200 -287585
115417 843684
-793032 725673
374056 -267775
355654 -488166
-517584 -800611
-460073 -84838
-514836 -211610
334636 -202614
-734472 385028
-320555 -131957
648771 -443042
-753677 -784155
-757867 768697
-638299 -502692
642230 766090
-352998 -826298
368962 -495770
-663681 -199282
124355 -932076
517345 210825
-665139 -959951
-669814 -482591
133635 2193
226940 898139
-130885 582327
199843 -306657
28521 604747
-688511 357131
-27960 -223357
341537 -667079
847554 480284
-14073 830812
107847 -74773
-622202 -959232
629534 -428856
-944969 530122
-580382 730285
-440545 -387629
32324 -834223
-981772 738311
-863596 -427574
-136850 -765946
294605 -493262
-845329 -864221
-16991 912138
-474588 924300
-611621 388348
-828679 -282367
213956 -754006
940631 -125683
369852 798342
31648 -367257
-58687 -15355
419973 80125
-454291 690513
-680413 -489924
-652341 387841
-26155 -62941
-478536 353486
886484 105552
-824756 872088
-117647 695770
111675 -465587
-587463 869559
497382 318681
-105866 -181670
-257627 152069
-740905 -50259
-291083 593067
-63065 -565762
-224333 -926970
-270655 164259
138919 132455
462775 344210
687326 426919
-585045 703069
103193 -782246
-604611 -803420
139991 -311103
-76742 -376812
468780 485505
-737618 556901
850339 61987
-528669 -125136
742686 -225274
-167609 -628393
-67473 -391177
534592 -376950
-160405 -285688
109409 -450940
-336496 509872
-866030 101296
379044 -435443
-709606 128132
-614390 518959
689429 406018
159262 876541
-170845 -612119
-741681 716949
476089 -985837
-494630 -688149
330416 -705761
11140 121812
322807 -885705
240053 339927
163955 -527246
-2602 315743
228919 236731
-859246 7054
875639 591987
-294104 -589157
-566230 -251726
-293597 -144554
-812508 535525
579090 -748735
321444 -603845
433053 825223
910020 -699425
980399 487814
-979972 828008
645221 -307531
-669930 -54698
628181 906910
287519 -6863
-50801 -879163
415210 728646
584995 -551318
-744440 -513339
-813010 85790
702294 -254885
830702 305053
694086 365216
-188879 34434
-813607 608099
-122324 -517134
-542188 742277
-843344 -445160
728480 278184
-662503 784114
-26525 887367
676841 -689459
-810174 -42407
-692037 49342
512333 -32932
-652650 836013
393504 761835
-890952 754250
-18023 -185453
-518057 110300
374723 -537637
-830069 -833420
-258033 -169903
-72388 -29753
-386504 452056
-249380 -109567
422908 -411201
-696163 -974764
561682 -739448
-638387 -630121
59114 -403105
611283 211837
852370 324575
472533 -506916
972750 -572978
-318731 758120
-401585 -603619
-575313 -297107
-410995 408035
-532909 -56513
-636318 -889551
648493 -974761
224557 -283157
-197350 19680
-450046 202860
353824 903755
30230 -424494
-267451 -865767
820516 62751
941035 367124
-836073 100082
-290184 306320
-921424 297882
67487 -278976
-332300 -372294
-687601 107135
-834400 334443
78928 -774538
-728710 453668
479887 757795
211038 -477747
-682483 644730
167728 600095
-830304 -370836
90696 -425671
912802 -710133
127622 -272515
488716 -239677
-603376 538102
-78903 -68667
-644941 -357026
-386086 -418776
885806 963543
-510132 -913328
684793 -609257
877103 364230
-690690 -296989
-131419 -618649
242361 794460
377390 -187141
533970 -898279
374463 240286
329345 -775006
335339 266236
-21720 -724154
605965 -996027
857965 -72687
-919265 -502065
-828799 -663791
-300414 520469
646503 -39523
259149 -824049
-515526 642978
654325 -546649
718657 -835584
-61183 312870
-5020 771949
-59601 -713687
490824 586085
-116669 -575329
-244406 355771
-647030 -63009
981791 -918
-763975 528731
948214 14420
877943 288999
80939 -367389
973083 462437
476235 807532
56616 -88196
-613273 362239
-26419 -378900
244603 -91639
-504461 237309
-770262 -297871
-682057 913363
114484 130400
706536 -562346
-625596 -999909
752007 743267
5421 -37455
416379 703603
614459 280512
-371325 124270
685044 -807205
860224 -494193
-738130 597358
-146784 107958
-447926 -421924
125323 -48285
423433 -324689
-715134 -2336
-503140 -492699
589059 -524103
138956 91866
950280 879426
-295091 83701
151111 760947
609786 1981
40643 -700481
199447 -874966
-44631 -503340
-726475 547605
614615 452185
-719545 -506047
344062 366115
-133081 -10394
942356 55738
368730 -352928
672026 -449295
-838457 -648533
849789 574221
81163 -680601
778562 603456
-7958 -222926
-715019 168621
139095 -832852
-810775 179727
-833724 872593
376291 -173838
-91330 -692587
341518 624757
691178 219036
131842 248200
863085 122102
126590 -838139
-884047 555217
689809 573373
192628 -445256
-79145 543085
-158170 -191751
-757763 805369
321755 852529
-680228 428722
-719279 -947763
405342 -802145
-807823 -293458
-284432 -165893
-332894 -248749
61349 -309168
-22829 276705
-168610 -518182
-756918 834517
-272211 -59166
10770 -63304
324713 101380
490756 612620
-23920 30996
-443209 -871942
753262 73456
-388160 604536
-8891 -75861
-782455 -498881
-604824 686670
-175332 226943
-832878 578156
-384302 665780
-802154 -644180
-859704 342760
839571 -773169
578437 28426
-411357 431026
-477288 -71568
-826564 -569854
-383851 -324839
-638261 -120268
-61541 773765
-407161 -451140
-784400 -997571
-371628 -614805
-755679 -14823
-133548 -94201
393747 597554
886857 425397
870449 -80020
399277 -456308
-575613 364955
-342185 -825753
-315158 -379673
-541433 871491
-650415 929950
494037 464104
-29590 -267507
883322 499283
-399362 -773245
358192 746377
-332965 -218194
-108146 -544261
92867 521249
302617 -198743
190629 477342
360456 -860949
677146 664421
-644824 275739
-773341 742832
-678178 -395987
609459 -550877
109599 640917
-629986 -45044
647563 -244260
17407 141869
-841109 -351223
-492395 -594212
32362 -251260
373262 572716
-808941 -1516
-788276 208044
-264686 -616924
622663 -631186
548992 764579
-515349 -706674
862459 -400256
-663307 -240257
246805 -801683
-762598 -815623
-186644 128371
65130 -389949
-252424 -580907
-62936 -812968
262473 -902986
-328503 927751
-571665 935769
62185 888010
-429919 -414518
531829 -899175
-57178 687326
-125037 -211888
-202943 -170201
-523776 -699865
-96581 -803000
-977737 921945
-714438 -225496
-50120 -61117
-639265 753746
275167 -716733
-391063 -230307
483830 -727480
-94249 -17657
892352 468486
-461365 373210
-612155 612896
-670792 -119351
216648 -755932
-612603 654447
-397491 531938
574003 965183
64058 53609
-325780 278123
-402146 118606
6078 -446235
-603530 -203982
752028 443043
-244631 719942
-515406 -466475
95157 136006
835942 -334052
582732 453169
-826444 -188430
-989216 62703
793451 523447
-742290 -41754
482755 -53555
280793 -567012
-461252 841479
239376 -181359
-927146 -821951
411414 -471122
-890109 737142
-129383 608268
-113283 -164198
-909261 255597
-864025 -621127
323679 -509908
756441 -719484
348495 -241848
-36477 457029
247946 -964551
549426 -28054
-88934 751966
672795 402352
721127 -442378
-354704 163538
127480 -271688
-573078 -203170
-522579 -793781
546970 787345
-600217 -481230
7656 56482
-687956 385898
898680 55974
-673092 -828184
491982 -512634
508888 -984558
-790921 550815
539598 201666
-864576 689388
-841813 -275088
827135 148105
785309 199162
-179896 -996710
555189 696934
-262069 264092
875774 487035
-908790 -400167
478324 -891900
238262 277705
314784 -437497
574824 -520379
-601538 248778
-667695 39239
459915 -299643
396435 -193648
-578147 824222
190518 -160093
369255 -266416
-838758 728418
-1794 128580
480909 916682
209823 -117186
-605460 773628
-751442 -690218
-56745 542092
848356 -897070
-207760 -495156
-692565 -571848
893357 977634
794507 55189
-831549 396497
20278 -584693
-833390 618613
-592918 31454
704529 -160948
217978 459330
512709 13450
325868 349582
-291362 -50617
-835937 730393
-611913 -200141
332785 -855498
395739 855772
720892 -741647
-316496 852057
-186172 629823
-468402 135739
-710935 25925
123136 286032
-38265 748831
471015 579442
49015 -723973
789773 45370
-789114 60811
-219401 -505665
-967026 -133150
-942734 624059
-24290 981304
-601233 -614454
-959980 214851
-206220 849875
-13535 -642208
650728 -880824
3867 -644824
793874 350139
711950 400643
167223 -611921
-766891 -471122
-450475 -799434
607952 -232123
-272628 -835583
-843736 -316751
-942619 -817604
647331 875585
12332 -439471
387914 265364
632416 789318
-46340 525901
-573355 157789
-99710 606763
213273 -383810
-445691 -327987
607467 -890211
-843094 -770284
-137926 -644608
-951896 -709850
835159 -778271
-45419 619590
-536834 -471780
554673 -507702
-65429 -355788
701052 -787612
557248 -535180
294708 -282267
-169465 -18284
522569 561828
-682122 714538
-785780 888538
-324241 -188413
-973393 719946
261384 -730112
-125286 563355
-507897 -819391
252892 -716657
734680 -128042
549961 -286276
-850813 -339422
277639 690985
-211711 -844792
-689749 -195364
704882 -386535
-443151 -107100
40556 764838
-71169 970411
-8908 -611635
685037 517370
-421795 32849
-410984 133829
-581582 -1249
-710350 373708
-206280 -697495
431991 -535157
233489 -78957
765820 509886
709039 -170876
-490187 292447
930856 781462
131680 919394
-960673 -416105
858607 -71247
-236348 -114687
361856 40039
832937 398990
-857011 100991
-684540 881028
-708698 399817
-690496 -831278
856182 179260
-878018 -455253
645094 -504607
-193714 -750122
-455154 423400
356059 997692
-935531 -580838
-215643 -510748
405 91863
-319267 276925
-529152 611667
-504224 261133
-168670 -486902
364270 -400007
-779560 656199
-408760 501972
734724 -409609
699519 737698
837941 -788979
-931333 121337
586752 -61207
-907251 -30938
263931 958777
-450075 -814829
277386 251755
612465 348073
-684188 326820
-573101 -219278
391639 -228208
509739 506048
222236 189438
-963107 112765
202078 -212720
-797328 257698
-387261 317789
879338 458167
808989 721332
278364 241173
234254 -392242
320477 821922
-990246 -350367
-972572 126675
-681349 891607
-97316 -858252
-476626 -824538
-719317 -901678
805415 271248
-887369 456679
351555 -90172
875419 800580
382950 595359
-399350 -509682
-457838 9099
-793240 -963295
-971636 -870071
881996 -612642
-115412 789707
-392168 95170
633621 -606757
-763923 738807
405026 678949
-643191 985209
-312862 730221
212658 -85709
-994507 -36680
-720696 702677
-917030 -408128
-841517 -501870
-236600 137417
-251914 331447
332788 -592765
-962444 -993166
-410885 -843346
75068 212126
-784467 49286
623468 662602
-528413 -658644
255555 -784607
631403 289653
-507739 -311605
79086 517197
-602376 -709483
185936 -479208
865770 -204529
-726206 -361700
974985 -479041
-217554 -2351
-318320 -38020
-200962 166231
-161515 332668
442484 131979
171967 -323359
-963266 -498802
-884482 -312563
-222098 -833033
-888717 848187
843938 620467
-286965 16283
854605 418512
423721 250079
-368965 -668003
-422939 -154299
329735 854043
744921 -131337
296840 -399325
-213746 -563860
261630 -615917
-202107 -187260
-854944 780166
149343 -70384
-78311 -106635
-659969 -461739
594169 427273
491074 257366
-610941 -480238
121722 601949
54034 772416
-882221 719745
-946882 -233688
-845123 -376717
216598 870229
-328099 -880553
-142334 -470023
897391 215164
-227962 593796
687028 -515320
-713160 -581538
141191 185803
333692 422460
-407305 -234011
280313 -175672
-173858 3041
-684720 960957
-223544 531459
277646 -526168
-347857 331668
573910 -521888
204848 -456591
-738542 -278128
-274889 719084
-820967 376587
-125662 -958009
860200 21250
581443 434210
-111424 903394
-601141 632039
415162 728829
142976 351396
-93140 -590663
-513829 670296
279732 168670
-345516 85413
519327 895068
-74507 -282875
375456 -495447
-838836 449885
-57366 -619750
805742 98187
633396 -746192
-250840 -894865
-899617 793242
638110 -361753
401374 728686
-303302 -565408
-881352 -717948
-940549 -64059
-59198 830222
175951 816011
-477472 -40359
13375 215749
-811372 702036
-208859 -288417
499617 412618
57497 -407314
-531786 752628
415256 -21463
-302077 -589982
975318 556374
247611 -373875
-623361 -905972
266676 -745925
-471588 -245153
28246 -36816
-332608 453310
873353 -64426
-763372 278285
244596 888397
-919189 391819
-316474 258560
-996546 773747
593393 -699939
-468233 32847
-688455 -203052
-4564 -404416
361032 786919
840864 47594
-742018 -345557
464605 -727979
269392 250976
-335894 674704
-699664 -774970
459109 -977125
437515 -365481
57704 -286409
-115361 371143
-660514 -624230
782683 310254
-607011 -250401
624997 -628125
109777 -468973
-539937 -537718
-364528 -854298
674519 242786
870583 578850
384022 -632901
-584090 -434474
-123496 -367431
503737 986083
811623 26706
122407 59275
906930 -79764
416975 321444
-784303 -288508
826730 53253
135870 96130
272775 809811
587967 -795736
5373 -459919
696321 459153
-180433 -400620
-181014 -307426
-77463 236897
-45339 -981977
-412337 440785
-784678 118604
788729 975012
613518 305774
50407 479413
-892735 864860
58851 5741
-749418 399310
802206 397775
-810394 18919
