999
79815 -633943
-61716 31679
-258424 950544
322458 396816
-291933 -497011
1980 712462
-703567 345578
-96037 244570
625110 562556
-232558 276613
18179 890005
722520 132803
474058 -939797
-693302 -494859
344294 -2091
389683 -280356
249138 -925815
188993 -313847
974585 -51267
573098 -511747
453097 -490364
-136671 -555854
-785744 -265978
723784 840965
-919665 -355600
255987 302740
315572 -897733
-500059 205913
766047 44551
-837876 -437650
-308326 -744473
-72126 -652168
-623677 19619
-526107 -326935
62449 -33679
-358177 818103
187182 487619
702960 392510
190342 -205963
623057 797033
-526189 -437510
-308420 426416
543269 -162647
293163 -950290
-133041 889796
108000 -868594
648583 -607403
74301 -976282
-800897 837148
-296323 -582945
676604 1198
-497112 -729889
402389 -404839
150761 -649907
-831293 -664628
-530802 -663902
190324 -764040
-38154 -828493
590197 795173
966490 577068
854690 -778672
-390963 773879
56905 577678
523478 -317839
262056 -282884
932868 -748774
-538791 6587
285091 -496071
-806271 -77422
-993933 -296469
-262014 836222
912490 236454
538300 -654474
-453608 -329792
-368761 -391611
63258 9291
-418706 -920219
-42128 -912017
-102856 -769251
482803 790019
196219 -207165
-697036 114225
-250033 -941808
448751 -998658
-561930 849619
-207727 365880
517318 -107557
-364110 -101696
-880892 -888524
-756142 766034
-665304 -586013
479837 -469303
689735 -25521
27334 -32618
775664 59326
138032 51524
299107 -314434
-882988 947819
30534 -809853
171069 -67511
553542 -868760
412573 -741565
-73926 757138
340859 -860998
370843 546232
182873 -448805
423568 -302533
-323699 -322822
204030 579372
-70800 -372766
-226014 759748
619318 -931094
412564 806819
359041 -913703
-115938 686454
-319432 -486802
483899 -499750
959133 -552212
156600 506605
-260767 -722982
-428347 343659
665869 711075
250943 881865
-667137 -681253
549590 852148
-102696 -191741
597530 671014
166300 423875
-597561 -825885
-588872 797363
-353436 -625034
42538 -623822
73731 -165650
-60968 251800
487499 110868
-509800 -201050
46420 -27791
-27550 760464
257844 352810
842999 -290811
933136 -218224
-838167 429395
-773883 -594738
397067 340073
243089 -417466
-130946 -811169
-186139 -16664
-813256 -961294
95537 -202821
-894146 400743
-447728 -619840
-889837 2029
348088 916149
-234067 -608652
306525 -910409
268892 498488
-734670 -426100
780408 -825793
230756 423448
199717 62707
480372 86272
802974 118050
-651882 288591
219414 -642093
-807289 856405
215205 -516072
-469581 681197
897761 755496
-889634 757345
746226 216728
878515 624559
806330 479934
-41158 -322445
939620 -668385
201306 635187
-146166 128963
-583243 -50223
-614099 -442692
-13447 -901106
354655 574906
-266815 -293025
844858 891402
-403720 605172
-108419 305311
-134021 976379
-157557 598157
413454 -892297
397697 -37739
-380822 -52278
493041 885448
-22768 835182
-846734 -308046
-71838 -41059
73404 -47055
803864 718310
-877363 777387
8254 -938022
-670616 -506584
101388 784370
-433779 -540954
655560 -611527
-269251 413907
-727754 -128162
149221 -544434
-501331 528165
-310796 -819468
-499722 407345
25593 650509
-325834 105349
44609 -279456
219042 439814
-799212 643695
665734 -876691
-538940 172408
-424023 -104170
-788606 215375
-698827 -736315
-503701 -174431
226855 371438
272831 -561278
-626531 -110757
-774628 -876658
524926 -706920
146438 279735
867507 267526
-378085 -498378
-425819 835479
820498 -171158
-690528 -985995
-27936 759848
442873 -8273
-398879 120712
504938 -453804
-363605 776752
779570 -602966
-821275 -205562
-259437 3770
596974 -242757
-301216 -771168
-528940 -262170
-92608 567492
-84482 -638126
718550 -16236
-62393 64422
-62530 -194105
440991 -661551
94306 550222
-871872 -429776
-338905 153377
65569 -882123
-895090 -578252
635476 -37103
531544 585396
343066 666337
277117 -409207
-227474 264916
221528 204945
-377607 -361618
-130907 917114
92010 470588
932926 512008
773124 -685550
736499 -436100
226307 554367
-390190 322863
-227815 -656321
303453 -493844
400958 476198
211043 -222895
199394 -243533
-358751 170138
-809189 670130
-80234 -43937
133974 173327
795440 125729
-617780 -543590
-699009 881076
-106731 596107
662905 -102995
851612 329240
-228832 -896428
-952699 -395474
-614487 -405575
80608 -170304
564753 758394
126705 -624756
-705521 572078
955508 509025
692279 -342209
277527 -978235
582489 77643
-437353 588473
910485 -646957
-610081 781012
-552488 881670
-682084 470544
546154 386726
534466 884656
-717835 -14789
-525606 -2308
-132325 771466
662875 -442787
370080 722530
272324 -480972
-29369 37861
801962 -12058
806196 -376398
165756 626708
717223 634060
-756170 -79679
-227548 -302491
-58836 -737825
933502 186293
437691 2951
-139624 -495465
-168271 66347
-437630 355050
481116 -916671
498130 -182089
956481 620407
108842 -611985
443232 -781701
500262 -890626
-819123 562248
-479784 -121673
-67221 481871
-535925 -479075
-807491 -45149
75283 -862579
-844180 -916907
495093 194240
793788 -605277
152970 -71424
751682 56704
999125 -894991
906867 -235900
457809 208504
430921 912841
704875 -165653
-228639 -739190
505854 -410090
-329465 -736780
789222 826115
-135227 -908553
-190193 -501286
749828 -508833
174058 656011
158370 -664930
-458146 224744
-212268 131531
821926 508880
-156740 -580160
-870111 -292675
-603824 879032
153291 -307330
865295 -523463
700683 -398041
694738 847521
878137 87470
836206 880459
119333 -314616
-788222 -938767
415103 195167
-587559 117940
-70122 73858
-130024 359507
-168472 56034
-383081 -252507
438277 -340173
-631269 550993
-459969 -772761
-587332 876948
65075 714975
613195 -791870
769643 -60532
626769 599580
-483026 5909
-2024 361129
-431747 90232
580405 -629179
307611 822581
-300116 935944
-661760 -217722
764341 433513
263039 -777894
806965 -57926
-265350 246993
21456 -717319
-493432 851693
141524 -8497
340022 777885
-645933 -760566
718848 -78257
-96948 -920311
145961 -777815
298152 919396
919623 -204620
-81837 -418933
-168055 -711723
-724608 677433
-104869 -428840
-915743 766154
362311 459589
-994649 -711833
-448886 -792696
-359360 550562
-771040 970309
480196 -409402
-165075 106434
675743 376561
753115 69106
34024 -340439
304347 -948237
263346 835060
-239488 249296
691103 -76242
23611 225106
-340920 221211
-442230 -118150
-651665 490475
137820 -415347
817182 286175
-150243 -292611
-873848 737153
-241592 791568
761122 -229215
-661447 119170
823490 508481
515116 -495843
683673 -189747
875636 691668
-304104 -788967
466044 -990101
246496 386084
-660282 -893555
804772 686439
413216 -786178
-214544 268761
241308 346330
-115593 556340
-167726 171197
-817649 258773
243194 325802
569653 268656
834410 -32915
-38959 -515504
-556236 413730
1907 642624
-306637 -562832
100530 468263
-487625 202165
-620339 651975
-68663 224261
-767746 -394047
-79216 597060
906651 676508
-207794 377354
44408 -355549
-711050 54118
-67977 883263
-586772 503390
228523 526726
-248228 -287681
-477116 -273963
167226 -515789
-293539 566235
106373 -651465
813084 94941
-842934 899991
-715391 -734981
156994 241657
-224108 405672
830747 408933
134712 -570882
462878 -763427
173297 867525
-808024 -33030
66547 -167872
-753057 -36142
-874946 -883566
847501 -203289
-878783 -691843
-37895 -444716
-359280 -125991
793971 274156
483618 488768
719723 143375
842793 -98409
921314 -142030
443470 -964346
-673314 -776887
-575425 -612443
678796 -588179
273091 -611733
-765469 -278238
-798990 147515
-151610 -534543
103671 -805696
535475 -454175
884884 520192
-941612 131266
-261194 607138
428875 -961335
751544 -639661
-11616 -4744
609392 -865194
356808 -161167
113315 -219501
-10803 640331
-221796 43826
-599032 701377
691374 397519
245760 319845
-226627 968381
-715217 -816216
443835 -663191
46513 958860
921314 224613
991341 -252668
-378195 -764255
-372815 306793
-439796 825876
405924 -35621
548192 924052
208810 659333
879423 -290977
393353 -763621
-128232 444798
-500146 809693
106036 867599
519785 421464
504685 -559760
-748042 468610
150860 616007
-755531 172725
441316 189254
-692453 -164615
-56493 -745306
498829 -755760
365302 -958654
139300 -811598
643439 -171884
-8062 -494758
-305753 -708333
142375 112089
-530123 -54773
-655017 -976016
208527 266636
-406554 505261
-72871 -599884
-273574 112202
614406 -878224
-51350 140854
504902 434004
-521587 583967
137824 -717681
864190 331264
847532 -300613
-393173 541777
528105 -44207
453823 -69898
-632747 436867
-777151 -651939
561400 458524
119997 -898488
-902334 -347887
177788 598771
402370 -4265
-461564 -736994
-109164 -555010
-172157 689860
-188659 -236314
-278109 -621329
-814371 -36250
-64341 -45846
-707185 710366
-786001 -691819
-342040 -489365
-210948 130867
277704 -175501
-252966 -466299
10918 335513
635104 -178796
295719 -128676
-244007 -102865
220709 544467
729054 -717959
1691 94763
108603 -696931
-824151 -746355
650676 685736
286234 -435872
-714341 -859230
44350 -508844
-786641 -894853
601100 -489223
738817 404080
773635 78606
-809711 -750530
-865954 -843577
-567285 692026
-705598 250569
-456893 -90074
-244503 460111
894538 578957
122338 -402526
-418123 334905
443806 354558
324839 309488
25906 2964
178346 -853632
528191 -411094
-889132 452458
-712134 83132
481879 -674072
-839628 -886679
-418790 -502535
-460430 -859795
478307 -397005
675592 320839
967609 -890050
759 -611140
-654389 -297969
674386 565159
245037 -849004
294266 667951
995354 -256806
-140461 582553
-188121 376892
-213958 164545
-665854 937537
-137347 675449
-420151 674258
345490 629139
-545552 -208766
472334 186948
374729 407968
150716 755180
-138555 -467016
-859973 -42493
-215666 502887
314158 -539329
815338 -974748
770197 -861360
-261205 651061
727441 629765
329112 -370019
65658 -497329
390470 703141
-308994 -776202
-725302 431880
436593 330431
-20340 836193
632111 -145293
-506188 -848187
-804969 -922629
-258034 -71777
-504161 -686638
-269119 -914203
519197 298836
-599702 -606208
-231040 654643
-522887 950898
-683606 -858958
105403 52879
312879 905618
268932 342936
-854928 -634190
552110 878908
636366 -467873
240995 -860082
715106 -651086
551721 -102531
153947 -917512
-533251 91657
773066 -415205
-237615 -993460
-13438 463253
293430 259554
-780211 -911412
-746582 545555
-573746 -571359
-256462 750552
353114 462748
-551495 607201
-477667 182916
242234 -285202
-773129 -986455
-66705 -389447
185197 633464
495495 334709
-127287 750760
-724418 -755890
606473 -766921
-753856 -102897
-594373 -745968
954575 -983916
166011 -206575
-204338 112813
41818 129637
-13580 796129
-72566 155628
388600 -25778
-731846 27095
-135854 426547
-21120 767543
-37289 -955460
-129593 -983053
964475 899871
-813615 -151992
705995 233421
-724830 -435612
40520 386626
95025 476303
23521 -744896
760990 67043
-196358 -829122
-537857 237134
219612 -786879
-801452 46045
-726566 -58766
735503 75678
-766368 479366
716399 238762
-758626 624989
218539 -840367
567763 125887
486868 164172
268505 -640884
556131 810262
-688714 -777765
874434 912620
140934 -712740
603039 -369627
-132920 -34064
-477980 734185
-85898 -765856
992081 118970
381925 -123140
-76588 855081
-213903 186310
43764 -477595
-425962 -644170
647277 -166551
-462217 -211077
162711 -51942
-584866 -208902
-549548 675739
-514413 -495448
-692957 -153258
110681 52748
674684 569644
712840 504614
907556 656298
-93711 -826420
-544199 -409972
-238829 -8564
-477154 949657
-75662 82615
917675 242187
-435475 141521
503278 87195
-105776 -965804
205892 -799173
-737877 447551
487903 -737352
-352690 -467117
-459621 82998
-703646 821388
253673 -788919
985934 -316896
-198229 459834
180969 -532869
387784 144946
728804 -143370
-904723 -261546
384200 64845
-203001 337603
258538 260240
322851 -680145
-894172 -264116
-656980 463396
843876 776545
743473 -749299
-428893 -256466
681191 891423
-815997 862999
423757 -370917
-492320 -9468
-766330 564110
737542 811881
-98336 -239306
-903120 -945100
839897 -152414
963109 -662504
-721335 368740
840502 -505464
-45365 165749
468928 422290
-564538 248851
-597638 58971
-59715 -21289
68297 807360
-53999 47593
452613 417781
-315839 204434
-478782 97730
-818377 -630277
550186 920027
288762 -182206
174619 -576200
796600 88664
-756762 -457942
-683929 -422857
910898 -594394
-669928 -793609
-751275 -570890
-196231 -662697
-283020 21970
908182 -481322
35731 357974
499184 -969629
-571704 820020
687221 490200
-122325 -4633
-689271 -947593
-395253 -262010
-548918 -571192
-870538 -898657
-813063 610727
683563 -122627
715581 873460
-181102 458033
175837 825851
239931 179107
237030 -494184
-545594 -10267
-329116 786937
48842 324949
-677349 -54481
448885 734484
-603387 552080
-687399 -105137
423789 -788414
341212 296866
-239502 387555
-34716 -653908
-763099 -454
-390679 230123
-365850 174465
-360569 147781
-439664 -722825
-398823 -709415
361502 -151175
-359258 841207
392234 -993995
981645 384080
391860 583431
-847359 -413987
-819943 -498877
433251 762048
360817 343009
329888 -978375
92835 68716
159824 -236287
-430457 -341142
-711939 -494205
-520257 -163221
119975 459356
497936 749508
-668731 -842061
958242 -673523
622561 386026
-865893 -764856
-155487 319819
753930 718012
228945 -481920
-859414 351828
-35421 103526
-851810 -108391
-679504 -704821
-742848 -621236
-364115 -923097
177080 -610290
-367052 -372713
698627 -960825
-620301 213792
113315 909927
202283 586025
-387044 -952109
524055 -277408
362270 -844095
581483 74166
-231776 760580
991579 -529556
753895 -999219
-169877 -911621
729459 33646
185120 -680071
416859 -840341
-631514 -855893
432973 -16767
-264263 141673
-391352 774441
-526056 -127123
519630 310866
-706746 -522162
787771 396286
-363350 -316073
-416639 811422
-181444 -592689
-682818 585273
696488 -929396
573534 -823110
-818993 341138
-82573 207068
-368687 790324
807384 -739647
919424 684594
273472 231535
-123775 -606295
-789444 706020
40995 -933453
85858 -684082
-710242 -697122
112886 -207355
-921416 938384
265035 -379821
-511852 440404
-313107 -87140
-451173 212226
-688 293929
-385562 801904
600320 972709
-695383 557676
-662785 106617
78948 883876
-791865 -102608
-542398 -564551
813024 -714879
-649149 558481
-218558 -97661
399123 -988944
-543018 -910714
-514342 456104
-45688 566871
686519 564051
73565 146821
938589 -78831
-834105 88504
-220565 4328
286298 -119600
565716 460635
-283888 562798
132442 717267
-784759 -370869
120466 -144433
379234 626959
776198 -843443
-741023 418736
67553 712452
-138774 -532117
-347745 700578
-40453 791998
858701 -237745
5611 -470754
-25416 -736426
-602400 88060
375646 -542086
-858146 -501914
956048 245628
-521635 -697254
921596 -664103
27621 -1258
-45612 216396
-866741 -828749
-64380 -591270
235025 -255213
645521 33497
10880 -446564
129720 -765192
-485213 -784321
-387594 -444168
-21806 592999
-79813 405761
-169381 -68412
604809 173091
-354162 -971392
-799167 658361
-821885 -779722
410431 286814
-868870 89765
-774483 695250
-895608 90004
-634564 -259479
-195301 -928984
110602 178723
-123638 210042
990291 256109
335667 31992
815184 285213
476228 -774351
315267 -692806
138766 -691470
-301644 161572
-136265 -466745
-727923 -814003
-156142 -689066
548215 82256
-723715 -566525
-403943 -514073
121736 488573
-498145 -813616
-393629 -534186
431789 -182083
532821 262783
-32231 763734
826525 -660577
162775 -235520
-918581 -156803
450886 972811
180221 -929476
-724186 637445
148454 368604
525255 434785
-341658 790506
196124 308313
428095 441832
-73695 273865
-319102 92585
857269 -935157
111221 315395
-158274 300559
-252793 368578
-79127 938764
586367 -140988
-978198 -839765
-898421 -779481
-110753 -852347
835830 -169465
35136 766026
-358511 699820
-194254 -871552
80592 -491670
745487 -49650
-138464 -273686
-845348 517369
-838329 467495
858202 557784
-359320 884981
340971 -291414
-1769 -154062
-789759 -115856
281348 -747719
376752 -891038
-334921 -944701
-73785 -696137
-17491 -585184
621542 -29498
-767234 -744850
-672731 -563684
458825 859021
-535100 760096
-390845 614994
116799 108721
-480387 -203748
898048 -208047
-193343 293329
-515429 383664
631498 -94611
-987143 50788
-243472 177722
-597452 858452
438169 -405416
-362656 295752
209219 -861650
225152 445575
218266 -848974
-550914 -281033
-22023 -813820
802223 165773
767989 -474704
-297834 285877
-179879 255827
-159699 113181
-840154 -572477
299761 388832
370700 -149592
-769199 -937823
-642858 -160007
592429 23238
-461421 -874338
603377 -349282
395735 934207
-436211 202136
16009 -170742
949415 891704
-780124 634032
-429828 -194771
-358073 -674223
-254046 -531401
656624 766771
-699647 -897574
-991478 -215357
-381194 611557
265005 508348
-194138 -935119
-601007 -125672
622417 192134
281928 675718
503856 -982251
-639704 -515792
467447 807153
136748 318978
-853476 -30920
527804 611315
652522 -460074
719285 729385
854551 -623882
51915 -495675
-513891 776447
-164527 530630
23160 -95674
-311850 317520
512086 -816435
450627 -563002
-52956 -460085
316148 -843538
884339 432839
-140685 481971
502152 -103269
-421005 -274063
-200002 -142982
539060 -419114
-763160 986296
-2108 -306954
-117675 118662
97919 27115
-29009 856119
124222 253704
161232 308999
-474567 654823
594164 681860
-34183 -575926
-730053 485626
-512351 856032
243553 -812239
-293537 -613938
728339 -212941
-757588 -844796
-903577 -28663
-97176 668944
452880 968786
-916429 611007
-31750 575191
-169872 204387
-743239 -711807
493925 -105387
-786020 -729006
558254 -562768
143689 -811323
472347 317415
-791760 -849665
538170 11656
286552 -831688
260178 612548
4181 -393682
-854295 66805
-883947 -846094
527149 845193
-557275 -724002
-456586 -77232
-556927 131757
-886750 754779
422324 359625
-784433 330912
-802904 299328
478153 -190788
-607339 277930
195857 -901531
-224593 799519
-699706 136819
-992396 -529493
892985 304868
-356743 52529
-910921 -103233
-474095 -583245
454804 927667
286894 113604
-265778 104793
-487985 278882
-57344 750550
335945 810807
-105368 -445999
167729 -331062
68292 692200
619093 287521
-248916 -485784
-327795 -171818
-986438 501217
709024 528693
-462876 216218
824008 -93271
149190 434843
179811 -360448
-829152 75854
-641505 -361213
83663 -484110
594068 446278
809345 725267
351445 -949899
148712 -186566
368738 -941342
529463 648339
601321 -912066
175525 -512519
-106773 269955
781209 673318
188928 -387113
-555437 422827
-164011 -340688
-108922 44015
98913 -158406
427620 -658161
506659 219166
326451 -322158
581490 -539420
857350 -296863
40518 -668922
-633231 -430316
-611719 -446689
-610957 642718
-89911 -84312
-492559 -213251
-267882 -169344
672337 -11773
864203 805199
589915 538959
158681 351499
616013 353816
-142671 214508
232582 -929616
-134595 -906701
-189282 120757
-796315 929835
-966176 138524
-457875 196540
-120074 883941
-132022 -605149
-732308 835489
-118426 816302
315258 855578
737104 15844
-434819 -221966
787331 -143890
-623495 -388751
-278750 -543930
80482 647530
-593750 -862977
-383556 -189321
-326138 -847669
73763 -18752
-776810 -656062
-944665 -365228
537859 -784343
-460656 -267314
745693 -242052
277423 456727
597432 896280
-523268 -595411
-86388 384272
558880 -520666
575243 -911542
407379 -511001
305083 -356080
861827 -503453
-137759 840757
212801 -436263
835620 560767
104000 683946
-752323 -927257
-341125 520825
556860 -694988
-375415 -572570
-230226 14695
810484 54762
656589 -950460
-623413 -278176
-325121 -607562
-388985 -851969
-548479 260985
-535041 483345
-507159 484432
743196 -456705
273537 594991
809561 -187141
-177119 454520
36513 -88937
-52697 -230697
390193 159627
549971 -117792
839322 412597
-916299 389897
-339247 73873
-534936 403809
-852837 221484
-559523 -162318
-759066 -168963
-955452 -453155
-793406 689697
-283196 797187
-202175 -380081
842314 -619626
-203082 -917045
359574 767412
565569 -394028
867169 948630
437160 933415
797232 627716
-126675 86620
-546192 -743937
-474913 -312859
-992914 138763
346164 -915587
-227330 408266
470457 174646
726184 557240
888628 -268137
-828139 -966016
-764443 -632494
8097 101638
-619163 -802629
-774655 -5722
-451468 -922633
576600 18624
-574168 537565
326262 -253774
-236930 -446706
206147 -445085
171586 547247
-760091 155376
100574 629593
29293 545955
348072 -632649
22691 -849729
594973 -293450
-902275 -873870
-285427 425651
882365 -760563
683102 -777034
-503860 554020
137719 -206454
-684865 166699
-66772 -761094
76961 691546
169287 529306
-44233 514905
-235815 -840384
182981 -889510
249600 -597116
197616 716722
947840 261592
-477507 860754
-682172 -160143
-798867 716237
-967844 -849898
48655 -729056
-897167 764196
68994 472634
64178 619415
360503 257263
81040 -804873
340385 51710
-181788 -589367
10330 -833504
-465993 839083
-669010 868779
133450 472207
263511 391768
761962 -944339
553370 734495
-860405 48305
-453959 -283086
841283 -30072
11297 -648172
706558 767069
-96547 -562381
-620402 536760
369247 647035
-910562 -912535
171199 -592125
290186 -536988
-398522 -722409
621244 32523
-16698 -121545
833770 744233
-484350 -903350
-516012 -871460
671955 -263673
-784705 -56378
343685 -612792
626702 -123447
-413145 253193
158677 -101327
-127880 338024
668741 93310
-628108 -615143
859175 669166
-889171 -53849
-336808 436314
890199 206508
-34048 58050
104977 634784
-749188 337350
-353768 799311
-935182 -388891
-596729 -220906
-71400 51723
804035 -738875
715718 -666120
85567 -400046
456236 -820001
262239 -274223
-680923 -719587
-200162 -720492
-905330 15729
129001 603126
-853448 814793
-809245 -445446
305064 44494
-5253 -64853
-381439 115268
85861 -467480
869184 625827
69920 -467030
264964 -795336
-161686 -542511
505733 -320868
-800952 870147
-527763 -292383
-780912 -810199
742591 -103655
-642900 38492
770201 316285
-23902 1704
579298 49957
881177 -397314
-697008 -557449
810876 -432563
156367 -740160
387860 884702
-212899 605099
49132 328494
22027 -265857
483099 -580420
715778 143700
-985893 -360349
-935473 478154
-523125 884238
-169144 7700
-556533 -876809
131639 -433161
-233160 475306
-130399 900733
845178 -882276
675818 -636791
583885 940182
200846 968155
-713625 194459
-426771 -688021
-254863 646916
-648801 655960
-302651 53064
699294 137423
607569 -116894
779791 -190275
-653542 462489
-678076 -57058
397787 242999
-463810 -14329
613281 -675390
-787834 -937236
-771753 -328962
-952234 -585431
151832 -877056
338020 -798810
76888 621708
-904797 3610
89876 536378
836196 235052
356517 -21139
-316371 753525
-743400 -954327
820369 290946
65405 -3183
-819165 379827
210305 871340
705668 166809
144002 395089
835045 336432
605654 441269
484177 122925
13375 101507
-438226 269970
-272533 -459259
-969178 -381017
-213244 735213
485183 126402
-171232 805897
-967417 -243916
61064 -616171
-151305 96352
-262381 155193
-490544 435742
-364121 -244266
818454 -770215
-52898 -306790
926975 341285
849343 1458
-111798 -826016
-347339 -893049
537798 -130037
-696338 750136
-456057 218897
648920 265487
430885 -362335
39560 82610
894035 -203909
-336794 298055
351579 783243
-452690 -638840
-870435 -937696
323083 303790
122108 -593334
654376 105463
632153 82405
-161647 2913
-980294 996578
-53251 423882
746570 825304
-517457 723017
-27547 -673943
762097 643427
296047 -714862
371622 471049
3224 517022
142741 891212
500224 719773
449597 353294
-723837 -61998
-825060 -79403
111504 708092
-683645 604073
201801 -265675
-713483 -818178
780831 136229
-848581 -522131
-170177 -551125
858742 294387
626478 889724
-840762 745238
-762610 -537254
-464358 -323954
463581 -46694
-712961 602482
-410413 -38381
-232533 -859794
577378 618403
-818641 417499
93036 -157204
-831976 -377341
-383165 203828
-293664 -780363
231806 -321260
675760 -366446
301817 -940185
903193 -125574
595057 -823408
-914955 307532
91687 -265088
2517 -894068
-12191 237663
-94400 -89328
-353912 -277382
-845384 63618
-402173 928741
-545034 -571081
-601467 -637879
-809440 131891
-603494 -799428
578437 425320
76752 704770
140639 -518245
-324854 -253732
-871789 744009
547315 166032
147731 -800245
385497 838778
78531 874610
704656 36701
-4471 117475
577080 613918
-843888 594314
-972252 -834807
-976089 -643084
139992 -545243
-397422 984703
225545 -631386
-40401 626437
-883050 -217219
-402135 -294879
-597365 254672
871892 -8322
79774 -561531
-119112 641758
246988 46668
-554199 -41315
131217 575485
-475501 -715496
-89052 -889263
-963260 -794818
464094 507283
-823437 -423248
503794 -440464
40726 100283
-323320 808507
689387 -899140
-717645 700734
-805778 578630
399820 288572
-179143 -370174
294928 -945236
-557736 -811036
718032 -925989
-50886 20968
-115212 -522202
-781235 -374098
-11448 -635323
417810 -447084
-63282 -291680
640697 439719
117684 -784967
248184 677898
883999 328638
32414 -716433
-731870 -210720
573111 -203005
-590738 900452
-694867 -777126
-694944 107730
452284 900907
191456 -133447
-228213 965873
-822608 480639
518213 -802617
-97994 342688
870303 -841291
-99330 409888
228928 -938428
-999640 -299128
-29753 761211
551277 -558644
-807548 -648363
618250 -183563
145783 -368707
171626 391695
-152000 -355329
-751695 -249210
176166 280294
-808356 102877
-132746 344964
53410 803939
-501026 653931
-69972 16141
-463959 151492
-355730 999303
-329082 809339
-289334 734256
237752 -76145
-56311 -884694
-918952 -317385
-143577 -118577
-610518 -589810
-106121 437117
-124856 809223
574165 -990545
515889 -743111
238603 44441
-715086 -494831
972742 734580
-851162 -54138
-862775 -229479
344010 238013
398189 383468
996577 -685019
227951 -92340
292377 -231597
-794342 162984
-802827 620837
-293962 255215
-305100 426113
355307 466540
-358500 655897
-233977 -507095
518816 -684107
-630557 140416
678892 -794684
-767953 879075
-114720 63219
-226899 -934294
123403 593226
144928 -236443
-711405 -393933
-311264 213304
436250 710237
860936 -624764
382890 -360643
-265361 -662964
175018 -432213
230940 -638530
-317871 53087
599506 19547
-871189 -545979
-265032 219956
-439346 -440606
-69685 47501
-48464 373708
-370880 160961
122306 -738120
-488269 822638
-439361 435188
-5296 519347
294554 632190
-281857 -566026
578286 369598
719876 334934
-642854 -35705
26106 6210
-910369 659486
810250 705057
407632 -405045
848616 57690
619917 682819
761395 -188986
13296 227482
-37793 908731
-863674 528125
62518 -187528
-406300 -727443
295622 -311181
-61575 406733
250782 964908
-597028 456104
317797 243926
-233439 405500
-717607 262551
-403801 76814
-324780 313675
108586 -750414
106724 628131
835562 -700015
639193 -387341
-689773 -759467
253222 174009
-256462 -534765
950918 -846320
-325945 -690431
750226 -251854
696482 -556518
-165283 932022
-234653 724208
-589626 39291
-172968 131374
319553 -791582
-159022 80438
-2281 525062
-696059 949393
894273 -480797
-157577 255697
-139434 -863258
-618941 -648495
-640324 -861955
41994 -762839
22669 508115
-338898 840327
53455 -601148
434022 -934619
11536 -563226
724620 557639
-267183 -862862
-618893 632726
-117646 884952
-148656 189613
696548 905061
187785 -447312
738900 929218
985466 -667873
-754286 512155
140550 -903039
707466 735198
-366557 462666
-537102 874635
-974669 826146
-898203 885907
-558870 -688235
-445276 -184137
-416738 -438043
-756312 -685544
180398 -126742
-854068 -409183
-539536 -69391
782117 -242218
-484900 -395409
-786577 -898834
-722149 -697925
-575286 782944
420012 -58798
-426422 835696
-23741 195580
-110744 512012
599182 -880637
386312 537527
-490479 590536
-825188 870736
630135 678524
290478 193705
-34718 -878817
-456666 599321
-285965 -187555
615425 231188
-341809 508870
-671052 -522600
-445051 749337
-823872 -10007
943820 -975701
245760 715096
-120320 -949900
-18358 932635
-863636 612869
-724231 622779
326483 -739655
68450 675467
252828 438957
345567 40486
-305841 -73194
-949116 -59632
-336135 40195
257349 623665
-609158 489163
102411 111466
-963199 -716097
-779997 -835118
-767922 -457825
-247549 -243852
625214 181562
382526 -187248
-822136 -386853
-856471 -463122
-169432 -603409
-877517 -862653
53554 664766
-299312 -183575
603086 -65123
-423140 154108
243906 345625
894775 167729
-235861 -418257
-770620 -728128
665178 774257
75991 916284
303652 524957
-885528 -890008
-720983 68378
877279 -2508
-620193 999657
-584931 250924
-455142 -75689
-811647 -810471
765193 -251868
-230347 938555
761500 543135
209114 -275003
55985 -258571
-528843 858116
-882065 -322110
-176522 645819
-911677 12509
-529053 138991
-405632 -695714
188296 889011
-812523 -767457
-746904 -800638
264196 -102416
615534 553373
-93290 45431
-931411 137263
-898758 94804
-865052 -345288
718420 -192800
43628 -663981
-328346 703402
-331373 -559893
426749 -228649
-565219 51522
355791 -441605
522012 -882335
-405103 460517
-389239 -448252
-186792 -45678
-142918 265155
-343436 -790473
750195 -154530
475792 -462988
448848 435485
-664591 740785
426172 -269080
-957279 6266
811334 -718734
-711793 -356816
6365 -756937
465451 682225
-159836 -145346
-173894 903840
-63793 -553033
-835183 496310
-496129 -660656
145888 374561
-48657 189126
-183053 -92693
565599 -54236
507503 221850
-779390 519303
121233 -791608
434238 634155
139724 -445425
-531085 -492195
-309574 180290
390597 -688593
-680549 -1464
-580332 54668
314912 158191
440283 -979570
-122722 -687667
540034 286910
216852 -490570
509167 -718162
554818 -490219
-219631 44126
160538 401569
822118 733353
-135201 -395957
153637 930624
389562 212931
207041 -899478
9067 -602706
36668 222086
824008 273372
-659236 898378
835971 46127
25032 -353767
164750 -234125
822317 -155861
-394600 660281
-403059 -659574
-594418 -681130
747552 940161
981112 452544
-284277 820291
618275 922219
865803 -613745
36827 -849409
813592 -545635
-661844 297610
272774 771289
602082 -477738
-401410 -740208
-290869 153549
-450742 -576275
-350272 -417540
-790608 -446100
-295535 508593
113737 -174136
-165969 273020
698134 174488
315910 -737419
556097 -937587
778330 740427
-622912 46451
-649437 -776806
149282 -997198
-110886 844888
-525653 392418
766884 380023
29399 -575997
181017 846683
3620 499844
381001 -348246
-460911 825511
