1000
-332069 -725315
-770005 -433762
747605 -28822
887338 -330946
-648145 439653
-870744 -500781
-597808 885783
-200881 -823549
220553 184328
418806 -521636
797210 -830278
-161581 1534
629733 875222
-295650 276771
293458 436419
-275946 -215186
369181 -589678
129817 -497453
7121 856031
-797570 586500
179635 -528427
794297 233333
728993 -906257
-405326 206023
-81105 -691271
502226 738824
275259 -34208
-793785 788329
-804166 903290
259864 682202
-165479 469947
290651 126718
-704760 103813
-423668 -52209
-254159 466446
219566 483877
502632 -644174
-390231 561987
28002 -658255
-80703 -572010
221803 828531
-606481 159085
462103 -40590
250955 688707
-868556 -928808
-323283 770305
-541422 -403213
539254 -726231
-568526 -897314
489221 876402
-2910 28851
-881365 313864
-90710 -454813
-695931 -616279
502543 430125
846579 -702160
-703436 -880162
-352989 -495469
895499 128600
-324539 20717
404748 -824579
265703 185602
-680267 242288
271196 158075
-771211 394831
550800 792417
870321 -295847
-299712 -185196
-763394 -611781
-421351 229570
694925 669261
-758313 -104376
412910 503815
-14766 -510394
-787433 687899
-878159 -534735
-765140 800176
-952297 269721
860677 -857851
733145 -467585
463598 -552979
347434 794911
-918379 -868700
-177021 51973
635821 -129117
726545 184847
101676 -597018
-99263 527557
8483 -43784
84156 -97386
-170324 388712
-586742 -525906
-981175 -58171
-51352 -550713
284250 50058
-399826 53709
812897 241448
-663880 33738
-65092 -627102
-493185 856915
446532 73664
-937420 -226574
96704 474936
-996191 531735
151248 189339
-380624 -71529
48795 490390
-716835 8126
-665095 686703
-622191 -420467
-420013 722961
858631 -252550
-622017 257647
898580 -879704
-773575 -176883
150616 -184502
-402546 -728454
-248337 -994320
-919251 884648
560513 233818
740 -549432
-878062 -268338
422827 -382764
-566055 814272
178606 23688
-322383 256973
805061 -270641
-659935 342708
904046 -344605
-199748 -881616
188710 488047
-858674 -922096
900254 -536753
-698511 546506
466904 -225461
490710 265543
-97429 -242970
-688536 -352328
-106452 -467958
84606 73165
-855243 111392
598031 253151
-98443 -168122
839356 471183
-593953 876450
405793 148034
-761326 -747860
-570474 -670345
-954461 41929
232724 -211308
-762054 219378
-625566 390533
-653120 -918000
-774250 -500024
17429 205089
-512584 -396764
-464117 69548
-246591 -130635
-984951 110610
-443881 770996
-414395 -679189
-95298 220619
490444 -119920
209772 658122
-942253 90620
450525 629584
-944031 61194
137911 -635137
627641 375954
203262 387726
-618315 498696
-857689 464182
-232882 544016
124180 -717894
-102981 779894
406245 -864980
757099 184325
-918282 -64370
-804197 -675200
-395280 -547395
-830400 8501
239827 -840478
663549 199422
-811982 -648920
-448903 -303432
645901 96558
653623 202276
-521919 -79395
27541 878608
286806 369497
-575024 -386690
-653417 -190558
60502 422769
-553138 -505402
-821986 92299
-430435 148914
669320 -315397
-242342 -52321
187329 -973600
862776 -802277
721752 -224145
408961 -323704
-831347 619041
756579 -569101
-798310 -430648
790375 218493
-616630 -207637
-648715 -617931
-776383 -223768
596545 -760801
488568 201439
-535497 336196
816685 359387
-742256 -997487
244911 606199
-885330 338779
-208081 487332
779383 -683798
645420 -276303
-478180 -252388
495945 -198525
430957 -621120
-9013 763841
600755 -963280
70684 -891172
-688295 -768502
495004 855371
-184225 -110579
186141 731153
-969488 363653
856667 605750
-684370 594910
-191130 -355787
-388992 475880
-806062 565963
407827 -937810
-421169 -278909
732626 735009
-130212 -557465
-806586 386547
163177 -436877
368244 -293877
630163 -574474
656110 614933
-874850 411845
838687 -473380
-216989 611593
142840 68458
-406951 473912
865797 -298252
240382 810239
-401580 252313
362836 -720996
-926062 -122107
-437227 31325
-366756 567099
754804 789083
-839700 710826
-963212 -660889
-638385 418275
387081 73324
-320655 -157987
316909 390929
-145119 423673
748306 -277721
-689739 548305
45131 864139
699931 707005
-163803 -220435
-686477 676931
733006 329759
-46278 598801
587045 -572139
592451 -451859
-340912 -516966
-491829 -867515
-61294 736017
304355 -164221
-531224 -995448
-480164 489270
306548 549886
886340 825838
-339397 -375368
-60172 -622925
-189261 708103
739505 47065
-856561 49468
661158 96365
229468 784351
-181433 -675360
241795 -801145
159908 361159
632872 133770
252520 569891
-633781 -948658
811649 505399
1553 -708321
-477819 490930
-745365 -130488
203738 694336
352470 -638741
46533 378161
224873 884733
-514255 57684
657664 -41085
53062 711583
-751848 687043
-174067 218696
-788784 -223782
-646014 -475070
79364 199799
508508 -787076
-745965 323298
-154100 -125023
511742 -541079
751449 612800
-5627 -383656
148948 707432
757764 -86554
276552 197875
240140 371331
-677344 461813
232392 475748
-57838 244448
200013 -340717
784879 337999
616011 -948927
655927 -365147
-376197 405094
-774050 542620
881414 -735182
664211 543196
-193636 451984
451973 326288
685251 -246341
-945736 -220217
847030 -571637
-73053 -652921
411790 283493
-543838 -285784
-907868 553
-484322 -967550
-379387 -859392
-576156 -176314
417884 454163
-392445 7969
92669 556422
-105048 -477715
-84164 603870
-112086 -338007
249577 826155
845060 -188099
-127616 257480
733866 -928562
847184 -651151
-581213 -337022
-45073 -707032
307635 -748263
-197211 325730
-783419 -225641
122934 22177
-284053 629731
-518578 -377808
264587 -896917
260104 -430007
-251561 -350405
472197 -217759
753444 722373
-203123 -296725
-353367 151001
182746 504053
-428595 719126
584838 -442480
-94121 -843091
-941731 717641
83915 -256723
-341486 825066
-448171 -969864
-912533 -361457
426170 889725
137143 421629
-692483 -956486
597390 -879221
238790 462080
-730963 339621
-569590 -837474
647018 782699
875017 -157293
-381375 815092
310636 -913770
769052 -589075
-559643 -926504
-411003 156360
-100344 -555681
75234 715932
-672311 627310
369150 -953977
125826 -159035
-962348 785374
227321 -780450
-354095 -891427
-276215 181955
-3448 87672
34331 -675514
664825 -767218
-878291 -899593
819289 -198956
-141563 -509426
229458 -175074
772423 -679154
203682 -261533
-132343 -67473
740350 -622973
-363355 743466
443136 124095
-752461 401988
-985478 750598
-50286 223041
-316684 6298
533997 -648290
-518375 119628
-833724 298941
-957773 839199
-405287 656164
-619627 473337
-140586 -489887
-671808 835725
599425 744432
-893694 484102
743918 676249
106572 790800
-901485 -609622
818117 441090
482464 -587697
670342 -116191
519149 -934800
-916721 646839
-100093 -864345
-494064 469136
438606 -557406
146208 599004
-670241 177816
844002 143650
729785 -678760
439296 779739
136564 -668818
-624 -252139
-516747 490039
-592147 -843568
-816213 -902409
-939704 -661037
302616 715471
-753860 142879
-803607 -143953
-212081 -361274
-294046 99009
473396 86740
-904983 366174
-166797 -767574
-101369 -822054
-224720 -307546
688880 649688
-762598 308276
-747082 -582535
-206070 624885
493134 410161
54876 -864004
272111 450357
-261298 183581
843862 -243744
310830 876512
-845412 -903316
635684 -791671
557030 -198394
673031 387044
-549725 -635820
132537 356098
207447 -828570
154907 -680717
903413 -794156
790923 -897390
740480 -258880
391008 432023
-105603 813748
121815 -389232
-776760 -466935
-648422 553403
89690 131369
104934 730841
-419746 -725123
484530 -602026
408691 791667
-737592 776600
-87950 -98147
-428442 -283500
-371522 429917
392388 -937360
166649 868180
761108 -973678
-924747 687247
-541791 -153400
-240578 -502049
260849 450853
397406 -571363
427091 150224
385523 -482897
173491 107055
186014 542676
450965 864121
778078 -341708
890704 207412
633298 61347
391393 -796067
427653 -810161
-754046 106836
-81476 800698
-739863 790860
494562 -983300
-105313 320860
274221 -264625
-377393 -974223
-65717 211386
-914153 863191
-565373 21465
414058 221338
268446 -786447
-189851 307914
673576 -767791
-864160 373722
368913 650987
-490396 519285
-153262 -152735
742866 882048
-649109 -549643
-307453 -77337
742156 120814
-434252 47256
-19985 101376
-814218 440551
-500783 613884
244579 -251794
-502943 126472
406311 -369690
300384 -671098
-24343 806685
240194 259831
644768 675935
-259697 409958
788085 -995816
359101 -147147
-747006 -851506
-532721 -612528
596302 255143
-539828 18784
-299681 -896257
-851017 177624
543085 795308
871027 221359
-118730 598600
-61874 -329555
817292 862077
-481312 741338
41127 334147
576415 -917951
741300 -688966
277146 -42142
60771 631005
-597592 679853
534394 -661797
637048 -3875
-584850 -155609
515696 -19759
-964212 179851
195785 641263
-497100 887756
90984 725100
-940991 -714067
-225875 -34861
-515202 136541
-153255 -542695
-600339 -87106
-197415 -361457
-241811 521052
179680 -707595
-86616 477497
-806702 498804
640250 493559
-711486 49476
-854586 440040
649134 60340
351226 499027
440088 44074
-473092 800631
-991757 682440
-57946 871892
314465 -974436
-529803 171364
-936086 -540891
-239424 -956901
-502184 -839307
7937 890362
-459560 -716112
611257 -261096
827240 -125820
519197 -197097
-816187 118884
650939 -410157
-916253 -278850
-828958 191675
-239075 -150043
443624 -586760
-162965 256736
-385139 555216
-437572 -874247
-870122 396475
-717470 94085
677694 -824761
-978761 866447
504015 864817
699727 -192463
-842420 -279996
-118243 -583471
-93828 -60220
457548 889851
-867756 266763
255894 360030
-898725 -522951
-425694 -849874
-66830 547511
861948 665311
-209325 -648077
318584 69460
-12381 674853
307845 29744
-179534 -132079
-845462 -179534
424143 -311379
-511449 -457252
59057 129908
871311 -147881
-486059 808935
-919836 -980021
-397221 494433
14942 -434360
544830 -81567
-79962 140706
-688391 510471
97880 619745
-286313 433445
75760 -518303
-879735 333290
264182 490087
379720 -409854
64040 819000
449949 -145527
-510062 808861
117956 606407
485365 803202
348294 750510
-673687 -879111
723655 -28005
-591138 -606710
433612 -124711
-298440 891239
62860 -188978
-428614 792220
95846 425850
469304 -302442
-896601 -7727
-938950 529389
-898288 -115540
-708954 649895
443684 -452520
406606 849976
834079 -695800
-239344 -761611
-239158 -143668
-630168 -447001
787375 -272253
-668485 -351495
119532 815694
-431759 -523705
793948 375063
324245 222248
-734168 312729
829101 299298
-967750 262911
478806 876259
-923079 -23703
5089 829572
65092 -154552
-164418 48361
-764245 -703582
462117 -460004
1397 734361
232777 788604
-579300 624813
643892 777308
753267 550488
-91190 198823
-288609 62734
-908208 665156
475687 817458
503169 -504328
414392 -585528
104249 -517275
-62041 367490
773693 -216123
-648205 -854949
281568 -489513
459403 148889
-636589 -233643
544840 -227510
544906 -462508
138303 -249929
-440171 34714
466595 8023
-68875 607846
598271 -524300
-89564 -193281
-118545 66675
-597892 -356633
422650 -445855
617238 -408963
369040 -774250
648828 434537
484844 -59720
-914876 -208133
-255637 735340
-186286 67827
-302887 -189583
367232 -953489
-538276 -505743
525325 -367693
615807 -313706
701127 615572
67753 -694286
220523 -908417
-92623 -640430
-645107 812792
-511524 360194
-971221 -858723
344429 632893
647816 714491
652757 387289
857973 -912935
903873 7955
-150272 322902
237266 -138825
-352489 134866
-688722 -187701
683038 838548
807699 -442869
-376063 -182492
-899544 -931097
-746012 580886
-203365 183911
375243 -206405
-729924 -824043
-9026 433587
138829 -912021
-629019 88335
-269019 441177
-353313 117077
613913 138557
327520 -505110
-179520 649334
204457 -229093
-765114 354895
-621719 10854
321281 -596898
142211 -230198
-274499 683243
-913182 -607804
731693 -820580
-756515 226325
478648 238843
-931686 649044
-224707 -244778
-662493 -881638
-176937 -736124
-92527 321800
596865 773813
-137647 631437
-583853 247917
-393052 187419
439970 877547
-150460 -189522
783893 -531121
869470 57169
134431 239280
-783194 813973
539382 -870651
183019 -614467
481400 17840
790775 424737
-650300 -110868
-658127 822779
-380159 -894863
-546884 656309
194907 274788
51127 476701
203433 -301362
-884168 -39675
-917129 -809350
552639 723233
-895669 814056
-714838 691661
100564 -733350
605693 846135
-781520 -878440
-478553 -476566
261057 775786
-279489 117283
-256446 -694314
-431921 855074
-525064 447519
-845556 36761
802860 -652533
199023 273902
-799624 10414
6244 -402210
850867 -847450
867045 -269947
164038 -826478
22431 -832337
-525151 -408375
-82342 168578
73158 -163583
-583523 898848
-338833 854593
908998 467128
-779775 -768750
483240 -704821
-806096 -287201
64709 -865477
-322561 143554
598463 -250340
-373814 -111760
-240601 107197
359322 694699
-97124 788063
858752 805452
249188 174893
182197 -980002
413284 -500392
-434270 383451
194506 -800603
258338 -495532
-781898 -33229
380208 148556
707445 292295
-635757 -470504
389986 880043
216679 131265
897384 621346
-422860 648015
-876602 -526404
524905 276101
-580191 -496976
579021 -112253
789138 -601596
-159227 339955
-721757 -57274
717357 -616589
-268104 12403
853809 419252
674358 797531
-441121 -232678
-651707 748175
749696 -765548
-575639 -644122
614258 633341
-24764 462679
-69373 269550
570089 726762
585474 -132020
367018 18967
296936 -785248
199019 -395408
543573 256303
-511502 176230
515157 451086
740887 -368250
670630 186370
-567445 -227600
795340 -511494
-430927 -82358
-500695 39600
725189 725572
808759 -817224
-786253 -993468
-867068 -256690
516471 757373
196472 167532
575191 649272
-574313 -493235
349617 259421
-429879 843376
354075 -605659
-655753 -739489
849763 405883
22368 689452
754641 609814
694278 -666861
-114988 -366596
-668708 -793326
-139176 -930942
746696 971057
-799134 872823
540898 504734
-73382 622285
734980 319197
-457387 -877221
698587 801360
-434238 -170484
-793378 219358
-684592 691227
-442683 805963
-688881 800520
573604 -134447
772912 -951483
568592 699091
-488935 -800678
-983723 -432696
828869 -581273
-634140 -808650
-84567 115386
-223940 -512847
778883 232727
-773989 -599104
-23986 157394
416843 457557
442347 -344256
-617120 223219
-345760 -890226
-322220 735255
849089 279260
18879 98156
201612 -538407
-712716 -649455
-953780 -262412
842513 -362331
-623037 30272
154735 -506672
327384 226890
-8314 702687
-665391 -794952
299835 140314
43525 698507
-873910 -176219
-380495 -465903
-837183 -717993
367754 474627
259727 682828
-573046 464562
537599 -881942
-786552 575238
536341 -69471
793783 246504
453186 417964
-572540 -879596
466337 812731
-544767 -414981
848231 283591
-536880 -824719
252708 544590
-755822 -230222
-712592 -71236
538246 121456
807964 -979368
-835952 903075
379146 -368832
-687013 -702656
20905 -28260
-5380 -751557
819975 -658215
826039 672287
-144293 541470
-20553 145252
870170 -769133
161525 394554
-381788 58804
-511816 334978
244416 -639969
-956864 824856
380566 778337
-641646 376523
-668338 -510894
-246400 -905764
158597 784067
202813 -308283
-916157 -251510
-387335 420079
-909523 569128
683041 -247510
-631676 -197980
-178337 -55943
-373896 578429
462728 -621499
-502153 -260498
92291 183807
632080 26664
403584 125879
847188 708935
-900452 627870
892949 -734143
-809244 462309
5029 -358678
-576572 723445
-453986 -539685
-332856 815261
562643 -129326
728611 229905
874622 328862
-385573 837473
562334 104158
-228800 116852
562076 908866
297351 -442272
-81198 -639989
-768421 469857
351633 456165
500487 -728444
-690514 -897333
-272787 -82994
-338531 479586
101983 -306075
464889 -857842
11172 211521
305511 754257
-203942 -800122
92829 124986
-199911 372906
-104009 -785481
681213 -35885
-404956 135735
-782552 -803458
711546 -217571
-845992 813776
232303 -572683
773433 -728626
191585 521985
889522 342639
485725 976178
-368378 165683
966060 -199712
118107 785587
635121 -774516
156241 518904
-566754 -785503
639312 352438
290245 -704468
-278075 -15625
694202 -154205
-616977 -553320
-297313 283554
924608 -485138
640569 14568
-325430 -182774
-414323 904996
227877 717834
354077 -399397
-110331 721020
574387 334978
620644 372236
723380 472089
957687 761446
97292 -612186
458575 -624861
-332875 888355
843344 67313
186723 821235
335933 355966
372291 294010
-43437 -834807
49461 694936
-650226 419433
-553370 -453508
688190 -355724
1911 35915
246355 -88367
454840 -51012
555142 245024
924840 395433
196303 -637215
7789 -2012
621064 -271558
-342352 227360
144534 586525
815976 904824
-341833 -778112
-554561 -14733
-873749 459788
539363 -490625
406569 972647
546704 960256
898599 -556398
-668506 -607447
835244 143200
334529 558215
-306917 338861
-45824 -413291
921778 768422
946606 -751315
-449028 -318846
486747 528158
474885 -272697
-112342 583467
113168 301224
-799930 910191
-783996 429425
75754 197511
-137143 640151
443173 891046
159779 915135
548925 514099
765059 -219262
237031 785878
836089 -526838
-782420 -438600
581022 -607312
246987 285474
-822543 31765
-678511 -403889
-388583 -871415
819394 68130
-470316 910407
999612 104090
-846514 186755
553287 985986
633338 -785807
-439758 432331
-549368 908927
569408 342629
940799 -91964
-245747 921201
-165559 279716
-473851 -741339
692604 869948
961536 -202117
-760822 145603
-478574 -397100
836219 -162745
-296706 104104
-311212 570047
446965 595162
-329955 -753739
-9041 866509
-520891 -111502
-702571 -334513
-693045 -127647
360326 -800782
1618 -746956
-788429 56460
603277 -714523
34124 -633612
359921 586222
464779 -678115
-845252 -617932
-198307 195144
83358 770988
37793 968027
599754 960952
-289400 651351
-421008 586174
-188314 725866
-710847 482682
228276 452233
844045 -181586
-562388 918914
-686159 62906
965209 153304
852318 -472966
259777 -730343
949548 515387
-843211 625524
104222 52351
-285636 911227
202311 886935
590743 951506
-39009 -690883
-708427 999425
-382814 -380431
-155822 -254270
140870 960274
794326 897495
-681021 -370800
336121 906374
-5630 -725919
-524673 810217
-183750 213418
-413788 -834189
-778171 -80084
790017 -570726
-956708 36971
369960 -168490
86713 529722
22686 -556786
-92301 -64699
-581605 557948
-338499 -74349
-540850 -137508
567936 -121624
-126252 -579756
37901 340583
192443 571071
-88486 -14444
-820982 742974
-538401 -712515
97136 830496
945502 502018
320612 980868
565043 -206307
-281654 -878088
-817443 -511669
-113586 -551942
913031 958212
-146072 617187
419984 318383
942923 -555016
396123 -574963
630133 -565662
-178760 779378
-293253 572015
744873 156475
510131 -489393
-710323 662098
-802549 -19405
-568141 129873
-858722 138064
171499 -422168
729037 157482
-121250 707728
880618 434134
281753 638811
-638429 408864
766081 -20056
-553757 -35961
-552406 535788
-436982 -516393
638824 891443
-371841 -298911
-36604 28662
290646 370923
234042 -153794
156510 727140
534345 -461271
-708458 -579065
149390 -553793
-867473 -564754
463983 -197742
294762 370037
695164 840567
-848292 157329
739631 873443
-741444 -621858
824732 -810122
539423 -356385
170973 812067
-67226 352871
-275783 526052
-202701 987374
-60918 -876997
803146 -994795
-309587 302158
-267616 839601
316262 -812282
13397 264713
-353164 -207297
904498 -721089
30647 -530967
-615747 145611
-346944 902098
-550275 -378935
-718479 536686
-305841 348448
100828 925707
-600192 -520144
-284885 24606
557856 -363869
33698 463625
-435485 -899313
-278157 674564
512582 553692
-830323 -25972
221565 -62900
-393196 -704543
232882 517764
-63488 436090
965909 -672998
493145 -475228
337534 -705010
770097 893666
160831 -58417
-479900 -547987
-656109 783178
367850 546492
-701831 682635
889687 471198
743555 810626
299477 790471
-710963 594939
538875 220230
-415785 456329
-821390 -713215
-812129 96688
-451145 752444
-720474 -806274
233650 -539002
250474 -410537
766369 282505
952406 701885
-243658 -279233
-90547 163962
995993 -440618
938252 -266196
-849997 -124082
-159898 831475
4549 294958
-586767 -444728
577139 113975
-592652 606606
-569356 782838
578203 -491562
-675472 490966
-749723 -83399
-666859 404411
803184 388430
828745 425894
-662574 -8241
966766 317494
440168 729028
692041 351278
-220945 102433
-345115 -745422
598371 -548039
850380 705949
414323 165595
572064 906809
542271 169799
-77396 548393
-284756 -369768
611435 76376
197415 -500883
656252 329953
451736 863876
-390320 905070
-299541 -451260
-691694 784034
-406445 -743172
-866609 881509
566889 954705
740507 772070
328463 -115173
70975 558814
335879 467466
-107626 280046
-533280 184470
723470 244999
25428 190582
-485474 -240887
15036 -475875
584307 297574
-542646 514410
-480417 -80179
-463904 -830369
114618 194291
255647 457294
-590738 773066
-74585 484847
-396090 -771380
449814 -509524
-835947 745179
410204 -878301
-397446 953050
-203973 -89061
590301 -887165
868651 -855348
-68679 144496
462971 -857354
417020 -500763
-324007 -628988
-687455 910108
-34473 -461330
504430 887802
-4354 -768210
-658121 239014
-621096 104261
-684036 -672615
379989 146193
-824097 -883886
35567 -526790
476305 874472
-720448 215019
-723899 -570474
71396 902820
795466 -96328
598908 -408193
-820181 635912
-180207 -119051
386390 222853
522830 246359
-294492 658122
-810012 -163094
-529827 486668
-588631 691045
-894932 113618
158599 -92843
903703 -883233
-22504 -487336
34445 832152
886114 314628
-476801 -783461
-95391 -259652
26864 703981
-669375 451030
345316 922290
-54533 419037
50666 -610897
845435 -669413
-257250 -399334
746678 -314022
-336182 951209
508649 599950
-615353 -801716
-840347 -444756
355603 778337
14634 -595136
-474735 -574210
262388 964315
769315 -671656
-584528 338423
883824 -899681
403374 -652128
-552466 -758814
639402 447718
569135 182875
-782323 -172203
886662 -801255
535035 875874
518566 -286629
501984 -768845
-488114 344052
-678250 -502969
-643312 -137469
-271017 663234
-759504 207527
-226644 353108
674760 -16118
-484452 -400841
-54721 -93387
348259 666026
337726 -852680
546264 725719
-429325 543654
-619099 787796
-495399 -510575
-265230 195523
588873 506296
-858041 -166277
-81282 148108
96479 -453297
731423 -695536
813096 -520454
146866 572836
-820514 -182715
298552 -212148
-22991 694735
28909 643646
633985 217591
-635224 435756
759288 295557
-762935 -825961
879632 -434986
445356 355556
77217 824129
669343 -38312
148801 807718
-646517 -901352
-192870 158869
87425 798822
-594000 644440
-862034 935334
-774383 492610
-256750 231001
634993 -630096
-740213 999210
95115 -156004
545688 -49392
610896 547221
-552683 649538
-415763 272365
993123 717481
-442537 -409608
-245173 -420831
9123 573632
509023 -404257
26366 365685
-564196 438843
962784 -173812
521909 985860
907388 601534
-10713 -371823
-649626 -34353
361442 281737
652769 -102259
-663797 -386327
-823512 980783
315305 580012
796866 711707
-658307 202971
-150661 -809629
-487784 994983
389197 532554
586449 361678
-93522 804238
504700 -227569
912424 455522
-324274 819096
-734661 104636
45453 319176
741159 -180168
382545 465632
-521381 319354
340650 702334
-761950 560317
370998 61927
488127 -841225
-698046 884464
742757 878834
672154 -821816
-94112 404049
-9309 -381580
997081 545574
-418516 153819
406375 -817635
784619 745823
-130136 61274
640579 -131375
954370 -156415
-843965 -564902
-377353 896766
-441141 -728584
-49380 519808
-816794 -265322
866161 -263262
215271 911829
875122 -587663
218673 118312
335566 -744343
725472 971357
-743961 806961
-422839 -281673
-116342 -265139
470982 -110270
-128968 -148643
-710357 -191066
-572746 -255360
71753 253529
448209 -542606
-555968 844310
994319 -783569
958515 -706142
915028 -102821
462757 115102
395574 236449
-687680 -129506
-525980 106989
139264 794642
-363821 -619977
615199 495211
-693437 -799994
-772017 362898
-749817 132896
423259 -408975
580269 -505891
-775005 -404646
275419 -611460
274345 119823
284449 584182
-315264 252495
-588853 787362
967050 -51746
230170 335415
-172365 108538
693770 349286
-446052 -57265
636637 600869
-575051 -342539
199988 -421140
295752 -244582
272713 -367595
-85694 -579225
80973 -414259
-398325 565271
328516 884739
890036 329468
584960 972537
234568 -815886
-19249 -270461
-758847 536175
760564 -671083
124156 -930237
328131 571883
749362 298411
340155 -543834
3212 417935
179654 -160588
-416845 -300629
317542 924666
166423 -795037
-602772 642641
-560014 -643354
-545907 472658
33865 -233420
-211714 18798
292211 263667
-674266 -337627
392675 -689113
-97897 548119
-401361 983891
-180476 278090
-78328 314831
-9574 416995
-660776 322460
692284 -664666
-569652 -698817
475459 -313719
-805746 -513487
922979 -29685
355466 778963
-526278 353782
-280324 -86357
-906722 219722
680577 -346345
-818414 959326
825524 -582625
-889739 846733
-618479 -94935
913856 537225
257264 490689
455061 790834
999785 -248470
-163958 506093
283068 -877465
868162 -583019
741640 192693
-803805 -834962
558467 -525364
591684 -102390
780990 -150206
6175 -97146
278485 600188
110681 -338225
-677836 -80748
900800 -174506
828365 831144
350848 -555746
586183 -23785
856847 -877543
-807679 603294
200673 826976
412648 487064
323060 -684315
-128201 -416712
-483561 720948
-68064 -124300
237950 -134063
344927 271028
-887984 -336561
908636 337583
238579 164593
136866 430282
-592983 -91566
15777 236841
-143336 -53908
939741 239785
547712 422423
-613215 746030
-557381 -821865
-703885 106549
-885436 37964
487132 -699932
778777 934683
90112 -287521
219919 -621759
-572969 -697191
-789451 -169548
-301482 590568
664331 795226
648378 819368
-829008 783382
-144862 203332
-861125 920991
-779111 507980
503566 -841675
-338513 143391
501532 244169
732787 92260
751666 -269012
291524 737398
-470856 91999
-109332 -283011
-394657 615420
-107384 -200590
-22806 162810
-71058 -671439
725902 -478339
759950 639331
-735608 715176
303186 -732435
-822640 -772565
-609021 199948
614936 -100962
299421 -165398
-83795 -35944
-226481 831390
935095 567318
983077 -234811
-224916 -61852
-434064 267499
-538042 -852523
-665587 -651725
356588 546988
-144839 -405914
-160707 -598179
693129 -783086
-336020 -427570
-800862 88408
-576069 931860
-501853 775988
325207 880486
-44847 -393752
130070 -579379
-2704 -71987
-448099 -189649
-286049 154939
-348142 867131
557842 55545
-83781 745469
441 316754
312418 227400
340318 -155659
464652 747122
-407204 222607
-472787 -801179
14263 896833
-596744 -860351
915714 -562080
-889212 206745
838605 978183
756897 192500
300196 -132958
-572599 -414759
444033 846645
884877 -505461
986443 303547
942318 -606025
-382441 -156253
-306807 -632319
-41908 727572
778780 -151375
507529 379628
193619 715880
-173280 537312
213695 702542
294758 -299273
351894 -422223
-523888 569472
869432 -119988
830719 415332
217554 -293097
-749673 -807181
299001 483861
513623 550298
853503 9581
-143685 -860766
-3524 623692
837895 216949
-405044 710019
886514 520872
-419463 232676
250646 -584582
682784 -476004
827432 -724445
-673971 297824
-592797 -256193
-4605 -459546
-361648 -781086
-872011 359046
-522576 594831
731560 -32982
509797 317473
-797955 580237
820928 821707
696494 -867145
366935 254210
836626 -272115
258916 -340742
514545 -425501
281880 827288
-325612 325705
665828 822897
523392 -714026
-726247 188434
-429412 -312240
-746681 -183861
-444089 114919
-682344 -557257
-816050 272546
735989 589694
241947 695139
-309548 752299
519882 -215244
-422636 215763
817491 -128010
646539 888552
-513793 549944
753403 55050
-207148 -93448
-105142 -727414
348447 640725
-592556 -672367
45735 260473
-651267 -755371
398355 811606
795670 803140
-48554 637605
-841681 -130439
991238 224735
-327929 43926
903438 -346734
-771329 -160555
-650273 677021
482820 169459
-626018 38861
-557678 -94423
850543 885218
502345 946111
50977 133839
-31877 353615
-332703 -187365
423123 323025
168897 -67448
-258356 -795292
-504600 9029
475947 244691
185429 227504
225556 -401318
-14898 858340
977153 -639047
400094 -68086
-416077 431113
31080 -804803
891079 -415359
-291596 516214
571426 913593
-641853 872735
943970 379726
333005 -42690
929818 -599665
-479285 -290555
640645 -366373
275374 -432292
-9864 909883
529351 -28576
953712 -816800
-883022 962582
75186 241387
-510742 255220
-591274 -606521
982079 921973
-697639 315493
-352432 -873729
402287 646021
-545078 -396578
-16347 -241872
22357 718420
-283648 -763257
598282 526260
578979 -608686
711750 -852792
-82598 40192
612210 853508
883114 -176118
999152 -698021
-469634 117600
-426180 16740
372885 53993
849006 646623
-540018 -374369
346694 784842
-703395 968958
-819137 -111998
116644 67875
-820418 -155375
-143605 -665476
709997 729476
-651343 -486400
-227544 866440
-496408 -747433
-694114 -678014
-812469 761291
956416 -761716
837039 -592831
-785626 409999
954491 901587
-190574 529580
325197 -78939
597965 834959
-243094 950728
535827 140209
269230 203190
11575 700005
-57523 -56600
-656722 498123
-737985 395076
-498659 -447460
839657 772384
123280 974743
-335188 13777
-802986 -426816
535709 973682
889437 -293743
-158420 562581
474879 -726402
-58361 -28888
-382080 587065
709652 234692
-535937 -101845
849183 818508
-150852 -34500
316292 280463
-257628 247136
-733219 287810
188408 652557
-677057 878622
-477307 560697
822284 280982
-471706 -131465
-334140 939511
-755278 273759
-896018 778575
-101472 421865
-327121 744150
123741 -562120
526696 -524985
-152598 -898185
518389 -349720
706996 -164961
-780863 -430269
751849 711068
-634185 -727908
-875482 -762588
-707868 -47818
934426 -377245
-57516 -446560
142272 474296
-276480 -956459
86726 859976
-593142 896655
179895 -1251
463493 570762
-502069 981918
790664 765396
712977 -312828
-574502 273951
-621731 190220
-644124 886995
828884 -371450
944828 375395
226475 -369333
942769 -475502
-526452 -324332
864791 -492940
102860 952166
-304087 149844
559337 -456844
614888 -838665
464920 -493543
-128981 -211411
580583 36415
277936 -883867
-813784 665263
-577948 -782976
694010 -428165
970756 -61158
-344432 130849
30022 307521
-146603 43814
356796 871921
-1690 -146835
-226822 239689
502050 -273555
-772817 -832673
44387 -454578
538086 -248121
-236330 -629180
670930 745407
