1000
557025 585508
-274062 -56556
-861639 -517834
424370 881127
-561227 -272182
-133031 -913940
-152319 -455140
-666350 -12464
745319 -261832
-764947 524399
319585 887769
-567559 841063
-889449 -310717
-68937 -383095
979231 -483436
-485911 435402
367277 725686
375457 -28179
438279 -275597
-177363 768113
539361 -568628
83943 403640
392259 386483
198636 872379
-62178 -875225
970697 951160
170606 619094
223754 -540629
-894955 835285
166924 952312
-25484 -882477
232051 404020
-186974 -89774
-715973 498392
574740 -507939
-111645 -33994
992313 786683
474074 -920741
679840 -146584
-486937 463085
-40757 37438
-358517 417597
-494637 -474191
669341 -4373
-112449 -992517
-888019 -944759
-194253 -218802
-845134 285060
-642879 176170
-584667 11526
197903 458513
-922291 705945
-607173 -42748
679400 -455852
-619985 809636
754122 793727
612994 796819
608799 -92691
-585165 293005
-67095 218177
843656 366067
782604 -118937
84709 -558627
-755973 -304541
4741 295211
-38783 601027
960236 271643
909971 -295877
752560 -530653
-591859 976717
-488269 948885
644977 809719
-899165 460223
-649677 297667
657389 -254144
-551523 699129
812976 -129597
450986 613261
-149120 -399037
-830173 -311138
836846 50532
-757780 -374913
410757 -915128
940696 496490
513564 -188754
230147 7432
91153 954107
-481684 -683000
881422 764506
-419429 -508027
758411 832990
414498 -841529
548873 -76777
-56271 -654742
-915206 -939139
962464 -287389
-821232 -471541
334304 -504522
229300 671811
-397911 165128
-592434 -913714
560290 -379436
-121594 -840002
-484720 366653
-834539 -117180
930110 -525481
290548 -440615
-400571 349899
-433211 158132
-837111 106413
-891783 203177
-978999 -229462
668664 622489
176636 27994
762704 881349
20664 574653
-476543 -78889
442528 -115864
-429444 -560494
-107380 -184868
933737 -769782
-582046 337148
-267648 578691
563843 -15224
361697 -373555
-186091 614070
-129928 -152765
-60934 323880
-462392 898616
-737905 562776
-854638 -774023
89665 -876301
481983 -45506
-638460 -942187
-368248 777281
106849 359296
-387599 660834
-20019 -171957
406048 -119166
-141604 -123973
-863716 765057
-759261 458032
-746423 640650
-319362 -214282
-503770 133572
-735823 681704
697214 -906487
79633 454647
597181 -897048
518208 956246
583281 -265444
361427 186761
-683079 121051
69026 240058
624787 -935956
-358847 672010
-301795 924576
592929 207512
888932 -825012
511183 537198
-702014 710835
217206 545169
-302566 115612
-490621 908065
531631 -96826
-775977 686745
-750841 158624
519331 -327166
-157530 -547058
16717 89664
811664 909821
746491 -412791
-998102 -302430
250509 55661
300727 -134119
845747 339580
687294 132109
600160 535861
384878 -351570
-851057 -155846
-870873 -793321
-6837 -145760
-854068 -42253
-327743 -723486
381452 -702373
934220 -580954
-547716 375910
-957211 -712428
849621 -411504
111265 265645
-499828 -159651
734 -427434
-354606 -529325
-268564 -900978
-433108 -537200
-13596 659602
-366258 270866
-367752 -737391
-468041 353439
297943 564403
-604263 487470
-810424 -543811
-191551 32409
-97133 175330
-389010 198676
-45860 988856
396754 -360929
-638928 -380014
-7230 -54681
-98045 -362036
641752 -825751
-55638 813567
507056 256604
642705 844603
200163 75329
701191 -550046
492113 -125683
-912824 -470789
-695690 912138
314986 593985
447411 -370780
665063 -263965
880511 620951
717348 -367843
-830086 -586665
666570 -140115
-679915 513611
318978 -695037
49928 927516
812465 302156
550301 669457
221136 -254948
884913 974531
790687 697056
-947564 -734341
-546785 -199317
369782 263904
-665598 -419128
138804 910310
454748 -288047
718115 -436014
-623715 360087
796804 -733595
310687 43505
-230277 -602978
186983 -662513
304847 -180169
-251086 -655411
260131 753846
258847 315418
114964 -191259
-691651 -670328
-77056 765680
163398 427448
-27341 -647085
-687829 512681
-770487 -736944
-262606 541138
-412610 -212929
877978 175927
293774 -651694
-667896 916794
-945435 -913866
517116 -163844
-275162 35234
-133345 -363325
425604 168487
-867049 15048
188950 541454
-47153 -615234
-166780 802283
-109589 -157059
-69090 -595845
382138 925150
987347 275697
-158256 -856122
963702 -737997
237404 507107
449577 351311
-760096 715184
-533715 -251631
-360542 872889
-640838 -991804
-178722 372277
419163 157195
-331366 926659
-186088 625549
51283 262874
759750 -17305
922164 753941
102096 -420757
424028 199294
-482587 810059
471637 397169
30687 -46760
-745962 -739101
-27152 311605
746723 899393
-810466 637976
805819 -485023
-731675 718092
38406 -960464
436289 419124
-267804 309640
-56308 640851
-431858 202369
110779 675094
520278 -435010
776448 -109186
-604582 844504
-740341 -668606
-141978 84751
-196801 672732
285077 544659
-586787 156134
-693126 -273544
-315566 -541462
459341 338307
-785191 -629527
698495 -141222
-781306 -470126
-138336 -686160
126954 602548
-273839 -623099
-612234 -622382
-183390 528607
-602334 -258574
-727316 128581
835475 -224855
781822 -807245
-680999 -168277
664700 389367
543727 -478398
166276 -187118
511700 -545010
-722699 906889
-646328 -578719
469160 -136682
81156 288039
194098 737586
-243695 -236109
817122 -971747
490420 449734
-647793 -436132
-554283 744501
-21763 283865
-777220 -333164
181399 567761
420818 385849
-851199 -737724
589190 -641077
979481 475084
-979009 346649
-932491 -563735
-555900 10317
169668 -607158
-538419 354093
-179929 -264800
-641613 749400
-747908 -421569
718461 -313877
-106479 -803279
375933 -538021
-35414 -251196
-559674 -439778
668381 -244345
305700 -491078
855749 -882098
-636023 -789997
752439 -683366
61990 -383727
98339 -936978
-39898 -40478
-564414 -100147
-291351 -663153
538910 -865970
-83276 848325
509205 121335
845902 -353296
-506274 762075
562891 374357
-887752 843854
760995 -509471
782483 -202955
256291 971667
-297146 -734229
913071 678336
587055 -842822
-997673 -577654
-942022 -121912
-857461 -830432
872570 557421
197231 612892
704561 -533862
-565496 -873780
-145137 809986
568697 -322667
-79451 -926372
-485895 328390
69266 -43248
566833 489923
492251 392836
957431 619424
29754 -877890
-539404 146524
-16826 -203510
299032 514714
331626 716388
628642 -873718
709725 -147519
586120 -788544
-828926 797266
-299569 -172314
-921308 -626240
-490908 -84277
-60856 248015
45126 -24824
660004 618479
248836 -786277
43535 832854
390850 -218220
-701470 815878
363091 991764
-440659 154760
-248403 -805520
-765813 -374047
-178293 -873135
-19613 -489173
-784716 930965
807579 74845
278286 55038
14238 -166277
270290 10435
-366091 875944
-247271 -461840
137518 -266529
728102 437820
-162503 685642
-593253 -900516
-592807 842292
-769631 724218
-221448 15145
-890689 -466549
-91668 -463596
-310433 -77498
59026 -318759
-784649 103767
-226091 394257
-161149 572288
154427 -949175
-806469 650199
-958507 -95670
619447 484544
-666452 211021
147245 -488227
967522 963117
41349 -149456
790650 424495
937325 462754
454287 -290370
-405764 930014
206235 313449
305243 -352121
-30930 -239790
975902 551149
-274760 -562869
-784365 -430788
668984 -178665
-45252 -877470
-232435 -952480
741876 825142
610088 995193
-701177 191646
-473413 -351474
-609533 66926
784730 -224207
-728923 654426
-178804 379269
164664 -210265
1728 -530275
55518 62477
939405 -197543
-909246 697357
369273 -691238
989297 -621356
-717171 -895118
-947202 385726
602389 757729
-30032 114865
-439033 -988279
-458384 393171
-787287 -243507
-26121 52336
172977 318484
-546592 235343
277214 -859448
327758 630944
-472851 -462635
653752 -347916
311019 -156718
-783007 -111553
-954090 -718892
-71651 487887
-679378 -862777
-484132 856719
509459 820286
-308175 -46689
255932 -593876
-782462 -151949
396526 860814
-328831 -644799
154709 413685
386097 928281
213254 -493858
436808 -340807
-676052 -5427
339154 200096
763867 -500544
-249520 -876825
-429214 -368366
366982 572363
793121 -934297
577219 -495124
-808760 -185228
574693 64938
-530196 -857174
583328 -298254
-122817 355032
581886 926122
764960 882653
-202890 509010
440797 766298
-482315 138084
831272 533777
644994 309156
-943909 -979629
282081 415474
485051 753912
24370 157618
-218346 340324
641491 -364249
625621 41233
-126836 819640
-237528 -279325
-136070 900128
846099 54191
-262103 -903104
-315504 537919
-382054 756891
-15011 287993
-392725 -498914
-181937 -92715
-557861 -704657
330867 -431747
337762 -374095
154558 -487859
100990 186689
608827 866539
224118 -709758
-673031 926646
870941 -985401
-245925 267916
896398 -978772
471493 -27203
743788 -438094
-576718 -193119
-756106 -207403
-484399 -48890
-809353 970507
960648 -707323
-205946 336313
-220464 -157148
-964812 -455328
-749576 876653
-345469 355943
-317245 -538921
886613 -913858
-350497 729198
175055 -796417
632532 -525794
-620816 276502
205009 661848
638148 453957
-958530 -748305
-14138 913781
-515961 -376749
17285 431060
908897 468062
615167 347819
897509 -495591
-100241 983982
-660000 -805117
514733 -336356
922728 821195
319533 -775381
381322 -947575
924118 -313781
205107 897045
-449727 -827662
674954 -782560
-386240 -392951
-872279 441694
495556 -194870
-479969 727110
-218964 656720
485870 656850
375008 508359
554863 -270727
-111458 -230540
107714 876273
-614979 129135
-249433 342406
586835 407400
81290 -399656
-440918 -239407
469133 42883
-555551 375989
-344465 -95158
-806808 606733
947549 495451
-820437 -86293
-324219 -404966
-733354 -546187
-596639 -837555
980671 -534845
14514 59184
504691 -862288
723479 774809
835708 -307130
165513 -120630
-562030 -154200
-6742 645524
770874 986020
373893 -865705
-110719 -360323
-436424 -621954
-852553 458831
683605 -301779
120588 -737240
868132 -8359
-605762 -904323
-296707 -397845
269279 -717932
-110200 121550
557512 232888
247627 790880
-93150 277947
856681 920462
-738131 686876
-358157 401541
828978 789833
-904823 780365
-903557 499586
-678594 947525
-111538 125765
965560 -738067
-369539 -769528
-961516 -967577
632834 -144031
-151551 -853284
-292111 -404224
569389 274603
998504 609861
730547 -676937
-653012 -550268
-208486 -252079
-946709 722959
882937 -54858
-527238 912265
719273 226349
-376333 218361
-823082 333566
-572576 395880
-307252 -194643
-450958 -874007
933893 975857
842452 -801500
583100 -215713
-770024 -79765
-182254 925280
957474 95048
828988 741700
757953 571031
505272 586365
315548 861401
-769813 -103163
-629184 -481597
-1939 -155343
-7047 -327259
-755210 28938
643578 764616
959276 594915
-431925 473594
-214053 -450612
615072 -284277
394570 -794904
118449 -897008
276800 -722145
-972030 605482
-762088 779414
-245560 701126
530430 -572058
-205736 366861
824065 346207
-351816 -958687
663813 -712461
176708 -375525
-158203 932112
911624 333921
931492 22315
-243048 -510379
87468 164485
-794253 869760
809251 -443899
-142315 172378
-419896 -970304
-499375 -78012
665185 968994
-297513 547095
501429 591623
505336 -359224
807520 817245
83147 492871
83823 -952129
-778209 251985
-281659 -185376
490261 922198
14771 176966
-83148 -172297
693934 836664
-957330 109961
878176 172416
786473 -245419
-447156 -407622
-172113 -262455
737000 -671570
945017 -579963
774806 -981314
775376 898012
422884 -28764
890415 -791671
-321667 -34790
-687632 -230666
708891 -367384
798020 -38398
-54970 -781780
553000 -125130
-47859 814319
833435 -772171
-190751 -117008
286885 14468
149273 -365396
910530 -758885
-164754 -176936
143686 -795745
-102865 -258341
152394 -605453
-150235 258580
-421283 990862
-375591 222147
580363 -41616
268968 627176
830291 540989
15913 -220956
307435 691860
22484 -187147
-539882 675093
-529504 -487
-311652 710368
973556 213873
65672 -54618
330307 807772
-450053 -291527
742621 -732037
-424319 -765172
990086 -686809
330292 -177817
284351 -626514
467244 157212
483930 -450639
226057 719410
58573 -861661
865786 74787
179832 192617
-837028 -993428
-693577 -699161
-612770 634278
-841026 131578
797225 -815245
625595 -451764
670849 777541
-547499 405042
537703 109885
692019 47557
-189824 -716012
-294319 -543934
295303 -816657
-44654 913583
-911948 516299
-155288 -377995
788980 50373
4400 130442
-826647 314952
-46965 249838
432326 933842
-686430 -831141
-239800 522725
731208 459146
-555489 -531381
-586978 -364241
-613404 -702549
-566045 865880
36627 316104
646728 135278
-260615 -102350
675395 -250884
502186 879753
415817 -940524
-866487 -968598
-954384 186500
254804 874032
973774 -759869
-713482 56778
357605 -497413
-836473 537870
580142 526403
517642 -72672
28007 -136825
409691 -821996
330270 -409452
339221 914945
723865 -921172
-204577 348553
-909834 -946809
924459 183190
-429996 -217574
475596 238379
740457 -931623
-594814 -290875
-138737 -367009
-500641 -434789
289940 220722
-33544 649888
-784368 -296937
-764632 283682
466322 206350
-33868 -913028
353270 941601
291337 868224
-441626 -244637
782359 186443
491967 -612731
650656 -864644
819466 -273754
-830428 220678
-620102 -1761
-481258 -267157
215255 -486377
-746226 -335154
986925 -697515
739104 196011
775725 655467
-619652 -248288
-729210 -866580
-602039 555906
-312086 -378603
-379075 -316344
-513058 910267
-220567 940939
670478 110279
555333 -687349
-716519 -146744
-106961 874221
-503253 -745166
-601155 118318
814266 -440454
488351 -126305
-502431 523480
-311893 317769
510783 436531
564683 -95076
-793528 -461020
-267165 -643721
-190192 578785
-211183 -609635
-440362 484206
150575 729465
-621037 919711
-352585 -950824
-675969 323641
-903423 -405823
935579 -563343
-373451 782049
503390 588325
960940 -967167
-323190 -929037
86417 383336
-149762 51417
-307517 799342
838231 659078
-435291 804540
970478 -474935
137699 946245
969698 704052
618049 635888
-111649 889675
-776529 -390288
353747 -594099
241792 -109390
673754 -712097
1264 -522821
585114 -284107
-761846 510407
792997 965171
534797 939142
220906 -84758
765606 725347
561389 913991
-797555 -928535
-257947 -319214
489724 795089
154293 -279948
684647 -524073
-904333 179550
963830 766314
454730 979727
-245606 357171
12861 -69364
18527 -241940
-201935 -225391
147465 586303
-786919 -664606
515608 -771624
405950 -720224
301449 -324860
-906081 -556841
949243 777444
-425838 239162
798545 408317
-662020 736437
-243614 -610059
671875 761949
-482080 -812196
734303 -474501
854147 -752497
195127 585395
142422 628473
134353 634432
-105378 -939862
923067 777405
971013 738918
318764 -187013
218636 -660979
671175 -748704
-367291 892419
-432371 861895
-256069 79921
-388702 984061
320459 -765833
-441492 -878842
322873 -624313
-215445 -200292
432836 -231266
612706 514700
-127906 304288
-556532 -694803
-580682 519476
327257 251217
878425 990776
311495 -247006
-674698 -248959
543644 464737
980335 407925
-528713 -211891
690772 -20755
-51649 125897
167358 -472253
-562485 326045
-728209 -862028
361201 -889588
-211180 33819
553673 419507
-670013 -94157
-12989 208136
-731841 878528
240275 -612940
-922953 -119373
-573758 -385217
652752 -734232
-242716 -648630
-812103 -871809
-298339 -463400
449445 -83807
345136 317189
-469796 622087
-703306 -259898
726221 872126
-225461 -280944
-196081 372890
-124047 -358703
-999115 350806
-790130 -75608
652465 -313599
943596 -733840
-965541 -909709
513446 -302039
611419 549017
-81040 328037
399057 161352
774089 932329
-257356 114238
-244901 -575742
489133 484051
-7245 -65207
-853840 493148
434624 983884
-536067 -372592
-849032 801423
337934 949262
-177636 -542901
-181216 -230483
342985 995921
-553821 -247474
-688919 -196349
-566891 -195160
-127486 -180711
-65358 -873313
472145 396993
950591 955317
710441 -672780
966819 -693358
-228592 -247922
-630471 -447280
-506017 439559
742598 885506
914114 -576797
119301 -702923
-625868 -900166
451531 401326
-501364 -263000
-605869 878821
-549610 3670
997217 644178
-369535 811598
-371922 -954530
721770 829299
792870 -125440
256694 -717988
-753460 -542030
-548819 -207734
405498 172644
-150407 -364720
49160 -39091
-699484 -858620
-739418 721193
-501790 -678843
-531483 -822857
341321 190918
777914 -34241
-252541 -948323
-810047 -150911
-131755 893832
-216732 -165975
686007 166426
517597 114042
797258 442634
858319 994933
154949 -792260
972487 -725552
-907858 848011
284741 -176012
-890736 -276400
-579780 -435621
-858748 -796115
716061 -333526
-5868 -162120
311520 720545
-58889 605184
-693137 930803
597943 640045
-872160 -759004
420691 770455
-886593 -964441
393283 -760587
285598 48785
673828 840821
844812 88508
908684 -261560
967241 279854
-156176 904285
164226 -86313
48641 961833
-268935 613008
472007 -121526
16521 320261
482080 883910
-509652 -223203
-387858 -733234
-241554 19302
-291441 841357
-911121 -912492
90673 679251
-210857 -112851
203820 931362
560257 -37459
787693 84690
-562514 -237865
762580 -466227
-206197 618227
99703 221006
940130 275800
-442779 -844525
-737277 -890961
-587665 845220
-914111 -436472
-748315 -857871
-824369 367883
-63465 -840908
910004 -521324
-850534 224835
-53650 654045
706115 876283
9648 -873733
717174 -279560
285137 -347964
-929352 701514
-406346 -388794
669191 144596
-33702 663759
-222041 -221234
-420716 -473710
829515 -407347
-667739 245338
299479 891926
868826 -820855
134603 417842
781196 -168638
-36701 -216879
487064 -91988
380165 -668056
-694864 -664844
-202360 929437
-5592 63341
-556838 410306
-797326 -329007
15430 123981
-257634 -275168
780535 -772928
217298 511264
88378 -841984
937368 99205
283064 -592197
-401858 384216
-179580 -838818
-222996 513167
211967 -459541
-763133 544724
-203496 532764
-231286 37976
-756497 63255
-50138 119022
-361829 907206
-511014 -80120
-359444 435858
362032 929307
-84435 -137980
486950 260761
946262 529768
735713 -637253
-134318 -879623
-2821 435217
-582136 -150043
-244003 -614313
-713232 -269387
299440 -99802
-18378 -526118
-706536 -826984
-60863 41595
554046 -653032
-75744 817724
776698 -729438
-788206 -630289
681085 -545889
-91757 492044
-967670 -730184
-723986 941206
-120347 988139
822778 380524
566949 -838665
-621272 843953
-295606 -509617
372606 -831388
-131751 -29837
-641143 923868
622599 848760
648558 626646
668054 29944
739644 -13148
389585 -817839
588693 -88534
-504540 -710849
-214359 -214645
-335610 542076
195149 -482220
-184860 -172779
-393557 786206
-553 -393117
-332653 960976
-80738 -892055
-47447 -642928
-168067 836600
742501 -403777
759708 -475154
-148012 308445
-805297 -625370
-757393 -173086
-621261 122475
663776 -229648
512277 -154437
-434395 -502883
422741 233611
-182609 689799
-779367 462189
-48440 -580917
-948489 420043
491594 -540853
-981622 -963420
-409116 202833
180057 79486
-275349 -22239
-263390 -868787
637283 -249987
63837 407797
-804822 935122
250184 14592
-131215 -118448
-999105 -225305
-271192 -651254
-312217 -400067
-639758 -244131
61184 -395499
-696158 -1270
374646 -503704
-807393 -239350
580599 960439
-240570 -152991
-441946 189077
127359 590460
347171 729843
-694804 -244802
810377 944138
-250720 376723
-322954 -473
552386 453824
-412831 -494757
-288670 -896821
-45590 -878320
198094 527594
395239 895131
722578 -886855
-440320 -953962
-502421 142241
588721 870696
-856579 542027
209194 675968
-765919 317999
-840543 -82136
938118 -163226
-614691 -668232
-874744 -769866
446216 210507
-966815 727116
-130825 -356166
-103382 852482
-191111 -681695
-48252 284155
523538 468894
-328281 -42532
-962128 -117755
168844 545611
-433212 507911
45566 -50461
-952597 -559578
-396439 222518
659734 -142427
959375 479241
106427 910590
538074 -534311
516355 -38355
858070 176573
224770 753727
210041 11589
-129695 -152902
-507043 467242
-640215 -345697
-178309 936269
-501115 -125334
427305 -366623
-20900 -454856
57739 -284442
-892385 445851
-197368 407207
276999 89355
-757260 -270224
-329030 -689169
920877 788258
644594 393524
-94437 312264
-782593 -435809
-332192 -374446
143292 431605
197349 906696
-654299 -515951
643707 343473
341591 -369398
-267377 -457683
54231 96794
-442205 -205090
-974490 190657
337867 234413
-832209 -867652
21197 -152830
-486007 400970
-919271 464380
969191 -617199
351983 975918
-702757 850195
373721 542676
969726 773235
789400 731373
920590 500647
261975 419631
-139623 -651843
818179 -239437
-364571 -91001
-978613 -91513
217349 -626662
118698 914467
-444425 -761015
-293945 -618942
434181 -286213
744854 886810
144558 -206108
857872 180084
937325 623581
436992 -241280
536919 589665
220169 -608783
816740 54689
385942 -115009
677108 -902330
-692938 -636011
-865240 289217
132288 -601296
636861 488274
825641 343737
-795540 904077
825796 -349139
325970 285534
497010 -159687
623472 768773
904353 187347
811178 336473
186129 317606
-610820 101243
-715796 916295
258844 788163
329020 842089
-752128 192941
-202043 -88558
82536 -917812
147252 -468096
-896242 869602
-905620 213867
-112825 160082
17240 -207623
-698700 951682
-857134 -989271
59527 458804
-383341 791208
-803113 -107396
-15365 299368
-430501 -334049
877403 -491434
-785936 138084
430880 617418
-292638 -628836
-540691 180841
-367378 910261
-808095 641050
-224683 352710
-143265 119068
-667899 -431975
60703 -349410
355351 -24022
888791 472219
-632876 638435
-348937 -640642
-318445 -459243
732454 -526496
235826 -589719
-717260 532709
-491908 942382
404264 885284
-500662 -43695
-212470 -575318
-689116 546998
42248 867171
-700021 517768
669888 -714387
-732962 752409
-857217 110570
-625002 394404
-611965 980874
529143 -537741
682318 -267462
582041 -263937
153140 -914858
645441 169595
-703301 745152
578855 560720
-782194 783571
164989 -152801
781317 -84620
-111487 155867
573453 -473622
481323 595780
599341 488701
219619 -50441
-244982 -201792
364772 -347413
649369 -830327
3113 164759
-319675 -168157
689485 13562
499225 -323009
125667 636865
-557187 44634
650743 781698
325030 321346
643707 -708304
-451964 206526
-539706 388410
-298800 581412
595061 351976
175021 589552
-5335 181123
943730 -545646
921441 855512
890424 -754728
-640922 280659
726385 -408634
-280721 -98193
714197 -470344
-70377 -561528
326471 665261
483284 592482
-92955 -429279
-508375 953042
-4193 -216799
310164 -405295
465764 661007
-374712 -525168
720351 -927466
583827 -249790
-269626 -872668
-461732 -240480
-49146 848636
777119 -811088
-798315 256142
750768 990177
485230 -355067
296656 598720
-469833 -823505
136412 980562
-514345 944584
509496 470848
726617 903550
412730 -227109
-662985 180327
-548786 439359
549014 703774
917219 466911
791710 999488
-335672 -537305
-571629 703286
-677256 357958
278926 518871
25020 -20667
310761 -427590
621646 -821594
823550 370224
394392 -837372
785713 -480866
-197469 772270
755619 659624
891518 338078
966235 997434
581994 -231127
79869 322356
852860 -718180
-325506 -370649
500172 -430853
453461 -253730
969191 -440618
-65966 993013
-321901 928733
109978 299962
-830530 -539654
203648 -536472
498102 960403
-89043 -378938
960565 -530688
134452 -483702
-64760 917740
623500 -901639
314261 895718
808872 793990
-607084 -360084
78233 -932821
-346756 390260
134187 -275791
-829459 974664
152871 322641
-295268 39391
288653 255039
-785652 -396471
764624 -220050
-567822 380067
902961 781562
-470159 -287370
565546 524240
945454 -733910
756342 -105029
-159543 -821805
-474138 -428318
543737 -11067
-219633 374641
544577 -90919
-730497 -832263
31177 267031
246340 825197
818125 663235
959125 -479279
862831 -50701
-924929 784522
-563772 360362
-34244 917938
275197 -812500
-584520 -95990
421597 5553
-635085 133292
732333 -679209
770544 428652
703373 778966
230403 59818
-151522 292897
860405 625108
253517 908349
165637 986629
562994 -211556
447138 161369
664541 -519916
-503718 557797
285594 -486921
-399198 199445
-887155 19205
414530 -906207
-40125 -167800
-146942 823797
166877 -658356
-622145 560063
-514743 -470034
-575595 -527224
-923663 503743
-690119 -90000
149562 -603001
-686456 -8307
-789737 728375
490680 -578414
-613359 -896359
-749029 658583
645079 973151
19377 608970
314198 -500365
-723412 -255741
845680 78944
785186 -211102
-282946 -151059
518804 -861813
309732 -122401
302767 -620156
-911889 207334
-984918 -451171
-35155 -878711
-913235 550616
699167 230506
684455 -529705
-547344 916422
-505057 167889
290581 47662
-483367 -777879
-432716 -208772
275927 -825131
722515 -727880
503985 620682
-367545 305183
-992136 609639
85130 417653
-621389 32556
-126585 -799122
651465 -699915
-999389 -268113
431039 968159
184903 666005
-18842 -518664
806292 109162
156530 32151
-910795 -462392
-998960 -543337
-488147 357596
716828 -401697
548591 -318510
827701 776017
577075 -892891
-330539 -73341
-602152 341305
-33095 212293
745500 729504
-594094 876609
-942397 710102
129167 -361239
-207233 370630
71047 958264
-493519 -347317
658717 652796
566014 -784387
337499 -493256
-246197 398414
-308539 -160326
-376878 256464
-567332 900197
-456530 -617797
672467 -677780
547586 -42460
-35117 292150
221686 -105233
-471064 -869850
-923529 -401666
-127067 878378
294880 598142
349167 -687081
-459671 427488
812979 -406137
317656 -369938
-191479 613102
861316 768663
-460468 488363
197100 549326
-463679 932933
-941414 -622083
947956 811761
-455397 808697
-593864 -381060
514321 -737307
-172425 -450983
-192219 -258298
-118151 -357879
98343 -892851
605489 -447607
810185 545146
-245567 -276787
-181255 576445
-850279 -306981
961177 -253072
-854645 -113023
640204 -329932
169319 653411
667094 -210028
949592 708209
376648 -356772
-660944 -987647
-850192 -582508
-750863 910970
-766234 558716
762253 190600
-702464 225963
-802568 -147792
-501928 -400472
83422 -524310
-977317 -708271
-943059 -115216
537406 237045
569084 -636920
-98420 209647
-97162 769837
689619 -143362
451387 -23046
385844 -716067
-320649 -179965
665283 -105798
612426 -521637
-841338 -467384
972269 248190
196616 492830
-506001 332547
10581 -42603
-489902 626244
-889306 -910442
-817661 -924378
-312939 744685
448290 385628
-978636 -744148
-760447 -664449
-425870 934171
-766068 -734944
201030 -250791
-187375 659866
-287910 313797
-47258 315762
-612540 -909557
648878 -174508
298658 -182856
4264 161775
611707 831136
-500075 731267
-485686 -14573
711102 463303
864807 978688
161293 571918
807964 -409582
960229 412082
-294866 -558712
-846753 319109
21243 -145299
-658566 -938030
-71755 130054
-452477 866052
930205 56632
-216907 676889
605515 45390
-614920 -286718
-322672 119769
752835 828044
-728603 162898
974615 585466
484585 -858131
791834 -899980
-796083 690902
-353872 -916507
-811753 672293
612728 -139874
566729 411557
913787 980014
787414 821402
-324477 -894720
-158843 -362852
601102 792046
-747710 674967
-57595 675168
-239070 660877
-688002 920951
-608460 -8431
-430731 -526177
-883822 769214
-153451 -359168
-144153 -354546
281343 -320703
100809 -386440
-701105 -164120
-408808 988218
-113736 -958200
-477830 -44572
589982 999350
18300 -956307
-278053 -315057
-327623 803499
298872 -690880
-777816 -355971
959653 -932850
-378953 676167
-46227 56493
738305 837147
204012 -705601
835643 -877941
-56257 -747463
-104152 -224024
-737110 716021
-661287 -770800
-263154 -506222
-388886 695151
372153 390640
123580 -791588
-268509 -801363
238741 319575
-874174 -38096
911784 712653
-642900 783717
-826575 654356
-758011 566933
145958 -453910
659294 -451695
655289 -246727
-577967 -700500
895111 -944455
439235 342464
866845 25958
904012 -309624
-585954 45843
-171657 -849127
836575 924619
-370826 -735211
283790 578976
81860 527188
483764 788229
-180091 413586
230764 438337
-169868 55574
572823 211669
940542 -703166
173992 741743
756666 605348
707996 441977
542440 -444081
-785655 -262620
554587 69095
-974196 -714735
67362 168642
38467 -857504
178545 226934
368495 298221
448158 -49490
489353 824443
-632340 -618225
-767100 -339730
-958617 144278
-380362 -282027
-188261 -55457
-131564 -226383
-483874 844376
346876 576520
885326 -879541
-576638 -690646
651769 766106
463824 -446482
-142891 -89656
122316 632630
815835 -937430
815602 -302973
416183 423281
-842313 165895
-685704 -414971
114247 638589
310186 -173660
-862926 -483517
-448443 -373305
541283 918148
-80962 252172
553576 -236410
-504238 860876
-733128 912845
-871163 -151689
380035 -913258
130469 733622
568102 308920
643690 844036
915473 -559186
-578005 -158802
-581969 553793
117412 -262372
-431283 -183257
608536 -869561
-916493 -904822
889128 -757354
-26848 649681
175421 -341208
972207 790840
-76377 -650585
-703185 125208
-777886 -370756
491077 541355
850835 -981244
530344 -62509
-434498 192449
228730 -782120
-331999 321926
557113 -490967
-852486 -703407
542785 378514
-637310 -755680
390651 -910971
-8517 -20364
-669783 301824
467846 77200
-714769 91095
449054 -132525
-592682 400037
718998 200168
943724 770471
532894 -120973
249173 -713775
-818782 -521151
472787 -886424
822346 -797343
-574389 748658
-141700 -835845
671913 51714
514691 943299
-268452 -609404
7901 -132668
-165243 814143
105562 393613
-606893 160291
-337351 -534764
470155 926355
-282712 545295
-265712 361328
-142923 359189
-387397 896576
-747513 -300837
475450 -190713
-175394 -373838
988799 -652492
333641 -589942
-87201 222334
-378623 421754
-559988 679250
-41869 288022
461877 -41349
384810 962598
913631 -765625
-440002 -966147
270442 -436458
-18113 -169193
-60004 -36321
287329 696017
422422 -111707
773519 -946997
-211657 36566
-180009 406594
-790593 -732787
559003 -345119
-265666 705283
-162421 176535
688785 -363227
-27153 -323102
-964015 -975472
319172 -731516
815369 -220698
-597926 -803238
-586452 327322
291389 -242849
829985 568094
-32217 -205473
370744 -214063
113677 -156942
236185 975824
318246 -741064
-566698 239500
-736625 -142587
-207023 401178
580054 540018
-26943 -141603
-317252 -730072
-507561 796392
435521 -306490
-266031 272073
271231 872381
725213 -257675
939170 599072
-351784 763515
-250383 -598821
852464 561578
-445944 243319
-682126 740594
-605550 521787
-813634 -456863
-907368 -522524
832148 -737854
469618 799246
-259906 526882
341095 -885431
-780202 719341
489099 125492
67739 274375
455490 242536
-3226 -121026
-647615 -544402
292487 -617377
-566783 -839463
673667 -748243
678389 -137065
-771100 -68846
613785 -249960
-234159 -446455
-125484 -935705
400712 390006
195944 647209
-316813 -393688
-441389 995019
