1000
-799704 -793883
402142 411632
-42805 827851
-40354 238953
-59340 135161
946303 -409896
-459265 820536
799818 532890
-850580 634045
-498363 -129572
-579299 375631
366481 -96271
-394301 -757050
-78676 -503798
243904 -648761
-243669 559206
-679159 -59377
742762 125617
738297 -637542
-17950 126177
912412 904993
-916678 -651930
5478 -555751
748911 -607622
-702397 -518261
-154510 409354
-820769 935356
-592066 383641
799507 699046
-292703 908149
-562176 4940
-652158 632168
-453265 -133185
-486650 550733
95140 485017
819113 373385
-658742 828077
937477 697602
889953 858908
31205 11485
-113565 -360359
337328 78734
502487 444946
-843729 -43757
-864165 880930
-941434 182358
320099 -625848
-513111 446723
938462 -489812
883632 110367
701501 624858
506653 947043
-557282 163167
834211 -21293
-387359 -531179
-810655 -391450
-733236 -913025
-680028 -363834
-34851 -763463
-98234 598656
627918 -897670
-215622 -230395
-251914 434419
-156739 -584760
-18811 -502958
308549 -300917
892610 61933
-639144 -68855
198662 -516520
-249794 545093
-317081 -720204
814242 469313
778110 -821979
179316 734634
-126056 -81580
178772 461787
58206 -302843
730209 -525253
426487 572930
-887108 -137235
-487300 -298939
5796 -233912
442726 -267221
-839104 407347
851985 -176941
-343713 -11158
-930017 -915824
326941 -1544
-815480 828599
-801836 -407896
-551878 108042
481810 419653
597309 677310
-534530 120741
-817731 885016
120730 113104
860803 -282193
517187 46946
-550093 -307045
-293996 -1131
-629267 -983391
60437 399785
40632 409195
358232 645434
689651 423671
14359 693948
908421 -413585
-725119 -247424
-548116 -104540
-838997 564934
645654 -453346
732723 -214597
98412 -542583
-926062 361643
357181 670749
581412 -580905
-454065 833982
357979 -523386
-118416 416692
-260477 -297403
788451 297743
813823 -928095
-429921 -450499
-187094 169994
-357440 -435059
297913 895776
709008 46865
-485166 13252
-101271 355986
-570193 936455
936219 786925
-175718 -666
-120308 67977
-376175 451036
-257882 705300
-685442 155158
-296399 914376
-115347 -655287
446177 -202344
-350777 866582
432132 -45025
-26575 483489
-399389 -798893
-18316 -225201
714249 -540192
-710923 -554976
149354 -958136
438109 -288398
-918562 -719386
-845395 -26613
398755 -430981
138486 201122
-255766 -352486
360340 -218667
797947 405531
738412 558476
-952995 -49671
696600 360049
-32899 911011
381849 571169
85837 -951214
678450 685811
617878 -166990
-941591 -17498
334247 556154
554072 -479650
-965429 -608312
36730 892430
431435 839832
-897811 -659215
230740 284708
-895726 -575528
-759000 291814
961701 827129
582639 608115
-582229 -104138
520283 298374
266132 -526404
693226 472503
151898 -459154
-258266 -405100
-667314 -839961
-28433 -13963
-457110 -71361
815357 206285
-315952 -618821
14336 -412839
-155144 642358
863890 235837
-201113 453142
-685007 699064
857680 -565987
-827129 887048
879896 8401
-549121 -919015
-673063 -918892
-652131 195719
-936283 -127323
678974 501398
-78103 -641114
-300091 693859
-94275 778824
-326720 -944816
86360 -787472
-882781 -513525
-398011 -257913
-313066 355997
-72215 -561880
591822 -157588
-695857 -848733
-140644 367901
282675 -686653
-466596 944229
-565584 -832872
346272 276077
922578 539036
-131877 -753635
826170 793604
-558845 210235
-701428 656103
-725983 -872247
-295397 571875
-359733 582040
679007 -19392
513974 125774
-676290 97852
-510271 -932663
-165112 -25429
-747887 812590
903181 170063
625522 -829226
99223 -787593
732326 243900
122761 703452
445669 -219317
751817 254114
962912 721578
-779335 -133688
-917276 -5840
-938630 -792852
-597769 -931614
-319472 399893
-142244 665359
795023 45097
449648 -577422
294681 501395
802176 -276560
339313 -261550
306783 -179560
-927576 173977
693358 26663
119880 209311
-391568 -300896
782359 599680
-876445 -767581
100054 903662
508391 -469165
-979499 941484
900026 -472600
-786482 -897583
-925941 -633478
878260 -732240
445765 -103854
-837423 53922
522209 -406718
-768329 -513000
-424567 686951
-396530 -120818
-409128 320884
-878197 -598809
-591552 869125
636306 -229026
-974489 -770214
957050 869767
-976989 -138793
439056 92826
446176 247409
526906 83390
-929162 -851023
-735405 1543
557206 -577701
378191 -463465
-656930 77955
254043 -663070
-657079 365874
-139196 135272
659703 -678981
-367428 211079
-747379 906823
-131408 355618
423880 566202
-813929 -303250
850096 -107114
-176782 -296106
-843857 -222323
533359 376352
-911455 870328
800239 703972
-146231 -384119
-575782 120234
953890 -816489
-165853 -917730
645476 587059
-114040 -480706
-581069 -424497
450738 326803
307156 -13186
-894538 -675891
-246591 -307918
-253315 -762827
-466364 541849
-496848 597765
27935 -947871
336004 375687
-882349 435253
715141 -915841
-692142 71569
-716136 -501589
512068 687731
565075 -901581
-323810 344575
386106 -565619
-24446 174296
-145782 -474418
676870 752380
-869569 545549
271166 -465934
535042 575578
-81362 494459
-34437 -364684
84174 15812
282917 -518640
418034 -433646
-537183 -171948
-133355 647437
-661448 -901119
-486726 -788491
-599084 -998102
904173 841294
-962582 396474
936545 714003
-214589 -523166
-642099 28107
33106 718345
498978 258677
-864187 8963
-467796 -576162
-35641 596023
-710484 -363989
-27733 -948875
-514795 -638352
-452959 342137
-293686 117875
-796912 910124
-299466 -837570
725873 417281
886661 61157
-723801 293007
218876 114122
-198338 104721
789998 -69349
502694 -51656
56699 26885
94095 -481269
-558647 -689891
889479 -520526
401337 -680695
-49441 -845396
802075 -685909
-780449 -229193
595789 852887
-244619 -620685
761176 -124572
525657 773600
-174599 773852
678507 790166
761040 58772
-949408 555417
-784766 330566
-26747 398599
117359 -20204
-412317 -789568
-795612 -212052
149392 594571
150006 -493595
-395352 -839007
348112 640358
821167 -668362
-18239 -748396
69050 549242
-435288 -519503
-595119 340567
-348157 -958909
-850604 742785
-829371 315778
43388 -62214
773463 721327
-234679 -821024
-68030 -924924
-95450 373682
-172275 -112749
588005 -872912
112644 -605524
-128104 839864
53448 12561
565671 -410065
-839891 443404
-160155 582013
-425482 83825
-178869 440996
-410788 -493687
-366654 -553843
949422 378393
-401371 904731
404852 84309
-795143 141468
-989231 -736139
-261049 -625072
331956 789439
504821 -659606
-778853 586069
694322 115429
-166462 445736
958439 -788604
179077 19982
-63368 571749
393116 666322
493578 -752029
306651 -496929
-986028 440911
-982118 -113293
-480149 599108
-391713 698848
-655622 328634
-437988 51965
-329249 378616
-78123 -201071
-523100 602476
391549 -568955
-253368 -262230
-235084 -25417
-137088 400441
-819696 116984
816260 318175
37173 -585478
493741 458267
368617 -652651
-834417 -606540
-506072 413332
936252 -953679
748024 68403
-479440 -601701
-919062 179938
-737725 -824716
-409046 34351
581916 829632
-216901 -542706
270431 421488
157765 443241
-598082 -80455
-931601 -861774
394352 -827813
-932257 -23865
-50753 -22563
-87788 -656765
-893617 884251
961830 -265847
799389 -869646
-613142 -1817
695924 107917
-710954 -385461
-126656 -256879
-704355 -726549
441760 323472
-593743 -333379
937934 396134
-105359 568606
572313 637607
501989 73753
-156888 -292247
835195 897977
66619 -874149
981831 969334
808400 850833
-308144 -317573
-482216 -688314
-636233 -275183
-839623 -63252
110914 -677170
51873 647386
-755476 374740
622783 764793
-32330 -339162
902599 240269
335003 -76888
-261348 397242
-367928 287066
-39835 485711
-780170 -151610
-690530 853897
165934 -552407
-976720 -285530
59937 437235
-150177 457122
-112257 -512781
558221 -634239
69478 473830
-723527 -773636
-380992 513805
-780337 104722
343643 -309529
-428791 -286845
149016 -120837
276964 -629463
-224568 161244
-219419 600661
819799 632788
-80457 654802
270722 -227122
-149797 -191654
200846 -832480
459129 -79194
-939246 884088
-564422 267479
-596986 -483788
-777647 -585733
493127 -936305
-372503 -358897
-713060 -591255
-55005 -381167
236903 -164367
-917142 74260
649080 791671
-388038 263802
596620 -634452
-162164 181823
272058 -159921
-271142 -957042
748197 817028
47836 -431848
775585 691986
-528656 -104919
716534 328414
38561 -147549
960717 61606
296980 -718239
-768940 -604268
-198407 -165909
354845 316014
828642 -825509
540089 159915
-28023 184580
-508249 -443261
213762 -446764
353376 -651343
471312 27372
-517216 682814
286804 -739877
-355852 -116159
-676501 -629093
236174 -816176
620211 778248
330944 905183
-53401 694562
780618 -304297
316349 737444
-440166 436125
870033 252681
898693 -174167
-776514 536860
-774396 -651840
-443491 613168
345267 -532681
-605795 -918860
119928 -407102
751744 -513821
-499018 -986897
-5570 539117
-318054 -214744
-706627 351515
-955925 -173119
-358883 463805
330836 938830
-646937 37783
-722698 -375900
425646 801429
-840923 -463082
-267739 -321048
5885 441034
-842053 376517
326546 -816349
-887099 -50751
-275920 565959
-535030 484575
186694 32414
-563742 -348070
-685717 -524505
-618620 -719179
642146 131199
70479 540584
-877325 268791
544480 -522832
549700 -526114
-941518 -226831
-964014 79591
798562 171645
876097 -382359
-259364 -669747
287113 909465
-961336 -824361
423881 -561180
-336061 99350
263239 232217
-736292 -867019
-717726 -478985
-609908 529933
-255237 -767295
187178 653450
-258323 -611102
198101 -255924
369930 -365381
987020 -442680
-788446 -298728
673748 -870222
745306 606957
-906286 28790
-689898 169411
329400 437576
8985 -29279
789278 -554879
-843680 -998420
87400 -11779
-974610 345037
-647343 849518
805055 -51654
-255952 511232
-952420 -496953
587556 -97882
-459591 -359175
844322 -285226
-198706 228112
791040 302041
612359 169224
743247 -10340
960429 -482736
-805129 893138
944618 -501186
-237175 -734338
976227 -283600
347894 -274271
-522425 850992
913543 -328974
-819513 -955959
-156604 -134665
-837734 -613227
876062 316173
746138 -900823
378130 175113
-270359 932119
-101330 786134
-126331 -406594
-346044 -793203
837238 628123
-900856 904258
557610 163479
382980 420189
-567414 386035
-864572 415952
485190 765042
-169793 -928712
968326 -923810
806071 -177910
-682340 -197675
-234578 545545
636221 -426289
-881102 189623
985847 510143
-84417 -619763
-825458 185211
-808656 860237
-474748 96893
-230453 -788314
-657248 606852
120057 -713200
-725074 274597
274026 -440271
-983456 -196290
-876441 -828866
-428889 -561423
-603070 -379525
-774563 -947403
419120 -927243
-732397 -323673
270424 192516
953531 -602929
30604 -468994
137875 875314
-353271 -687336
855949 180207
-370600 -874472
-216476 -744795
-238101 -785651
-997247 -710378
932589 857311
694054 299650
584629 137075
559487 -715449
289342 528884
-127609 75173
-143472 905912
-388160 772466
164059 -756050
77835 -459827
47092 -883308
-37388 556382
799325 566656
359649 -809998
-179652 786395
673921 149037
-185198 -60468
88973 349541
727718 -18872
396724 573092
660803 -510637
431226 -617836
-464021 420905
-821166 -727041
-622638 -802824
-295034 161249
364015 -814415
105462 714247
-466351 -344038
582569 -521171
-302861 727815
703409 785025
-448524 -426578
-286492 79791
850763 371705
-54411 853200
256290 -264654
-749813 107334
-747316 42393
634214 795682
939557 -568865
336611 -356534
340262 -303178
679219 -50507
833335 -310221
-472897 385377
310947 653452
-6441 -552032
591544 -382594
120560 427456
967563 -755107
-977798 515463
-628010 3133
-233809 -421992
-12977 -661484
355138 834084
104841 -124693
890999 756526
725556 557642
-280639 558206
714192 -243407
929060 -49804
-676778 -513018
-462756 676290
841925 -221996
-450848 -193085
-632928 117447
293235 825938
420858 444257
595580 511214
849295 -403990
172332 -715142
-205655 598672
-693151 -879231
117795 -608933
-140647 936508
-178362 425756
-414985 -219522
160169 172544
-41578 -634741
477209 -212241
-243162 823974
-811949 340583
976782 -159049
145829 -807094
448664 -698853
-939023 196476
-455488 914355
363901 -245872
-337102 260662
-95581 -574940
496051 -879003
-707402 -347153
-268459 -278811
-866979 329949
481502 279053
185953 -627788
-197464 -900516
493652 -422184
530573 -687703
809026 -37355
-24228 -935005
-764680 -800783
-229132 549682
-250219 110425
-683158 -924362
45497 -901516
145520 12668
-64805 -596231
-151950 -341607
-421041 901944
352459 637836
963045 -187592
-621171 128072
64354 -90867
545590 -703320
-488708 912888
-215322 834417
892650 -701767
24173 207533
-851180 -885332
656335 865216
-860383 -998599
-435806 -514872
-462329 723367
380855 341607
-178027 -425146
-403269 -285169
-226106 -374347
-244444 264905
500047 -159021
43812 -975216
84495 -600054
-217291 -395175
334567 757512
17705 431095
779443 524262
-919401 172414
-917355 358128
142321 398890
-573839 -262571
739289 567099
477938 928169
-59054 144463
822134 669638
-716563 719637
-920278 765876
-288622 694315
-184550 749339
291551 -24618
-866373 473137
829809 637792
379779 276929
520508 -999935
-106142 746574
-538261 -530297
-116361 -885818
-783311 570958
809715 825265
-92021 -966010
-204177 -551342
-600912 -571746
-480642 533497
146349 -765486
-311341 84743
-693268 408072
437258 637419
-469447 -686970
855020 136404
163062 -472916
-604567 256913
-175555 -839765
-35457 379852
419841 -702782
458233 -807510
-242304 615351
491601 -604482
-993349 -959623
939721 241438
-995868 94939
428698 -417429
-284863 809467
-135742 358467
705062 -180456
-572199 -28554
-728137 -686886
-363009 -947649
-672268 -349747
-311749 248276
-734949 852709
128782 -893646
-784872 -664641
-17063 245841
379615 -259100
516122 714417
-11573 -842440
415395 -938788
-443196 -842224
327947 229074
-977592 -738546
-613774 189003
-356412 -270986
-388919 -366248
658290 -905230
-263440 319245
260054 -451063
783637 795923
-749259 -886469
786145 -616136
536664 -831609
846936 549738
-389123 120739
138252 -120038
-506152 85751
-249783 59824
744827 147231
-270987 257171
-170859 -966697
982303 -907089
-597908 380704
-718541 -933199
-252258 594831
418899 -716524
-76237 -120915
59399 33836
-909993 208220
454277 -511338
241975 179340
258051 -109342
-896339 -231858
-157955 378352
-633548 174849
228501 -95860
516239 -657128
-702121 450107
-710752 -169816
423920 245287
-30427 764041
-445946 -322868
-814633 805154
-118541 36077
672626 682798
-42497 695723
709538 -566362
-98083 475954
671653 392992
333469 56585
-807151 -727377
410900 576634
448513 245136
890422 768446
597943 -38327
7421 562460
225705 794770
-134773 855499
-50694 404109
787874 -428421
-204497 274334
354109 554168
-475912 871113
72799 734006
813602 161852
178136 360887
358992 530363
-664232 400572
-594170 -108382
687238 -772132
84470 325675
-211106 884299
943668 -827579
-968018 -413965
83654 -349718
332184 9793
347010 -654345
-472822 -531516
353490 -532055
-758719 489951
792178 -971970
-965876 -372457
-342006 -495268
8338 -50985
-932987 -691677
-77406 680558
-595564 -158697
-419336 -304837
255384 -37354
-364520 -93976
-112795 -370910
-995494 828714
-603543 660184
184325 -471523
155445 412814
638718 330065
-238594 -230684
717975 -603874
576299 -815019
896563 878722
583579 690417
-956752 -361155
-281437 960959
-594529 -866050
-246616 758110
-122727 -536214
-163333 826662
-951316 449284
743592 296710
-682002 460882
-242049 -710017
639184 -844860
848181 -148501
-678632 222221
-432225 665978
827526 370985
-442799 886792
-869836 242433
397372 -512809
408617 -53528
-53539 -543421
-737993 -833659
109678 -489773
-674451 -471695
799717 350553
-834129 26197
-451063 776177
298379 962275
131996 165914
-538827 -254235
-965454 -232720
-536850 -51730
442701 892642
-312544 397385
149752 253932
-6973 -695586
810591 619466
-306788 -161934
304501 878748
-652966 453382
369498 698244
-477442 965698
587565 -762209
-252174 372055
-431930 -789414
-753414 -747973
689716 738621
-830787 429327
-317983 431426
-307 -789630
832433 -615552
64714 65371
197219 -574978
516087 -606796
-950070 -771551
97103 -898404
347877 -303724
-455330 997039
-485582 650575
940326 3006
-282420 170685
672069 -457827
-383035 -704240
-377653 -313438
-347617 516615
866286 189214
-165516 -243296
-738547 160144
551355 212725
-640892 684978
-259876 -904232
431298 445319
-346174 -382249
-205210 -691985
-875833 2059
-283768 214059
247440 -763366
-175828 222804
-86968 651466
-219187 -735504
861362 -54304
754513 42470
-418655 -397689
595895 189885
538172 136200
437753 625740
-866931 -545999
784729 774137
-146689 431162
987493 -230790
98666 41031
105361 -428459
-232403 612016
239767 -43050
-145622 -239437
606846 564024
-397862 373694
391045 329739
-1711 -608674
-143878 695168
-21633 963821
511313 -106211
886033 739669
-223312 598355
294183 -465830
-917896 -798213
504918 -369374
-699218 -311179
817337 -125100
894898 163177
-645664 130765
-204056 887227
-150898 234633
459930 -646043
968316 922577
448466 284343
569487 -581429
-304686 -566011
555746 -470022
726407 -863031
-127930 188082
-305815 -667394
-569803 -371687
375281 -761605
129061 -556123
743989 -161787
-397780 87161
300608 581694
825508 522123
505007 511077
-115065 -353784
855588 -232416
-827731 617744
-800683 393393
705320 352460
174328 -420106
48439 -532668
603088 -104778
-24191 432662
459779 297946
-908135 225224
339213 281884
949728 -437002
-155196 498546
-282730 51679
-116838 892674
-585720 -430978
964797 -550119
-499005 -879853
-369726 566615
653412 184009
-918751 -863014
322213 706262
-853306 468762
801264 -16539
70665 86646
354909 -256719
-767587 638879
-130978 718169
889526 -679430
269317 -56532
-885073 -179048
-16757 237390
-208153 653471
121820 -689476
-206025 -342365
998286 -389870
370258 583173
-248850 130387
-336891 -906099
707866 412859
716328 -127646
457442 300219
80316 602052
-424022 -466693
17062 -181102
623625 222034
-132206 958722
-225909 -681528
-31231 748533
819666 903643
-763297 -894593
-769183 -176383
-693089 -673739
-24375 648833
282432 -413124
212112 -779670
-105095 -833008
-985981 -657568
-300075 137553
-223413 -768214
343222 842249
453992 -214411
-401051 -736758
-380302 -248086
541839 -634893
363725 690646
281697 474298
-661797 -866082
660346 844481
-984602 147749
364642 -598533
-102774 -427896
492768 331863
-829657 -410272
344735 109395
688136 805190
-377857 173549
947518 -900869
430386 -874433
-296878 -264763
943855 910121
-325836 313472
67965 79695
55078 -922406
-259093 984929
-621662 170257
-906010 46970
-344586 -63349
-845655 167134
-414216 136635
-681885 -826421
359160 -221461
756572 659767
-690162 708913
-167603 493806
-231038 668161
-580286 921935
-927364 -740042
-611372 -750014
-721131 -270863
683892 735608
-744210 427550
-691131 -465451
-107150 469502
-775216 -844773
-982113 -836108
973096 -213037
-15481 451409
-601876 50993
-192911 -498532
-238953 163235
-673741 751874
-285133 967186
810773 751856
-115390 -204069
276429 24122
134027 756262
-186198 -847706
242006 337518
-972190 -143480
-930325 35312
585794 -203360
366404 886894
-696136 -294343
294755 -507015
-598642 582743
593905 660925
-32807 456761
100239 402351
652897 810691
-699688 -332651
308246 -665429
602810 -329784
-757674 -551458
-871515 -460715
988048 -106239
-602508 241813
-586503 -878804
593182 882442
443398 7785
872069 -229383
813341 -633099
656742 639869
274505 285027
-248098 -616937
-523764 537385
-66857 -148261
-249211 -244593
-547579 263045
157615 -712676
-109042 120787
-572937 876658
-725026 -814209
-458181 -634160
568472 -524891
-47788 197273
-661002 -296937
891162 61211
649984 382875
546308 628388
826623 259095
698504 -719322
669556 -852420
430165 -663714
-288825 746669
-968233 994294
-264654 618769
-441693 394947
111320 956472
-233178 317715
-582904 -55572
-814192 238021
-768904 -98800
-547381 -637081
-463482 149703
544625 429162
971695 -429926
-441999 -80375
-790570 -355086
-342005 -634526
813442 -223750
-894369 -196657
-101529 -318100
-288200 -784760
-76522 -603955
-105517 -355501
-883272 -623081
-437258 -373768
974311 -134782
-66140 733368
-145473 -531950
-804214 881409
-984228 881524
-173932 -7658
-909012 818686
759463 869838
18966 499496
-83009 831634
-505950 735624
-39428 456919
-6684 178987
-712535 345817
-31539 880661
-593301 309723
-723683 905519
-570963 -51328
190343 72792
436912 854239
-537855 -866205
149141 928124
175325 -703240
-426722 104775
-448325 -306365
790709 577072
868946 -513177
-226835 -732841
-291595 780625
-19908 -443328
749678 611286
358276 -601535
-580800 436451
364756 -479245
902265 809336
-439582 -140275
895791 -384230
-540612 160852
450322 145636
609209 14483
-898727 261030
803444 -919160
-244500 -299676
-94876 799384
759290 121213
-905876 127070
369245 -470576
-16467 -896065
806289 97907
-938142 608227
460914 -524612
-636077 902328
598822 -45072
404382 719132
-494886 138561
-582477 -280569
-12962 -882195
422166 629444
365375 606978
-19161 816851
-455098 594659
-954163 -555502
-392003 -232359
-640865 248529
-952748 132401
-356162 263889
171435 225354
25625 746758
-256167 624338
-832414 -945610
-473900 66062
-116343 127983
-707275 -880389
267556 -211844
-967867 383794
-768069 -80878
-235325 -255108
-138531 -138844
-269373 611016
-989535 222142
482578 80182
-244686 564042
599271 -820102
-788438 -741073
-828625 496214
656920 -400536
-627878 -16045
710664 -98906
-187440 280922
95736 378485
974178 774388
248169 -111557
-587818 -945292
592678 -528095
435147 -508370
327615 790254
1361 673052
607055 905697
297600 666024
-86817 528764
517919 999853
-468174 -548891
-607354 -666369
160658 647381
749563 -584732
-665235 -576283
-364909 503846
-161009 -59939
-66837 -588304
-332447 41652
-30312 -581931
-616744 55943
-52102 624559
157095 -754284
370915 -757188
-966326 -685736
-384086 -786197
-356662 339876
-417525 -234035
319815 -248107
907829 931532
368447 723559
69472 -250033
190038 514597
556856 -650510
-403719 -166712
839908 -772699
-889590 957068
-886545 -606405
-583853 393377
-609905 180882
5696 591927
-591804 -326715
-757063 -460190
-907796 232748
435186 298097
881299 305491
901688 821256
456935 -166507
-164452 52144
900745 -467716
634049 817603
809828 224455
979592 -871000
-644356 381444
-408070 -252027
-963223 -717404
342102 991640
-203323 -470356
457443 -149534
536923 826410
35439 260343
-475384 603543
-882351 937061
-916310 226787
-833823 596624
-242102 -209420
519657 -416355
647487 -373479
-679264 906707
833400 722448
841075 690602
-769071 157532
-839338 795595
393115 623979
-85363 -737797
77885 -821339
128625 32606
-716871 -634076
-445844 -18551
-193231 327144
-671074 -144865
-550910 57750
-714717 -819437
903916 -648957
347270 428497
-205022 435020
-240648 487229
-80755 -913200
-159593 -913887
-828357 -10442
-199840 937109
345513 608964
-706460 -426175
756093 200041
-447999 873346
131323 -660390
-456530 -523352
-28569 538521
797411 -563326
-925017 -74513
-90064 838944
919687 -360775
-167096 478566
402815 -516145
-645813 418684
318049 -126750
-496983 -390451
-568033 428441
791884 -251487
449375 -235588
-704870 -448779
244169 527061
-699486 -117006
897927 113967
885707 812591
-434680 -270058
-970852 -60483
453026 376282
-464646 923923
284491 -51222
58358 -830498
-129381 989318
-70096 547269
-409775 954754
547930 -778799
-839914 -832522
25602 -360029
-920991 28945
-318251 -295382
-23171 -311874
887363 -329549
-905412 -599120
923678 957803
772306 111582
513753 497756
116728 767057
-166761 -372336
-233353 -567875
903876 114743
-376894 825276
757404 -848013
712767 677668
-452755 473715
-390105 957541
-73151 -566953
131194 -354292
-701794 -538445
16744 -502941
-711432 -323090
-428900 488935
-914675 -580668
-526995 -477487
-809900 -674231
789376 -769169
504844 -699219
-941729 3139
-705297 772447
20251 23531
169031 496051
-907296 -666576
799140 -375611
265309 -610260
-963344 397847
-802663 -250440
-747734 344624
-717826 -814295
236971 847580
131826 480266
750555 619909
-855107 525947
-243971 -714485
-140684 -288797
-650182 -848309
75620 -38057
-826157 106732
-671892 -871552
17151 493844
189402 413697
-777180 -245918
-965723 -85983
-868243 910682
-227328 -177874
198444 706260
-125822 453251
-311860 422908
-667893 -6567
-818105 368588
-624967 -222373
-966532 568273
-240992 647641
-487097 -76762
-442225 724514
190582 787444
-84184 426492
830379 426195
-857663 -701711
-784346 -159242
357538 328887
405618 -775003
-501845 499533
-651424 -546080
51898 462005
-284321 -396326
913865 293079
527505 -604318
-148889 634823
933844 591846
738984 33938
-2676 -406182
-102299 -307549
-849117 -945789
-87900 582048
997113 562953
-560933 24256
-130969 680468
568876 216289
-386745 -205103
667601 918026
-284131 624685
-56764 -872114
531774 -947125
760177 -554812
-231896 876784
645480 848492
441089 -578816
816321 1156
496456 817852
81745 593394
106406 537827
955884 -448376
54654 -9404
-774039 -747970
-469376 586307
160282 -68027
379883 -599841
-630833 80917
-553156 320289
845477 31517
786851 744796
-104081 -602477
-713808 327407
-914796 414453
-205635 -489896
-808247 -903149
954934 -774769
-866059 321601
412603 -627885
-376772 316612
690273 33418
-584298 -105887
-552476 -295260
-301800 408807
860561 -351180
763083 306924
-376093 -478369
-249783 -572262
-39487 30247
-927980 936898
846461 950787
-120611 -700825
49827 -94739
-680876 124379
-134965 -331309
704624 79473
337812 -763539
230142 166932
-330740 -442458
-875842 -84425
-554318 -780062
-173284 802149
-803367 857964
-487752 -934087
725458 -190597
690485 2303
-592277 712994
-785646 962934
-668762 -311024
-134516 -421608
824868 214662
-444222 967165
-158527 -875902
319418 -339715
-556148 438845
-645982 659662
853191 -169186
95761 -547244
-417623 -508613
-94093 621416
99494 -467929
462004 379613
763311 -902429
343450 62603
642714 498169
-797390 913047
720274 99675
-586816 -27645
285292 -387461
489204 980979
-930252 -174021
863251 -124131
-15309 536299
950823 -516055
469499 -754700
-451490 729100
149518 -67228
-765248 589670
39201 -895061
-455085 -291228
253241 232150
209367 -203114
429300 -380836
-635671 90593
-674176 207968
-388123 -746083
-726459 -771906
350579 -208740
-223818 27393
281690 245326
504393 -883495
395253 -78188
-684591 -795923
971983 114416
-424540 -462062
281988 -174312
576341 -848771
-494806 466142
160620 -905326
837436 846414
707190 160727
439964 -364619
318422 39624
-823151 -553730
71703 452595
-214840 -321537
-5797 298651
725515 -487382
-736050 95203
389457 -410655
914447 222873
685014 -817412
636788 -776416
-413301 739761
407990 625902
266650 15456
413408 464442
-238517 112634
763010 -461011
-348467 634850
-129378 420711
-793863 945948
71203 490045
-120142 408428
-747453 542761
-187141 -113099
-941154 -444143
-7050 -172391
136182 58080
317917 -444119
800544 -502069
452182 -25990
972967 879939
820292 15455
862029 424515
969705 -735794
741475 -472443
-351743 -894839
-259721 309981
-153846 27381
-355388 -501033
302817 28192
122180 -624360
-17167 38847
-114790 -28770
426661 -885978
-277356 747125
345833 810322
858202 602548
461556 713397
225028 -393954
-362261 273942
844601 -257411
255170 -595951
-884460 -522718
19604 1825
-42135 747372
-334778 -740393
-665024 150662
793625 652490
-273597 862277
293941 -633843
682919 445802
887328 368983
271320 -398253
-238528 597903
-695361 404325
-977965 -683329
-832463 9053
-827838 460157
915439 894104
-315454 -892006
-308206 452703
-100991 -459971
593835 -468361
298070 -687067
-361237 -306087
309179 948586
56763 -848706
720804 -513552
-930168 235168
91809 424556
431107 -649972
432124 497067
140048 -840836
811084 585700
435146 619012
340666 490386
209928 -463710
-564516 173044
-724139 54353
-38175 -792586
901219 911718
-815863 939858
-858303 598359
-145338 -81855
-345146 -218176
-43145 906010
670969 -626171
810655 -816836
525240 178584
507317 -826193
-67410 -450988
-982083 -906813
95440 68622
-183867 673103
488475 -159431
-461631 438187
377747 -43461
62132 -579858
-185285 881165
675044 583308
794903 848733
-337004 105457
-29088 291763
4825 -499222
689773 842976
416118 137119
-607794 188833
465543 -458528
-944659 -120309
-900189 923138
924809 -276164
-213302 214054
442492 -565026
965156 -763679
348594 131544
-461556 -478706
-865175 -776056
527388 767227
-247057 -558292
-216365 -892064
570753 -662639
820981 878075
-773500 383376
629144 -114180
84065 786816
177200 -499597
737139 470091
-852899 933740
560966 -473304
-399522 -440877
110489 -734783
503560 -453984
-21064 -286352
-523264 173551
389396 227923
-168386 839205
166711 465624
342210 957993
911292 -419790
331365 -573038
-622282 227659
-503529 -585542
831065 685598
754028 178427
949200 448944
608575 730120
607886 -581642
-476034 -246129
-699657 -502166
533475 -353908
960688 431203
42471 64295
931319 995000
-766381 -532923
-217866 602492
690240 554208
-468883 651918
-917491 355615
-865179 -714771
392121 394417
-475460 -735681
-64971 -68105
-665512 -460208
978829 -702297
729241 -551064
-799389 -338640
531549 351184
-511834 655286
-318971 -253145
889209 267104
700917 476481
-107275 88887
97626 -734662
948743 750412
-558927 989265
-713853 -194614
44372 771155
-895020 81600
-74958 199962
-839314 686855
-752633 475773
576937 -357255
394246 472999
-353254 -41166
811505 756782
875156 288647
-189847 505952
-525917 -119138
-48074 187971
-809503 988166
993569 -854279
288230 -576653
-339511 919392
-648420 406370
-826468 -560417
-871083 488063
163164 -406344
448524 690229
-124476 411277
-90005 408796
-974762 493721
-247000 -352290
351528 -250368
-204356 -177585
-721970 -860215
47996 945240
-736113 959633
786726 653789
195591 -418713
-954610 -319647
131146 262121
371606 -165857
18687 615270
366111 368824
513255 126563
-870208 142650
705588 168239
-324795 152160
410021 -378171
375167 -193062
-517390 -52109
802306 354851
89101 -407017
94920 -296908
-736621 865400
-7545 -450148
-921721 -638867
631477 831058
-562573 -209761
-618001 -930581
329103 -233434
-470950 -635504
528453 99756
-647476 880887
-138911 509932
-852921 61773
-84315 -522130
-773606 -611831
727800 381224
277398 -473594
685187 201847
809213 458341
283324 -107111
-385264 -68008
-359334 -821662
805437 205873
156786 65478
116107 -71883
-824908 -626174
-164289 -786955
