1000
30824 20452
32462 22006
4421 -4597
26729 16567
23531 13533
34880 24300
37922 27186
32618 22154
34997 24411
30746 20378
19982 10166
30629 20267
3212 -5744
22361 12423
4265 -4745
12611 3173
35114 24522
9608 324
11558 2174
6995 -2155
24896 14828
12416 2988
37181 26483
18149 8427
38936 28148
12923 3469
19319 9537
3641 -5337
19475 9685
13157 3691
17564 7872
20957 11091
6098 -3006
28679 18417
38663 27889
3992 -5004
16316 6688
14288 4764
24857 14791
19085 9315
22985 13015
33281 22783
36011 25373
33047 22561
18344 8612
39209 28407
2666 -6262
35231 24633
27236 17048
29888 19564
33983 23449
2627 -6299
12728 3284
4031 -4967
36206 25558
4655 -4375
39521 28703
6605 -2525
29771 19453
19124 9352
26690 16530
23180 13200
19592 9796
37103 26409
22322 12386
22088 12164
22829 12867
11324 1952
37805 27075
8009 -1193
35621 25003
16160 6540
5786 -3302
26417 16271
13313 3839
29537 19231
32033 21599
25013 14939
37688 26964
31019 20637
22400 12460
15029 5467
29381 19083
23102 13126
21659 11757
19241 9463
15770 6170
23687 13681
30317 19971
24662 14606
39014 28222
8165 -1045
34724 24152
20684 10832
11051 1693
8867 -379
36986 26298
40184 29332
14444 4912
18851 9093
12143 2729
32228 21784
9647 361
20723 10869
22907 12941
33515 23005
23336 13348
38741 27963
35738 25114
16745 7095
3017 -5929
22946 12978
25871 15753
31955 21525
38780 28000
17174 7502
28952 18676
31799 21377
19514 9722
11363 1989
24818 14754
12065 2655
1886 -7002
32969 22487
23453 13459
25715 15605
32423 21969
3719 -5263
15146 5578
8477 -749
9257 -9
25247 15161
20801 10943
18305 8575
21386 11498
16121 6503
9803 509
21581 11683
11519 2137
33632 23116
6371 -2747
11285 1915
10154 842
2081 -6817
26261 16123
16979 7317
8750 -490
14522 4986
40145 29295
33476 22968
10661 1323
9959 657
15419 5837
7502 -1674
20840 10980
25052 14976
7814 -1378
28640 18380
16355 6725
1262 -7594
2159 -6743
9491 213
27353 17159
23258 13274
2705 -6225
14405 4875
10934 1582
39131 28333
18968 9204
16862 7206
26183 16049
10739 1397
32774 22302
29693 19379
21347 11461
20762 10906
10778 1434
2393 -6521
34256 23708
24584 14532
34412 23856
2120 -6780
29147 18861
12104 2692
35348 24744
1847 -7039
6293 -2821
23375 13385
36479 25817
27548 17344
29108 18824
25442 15346
12377 2951
5708 -3376
18695 8945
31448 21044
27275 17085
27470 17270
12962 3506
4928 -4116
872 -7964
34061 23523
10427 1101
5435 -3635
22049 12127
10271 953
32657 22191
21815 11905
12455 3025
14015 4505
8282 -934
10700 1360
19787 9981
17837 8131
29342 19046
30551 20193
35504 24892
25325 15235
16199 6577
31721 21303
4811 -4227
36830 26150
11168 1804
19202 9426
8204 -1008
23921 13903
36674 26002
18539 8797
32696 22228
36401 25743
24233 14199
34568 24004
13781 4283
29615 19305
9998 694
5591 -3487
25559 15457
36245 25595
18500 8760
28328 18084
23141 13163
10115 805
1223 -7631
33827 23301
13820 4320
16433 6799
11246 1878
34490 23930
36908 26224
16043 6429
30122 19786
3485 -5485
22166 12238
8360 -860
13664 4172
27431 17233
24740 14680
21035 11165
35855 25225
1574 -7298
17525 7835
3290 -5670
37259 26557
8438 -786
19865 10055
4850 -4190
27041 16863
12026 2618
26963 16789
29732 19416
25286 15198
38585 27815
1652 -7224
31214 20822
33125 22635
20567 10721
27704 17492
7736 -1452
6527 -2599
28562 18306
7073 -2081
9101 -157
14795 5245
28172 17936
26846 16678
14171 4653
18188 8464
7775 -1415
14483 4949
24155 14125
18422 8686
7268 -1896
38273 27519
14210 4690
14834 5282
33749 23227
20099 10277
3914 -5078
27197 17011
33203 22709
25130 15050
38858 28074
33242 22746
35192 24596
19826 10018
14600 5060
8321 -897
30044 19712
9218 -46
12260 2840
15380 5800
17993 8279
37337 26631
2744 -6188
30005 19675
20372 10536
7463 -1711
11753 2359
16628 6984
7229 -1933
26612 16456
24779 14717
27158 16974
36089 25447
31175 20785
31370 20970
34841 24263
29030 18750
40067 29221
5942 -3154
18110 8390
33320 22820
38702 27926
17720 8020
3875 -5115
12767 3321
35426 24818
34334 23782
20021 10203
23726 13718
15302 5726
20411 10573
15848 6244
21776 11868
16004 6392
27002 16826
33593 23079
3329 -5633
16472 6836
7970 -1230
5747 -3339
32306 21858
33359 22857
30239 19897
30395 20045
13352 3876
9023 -231
29576 19268
17018 7354
11597 2211
18812 9056
32735 22265
8789 -453
8594 -638
5279 -3783
32540 22080
28445 18195
33866 23338
6644 -2488
19280 9500
37883 27149
6566 -2562
14990 5430
10817 1471
22556 12608
30083 19749
3563 -5411
26300 16160
25364 15272
22751 12793
14093 4579
31136 20748
21191 11313
31877 21451
39443 28629
17954 8242
21230 11350
16550 6910
29849 19527
23492 13496
40028 29184
27821 17603
1535 -7335
25832 15716
33788 23264
21074 11202
15809 6207
33554 23042
22634 12682
17798 8094
39989 29147
28406 18158
989 -7853
8984 -268
23882 13866
26105 15975
33086 22598
7346 -1822
18266 8538
30941 20563
27743 17529
39326 28518
11714 2322
19046 9278
38195 27445
6761 -2377
22244 12312
26144 16012
31409 21007
2822 -6114
20216 10388
25988 15864
10310 990
17915 8205
21542 11646
29498 19194
35036 24448
9686 398
7112 -2044
36167 25521
10349 1027
13118 3654
3095 -5855
20138 10314
34178 23634
7931 -1267
28523 18269
12494 3062
21425 11535
13703 4209
34373 23819
21893 11979
5513 -3561
38117 27371
15185 5615
24935 14865
8555 -675
6215 -2895
34607 24041
13742 4246
12182 2766
23843 13829
29459 19157
9725 435
32813 22339
14054 4542
38429 27667
5240 -3820
32891 22413
11012 1656
17057 7391
5045 -4005
12650 3210
33905 23375
38078 27334
18383 8649
34763 24189
14639 5097
35894 25262
28055 17825
39833 28999
6488 -2636
13469 3987
36635 25965
11675 2285
36518 25854
6917 -2229
1379 -7483
6683 -2451
25676 15568
29810 19490
5474 -3598
18227 8501
31097 20711
19553 9759
950 -7890
14951 5393
8243 -971
16940 7280
28874 18602
15068 5504
30902 20526
35543 24929
38468 27704
22205 12275
21854 11942
6059 -3043
7034 -2118
16589 6947
5630 -3450
36947 26261
24272 14236
31604 21192
27860 17640
26651 16493
7424 -1748
18773 9019
23063 13089
26807 16641
11831 2433
13586 4098
17486 7798
30590 20230
18617 8871
9569 287
38546 27778
14249 4727
14327 4801
32072 21636
24428 14384
26534 16382
11792 2396
17876 8168
34529 23967
5162 -3894
7190 -1970
36050 25410
26456 16308
40106 29258
37415 26705
2900 -6040
4343 -4671
5006 -4042
13625 4135
22478 12534
9296 28
3251 -5707
13508 4024
33710 23190
4538 -4486
18032 8316
31916 21488
23765 13755
22517 12571
6254 -2858
29927 19601
36752 26076
40223 29369
34958 24374
19748 9944
2315 -6595
5825 -3265
19670 9870
2939 -6003
35153 24559
16511 6873
35777 25151
2354 -6558
1691 -7187
31331 20933
10076 768
15497 5911
27782 17566
10388 1064
2276 -6632
36557 25891
2432 -6484
11441 2063
10232 916
26573 16419
1028 -7816
2471 -6447
1067 -7779
36596 25928
25949 15827
7580 -1600
5864 -3228
26885 16715
28367 18121
4616 -4412
35816 25188
28094 17862
35387 24781
4967 -4079
19943 10129
14561 5023
31487 21081
28211 17973
16667 7021
19436 9648
37454 26742
34802 24226
27899 17677
23024 13052
13040 3580
34919 24337
26027 15901
32501 22043
1106 -7742
9374 102
24974 14902
8087 -1119
14717 5171
15692 6096
21620 11720
19397 9611
24506 14458
36128 25484
33671 23153
27665 17455
18734 8982
4382 -4634
9335 65
22439 12497
29225 18935
32189 21747
26222 16086
38390 27630
1925 -6965
28913 18639
21971 12053
14678 5134
37376 26668
27977 17751
15575 5985
4772 -4264
6956 -2192
18071 8353
37766 27038
29966 19638
8126 -1082
25637 15531
14132 4616
32930 22450
6176 -2932
7385 -1785
4148 -4856
9881 583
16277 6651
7151 -2007
11090 1730
30278 19934
11636 2248
37025 26335
20645 10795
37649 26927
4109 -4893
38351 27593
10973 1619
13391 3913
35699 25077
15224 5652
15887 6281
22595 12645
19904 10092
24467 14421
16706 7058
10856 1508
30707 20341
1769 -7113
32111 21673
21113 11239
39794 28962
2588 -6336
34646 24078
7619 -1563
30785 20415
37961 27223
34685 24115
9842 546
5084 -3968
25169 15087
5318 -3746
8048 -1156
31838 21414
2510 -6410
7307 -1859
17603 7909
22790 12830
39482 28666
12806 3358
6332 -2784
33008 22524
23570 13570
37064 26372
34295 23745
28991 18713
1457 -7409
39716 28888
20879 11017
9452 176
21152 11276
13976 4468
9530 250
31565 21155
2198 -6706
37610 26890
28718 18454
35660 25040
39599 28777
35309 24707
20294 10462
13235 3765
37844 27112
1145 -7705
6878 -2266
39872 29036
24623 14569
17642 7946
13430 3950
8828 -416
2549 -6373
20060 10240
38039 27297
4070 -4930
9062 -194
21932 12016
36791 26113
36713 26039
11987 2581
28133 17899
16784 7132
2783 -6151
14873 5319
27119 16937
7892 -1304
18890 9130
32384 21932
6410 -2710
30200 19860
3134 -5818
24389 14347
3524 -5448
8399 -823
2978 -5966
32150 21710
16238 6614
5123 -3931
20528 10684
13859 4357
24545 14495
15653 6059
20606 10758
23999 13977
10544 1212
13274 3802
5201 -3857
31760 21340
25520 15420
9413 139
29264 18972
6839 -2303
27587 17381
26339 16197
25754 15642
38819 28037
15926 6318
13898 4394
13079 3617
17759 8057
19007 9241
1808 -7076
3602 -5374
27626 17418
21269 11387
22712 12756
17213 7539
25091 15013
15263 5689
24350 14310
35933 25299
12572 3136
38507 27741
29303 19009
36440 25780
25208 15124
1730 -7150
18656 8908
3407 -5559
4187 -4819
26768 16604
8516 -712
17408 7724
17096 7428
20177 10351
11402 2026
11948 2544
5552 -3524
15965 6355
28016 17788
15731 6133
23960 13940
29186 18898
20450 10610
31643 21229
25403 15309
30512 20156
11129 1767
9140 -120
28601 18343
31253 20859
20996 11128
1496 -7372
9764 472
12221 2803
34139 23597
21464 11572
24077 14051
21737 11831
8906 -342
19709 9907
25793 15679
37220 26520
22010 12090
39053 28259
15614 6022
28250 18010
26378 16234
28835 18565
39287 28481
17369 7687
14756 5208
21503 11609
3758 -5226
5981 -3117
13937 4431
3056 -5892
34022 23486
5357 -3709
3680 -5300
3797 -5189
20255 10425
1184 -7668
39638 28814
36284 25632
17291 7613
28484 18232
27080 16900
31526 21118
37571 26853
29069 18787
23297 13311
4577 -4449
28289 18047
13001 3543
8711 -527
38312 27556
24311 14273
6722 -2414
26495 16345
15107 5541
22283 12349
7697 -1489
9920 620
18461 8723
4304 -4708
5669 -3413
6137 -2969
10193 879
11480 2100
5903 -3191
21308 11424
36362 25706
10583 1249
20333 10499
31994 21562
33398 22894
27509 17307
11909 2507
12338 2914
33437 22931
35465 24855
23414 13422
39911 29073
39950 29110
25481 15383
16901 7243
24194 14162
33944 23412
30668 20304
15536 5948
39560 28740
37493 26779
35972 25336
34100 23560
16082 6466
2861 -6077
27392 17196
31058 20674
14366 4838
23804 13792
19631 9833
3173 -5781
23609 13607
17447 7761
30356 20008
30161 19823
12299 2877
22127 12201
13196 3728
29654 19342
26066 15938
4733 -4301
7658 -1526
32267 21821
2237 -6669
35582 24966
2003 -6891
21698 11794
2042 -6854
32852 22376
10895 1545
38234 27482
31682 21266
17330 7650
6800 -2340
38000 27260
39170 28370
23219 13237
10466 1138
29420 19120
20918 11054
3953 -5041
11870 2470
22868 12904
39677 28851
30863 20489
1418 -7446
8672 -564
38897 28111
24038 14014
23648 13644
37532 26816
30473 20119
24116 14088
27314 17122
27938 17714
8945 -305
10622 1286
16823 7169
13547 4061
28796 18528
20489 10647
32345 21895
14912 5356
39404 28592
4889 -4153
4694 -4338
12884 3432
34451 23893
39755 28925
1613 -7261
17135 7465
39365 28555
1301 -7557
10505 1175
16394 6762
10037 731
15341 5763
38624 27852
4460 -4560
3368 -5596
35270 24670
19163 9389
28757 18491
4226 -4782
37142 26446
37727 27001
22673 12719
1964 -6928
12533 3099
18578 8834
5396 -3672
11207 1841
12689 3247
9179 -83
19358 9574
30980 20600
3836 -5152
37298 26594
6020 -3080
6449 -2673
25598 15494
38975 28185
38156 27408
30434 20082
31292 20896
17252 7576
24701 14643
911 -7927
34217 23671
25910 15790
1340 -7520
26924 16752
15458 5874
32579 22117
36869 26187
3446 -5522
7541 -1637
33164 22672
-1916 -5686
112 -3762
7717 3453
2842 -1172
9550 5192
13567 9003
16336 11630
1516 -2430
20821 15885
27880 22582
34588 28946
-3437 -7129
658 -3244
23746 18660
30766 25320
22927 17883
2101 -1875
29713 24321
28153 22841
9433 5081
6313 2121
26554 21324
13762 9188
20002 15108
2725 -1283
12007 7523
23629 18549
29323 23951
3739 -321
21055 16107
26710 21472
26359 21139
15088 10446
30727 25283
18208 13406
-2579 -6315
29050 23692
33730 28132
20431 15515
2764 -1246
32560 27022
3388 -654
20158 15256
3895 -173
4246 160
23161 18105
-824 -4650
9667 5303
26437 21213
-1643 -5427
25852 20658
9628 5266
11422 6968
11032 6598
31468 25986
12631 8115
12904 8374
32950 27392
16102 11408
15400 10742
30532 25098
7600 3342
31195 25727
10954 6524
21445 16477
35368 29686
32521 26985
20782 15848
32599 27059
30064 24654
3622 -432
1633 -2319
32053 26541
-1370 -5168
2413 -1579
11734 7264
-2150 -5908
14425 9817
23200 18142
-2657 -6389
4480 382
15478 10816
10135 5747
4987 863
2023 -1949
12670 8152
26827 21583
34315 28687
-1799 -5575
3076 -950
5533 1381
14815 10187
25306 20140
15322 10668
10525 6117
5260 1122
18832 13998
20860 15922
7405 3157
16375 11667
21094 16144
29869 24469
11266 6820
4870 752
8458 4156
-2774 -6500
307 -3577
22030 17032
1204 -2726
15049 10409
6625 2417
20938 15996
10486 6080
8263 3971
5455 1307
15946 11260
1711 -2245
32755 27207
33028 27466
4675 567
23824 18734
6547 2343
1126 -2800
15595 10927
17857 13073
19573 14701
4792 678
6352 2158
2959 -1061
6664 2454
10018 5636
29830 24432
3544 -506
541 -3355
34744 29094
31702 26208
25930 20732
20119 15219
1750 -2208
5806 1640
18052 13258
19768 14886
2218 -1764
28465 23137
24760 19622
20548 15626
30493 25061
2491 -1505
32287 26763
9277 4933
-2072 -5834
31936 26430
30571 25135
-239 -4095
5494 1344
14737 10113
6157 1973
3856 -210
18364 13554
21016 16070
4909 789
-512 -4354
-3320 -7018
-551 -4391
7054 2824
-629 -4465
20704 15774
29596 24210
14776 10150
32482 26948
-863 -4687
9901 5525
16765 12037
3271 -765
32872 27318
31429 25949
-707 -4539
21952 16958
9589 5229
21523 16551
32092 26578
18091 13295
10798 6376
24019 18919
26632 21398
17740 12962
19495 14627
2257 -1727
31156 25690
33535 27947
3193 -839
28543 23211
6859 2639
26203 20991
7990 3712
12124 7634
28192 22878
24253 19141
32677 27133
25774 20584
-1019 -4835
10564 6154
28972 23618
22615 17587
6391 2195
-2891 -6611
12085 7597
15751 11075
11500 7042
-1760 -5538
19339 14479
814 -3096
32716 27170
-1058 -4872
17311 12555
15517 10853
21172 16218
14620 10002
-2735 -6463
27373 22101
14659 10039
28660 23322
1555 -2393
8575 4267
24448 19326
7873 3601
3115 -913
27919 22619
5728 1566
32404 26874
3505 -543
14074 9484
16882 12148
24292 19178
3349 -691
1477 -2467
35641 29945
27841 22545
3427 -617
5845 1677
29986 24580
21250 16292
3934 -136
14113 9521
3661 -395
9238 4896
29128 23766
30883 25431
23317 18253
28738 23396
12826 8300
10759 6339
6040 1862
21601 16625
21562 16588
29089 23729
19378 14516
853 -3059
2335 -1653
7483 3231
33184 27614
12436 7930
775 -3133
5767 1603
7639 3379
20509 15589
35329 29649
11968 7486
26008 20806
19807 14923
-1682 -5464
20470 15552
13957 9373
10447 6043
1789 -2171
18481 13665
8848 4526
424 -3466
1360 -2578
8068 3786
24604 19474
18988 14146
-1526 -5316
-2306 -6056
34354 28724
8341 4045
34276 28650
17623 12851
12787 8263
-3398 -7092
22810 17772
28777 23433
19690 14812
22732 17698
15439 10779
7444 3194
31975 26467
-3008 -6722
11929 7449
12943 8411
6118 1936
11383 6931
10993 6561
-473 -4317
34666 29020
18247 13443
13918 9336
28075 22767
35251 29575
33574 27984
3232 -802
12748 8226
11071 6635
14269 9669
33652 28058
17389 12629
13138 8596
25540 20362
26320 21102
28504 23174
-1604 -5390
13060 8522
19885 14997
30220 24802
619 -3281
9784 5414
5104 974
16648 11926
-161 -4021
31234 25764
34003 28391
32365 26837
13606 9040
2920 -1098
18715 13887
10681 6265
16726 12000
30415 24987
35407 29723
27061 21805
14152 9558
25267 20103
23551 18475
21133 16181
33379 27799
736 -3170
27724 22434
14581 9965
4753 641
-1097 -4909
20587 15663
-2501 -6241
30181 24765
33496 27910
28114 22804
-3281 -6981
892 -3022
16180 11482
21679 16699
8926 4600
29284 23914
970 -2948
-356 -4206
17779 12999
24097 18993
19651 14775
22576 17550
35290 29612
14464 9854
18559 13739
6001 1825
2452 -1542
-3593 -7277
-902 -4724
29167 23803
18169 13369
22381 17365
5416 1270
34471 28835
22186 17180
20041 15145
24175 19067
30610 25172
15010 10372
27529 22249
-2345 -6093
13099 8559
32443 26911
21757 16773
502 -3392
13333 8781
5338 1196
6742 2528
25150 19992
1399 -2541
-200 -4058
3700 -358
25618 20436
17584 12814
31312 25838
25228 20066
34042 28428
4636 530
13723 9151
18637 13813
19534 14664
32014 26504
-941 -4761
6898 2676
12202 7708
20275 15367
22654 17624
4324 234
29362 23988
9394 5044
14347 9743
12319 7819
13177 8633
12241 7745
21718 16736
2296 -1690
6079 1899
21796 16810
6820 2602
6430 2232
12982 8448
22849 17809
24058 18956
31585 26097
5962 1788
9160 4822
16414 11704
13489 8929
9940 5562
17155 12407
25657 20473
18130 13332
8653 4341
32326 26800
31273 25801
32794 27244
22225 17217
7210 2972
27451 22175
34 -3836
-278 -4132
5884 1714
21913 16921
23083 18031
10720 6302
17935 13147
-1565 -5353
24136 19030
28621 23285
15907 11223
3583 -469
34081 28465
29557 24173
1672 -2282
8419 4119
34120 28502
16687 11963
29674 24284
-44 -3910
9082 4748
29401 24025
29908 24506
13840 9262
33067 27503
1867 -2097
20977 16033
5182 1048
-1448 -5242
19963 15071
22693 17661
15829 11149
15790 11112
14191 9595
28231 22915
5572 1418
22771 17735
-2696 -6426
26086 20880
21211 16255
26983 21731
8536 4230
7951 3675
-2111 -5871
30337 24913
35212 29538
33223 27651
29011 23655
29518 24136
13801 9225
-434 -4280
4363 271
35524 29834
13996 9410
13372 8818
-3203 -6907
8185 3897
27139 21879
22888 17846
26905 21657
-3125 -6833
16570 11852
7249 3009
10369 5969
14386 9780
30922 25468
20080 15182
1243 -2689
14932 10298
29947 24543
22108 17106
16960 12222
15985 11297
-1253 -5057
22342 17328
23590 18512
4168 86
17818 13036
33847 28243
31039 25579
27568 22286
8380 4082
3973 -99
24409 19289
17506 12740
12397 7893
35056 29390
9472 5118
32989 27429
-1838 -5612
13021 8485
16141 11445
15283 10631
24487 19363
9706 5340
16999 12259
19027 14183
33457 27873
11227 6783
14230 9632
24331 19215
21484 16514
35680 29982
8497 4193
30025 24617
6196 2010
12709 8189
-122 -3984
2374 -1616
15673 11001
24721 19585
27607 22323
30805 25357
16531 11815
26749 21509
14893 10261
17662 12888
1945 -2023
35485 29797
5377 1233
21367 16403
10330 5932
13684 9114
13450 8892
21835 16847
23044 17994
30103 24691
15127 10483
18910 14072
8692 4378
12553 8041
30649 25209
20626 15700
20197 15293
32248 26726
15712 11038
4714 604
10252 5858
1906 -2060
12592 8078
24916 19770
31351 25875
30961 25505
14035 9447
33106 27540
23980 18882
-2618 -6352
10057 5673
-3632 -7314
35173 29501
25189 20029
9004 4674
17194 12444
18325 13517
32911 27355
6781 2565
8302 4008
26242 21028
31897 26393
31000 25542
7795 3527
-3554 -7240
11188 6746
18949 14109
34822 29168
21640 16662
151 -3725
28270 22952
1438 -2504
3817 -247
7522 3268
-590 -4428
34939 29279
12865 8337
26476 21250
18676 13850
11149 6709
25111 19955
14308 9706
463 -3429
7132 2898
31858 26356
35134 29464
15205 10557
16297 11593
2530 -1468
25072 19918
23395 18327
6703 2491
30844 25394
27763 22471
34705 29057
11617 7153
19729 14849
-3047 -6759
5689 1529
18520 13702
20236 15330
21328 16366
30376 24950
14971 10335
27217 21953
34198 28576
10837 6413
8731 4415
27295 22027
17233 12481
19456 14590
28933 23581
3310 -728
33301 27725
34900 29242
24994 19844
30688 25246
23785 18697
23863 18771
25462 20288
11890 7412
28309 22989
13216 8670
580 -3318
25384 20214
11539 7079
-746 -4576
25423 20251
10096 5710
-980 -4798
11461 7005
25969 20769
4831 715
7834 3564
8770 4452
23512 18438
6235 2047
31117 25653
18013 13221
18403 13591
23668 18586
12358 7856
35095 29427
2140 -1838
5299 1159
5221 1085
33418 27836
1828 -2134
20899 15959
29752 24358
3778 -284
17350 12592
7912 3638
2686 -1320
32170 26652
-1292 -5094
346 -3540
7288 3046
24214 19104
27802 22508
-2228 -5982
22420 17402
15244 10594
385 -3503
14503 9891
4285 197
28426 23100
9511 5155
10408 6006
10174 5784
11656 7190
9121 4785
2608 -1394
1594 -2356
22303 17291
26164 20954
-2813 -6537
-3359 -7055
4597 493
-1721 -5501
26515 21287
23473 18401
24799 19659
17272 12518
34861 29205
8614 4304
31819 26319
13294 8744
16258 11556
23902 18808
13255 8707
26593 21361
30298 24876
17038 12296
25345 20177
190 -3688
4090 12
24955 19807
33886 28280
1984 -1986
34159 28539
-2852 -6574
9823 5451
34432 28798
27412 22138
9043 4711
2647 -1357
-83 -3947
18286 13480
16219 11519
19144 14294
30259 24839
24643 19511
27490 22212
19300 14442
34627 28983
19924 15034
17545 12777
6274 2084
34783 29131
2569 -1431
2881 -1135
-1877 -5649
34393 28761
15868 11186
26398 21176
16804 12074
10291 5895
-5 -3873
6976 2750
15634 10964
16609 11889
31078 25616
6937 2713
8107 3823
30142 24728
27958 22656
-785 -4613
8146 3860
13645 9077
2998 -1024
16024 11334
26944 21694
17116 12370
6508 2306
229 -3651
10213 5821
18871 14035
11305 6857
29479 24099
27334 22064
15361 10705
31663 26171
22069 17069
26866 21620
34549 28909
1165 -2763
12163 7671
23239 18179
-2189 -5945
28855 23507
35602 29908
16843 12111
31624 26134
7561 3305
5923 1751
-2423 -6167
10876 6450
29791 24395
26047 20843
8029 3749
12280 7782
-317 -4169
27685 22397
28036 22730
33145 27577
11578 7116
-3476 -7166
8224 3934
9199 4859
6469 2269
12514 8004
23356 18290
28894 23544
35446 29760
6586 2380
24877 19733
33262 27688
34510 28872
268 -3614
31741 26245
28816 23470
3037 -987
19846 14960
7756 3490
18754 13924
34237 28613
73 -3799
24370 19252
7171 2935
-2969 -6685
4519 419
17896 13110
22459 17439
22498 17476
14542 9928
3466 -580
31546 26060
1087 -2837
2062 -1912
23434 18364
32638 27096
9979 5599
29245 23877
25033 19881
11812 7338
23707 18623
27022 21768
16063 11371
-2384 -6130
-3671 -7351
18442 13628
33769 28169
19183 14331
11110 6672
16921 12185
32209 26689
19066 14220
-2033 -5797
-1214 -5020
-1955 -5723
29635 24247
7327 3083
19105 14257
-1994 -5760
33964 28354
24682 19548
25579 20399
35017 29353
22537 17513
10603 6191
25735 20547
5065 937
11773 7301
24526 19400
4441 345
5611 1455
2803 -1209
23005 17957
9316 4970
33808 28206
7366 3120
9355 5007
-1175 -4983
-1331 -5131
3154 -876
27100 21842
10915 6487
29206 23840
-3086 -6796
4129 49
13528 8966
21406 16440
33925 28317
32131 26615
23122 18068
26671 21435
-1136 -4946
7093 2861
31780 26282
11851 7375
24565 19437
4051 -25
27997 22693
-3164 -6870
27256 21990
17974 13184
13411 8855
15166 10520
13879 9299
27646 22360
-1409 -5205
7015 2787
21289 16329
14854 10224
7678 3416
-2930 -6648
26125 20917
-1487 -5279
16453 11741
28387 23063
26281 21065
5143 1011
2179 -1801
4558 456
32833 27281
-2462 -6204
-395 -4243
28348 23026
5650 1492
-668 -4502
1282 -2652
22966 17920
17077 12333
15556 10890
11344 6894
33340 27762
697 -3207
27178 21916
1048 -2874
16492 11778
35563 29871
19417 14553
10642 6228
8887 4563
20743 15811
12475 7967
-2267 -6019
25696 20510
21991 16995
17701 12925
20314 15404
22147 17143
9745 5377
17428 12666
12046 7560
31390 25912
34978 29316
33691 28095
24838 19696
22264 17254
4207 123
21874 16884
23278 18216
9862 5488
14698 10076
31507 26023
23941 18845
4948 826
-3242 -6944
8809 4489
20665 15737
25813 20621
-2540 -6278
19261 14405
19222 14368
11695 7227
25891 20695
8965 4637
26788 21546
29440 24062
20392 15478
28582 23248
20353 15441
17467 12703
18598 13776
19612 14738
5026 900
1009 -2911
