49 49
14 220 17 8 25 63 93 35 36 8 132 19 121 4 177 58 99 101 47 84 20 4 2 27 75 4 9 238 12 11 1491 26 1 49 8 111 19 40 6 33 207 42 195 53 36 3 47 81 26
9 2 9 5
40 3 5 9 43
44 4 5 43 9 49
52 6 43 38 5 9 49 45
68 7 5 49 43 11 45 38 9
70 8 5 49 9 11 43 38 45 27
78 8 11 43 45 27 49 5 38 9
82 8 9 27 38 45 43 5 11 49
85 7 38 11 43 45 27 9 49
95 7 49 11 5 45 9 43 27
96 5 5 47 34 19 49
98 5 43 34 15 27 47
104 7 8 19 5 27 43 15 45
121 6 44 49 8 47 15 11
148 6 10 45 11 19 5 43
151 10 9 8 38 27 11 45 37 15 47 43
162 4 45 44 15 20
170 7 5 34 11 10 47 12 32
179 3 15 19 22
186 10 44 15 5 22 47 20 37 45 33 23
196 7 49 19 27 5 44 12 38
202 5 44 38 43 47 33
208 5 16 34 6 33 25
230 3 6 5 41
233 9 16 49 9 43 45 24 12 37 27
256 13 23 33 49 24 27 45 38 10 11 5 20 22 44
272 8 49 9 29 24 11 37 19 41
273 4 35 6 49 27
279 12 47 1 30 9 49 45 10 25 11 4 35 34
282 8 5 11 6 10 1 43 47 33
283 6 49 29 21 30 8 15
301 3 42 23 30
308 7 34 15 21 38 5 9 20
316 5 44 35 37 20 41
321 6 24 17 20 8 23 11
327 8 29 3 30 35 37 11 6 16
328 8 39 34 43 14 19 16 44 41
348 12 4 47 9 5 15 20 48 14 7 49 3 8
352 2 8 6
371 5 27 49 8 7 2
372 6 46 11 26 1 17 19
383 5 42 6 33 15 10
391 5 17 4 39 2 32
427 3 44 15 47
440 8 3 18 36 17 49 13 7 24
446 7 20 40 18 12 21 48 26
468 9 26 1 17 48 8 20 16 15 6
475 4 24 28 15 23
500 4 14 2 31 41
