50 10
10474 95009 603393 37 7549 35398 25279 2416 206445 13510
2857 1 8
3097 1 8
3320 1 8
4742 1 8
6760 1 8
9897 1 8
10773 1 8
11837 2 10 8
12284 2 10 8
13277 3 10 8 5
19116 3 8 5 10
19986 3 10 5 8
20505 3 10 8 5
21631 3 5 8 10
23677 3 5 10 8
23817 4 5 10 8 6
24571 4 5 8 6 10
25973 4 8 6 5 10
26812 4 6 8 10 5
31203 4 10 8 6 5
33963 4 10 8 6 5
33998 4 5 6 10 8
34862 4 10 8 6 5
38281 4 10 5 8 6
40847 4 6 8 10 5
42116 5 2 5 6 8 10
42199 6 8 5 6 10 4 2
42956 6 10 8 6 4 2 5
44258 6 4 2 10 8 6 5
45190 6 5 10 4 2 6 8
47965 7 8 5 4 10 7 2 6
55626 7 4 10 5 8 7 6 2
60876 7 10 2 6 4 7 8 5
61617 7 6 8 2 5 4 10 7
62513 7 5 4 6 7 10 2 8
66450 7 7 4 2 10 8 6 5
75935 7 8 7 10 4 2 5 6
76657 6 10 5 8 9 2 7
77528 3 2 7 9
80837 3 10 9 8
82693 5 2 8 9 4 1
85092 4 4 8 1 10
89495 1 10
89505 6 6 1 8 9 10 7
89962 4 10 9 8 4
91323 5 1 10 5 9 6
94158 5 4 10 7 9 2
95237 3 4 9 7
98152 6 5 7 8 1 2 6
100000 2 5 3
