50 10
1 1 1 1 1 11 1 1 1 1
1 1 6
2 2 6 8
3 2 6 8
4 2 6 8
5 2 8 6
6 2 6 8
7 2 6 8
8 2 6 8
9 2 8 6
10 2 8 6
11 2 8 6
12 3 6 8 1
13 3 8 1 6
14 3 6 1 8
15 3 1 8 6
16 3 1 8 6
17 3 1 8 6
18 3 6 8 1
19 3 6 1 8
20 3 1 6 8
21 3 6 1 8
22 4 7 8 1 6
23 4 1 8 7 6
24 5 7 4 8 1 6
25 5 8 4 1 6 7
26 6 6 4 8 3 7 1
27 6 8 4 6 7 3 1
28 7 8 7 3 1 6 4 2
29 7 2 3 4 1 8 7 6
30 8 6 1 5 8 4 7 3 2
31 8 4 1 3 5 7 8 2 6
32 8 8 2 5 7 6 1 3 4
33 8 7 4 5 2 6 8 1 3
34 8 4 5 8 1 2 6 7 3
35 8 6 1 5 3 2 8 7 4
36 8 5 2 1 4 3 8 6 7
37 8 4 5 1 3 7 2 6 8
38 8 7 5 1 4 3 2 8 6
39 8 4 2 3 5 8 1 7 6
40 8 1 8 2 3 7 6 4 5
41 8 4 1 6 7 2 5 3 8
42 8 6 8 3 5 1 7 4 2
43 8 6 1 8 4 2 3 5 7
44 8 2 6 5 7 1 4 3 8
45 8 8 4 3 2 6 1 7 5
46 8 4 3 6 7 2 5 8 1
47 9 3 4 5 9 7 8 6 1 2
48 9 8 3 7 2 1 5 4 6 9
49 9 9 7 3 6 4 1 8 2 5
50 10 9 7 4 2 5 3 1 8 6 10
