50 50
12773 5640 5334 32795 31744 46623 31984 29900 24978 82767 46418 10511 423 31869 19330 18873 6179 8014 7786 6058 206 29609 246 8270 2582 25454 13646 7354 5222 227 32305 9386 4471 9355 255 7301 13833 4929 18988 7813 25100 25083 4212 29998 25381 21410 3318 176 46867 75929
1745 3 21 23 35
1808 4 48 35 23 21
6664 5 43 35 48 21 23
6758 6 23 35 21 13 48 43
7370 7 23 21 29 43 35 13 48
9233 8 48 29 13 21 43 23 35 49
9759 10 36 43 49 28 13 21 48 29 35 23
13479 11 43 13 9 28 35 23 49 29 36 21 48
15273 13 36 29 23 35 13 21 16 28 43 9 48 39 49
16448 14 28 39 43 13 29 21 48 49 9 12 36 35 23 16
20584 16 43 16 36 27 37 29 48 9 23 39 21 28 12 13 35 49
24913 17 23 39 13 28 35 36 50 37 27 29 48 12 49 21 43 16 9
27824 17 13 50 39 12 49 16 29 27 37 9 35 21 28 36 43 48 23
28877 17 23 48 9 12 39 35 21 29 50 36 43 27 37 13 49 28 16
33469 17 27 37 43 23 21 9 35 50 13 16 39 36 48 49 12 28 29
37350 20 29 43 21 12 9 28 36 16 22 44 50 35 23 39 37 27 13 49 8 48
37926 20 23 39 16 43 48 35 49 44 27 8 29 28 22 50 21 37 13 9 12 36
38888 22 21 37 44 27 41 28 48 42 9 29 13 35 39 23 50 12 49 22 16 43 36 8
41254 24 35 24 28 16 8 27 42 37 22 13 23 43 18 50 48 39 36 29 49 44 12 9 21 41
41282 25 27 9 35 39 49 41 23 18 8 22 16 36 21 37 30 50 48 29 43 42 24 44 12 13 28
47836 25 48 16 50 44 36 41 30 42 37 9 29 12 28 35 24 18 21 43 27 39 13 8 22 49 23
47892 26 27 42 36 24 41 16 12 21 22 23 29 43 13 28 18 35 9 50 4 8 49 39 30 37 48 44
48783 27 29 48 24 16 23 35 18 39 50 27 13 49 37 36 43 42 8 30 44 28 41 9 21 12 22 4 33
51010 27 39 33 9 23 12 36 8 29 22 16 42 21 43 49 41 28 37 27 44 4 48 13 50 24 35 30 18
51382 27 28 35 4 12 23 29 33 37 41 8 44 24 18 42 30 43 50 36 13 22 16 49 39 48 21 9 27
57064 31 37 39 30 22 33 4 21 44 16 9 41 43 48 35 31 49 14 8 18 13 27 5 50 7 29 36 24 12 28 23 42
58368 31 48 35 12 18 30 16 29 4 44 42 37 28 7 9 33 50 41 36 22 39 5 27 21 13 49 31 8 24 43 23 14
58999 32 49 42 4 35 24 15 41 29 13 21 16 22 37 9 23 14 36 31 44 5 27 43 33 8 39 50 18 30 28 12 48 7
59957 32 15 24 48 8 44 49 31 23 29 30 27 7 12 42 39 43 21 5 9 50 18 28 4 37 13 16 22 35 33 41 36 14
61142 33 30 29 14 41 24 16 37 48 36 5 46 13 22 27 50 39 33 7 42 12 28 18 4 23 9 21 15 49 44 35 8 31 43
62299 34 31 13 41 49 15 27 33 24 30 43 46 7 36 8 39 5 4 28 22 14 50 48 29 21 3 42 35 12 9 23 16 37 18 44
64449 34 13 50 31 3 33 15 28 4 39 22 44 43 30 49 9 48 46 8 29 7 18 42 27 16 23 5 36 41 21 14 24 12 37 35
64794 35 27 50 21 47 3 30 15 41 46 36 23 29 37 16 12 31 18 44 33 8 35 7 42 43 14 48 13 39 9 4 28 5 24 49 22
71785 37 47 19 37 43 36 24 50 31 7 28 46 14 39 3 21 5 33 40 8 49 29 35 44 23 18 16 48 13 30 41 42 22 9 27 4 12 15
73814 39 37 49 18 47 13 14 23 39 44 29 50 48 36 9 30 22 19 27 8 3 5 15 41 46 42 7 33 45 35 21 31 4 40 43 24 12 26 28 16
75453 41 4 31 44 47 13 27 35 46 21 40 50 29 9 37 15 24 14 39 5 49 16 36 19 26 48 12 22 18 28 7 33 30 42 3 45 8 43 20 23 41 17
77514 41 14 30 29 36 8 20 24 37 15 47 12 43 27 5 31 39 48 28 18 49 45 3 4 41 35 26 17 23 9 42 40 16 50 21 44 13 19 22 7 33 46
78159 42 15 26 48 13 7 36 29 3 46 31 37 20 9 39 35 18 24 17 10 21 42 19 22 28 45 23 14 33 30 43 8 50 40 49 27 12 44 47 16 5 41 4
80412 44 21 5 3 27 14 17 37 47 26 22 29 31 48 43 32 10 35 28 46 20 39 9 50 7 15 4 13 16 19 12 34 8 41 30 18 40 36 24 49 44 23 45 42 33
80528 45 42 30 10 18 47 13 15 26 21 24 38 7 43 39 12 14 46 29 33 19 49 4 17 36 45 27 28 8 48 3 32 23 31 9 41 37 44 35 50 40 22 34 16 20 5
81093 46 5 4 17 12 38 21 48 47 41 28 49 2 3 33 16 43 30 42 44 9 32 35 31 26 22 20 13 23 18 46 7 39 14 27 29 34 50 15 24 8 40 45 36 10 19 37
85018 46 35 46 14 34 10 18 15 24 33 36 49 27 43 5 44 12 7 13 23 21 3 31 20 17 2 9 50 29 8 26 45 19 41 30 32 38 4 16 47 22 37 42 40 48 28 39
86410 46 4 5 24 20 2 21 42 48 43 41 3 10 7 44 34 40 19 12 13 15 31 49 18 47 32 17 46 35 50 29 8 14 28 39 45 38 27 16 9 36 37 33 22 23 26 30
87839 46 28 7 29 10 16 39 24 45 41 18 26 17 37 47 13 40 50 27 9 44 38 34 43 14 8 3 12 23 19 32 33 42 2 22 46 30 49 36 48 20 15 4 31 35 21 5
90401 48 28 47 29 18 22 40 19 2 49 27 42 37 15 7 46 31 11 6 45 9 48 50 3 38 17 20 14 36 12 13 33 5 24 23 43 34 30 41 16 44 39 32 21 4 8 10 26 35
90709 49 34 48 21 16 47 5 27 17 18 45 37 31 41 15 2 6 30 39 22 24 44 14 29 40 12 3 8 9 23 26 13 43 28 7 42 36 25 33 19 11 46 20 35 50 10 4 49 32 38
92003 50 40 48 4 2 39 23 22 10 8 41 49 45 50 6 18 37 26 44 27 47 29 19 9 36 31 38 3 25 12 43 30 33 5 46 32 17 7 20 14 24 21 15 35 1 13 42 34 16 11 28
92848 50 42 50 4 35 43 46 27 36 31 5 7 1 44 2 3 37 32 13 18 22 17 20 10 9 45 28 48 30 29 39 6 14 34 15 47 8 16 24 21 40 11 26 23 19 41 12 38 49 25 33
94926 50 37 11 2 3 15 24 8 35 33 45 10 38 25 4 12 39 9 27 22 7 13 20 21 49 47 48 44 36 5 1 43 41 40 29 6 26 32 14 17 42 23 28 30 31 34 46 50 19 16 18
100000 50 43 37 36 31 30 45 8 9 7 10 18 17 28 25 41 42 20 12 14 34 44 2 11 39 13 22 1 23 19 16 24 26 5 49 15 47 33 38 50 29 48 27 6 46 21 40 3 4 32 35
