50 50
6603 4745 11532 6359 6399 7472 3868 743 11642 3788 58115 3752 20682 6770 7678 2292 9270 2139 1406 36861 6231 10814 4918 2255 10101 15508 112 31339 3848 2128 37186 4786 99 4695 1441 467022 37456 2137 15446 8867 1579 4858 19977 2267 4722 7662 6707 21276 31264 20693
1574 1 22
2533 2 6 22
4958 2 6 22
6486 3 22 6 43
8224 4 39 22 43 6
15224 4 39 43 6 22
18707 5 11 39 43 22 6
24847 7 39 43 6 22 13 50 11
25778 7 6 50 13 43 39 11 22
33494 10 43 13 14 50 6 22 1 47 39 11
33976 10 22 13 43 1 6 14 11 39 47 50
34523 10 22 11 6 50 47 14 39 13 43 1
35452 11 1 26 13 50 22 39 14 6 11 43 47
37524 12 1 50 11 13 22 26 12 6 47 43 39 14
38130 12 14 47 39 12 11 26 6 1 22 50 43 13
38937 13 11 39 47 6 13 1 12 26 14 17 50 22 43
40145 14 13 15 22 47 39 12 1 50 14 11 26 43 17 6
40678 16 15 39 11 17 50 13 43 6 26 14 47 22 19 12 35 1
45607 16 13 12 11 1 39 35 47 6 22 15 17 19 26 50 14 43
47342 16 12 39 1 11 15 13 26 50 14 47 6 35 43 17 22 19
47597 18 19 22 26 28 35 12 47 11 13 49 17 50 43 15 6 14 39 1
49370 19 43 13 47 39 28 19 1 6 35 15 14 49 12 22 11 50 17 46 26
50360 22 15 28 44 35 13 39 47 16 46 19 22 12 17 50 24 14 6 26 43 1 11 49
54224 23 26 17 16 28 1 12 11 15 47 13 14 50 6 35 46 49 39 24 40 19 43 44 22
55231 25 16 14 2 44 1 49 46 39 47 26 15 43 13 11 24 12 22 19 35 45 6 40 28 50 17
56160 26 43 15 16 35 45 44 22 2 1 6 11 49 47 50 19 24 13 26 41 14 46 39 12 40 28 17
57137 26 40 28 2 50 44 46 41 49 19 1 39 13 47 45 14 11 17 43 22 16 26 24 35 12 6 15
58065 29 43 24 35 19 11 7 14 49 44 16 41 2 29 50 46 47 39 15 10 45 26 6 12 17 1 40 13 22 28
59086 29 10 35 13 43 19 17 45 28 14 22 47 24 46 44 49 29 12 15 16 1 6 11 50 26 39 7 41 40 2
61771 32 12 47 28 2 45 15 46 50 19 16 13 5 26 41 21 1 35 39 14 4 44 10 6 49 11 17 22 40 24 7 43 29
61831 34 33 13 2 5 43 26 22 14 12 40 7 39 4 27 16 1 15 11 28 29 24 10 41 35 49 45 19 46 21 6 17 47 44 50
62674 34 29 15 12 17 44 28 49 27 11 26 22 2 39 6 46 50 40 35 14 16 7 45 41 10 4 33 43 24 47 1 21 5 19 13
68049 34 5 40 26 22 16 39 1 17 27 14 49 10 29 28 2 19 47 15 50 46 6 33 21 4 35 7 12 13 43 11 41 44 45 24
74512 37 44 5 12 1 2 15 21 17 37 26 49 16 27 20 33 4 10 45 40 28 11 50 39 43 29 7 6 41 13 14 47 19 22 46 31 24 35
75402 37 41 47 12 22 5 44 1 16 35 39 27 45 28 50 7 13 40 14 10 20 29 26 43 6 24 49 11 21 31 15 2 33 4 46 37 17 19
75723 38 13 45 24 4 29 6 50 33 15 26 40 35 27 17 11 44 19 1 39 22 2 28 41 21 25 31 20 46 14 37 49 43 47 16 5 10 7 12
76982 39 33 6 19 39 2 41 12 20 25 11 31 43 7 37 40 24 29 42 1 26 17 44 4 46 49 47 13 5 35 22 27 14 21 15 45 16 28 10 50
78513 42 34 13 15 24 14 25 39 41 49 7 17 4 28 19 46 21 29 31 35 1 6 27 33 43 45 11 42 16 20 47 2 5 10 26 50 40 12 23 22 44 37 32
78804 42 7 16 24 5 37 29 13 2 35 41 34 22 17 1 4 27 45 23 33 10 39 26 50 43 11 15 19 32 44 14 20 42 40 12 28 49 31 25 46 47 21 6
79990 42 24 50 27 20 12 40 19 4 42 43 21 2 44 33 23 34 31 1 7 13 15 6 14 47 45 25 11 32 29 41 26 35 5 37 10 39 22 28 17 49 46 16
81991 42 29 49 28 37 6 35 10 42 26 32 33 14 47 11 17 24 20 43 23 1 12 21 41 25 44 50 2 16 15 34 45 13 4 31 40 39 19 22 46 7 27 5
82325 42 4 39 50 21 5 32 27 7 10 28 12 1 47 45 24 40 43 11 13 31 14 6 41 34 19 42 23 49 22 25 20 35 29 15 2 33 46 44 16 17 26 37
82950 44 32 35 3 27 49 11 33 23 15 5 2 50 14 34 9 46 43 40 47 17 12 44 19 37 25 45 21 22 29 31 26 28 6 20 24 39 16 41 13 7 42 4 1 10
84121 47 17 14 1 25 41 29 43 39 9 10 49 37 32 27 31 34 24 30 35 45 46 12 2 33 4 15 3 44 23 18 22 6 50 16 19 21 40 42 11 7 13 20 38 28 47 5 26
84413 48 46 5 16 23 8 29 30 6 34 35 7 15 14 37 24 13 11 26 31 10 18 47 25 28 19 50 12 20 4 43 40 1 41 3 45 9 17 38 22 44 33 21 27 2 39 32 42 49
87697 48 38 24 21 32 40 43 25 35 26 18 31 13 2 23 22 44 20 34 11 3 6 27 30 14 8 39 49 47 1 41 29 15 16 4 46 50 33 5 12 10 37 17 9 28 7 19 45 42
87815 49 13 43 28 10 49 34 22 45 21 37 19 5 46 3 27 32 47 17 44 48 12 26 11 23 24 20 8 30 33 39 15 18 7 25 31 41 2 9 35 6 40 50 38 29 4 14 16 1 42
88806 49 8 44 21 1 30 9 4 32 40 39 10 29 22 37 18 28 42 27 25 2 16 17 19 46 7 3 35 45 49 47 5 20 11 33 12 41 13 50 24 38 23 14 6 26 15 48 34 43 31
90508 49 26 27 40 5 12 6 15 1 17 43 33 21 25 13 32 35 30 24 34 29 48 16 19 11 3 9 20 14 22 8 45 18 23 50 42 49 46 47 44 4 31 37 39 10 38 7 2 28 41
100000 50 7 48 29 32 47 26 45 14 37 4 10 35 1 49 27 28 42 9 40 50 19 30 12 25 8 43 46 2 16 24 21 13 34 11 38 33 36 20 6 15 31 39 22 3 44 18 5 17 41 23
