50 1
2610
261 1 1
5036 1 1
5292 1 1
6642 1 1
6908 1 1
8279 1 1
8697 1 1
9760 1 1
10302 1 1
11316 1 1
13652 1 1
14471 1 1
16001 1 1
17424 1 1
29096 1 1
30690 1 1
32112 1 1
34172 1 1
36028 1 1
42099 1 1
43764 1 1
44869 1 1
47864 1 1
49343 1 1
50358 1 1
52834 1 1
53458 1 1
54252 1 1
55232 1 1
58133 1 1
63044 1 1
63088 1 1
63474 1 1
65238 1 1
68879 1 1
68902 1 1
68903 1 1
72297 1 1
73470 1 1
74410 1 1
74515 1 1
74942 1 1
78557 1 1
78976 1 1
82189 1 1
85682 1 1
87544 1 1
89825 1 1
90500 1 1
100000 1 1
