567 567 25
408 526 22
97 219 64
288 455 82
482 512 97
289 480 91
194 281 55
367 428 89
13 562 100
385 396 47
155 544 84
132 436 31
162 285 78
196 212 77
5 40 61
150 273 21
463 469 82
298 432 18
278 464 22
159 445 81
414 498 55
380 541 17
272 356 35
107 379 67
113 416 93
303 535 38
265 358 2
349 488 24
187 206 9
305 341 98
68 391 45
187 266 76
231 475 61
121 392 13
116 521 50
289 546 39
347 434 88
191 476 96
11 194 52
491 538 6
307 384 23
103 565 4
56 85 81
2 241 95
242 410 20
253 327 1
160 330 81
151 242 39
434 502 41
347 490 90
62 336 67
368 562 65
126 246 53
97 139 89
47 184 67
235 496 95
104 273 23
138 478 45
86 228 72
288 422 15
492 493 45
4 448 27
543 554 83
52 451 93
136 460 39
153 313 36
21 372 10
391 511 97
112 133 79
310 467 44
53 448 19
133 503 45
30 110 12
229 492 39
392 405 85
33 455 83
142 371 44
117 314 90
74 209 72
48 194 19
99 496 26
292 348 42
163 508 91
18 204 55
152 268 94
244 316 13
65 501 28
67 193 81
142 530 86
195 271 63
440 559 90
313 557 4
110 315 7
391 467 55
215 379 46
180 476 24
153 351 38
202 291 73
223 246 97
139 453 85
16 144 32
96 347 84
402 438 36
402 403 32
273 534 42
237 490 38
79 139 26
100 521 86
414 434 8
277 356 52
52 445 23
19 81 42
83 445 98
29 246 61
33 436 76
194 557 77
93 444 66
439 529 28
360 459 38
343 353 71
128 405 89
201 362 6
46 183 4
319 417 74
263 397 38
60 511 91
71 413 75
457 493 41
83 406 40
125 305 51
231 280 100
343 559 12
265 277 18
34 379 5
120 520 63
16 72 16
175 535 65
26 545 68
211 523 29
140 444 52
34 307 92
484 487 17
224 492 94
311 485 1
6 520 4
209 277 13
439 541 30
179 218 93
493 507 81
25 353 6
246 291 99
81 186 78
207 319 63
49 458 37
243 378 66
167 357 18
346 369 77
110 386 87
197 504 48
245 493 53
107 128 35
447 553 100
21 221 28
52 561 39
123 410 15
209 541 53
34 242 72
77 357 85
16 558 76
170 475 15
294 560 62
88 493 59
173 296 85
88 294 19
134 561 85
81 480 67
68 79 84
37 94 37
118 562 5
241 534 34
72 197 17
349 351 76
246 487 99
27 297 41
65 176 23
157 349 49
388 512 100
256 481 70
95 321 68
5 35 48
322 490 25
51 213 12
308 518 16
186 531 37
127 132 27
168 355 47
186 214 82
291 421 76
78 159 9
63 95 4
306 426 43
101 183 88
340 500 39
122 149 93
213 335 50
127 466 82
116 233 91
111 126 94
249 318 35
206 289 63
56 316 85
67 109 40
506 509 46
63 325 73
40 295 83
173 236 9
198 269 21
114 245 22
434 555 10
53 531 23
144 371 56
219 395 89
104 162 7
186 528 38
4 223 94
96 451 34
129 175 9
139 330 38
166 485 10
30 302 30
163 248 34
199 550 64
136 534 14
48 491 22
473 479 36
149 175 99
186 225 38
70 112 52
328 401 28
18 94 32
354 417 34
274 312 11
1 402 99
360 420 59
6 238 22
82 214 44
238 453 60
336 492 61
133 281 93
7 189 34
153 541 14
257 360 67
178 524 5
53 511 65
81 256 88
162 480 16
45 365 89
121 202 56
491 543 3
150 459 15
174 493 29
535 565 59
114 187 20
139 441 39
40 41 39
208 530 34
268 505 91
482 500 65
20 63 79
172 546 24
138 545 18
203 382 93
189 225 14
39 521 25
451 524 79
417 540 85
120 288 49
44 500 47
143 539 99
378 564 54
247 562 26
89 137 42
48 270 22
387 516 3
180 437 79
147 356 20
36 335 44
113 528 65
142 369 80
2 111 6
21 61 11
155 157 30
241 458 62
122 477 100
183 393 92
217 558 68
62 309 6
32 150 38
396 493 19
168 255 38
236 320 25
14 522 6
145 427 72
129 474 97
120 362 12
2 233 14
100 225 19
302 384 12
31 92 44
281 287 52
220 334 74
223 519 55
305 372 31
116 509 77
78 250 84
281 338 10
424 438 89
395 535 98
8 41 49
249 449 66
353 388 85
205 230 12
292 346 50
526 564 3
22 44 19
56 528 80
143 411 61
30 563 78
87 467 27
97 294 2
119 128 41
150 419 73
224 399 61
46 283 82
162 176 22
426 522 99
286 320 30
52 545 45
264 436 78
525 542 54
397 441 27
358 483 82
227 290 73
39 127 67
209 461 76
36 359 46
437 562 28
138 515 13
157 417 30
172 366 81
35 178 36
192 461 53
70 490 30
39 140 50
471 472 21
386 536 88
440 470 96
120 268 61
102 169 35
297 303 17
160 544 47
227 424 89
240 271 44
96 174 29
196 304 80
272 453 2
150 409 34
49 121 49
76 255 62
249 566 81
14 560 76
66 453 44
178 427 78
36 179 45
64 368 20
467 542 86
463 524 42
544 559 22
359 514 29
107 544 12
323 532 68
95 179 84
315 341 75
33 550 67
241 300 2
353 442 40
265 344 4
165 177 40
25 96 94
434 525 41
114 329 5
87 392 29
203 269 24
97 111 77
183 328 72
335 452 53
32 349 83
16 496 8
399 525 68
100 173 70
493 505 61
71 160 57
423 549 6
476 510 78
74 380 80
2 176 74
240 371 22
24 226 2
135 348 11
112 315 31
23 536 58
166 332 92
250 317 54
157 259 90
60 448 73
28 301 50
219 271 20
92 342 56
290 463 97
12 215 83
268 384 10
373 474 76
10 378 59
101 549 12
63 523 70
237 407 26
3 410 84
164 195 70
48 79 45
266 352 90
74 214 17
309 364 71
65 389 10
325 361 36
103 496 46
449 486 66
121 290 86
158 394 88
424 519 35
1 371 80
46 521 46
19 230 6
228 337 75
107 139 40
253 410 61
465 520 81
302 333 55
57 449 10
142 409 93
497 528 13
214 445 66
404 524 72
434 500 50
166 377 7
6 527 37
352 494 7
243 554 47
372 429 65
137 461 63
190 213 5
60 258 14
337 458 97
138 173 49
165 242 13
519 523 2
37 210 63
122 443 15
15 132 54
385 397 52
15 517 12
50 495 97
402 455 9
48 83 60
407 459 27
400 529 33
87 314 83
457 535 37
79 303 29
37 546 91
56 272 18
525 556 58
185 461 44
239 275 38
86 154 8
105 260 55
375 500 47
74 78 50
200 342 1
239 485 22
211 505 60
219 537 88
148 208 91
331 415 4
117 562 42
237 397 41
526 552 40
245 333 99
74 374 54
208 290 50
207 426 27
287 451 76
36 453 31
329 415 85
116 271 89
23 423 78
13 485 89
303 330 17
2 244 25
51 166 73
152 254 35
20 220 59
128 391 54
15 99 68
211 375 21
492 553 43
14 26 76
56 333 96
77 152 28
201 307 73
275 283 36
48 168 70
89 152 91
424 524 52
58 521 31
161 270 2
108 367 1
408 458 6
41 533 82
218 379 52
120 261 76
268 481 30
169 197 93
12 539 39
421 443 81
191 283 10
234 367 21
311 453 96
204 317 68
290 557 33
192 267 12
88 299 73
249 404 79
172 541 59
294 559 73
75 142 13
77 508 84
165 472 10
295 309 52
140 498 21
401 449 40
81 422 31
37 506 85
264 278 22
57 256 79
250 542 75
93 156 52
168 350 3
23 381 52
124 194 44
499 564 43
123 461 42
308 454 97
111 378 21
70 458 99
225 313 41
236 331 26
309 505 89
126 331 48
