50 1000 97
260 785 76
317 494 53
819 989 96
85 879 29
580 922 43
276 363 15
113 303 44
585 811 62
414 876 49
251 607 85
329 680 90
22 274 2
775 782 51
468 567 35
243 635 94
573 860 27
550 603 55
818 939 24
773 893 65
459 568 35
127 880 70
97 731 16
339 868 98
176 177 43
518 900 72
224 390 42
323 574 70
340 667 83
647 714 16
59 411 81
680 720 64
664 968 25
85 892 84
665 763 17
58 156 28
485 962 53
426 962 50
49 614 68
746 854 33
214 346 37
200 806 15
504 931 98
857 976 59
344 474 90
118 744 91
464 521 56
45 304 23
423 634 84
36 513 71
331 470 62
