200 1000 27
583 861 81
214 715 26
241 741 73
476 818 42
209 583 5
293 587 76
510 836 50
6 132 44
90 155 48
642 819 3
580 632 16
355 489 30
228 740 41
15 520 19
476 799 11
178 978 90
14 451 63
9 240 21
336 589 1
519 829 47
186 932 8
229 674 8
330 621 54
543 946 59
546 858 99
672 686 90
11 78 73
386 677 2
244 571 11
126 157 74
129 971 27
108 959 97
491 825 65
562 789 92
728 904 88
724 971 42
84 720 34
81 257 69
482 746 99
351 751 66
65 380 89
430 601 85
349 834 12
134 219 56
329 563 63
38 554 34
928 945 68
479 761 39
271 399 46
260 376 41
144 466 84
76 188 22
46 172 50
198 678 81
946 971 5
56 419 87
3 937 87
344 894 82
82 451 6
282 587 38
97 483 93
107 204 2
566 654 26
510 808 57
123 776 21
247 821 97
25 820 54
704 939 58
671 753 88
118 898 16
142 325 33
508 630 79
84 434 25
344 586 38
542 845 99
118 152 60
182 568 59
606 880 64
559 685 49
700 880 83
64 669 70
641 790 19
235 259 3
217 350 91
845 907 18
548 974 100
779 826 99
350 750 46
331 537 68
24 388 28
661 752 60
94 477 63
440 492 81
462 509 3
788 992 56
3 469 98
196 665 98
195 813 89
371 906 49
50 936 68
604 818 52
300 383 49
336 586 89
853 959 88
660 808 96
712 804 83
192 864 15
140 236 14
609 863 39
313 749 76
41 875 19
489 547 30
44 447 26
199 948 69
558 860 49
215 718 87
850 923 52
559 730 79
92 853 34
174 808 19
35 83 34
242 301 41
231 382 94
926 964 47
752 899 63
452 554 84
707 712 64
297 385 46
189 633 70
123 339 99
561 624 25
324 602 42
263 649 91
555 836 33
712 898 13
357 694 34
512 672 99
505 689 69
507 779 26
31 658 39
82 556 26
461 891 48
444 517 61
738 988 4
61 752 60
229 912 9
12 60 40
218 775 46
182 900 95
550 560 72
575 952 26
582 787 33
315 554 97
434 835 60
432 450 58
156 728 63
258 437 85
762 988 5
121 313 32
162 606 95
501 526 19
164 792 22
374 626 22
573 679 26
735 915 32
788 855 31
1 278 35
30 846 1
33 451 17
97 248 45
346 843 35
26 851 62
11 726 18
705 828 29
377 632 19
157 505 49
581 595 92
6 830 87
713 933 97
189 841 27
194 506 90
354 727 35
352 473 55
173 845 58
24 78 69
206 521 96
365 553 23
74 707 19
264 506 71
776 802 76
121 592 44
440 872 2
624 923 19
191 745 54
119 739 92
600 726 46
200 344 92
511 826 10
150 253 72
240 815 54
