1000 1000 22
617 961 100
410 497 29
478 902 18
544 882 70
2 493 45
5 54 50
147 366 20
52 181 68
9 557 53
62 577 93
534 581 62
555 902 1
132 424 2
119 897 44
786 873 51
196 475 45
500 655 41
392 995 54
553 771 29
566 843 71
33 613 20
299 537 3
34 539 67
622 712 25
493 834 48
81 269 85
472 655 72
343 532 63
242 717 19
847 921 36
85 612 98
148 653 70
574 953 22
506 567 69
14 15 59
825 827 62
22 862 11
213 384 95
301 317 73
829 887 46
215 611 71
617 653 51
379 946 78
714 805 100
397 889 68
355 625 75
280 600 86
526 993 60
834 979 91
397 991 35
145 273 26
289 716 99
171 921 77
190 954 32
721 750 22
340 379 69
221 316 18
501 839 3
220 835 30
985 993 70
632 981 58
190 299 42
369 760 50
740 810 43
358 608 56
77 804 59
692 821 4
26 164 95
887 930 16
268 553 41
802 996 100
629 800 19
445 940 22
208 924 78
107 841 11
421 653 9
318 438 18
810 999 19
143 600 37
720 918 97
185 502 94
234 386 2
609 781 64
541 866 7
12 712 55
131 321 73
127 444 13
581 783 6
106 425 70
617 827 66
236 720 79
10 572 44
450 546 58
138 971 83
236 936 46
689 916 38
754 959 95
790 994 47
466 908 71
527 575 75
530 777 5
450 923 53
18 889 7
67 81 3
140 249 17
24 815 37
203 938 65
30 638 76
459 869 45
139 246 39
511 997 12
221 550 55
177 349 1
440 659 44
418 984 96
217 517 4
385 780 38
355 658 47
774 783 4
23 293 94
255 321 54
64 103 94
645 813 21
24 833 52
115 993 24
566 729 62
936 997 10
482 774 16
825 958 74
402 437 81
210 822 57
421 699 87
762 888 16
10 420 77
909 993 39
306 739 36
204 623 6
338 946 86
788 852 30
236 523 47
585 776 33
421 724 74
297 316 95
209 612 33
468 706 30
288 813 80
266 723 18
430 487 79
15 318 68
740 765 33
949 996 43
641 908 30
47 595 28
131 631 86
150 518 34
188 811 33
97 638 98
699 773 96
49 844 4
455 924 92
776 841 89
240 736 33
412 556 100
122 760 90
322 691 22
478 591 8
288 496 54
610 747 38
544 906 35
344 822 100
283 516 100
55 870 81
149 860 73
544 643 89
317 892 68
8 141 25
102 601 43
619 850 93
318 917 87
605 736 98
666 817 79
695 934 20
274 985 9
396 598 24
15 127 7
390 785 1
234 459 85
50 246 23
131 936 67
38 842 90
365 586 47
708 941 37
407 615 87
460 555 74
356 874 46
540 996 15
125 176 74
858 912 28
798 805 45
124 601 43
317 689 28
730 955 29
829 858 32
599 766 6
390 412 23
357 794 29
739 748 56
266 731 4
249 382 54
225 914 57
472 803 27
15 367 37
18 601 12
137 946 41
252 561 88
763 805 18
116 341 99
374 511 40
583 995 16
641 829 25
100 329 50
316 335 5
111 715 58
750 894 15
587 982 95
477 769 63
750 817 66
189 915 98
456 793 46
262 839 73
269 587 48
243 983 12
291 504 66
18 136 91
431 603 27
291 513 28
670 962 56
548 619 21
606 890 68
291 829 65
784 962 80
44 681 93
128 728 86
323 556 90
107 830 55
288 366 51
904 990 43
146 990 1
347 576 72
8 819 75
310 521 49
28 599 80
107 800 2
436 889 46
14 623 51
279 809 72
85 878 74
719 993 71
6 269 54
443 783 42
258 669 85
135 669 34
64 184 19
873 876 5
591 852 71
173 886 86
120 642 12
653 735 33
281 906 99
382 617 81
370 944 35
498 692 33
342 855 95
94 411 4
614 992 25
110 654 100
128 380 32
374 458 26
295 654 43
134 974 18
102 793 87
239 435 55
104 448 23
52 917 97
800 989 43
44 797 53
44 62 87
583 884 70
435 937 89
405 827 28
716 891 24
184 313 16
21 92 71
7 348 63
101 679 61
166 961 93
240 757 63
289 658 3
388 995 84
501 525 70
190 680 47
608 719 48
52 755 60
170 696 35
211 524 99
438 922 66
69 757 72
130 192 27
335 904 98
625 772 87
312 590 70
196 541 46
626 912 67
223 957 87
198 941 10
376 672 1
622 830 25
319 345 2
663 843 81
233 283 99
704 757 23
756 799 73
337 945 80
262 646 94
434 883 90
90 273 22
897 951 71
503 687 78
294 805 67
466 727 15
146 335 3
41 174 26
306 744 98
130 442 83
630 893 93
139 889 73
528 819 27
386 523 36
466 552 67
19 554 57
4 176 4
881 976 11
496 606 10
916 1000 17
267 594 8
404 850 57
654 881 94
750 910 21
864 893 67
58 734 18
351 787 90
538 766 99
196 359 93
369 954 8
19 191 22
48 690 1
321 841 65
77 345 56
678 719 39
99 358 74
133 539 43
654 769 55
495 611 4
191 808 70
66 131 58
159 427 25
765 930 91
54 81 55
195 285 55
554 796 95
537 714 97
382 453 3
564 908 92
372 760 43
23 658 19
534 673 79
341 629 65
387 583 25
290 848 30
125 604 27
796 805 5
84 98 74
386 522 22
716 755 41
846 984 4
677 945 84
230 893 75
356 460 88
419 757 31
193 312 44
477 936 73
391 972 41
656 708 89
192 628 100
354 901 93
574 932 74
109 896 76
622 942 74
78 84 90
111 429 89
229 652 96
174 992 12
277 755 85
669 767 78
70 251 29
641 831 71
33 794 90
190 196 48
890 947 83
216 412 15
561 936 55
89 756 77
146 933 37
624 915 5
744 910 59
381 829 50
188 528 45
657 776 74
162 497 92
136 824 12
757 854 49
503 704 66
112 937 21
326 387 7
269 639 27
72 937 11
848 961 10
652 933 22
132 495 2
482 661 99
119 123 20
497 511 56
526 875 36
674 951 36
313 768 27
116 653 29
628 939 37
200 443 53
241 537 1
135 678 93
550 745 69
876 966 75
549 741 72
314 478 71
98 675 76
665 796 93
471 911 74
384 639 52
8 963 93
36 874 21
411 990 99
547 786 22
39 572 58
535 612 85
41 745 39
282 321 41
227 739 18
655 722 57
621 803 55
31 193 24
512 665 29
107 591 50
234 452 11
558 890 37
68 100 55
476 895 65
349 585 62
276 437 1
43 246 77
360 722 15
328 800 35
714 855 54
412 609 45
42 558 59
223 225 30
108 605 94
588 601 17
84 738 61
436 549 24
10 535 26
2 799 12
294 640 4
455 899 53
742 848 92
176 242 87
857 884 99
242 973 55
322 565 89
318 572 34
539 596 91
235 721 48
451 562 21
393 689 51
95 331 61
67 92 74
555 597 7
55 76 57
743 840 58
409 921 37
239 835 82
95 735 100
441 954 2
268 959 40
42 245 48
301 840 75
63 270 16
489 937 65
574 580 12
246 721 21
419 893 2
475 980 64
325 658 93
188 273 3
269 279 53
18 435 13
358 679 49
847 936 17
610 659 2
147 724 75
698 945 33
721 966 38
593 616 36
444 813 98
504 805 59
777 841 21
209 252 81
190 955 87
81 359 68
429 453 60
854 952 98
922 1000 15
21 450 74
470 949 17
863 948 17
32 70 59
77 684 82
241 399 75
574 986 5
98 822 54
287 999 100
393 479 42
709 813 86
40 457 99
512 640 28
888 894 86
932 945 29
749 975 22
725 943 83
208 352 84
589 878 36
288 413 58
52 527 87
817 869 56
136 637 7
680 999 23
248 751 62
420 743 31
37 955 63
129 380 70
595 702 18
85 527 48
401 645 92
413 935 82
81 140 85
211 824 76
132 610 98
211 388 38
676 699 24
318 706 32
542 683 39
379 740 35
500 501 98
197 779 90
655 843 48
220 824 59
101 925 50
121 764 4
21 213 89
211 394 62
115 696 83
97 265 70
124 398 34
434 759 96
382 799 94
701 863 13
496 596 96
221 744 21
789 905 94
117 135 67
129 390 34
237 590 73
563 796 14
171 513 94
572 984 40
753 791 5
484 852 78
217 380 91
899 919 77
273 826 71
468 751 98
173 354 30
584 980 46
44 876 18
720 737 65
453 801 49
184 616 68
357 854 56
243 394 55
516 618 13
70 891 11
338 928 39
895 974 49
331 515 86
425 527 81
240 837 17
150 537 58
92 621 60
815 838 82
271 578 10
155 625 23
401 805 97
530 872 63
172 672 85
212 439 67
315 839 24
164 714 68
36 836 51
274 867 17
273 607 56
3 643 39
300 550 65
644 958 74
148 185 55
668 994 34
118 531 85
705 787 6
563 644 23
22 804 89
223 965 68
293 841 27
655 901 46
172 473 52
152 814 70
228 859 36
185 214 71
15 424 6
440 646 70
652 900 95
273 651 67
484 799 52
6 907 58
641 834 41
565 878 86
195 575 83
308 333 28
420 729 38
490 730 25
286 933 43
315 692 9
265 455 19
372 557 69
156 432 42
126 553 38
537 666 33
108 827 51
476 883 95
914 997 3
39 857 82
344 380 59
87 634 90
534 621 63
712 864 66
631 661 9
888 929 28
586 972 49
534 609 87
676 818 26
742 875 24
273 864 4
719 815 21
267 615 86
324 962 72
10 271 30
317 628 97
270 876 97
210 420 12
679 882 96
164 698 33
300 856 19
71 692 73
332 751 29
562 926 18
539 853 37
332 992 57
169 237 45
23 260 84
396 556 86
206 592 76
377 546 37
494 664 3
747 802 4
221 802 51
643 695 68
703 746 4
314 515 27
18 120 63
520 993 44
689 984 68
227 613 57
761 923 92
38 602 61
188 396 79
814 913 81
200 607 79
184 962 14
587 794 12
663 757 61
498 913 8
505 618 100
586 606 25
462 584 76
398 914 56
52 641 63
603 978 62
82 366 5
851 971 30
574 586 100
490 981 29
371 874 8
110 382 47
55 207 79
311 482 16
519 525 24
346 660 93
498 518 80
158 191 44
615 849 98
60 833 21
518 919 18
132 926 90
499 997 85
162 978 28
78 919 69
324 504 72
261 868 49
645 797 21
343 831 96
448 900 27
84 917 66
277 610 50
509 851 35
684 867 41
270 645 33
220 886 51
280 485 49
295 862 1
688 801 44
194 801 54
213 241 66
236 926 55
45 266 68
322 454 27
94 755 72
147 929 57
333 444 34
525 891 17
155 167 91
484 578 6
270 289 37
569 1000 47
212 234 15
72 805 92
341 938 81
773 970 11
270 373 27
153 811 33
724 942 34
77 824 48
74 557 79
204 935 33
149 955 58
705 741 96
19 690 75
137 876 5
29 132 39
383 699 64
203 627 50
39 65 10
71 560 49
271 654 73
650 870 36
476 544 49
77 504 39
153 268 74
63 512 8
20 796 36
284 485 63
563 770 41
158 325 97
583 953 46
181 493 23
667 918 74
433 766 22
355 926 57
248 704 54
196 758 39
280 489 43
279 723 72
136 209 55
302 918 41
342 444 10
180 975 83
255 675 79
11 354 96
778 956 33
220 557 68
673 810 55
476 750 6
249 668 57
464 618 9
589 720 57
27 158 93
315 379 61
214 350 72
400 910 45
301 655 25
457 798 5
310 696 63
205 638 66
191 979 15
568 619 23
708 922 27
302 782 13
321 890 77
84 506 59
130 997 30
10 365 75
251 797 90
198 676 30
268 950 26
332 645 14
209 870 77
144 216 47
362 490 83
159 948 80
471 939 64
68 117 68
36 328 64
472 599 53
284 493 47
512 683 43
148 235 73
332 435 53
274 313 39
130 927 8
520 948 56
144 728 43
44 266 60
226 241 50
199 537 41
520 640 6
67 986 49
258 512 20
288 569 58
526 805 55
592 602 33
227 393 66
509 540 92
83 911 12
38 800 62
763 958 64
413 778 100
705 771 9
524 669 89
76 982 74
131 377 72
75 380 6
615 965 92
172 938 17
529 956 17
418 987 45
390 910 5
312 518 20
472 798 4
373 573 43
649 993 78
595 874 83
768 896 73
215 398 50
370 572 74
190 587 31
45 269 64
184 435 33
14 718 42
453 923 67
642 688 70
466 874 41
245 537 94
649 974 31
221 951 66
457 464 10
654 713 67
412 662 34
199 496 20
916 949 34
139 544 40
244 941 69
762 983 62
204 353 31
8 560 56
783 817 49
598 885 91
115 264 12
68 121 47
640 950 46
82 849 77
494 723 81
1 984 71
810 815 13
217 462 67
314 926 15
120 588 5
19 727 33
450 475 4
216 905 13
109 999 44
606 803 21
227 704 85
21 938 40
409 774 38
47 653 89
38 108 88
622 644 10
140 983 69
130 316 48
1 292 69
432 794 66
189 366 61
116 791 49
608 718 71
50 240 19
248 693 85
686 904 54
551 837 28
598 700 3
332 396 22
755 876 29
240 474 13
567 631 19
178 691 35
104 529 58
491 995 23
89 257 96
406 574 60
94 820 14
120 287 2
12 275 44
232 903 63
189 749 66
292 674 72
35 84 95
60 601 37
782 815 56
170 274 81
105 383 16
334 636 36
671 828 22
327 928 21
145 817 73
154 803 58
305 427 53
303 333 35
652 936 47
57 904 46
117 567 62
452 872 38
113 879 85
63 935 32
277 543 92
581 806 36
774 902 89
602 623 67
255 269 74
26 147 35
466 771 77
280 450 60
352 713 41
233 816 85
128 976 74
83 785 65
844 935 36
138 986 32
341 672 3
110 220 51
605 643 9
54 88 13
163 505 57
702 935 23
125 565 6
156 509 4
