1000 1000 94
191 539 38
557 960 38
604 749 35
455 733 7
694 834 100
434 938 48
179 226 93
419 655 68
675 845 23
112 396 29
657 937 5
556 759 64
286 776 59
616 953 40
159 938 35
843 906 15
470 732 13
355 770 96
48 699 41
422 927 36
441 988 64
321 462 13
233 926 94
682 956 48
47 411 86
592 928 67
399 833 32
448 787 40
349 838 39
608 842 15
354 815 38
85 699 50
338 551 23
154 630 4
258 710 97
383 736 10
446 762 88
486 759 58
360 621 25
43 427 31
144 666 84
539 744 24
442 572 79
618 924 28
120 206 16
59 492 13
429 464 25
407 418 89
196 440 48
270 723 33
282 569 28
36 823 7
254 587 52
167 266 52
603 606 13
121 324 60
797 849 56
472 613 97
170 374 64
686 743 14
487 751 67
298 770 66
263 806 43
258 460 57
171 461 31
744 819 34
322 887 57
156 837 24
373 709 90
377 592 28
908 935 67
28 93 12
513 683 82
296 439 83
40 981 49
436 495 98
436 960 31
218 736 89
666 1000 90
24 734 73
216 773 37
87 940 2
289 390 50
108 319 34
235 923 4
45 876 22
490 723 97
447 996 58
109 644 56
129 718 42
247 760 62
55 385 25
154 581 28
860 889 93
30 162 17
586 923 27
677 835 9
143 728 2
371 901 68
528 756 60
357 753 10
692 906 34
409 831 28
623 984 81
332 833 8
597 922 92
282 343 17
289 295 34
569 672 34
755 849 76
457 534 57
226 827 96
51 757 85
414 941 28
124 303 33
324 450 96
627 853 52
292 423 58
100 432 16
19 581 27
410 859 40
747 909 2
68 218 31
751 936 30
332 715 33
308 384 55
79 421 37
9 755 1
668 682 80
320 904 18
381 979 9
430 873 83
846 885 37
680 771 60
838 953 35
428 824 61
253 292 40
253 775 16
275 538 85
724 764 83
367 626 82
91 453 40
86 388 95
828 897 82
121 845 13
55 97 47
103 234 80
378 899 37
494 683 81
702 883 89
241 655 12
6 777 29
282 542 2
482 550 32
159 814 46
744 964 21
203 950 67
20 182 65
615 920 88
179 285 29
67 514 41
385 935 71
3 64 39
320 344 32
104 908 67
145 596 75
395 537 86
635 829 89
405 565 13
235 282 44
512 778 73
215 601 17
370 949 49
363 884 77
58 441 62
553 877 95
16 657 43
402 819 6
162 555 95
108 741 10
307 359 56
307 646 47
733 964 32
36 768 37
710 854 70
621 762 56
203 209 31
359 925 69
51 901 51
279 786 58
388 577 27
215 962 54
407 620 57
234 314 4
579 767 52
93 542 35
755 855 31
561 574 61
56 435 23
706 856 57
731 837 81
928 967 26
127 216 76
47 446 45
79 92 42
695 760 50
596 905 11
429 629 100
199 367 90
686 799 79
106 734 6
463 699 46
265 840 85
422 634 45
730 941 8
196 637 82
307 929 3
776 804 64
107 582 55
430 795 92
872 957 36
396 498 76
644 884 96
191 774 10
598 776 24
274 743 98
386 407 59
91 526 77
342 382 33
130 577 100
213 319 23
143 330 4
446 766 83
127 572 92
238 952 91
390 857 63
17 711 63
43 735 4
425 847 1
240 504 13
843 860 81
360 644 40
669 874 90
173 550 42
169 746 27
460 674 75
408 986 8
260 522 89
709 711 1
442 885 87
722 972 45
141 417 52
463 552 100
764 791 3
455 676 84
169 317 43
6 634 49
703 885 70
54 438 54
485 986 49
163 959 61
355 474 25
403 485 10
478 597 69
368 393 14
283 623 79
14 573 15
112 984 23
673 989 83
879 979 74
889 927 16
416 819 14
48 457 42
755 825 16
621 938 87
461 807 98
770 989 9
7 741 80
131 458 23
126 903 38
63 648 63
210 674 52
379 797 95
174 921 59
108 490 71
216 922 25
529 567 73
121 997 30
17 363 68
749 931 94
449 635 40
549 828 20
163 253 76
132 824 16
332 348 49
117 426 68
701 707 32
588 886 19
199 719 86
665 720 64
324 691 79
342 767 58
461 880 96
169 447 68
652 682 82
46 456 53
246 992 91
159 380 50
177 293 76
774 856 19
147 745 47
165 493 29
60 108 99
54 153 13
347 916 35
438 718 75
668 734 33
223 451 26
86 771 92
382 952 1
322 850 23
720 761 86
4 107 62
281 282 60
127 665 100
540 664 53
775 779 35
5 600 18
570 903 85
157 378 86
607 975 70
126 468 29
429 806 53
188 679 43
778 781 69
208 572 81
54 59 49
183 361 94
64 101 72
699 957 45
591 724 85
53 916 17
348 828 36
155 242 51
940 986 75
765 914 18
44 265 42
331 486 86
128 340 12
387 535 26
58 555 75
271 309 1
669 934 69
125 245 84
135 454 21
143 599 12
885 895 88
160 655 76
103 609 79
225 700 50
367 891 35
793 946 20
777 872 87
68 625 61
374 492 54
117 302 100
59 663 88
85 436 56
195 856 71
489 833 70
138 148 57
598 887 76
189 978 41
200 916 31
239 697 31
415 943 1
59 529 99
407 949 98
439 911 23
809 825 52
3 234 14
379 796 22
500 650 59
454 980 74
201 601 61
250 635 84
52 127 2
603 698 33
2 34 64
334 485 60
696 975 74
223 431 55
538 583 18
282 488 95
104 373 62
544 945 85
349 580 83
775 833 41
381 536 58
703 916 11
604 646 11
1 4 95
40 565 42
162 339 9
445 711 88
194 603 54
7 580 16
33 559 34
487 951 80
747 808 89
326 374 82
38 462 26
399 463 58
559 801 31
364 544 34
30 171 35
255 797 11
218 870 100
364 496 17
41 517 99
29 75 71
2 583 63
116 676 73
499 800 94
80 244 47
1 457 60
737 797 17
332 417 66
165 559 3
163 321 9
263 926 72
394 578 18
762 810 45
76 868 49
568 914 42
236 884 40
349 679 86
573 829 34
83 202 62
798 926 46
372 855 44
500 692 9
114 797 24
248 816 71
284 696 11
448 478 72
37 773 92
332 715 51
192 748 60
830 858 15
272 394 100
35 762 11
145 228 81
520 676 9
373 668 84
458 646 70
288 578 56
363 927 11
664 821 34
310 366 3
288 326 56
450 920 68
99 200 22
551 808 94
823 982 8
112 409 80
286 410 55
29 443 25
148 489 73
129 912 54
403 738 46
532 767 92
431 746 47
231 974 76
23 919 24
773 835 99
528 579 91
65 101 76
89 481 58
98 889 72
245 759 59
570 628 38
462 828 66
100 450 31
440 666 67
252 444 41
622 949 74
75 665 10
311 384 87
686 899 60
544 962 42
824 846 16
408 470 60
501 570 91
382 452 55
178 486 82
599 846 75
40 731 76
301 316 59
540 639 90
428 880 4
394 917 22
472 510 46
25 634 61
587 648 73
302 441 62
20 1000 52
115 236 36
428 585 7
656 894 84
334 573 1
94 527 21
10 412 100
134 499 63
464 801 69
693 884 100
223 850 15
723 827 73
287 361 42
20 538 73
268 644 62
63 768 38
96 251 72
91 249 98
178 342 16
235 820 26
224 696 80
210 623 85
271 474 56
17 364 93
240 854 30
161 322 85
423 674 87
393 932 85
850 989 29
726 733 82
36 746 53
402 813 5
129 378 88
58 923 27
158 248 50
91 431 4
642 730 4
4 539 59
176 871 39
15 411 10
115 136 78
818 956 77
736 980 92
14 1000 19
239 716 63
577 950 59
315 449 47
199 563 30
1 710 18
84 843 9
572 669 37
436 816 53
153 905 69
287 530 18
157 688 32
40 709 97
349 579 13
716 791 31
392 744 61
50 913 85
232 507 52
374 771 40
225 533 94
89 931 68
48 218 95
420 927 5
640 769 88
290 661 34
111 622 67
625 674 56
19 384 21
433 728 40
529 762 85
784 889 71
608 962 29
134 620 29
36 589 97
94 478 73
511 977 63
265 616 32
99 777 68
91 429 89
534 894 16
236 673 49
939 973 94
688 1000 96
279 753 36
188 524 9
102 834 29
645 911 90
699 738 51
405 532 38
163 656 82
189 996 3
451 799 72
305 800 80
875 973 76
338 407 72
168 682 27
329 970 5
758 957 22
451 559 89
458 968 16
409 722 6
161 278 22
456 817 6
428 695 58
144 816 6
116 549 53
330 824 28
18 891 56
114 614 40
212 976 2
50 292 74
149 898 82
683 741 99
434 513 42
408 916 86
399 679 51
225 673 42
361 768 74
278 534 28
780 963 96
264 894 85
392 723 76
453 676 20
99 478 41
250 300 14
524 693 87
392 640 36
537 607 22
408 653 96
1 904 61
70 401 53
116 738 4
97 852 39
57 706 32
134 598 92
329 770 37
53 222 61
237 407 44
549 776 5
767 828 39
475 597 21
73 762 9
444 756 28
889 994 63
171 332 18
86 402 21
194 326 65
289 918 80
745 994 70
629 779 92
253 878 11
34 507 55
400 849 74
112 704 92
344 518 58
542 975 32
257 878 29
317 883 86
315 849 98
124 872 46
132 586 38
71 523 84
337 701 95
119 717 32
473 563 94
10 610 69
335 727 4
95 209 73
633 798 5
470 967 76
275 389 68
109 173 43
66 189 99
203 755 51
149 857 94
129 748 4
26 935 60
233 303 21
650 979 57
112 162 83
55 981 94
505 568 47
440 498 13
235 529 33
264 435 11
283 665 18
253 721 4
44 450 43
905 975 73
277 394 43
116 292 70
159 510 63
244 555 26
562 929 98
685 993 94
481 702 3
668 752 10
271 860 21
594 635 49
423 608 98
600 620 43
364 447 91
75 966 58
560 936 69
210 930 70
55 107 75
146 279 100
775 846 4
534 570 21
231 700 42
262 366 47
247 580 65
19 219 59
635 995 31
222 284 8
91 270 86
8 799 40
551 560 38
44 226 99
773 807 61
551 758 95
297 570 82
639 919 43
578 731 80
351 516 41
442 563 73
671 915 90
31 463 15
131 424 90
480 689 45
185 577 29
424 808 25
654 937 38
247 983 3
628 848 4
453 1000 100
624 829 3
447 750 4
515 858 77
256 543 13
347 492 25
349 504 86
60 773 39
736 868 10
54 808 18
489 524 43
397 891 12
387 473 7
616 882 17
133 586 29
114 134 13
170 456 12
239 998 14
122 631 90
630 861 21
144 585 88
629 901 90
579 970 95
600 887 21
139 705 99
465 877 12
185 514 58
53 944 22
254 863 63
6 257 3
518 887 36
560 817 2
168 896 19
303 535 7
501 991 54
216 744 18
664 843 64
236 598 79
305 368 39
58 193 22
44 746 84
8 222 12
438 867 93
70 579 74
118 210 51
50 653 69
189 420 14
361 956 63
341 400 75
310 912 50
213 391 85
196 387 18
175 943 3
529 972 79
440 585 62
123 277 16
38 477 72
414 571 2
286 595 12
306 674 62
331 677 52
325 975 48
544 969 65
719 953 6
110 829 75
797 893 60
432 444 89
125 240 82
712 883 49
122 874 5
213 412 74
598 933 67
566 962 26
459 717 83
397 964 12
37 763 63
849 857 87
195 904 69
545 843 24
353 889 74
408 494 89
731 743 52
30 89 20
415 473 59
763 862 88
536 856 16
495 949 92
348 798 71
307 492 21
91 259 42
706 887 58
39 608 75
846 960 54
442 796 92
123 703 82
203 512 44
363 374 51
238 925 88
403 560 8
1 281 99
204 806 46
30 681 36
53 868 2
287 520 20
294 518 14
422 778 5
214 783 37
104 983 13
305 595 76
235 320 43
50 614 94
160 506 52
279 491 75
30 562 1
341 899 47
258 269 62
639 676 68
529 798 73
907 962 55
390 948 7
239 963 18
428 780 9
319 937 51
619 836 2
600 739 69
114 426 74
72 668 22
321 349 40
732 742 72
516 556 20
179 625 58
264 785 59
88 796 40
42 733 97
78 659 96
176 932 79
79 291 51
377 774 3
161 318 17
476 973 82
327 715 5
293 456 89
230 547 39
321 405 97
56 523 88
95 212 78
573 971 68
478 767 86
206 873 76
94 819 40
154 304 15
354 498 51
177 407 37
255 513 57
913 939 22
330 743 62
547 949 74
295 851 34
392 736 58
200 261 26
398 646 28
20 149 75
530 589 40
206 452 12
619 626 44
465 994 64
683 732 4
215 442 59
4 484 72
124 990 25
734 798 32
373 754 7
487 564 69
135 449 4
174 751 90
446 753 78
517 877 74
573 746 98
359 586 81
458 808 14
191 613 38
468 648 60
77 505 55
565 812 17
851 947 35
246 435 84
632 759 96
113 285 42
243 648 46
125 137 69
92 700 67
220 937 8
559 984 23
97 410 80
196 222 21
657 706 54
29 488 87
871 958 41
327 898 86
547 716 81
219 448 68
103 702 55
236 606 59
517 730 78
154 850 66
204 429 90
3 647 46
430 827 95
39 755 19
166 572 11
640 875 26
284 506 91
124 500 87
507 752 54
556 756 28
28 436 24
271 307 59
241 687 62
607 710 16
865 961 40
113 378 93
511 827 86
121 834 15
338 634 32
576 583 35
603 880 11
718 948 86
575 883 20
13 990 28
364 570 37
378 469 36
33 774 37
396 497 92
285 706 69
295 441 29
867 899 56
403 435 38
236 291 56
65 446 5
114 977 53
255 522 24
94 517 26
87 470 87
882 895 10
361 946 37
170 307 23
366 627 42
486 883 24
200 662 51
97 394 98
382 841 66
503 640 82
185 719 97
393 594 38
30 631 69
604 818 18
