1000 1000 92
96 472 87
599 955 61
110 218 74
516 863 23
561 761 90
321 346 86
288 490 84
179 378 96
424 581 67
353 922 57
505 828 66
63 627 95
134 474 42
696 948 36
396 814 43
56 367 5
233 763 76
357 917 76
806 818 75
38 816 12
396 938 79
62 439 62
379 903 9
114 505 25
315 462 49
283 294 12
266 272 93
209 555 84
282 496 79
147 282 94
151 171 58
474 623 45
504 941 46
32 769 45
93 615 65
506 670 16
582 640 9
348 631 8
629 632 38
83 623 87
591 909 60
625 819 74
176 610 6
638 917 36
722 915 95
645 938 83
251 779 70
308 844 76
205 477 47
168 327 79
259 306 87
143 351 28
25 879 11
121 187 41
123 831 67
195 290 55
155 746 36
898 995 91
173 678 27
87 634 26
512 637 79
659 795 21
98 812 62
256 766 64
843 849 53
84 215 65
69 249 6
296 384 18
403 622 17
87 918 95
123 908 70
172 303 16
376 848 89
566 614 67
189 870 2
145 230 58
98 243 70
46 339 84
306 867 71
377 748 30
188 203 31
557 575 13
458 569 77
491 527 11
73 732 57
911 945 78
75 853 67
400 943 66
32 975 6
215 988 30
135 370 93
76 962 20
203 487 72
105 894 88
434 635 8
156 162 53
400 511 32
643 684 59
623 967 57
346 802 47
395 938 68
422 732 82
156 592 49
72 989 21
530 845 74
38 846 27
237 530 44
63 207 99
482 879 33
227 637 10
608 720 34
338 812 20
110 896 38
618 850 43
125 608 80
415 661 66
39 946 100
459 868 5
368 954 83
756 765 18
264 441 71
45 389 30
679 823 6
820 893 79
248 610 19
128 691 57
47 90 51
44 609 42
972 991 80
181 781 54
602 842 38
564 575 5
661 835 6
163 546 97
117 308 38
24 62 82
110 257 50
621 801 24
340 496 51
386 823 70
542 642 41
145 1000 92
405 474 61
1 507 80
67 398 50
398 715 99
793 859 81
527 795 64
526 637 37
292 967 76
77 212 73
224 811 76
467 767 8
610 872 3
267 723 1
534 769 20
620 859 41
57 574 75
74 683 7
483 916 72
361 757 13
588 614 100
278 595 69
474 674 7
215 869 70
408 488 76
206 908 90
122 893 5
293 356 41
854 918 15
225 671 13
659 895 11
327 377 45
533 616 42
106 915 39
793 834 69
514 784 17
22 301 84
12 430 8
383 913 47
15 960 63
272 572 79
145 521 43
29 363 97
306 360 82
566 738 70
83 708 89
33 524 94
110 676 32
66 559 36
185 201 33
489 782 25
208 320 56
182 770 59
61 108 34
75 205 72
75 352 27
31 491 78
153 221 37
288 626 74
131 877 14
95 536 97
379 834 73
559 777 94
336 955 95
361 363 81
12 73 3
675 961 17
267 301 71
174 967 5
766 833 7
356 984 12
439 898 73
670 941 48
418 760 26
175 239 39
222 304 3
613 984 38
141 485 52
551 793 54
666 922 89
597 725 41
391 718 32
111 137 62
161 726 95
5 936 90
23 994 13
949 955 72
797 823 58
721 921 74
35 615 59
162 322 97
68 725 38
503 867 93
314 559 99
222 826 44
300 952 19
476 813 95
26 356 4
327 446 68
266 322 4
365 722 33
692 723 2
108 610 63
474 476 96
470 924 54
480 648 80
261 923 64
482 922 43
827 856 71
537 782 68
145 681 32
806 866 77
373 917 79
51 998 80
755 772 97
904 937 49
699 802 81
233 782 94
213 258 72
402 450 3
92 719 35
262 624 65
7 891 8
394 709 37
144 472 52
197 790 100
321 646 85
465 539 27
750 932 97
406 455 77
250 911 24
77 504 47
380 416 87
107 587 10
562 676 17
328 785 14
444 594 85
96 705 27
641 960 76
522 633 2
73 90 64
90 263 77
631 845 32
187 803 8
280 510 34
168 345 87
483 843 5
774 857 8
44 168 36
313 623 42
61 686 91
143 899 50
122 528 31
317 797 65
848 943 87
706 913 57
458 961 2
67 150 55
16 483 24
459 903 79
237 283 5
195 241 34
192 987 36
209 771 14
649 953 80
130 923 64
409 585 70
49 980 1
62 830 72
147 623 79
648 959 21
261 730 44
8 313 42
114 514 83
6 187 90
439 784 74
525 922 98
293 864 22
351 695 96
61 101 77
388 828 38
338 560 49
655 865 54
216 302 74
122 304 34
302 828 85
157 681 62
234 820 44
225 708 76
724 796 34
52 326 55
730 797 39
436 828 88
251 455 87
8 846 73
16 835 47
258 299 84
83 878 5
213 749 97
657 993 42
139 950 56
279 535 66
163 753 97
187 802 72
228 321 62
470 602 20
182 389 10
99 919 6
433 455 24
94 511 88
102 571 51
216 264 95
132 271 85
81 835 8
76 670 65
217 862 12
441 717 1
553 962 93
263 946 43
15 557 48
66 132 45
174 446 13
503 728 68
375 748 73
25 566 46
197 749 40
734 915 8
316 552 17
912 944 10
44 925 72
168 572 44
521 557 21
2 716 54
153 650 10
645 755 92
775 790 100
493 872 27
36 626 100
291 573 23
605 743 1
516 540 78
239 735 84
240 740 59
156 712 65
272 729 41
277 806 9
233 735 52
173 463 21
17 353 72
90 255 13
292 670 40
275 392 37
433 760 58
40 146 48
538 625 37
196 774 73
248 664 91
269 384 68
620 708 21
611 693 38
50 510 86
417 804 92
188 457 92
322 652 66
11 402 42
755 999 38
269 574 5
170 450 61
284 882 31
448 986 39
26 725 82
199 992 21
442 852 87
28 346 61
263 375 50
351 794 35
215 511 62
154 695 53
102 948 32
159 499 82
86 361 40
241 854 15
352 463 45
72 818 63
702 785 84
688 850 7
320 631 82
707 723 8
235 905 38
18 835 69
27 744 6
89 608 58
676 922 36
8 917 64
293 495 76
831 946 46
40 650 81
283 376 78
484 753 58
111 366 83
201 481 34
433 772 78
893 921 61
96 730 84
208 628 52
359 955 99
116 916 44
81 724 34
103 568 89
218 769 97
470 482 81
235 914 71
154 826 87
21 377 70
166 754 51
86 653 29
4 214 80
457 784 34
344 761 21
361 780 67
224 420 62
371 714 96
233 258 70
204 995 35
9 752 34
694 947 31
639 784 18
286 555 61
93 971 41
532 987 43
818 907 89
185 795 46
40 501 38
28 287 17
11 922 64
48 907 1
436 930 75
769 882 100
12 768 25
495 609 38
610 623 90
374 490 39
469 747 67
55 975 3
188 518 63
195 481 12
417 959 93
139 793 53
334 661 61
443 501 59
499 984 14
666 974 95
439 854 20
749 979 65
522 735 88
140 413 42
177 381 96
390 460 99
316 756 15
23 833 68
269 824 40
345 404 56
96 219 75
149 625 97
63 141 53
46 231 53
505 573 16
124 956 82
91 291 5
127 469 84
408 998 44
373 819 26
327 428 53
4 210 72
319 638 9
485 734 86
398 621 77
757 796 33
589 750 53
205 211 38
350 407 57
358 495 61
189 823 71
379 389 15
648 839 74
209 867 43
168 699 62
211 455 21
839 956 6
153 976 15
92 101 3
238 849 85
493 614 68
155 257 55
338 748 68
99 331 68
45 792 48
125 588 96
223 764 18
353 569 35
515 763 37
39 115 21
572 795 77
132 425 29
241 408 41
38 894 28
662 969 19
587 678 1
738 861 77
77 667 36
553 890 58
134 731 26
490 916 86
317 526 29
445 999 20
4 263 63
209 494 37
123 600 37
210 368 6
104 105 35
31 305 45
8 318 39
481 666 78
427 696 31
406 999 96
91 641 34
652 760 47
330 946 30
223 434 79
709 832 10
47 833 75
20 698 50
299 847 60
389 515 49
625 712 17
340 379 4
825 945 19
455 656 88
64 433 88
113 225 35
348 820 11
692 838 8
170 606 36
93 714 62
135 827 72
48 882 55
980 1000 71
582 823 24
234 649 93
172 358 22
3 886 35
237 301 92
57 543 85
58 973 18
221 245 53
463 474 63
444 917 20
50 681 70
414 972 80
578 881 5
91 317 57
101 464 4
128 344 39
433 890 69
333 366 33
590 807 70
94 711 23
90 686 81
60 289 52
84 305 94
846 925 86
206 458 43
346 735 11
242 884 51
298 734 22
46 309 83
437 440 47
43 882 69
132 396 49
483 760 48
237 476 85
326 371 55
637 655 31
705 834 53
541 863 6
186 669 76
90 513 63
533 571 98
456 595 38
83 428 46
599 660 38
90 887 39
179 279 74
136 394 34
307 358 2
691 894 81
120 623 74
523 989 28
732 836 6
493 763 40
655 999 75
32 970 93
76 709 32
244 872 11
101 678 94
494 963 9
140 615 74
143 720 52
198 413 21
489 913 70
235 684 63
19 445 44
764 986 84
323 470 86
298 421 75
168 536 80
387 507 24
159 624 67
42 678 36
559 804 40
246 485 12
374 435 60
350 894 55
98 597 6
509 586 55
204 966 47
224 637 77
62 643 1
418 903 86
40 575 84
455 736 62
356 463 68
213 591 10
799 889 73
129 986 55
150 677 74
82 304 42
266 434 8
348 720 78
325 681 39
64 868 23
422 970 85
303 481 75
586 850 62
51 355 23
20 520 56
57 640 6
196 834 55
527 537 67
352 448 39
246 648 83
110 645 73
178 512 50
533 954 86
272 574 92
331 853 34
377 951 9
669 852 30
285 492 92
279 988 38
397 560 91
811 814 24
484 554 25
269 675 99
234 715 5
216 229 60
326 897 20
681 948 44
443 868 76
329 683 48
120 572 18
543 887 4
53 294 53
59 106 3
458 669 72
771 884 24
36 811 34
335 402 22
595 702 2
304 730 46
493 857 27
53 987 74
468 608 25
702 843 71
511 956 84
115 227 3
82 265 39
85 755 32
127 643 1
147 213 2
145 547 42
467 572 25
252 840 68
482 546 19
65 918 12
680 974 63
476 771 62
231 277 11
434 942 13
60 68 35
440 679 25
199 499 68
622 736 73
239 367 25
249 601 97
274 540 47
486 568 65
684 748 34
623 934 84
260 895 38
653 865 67
659 715 12
416 642 84
36 713 40
34 965 78
225 561 17
6 293 20
367 423 81
215 698 23
607 898 62
337 758 81
69 817 94
10 859 31
821 975 36
621 753 62
587 964 24
117 816 21
279 571 93
66 159 51
819 894 53
128 926 44
243 673 78
563 853 31
702 823 60
48 958 51
19 379 96
432 584 81
673 712 5
151 990 70
371 792 53
584 629 85
30 560 63
421 729 68
202 425 90
177 766 18
94 489 64
527 957 18
595 885 73
557 778 54
447 962 70
370 703 58
98 355 37
333 901 30
437 762 11
387 519 49
396 504 29
96 984 71
500 703 41
827 941 48
437 690 5
59 585 18
10 791 38
616 653 83
785 984 93
507 993 59
476 999 47
211 248 67
270 688 67
895 908 74
206 349 84
368 548 69
182 194 27
401 804 1
104 525 48
81 335 63
538 875 82
378 447 59
193 459 24
47 207 94
712 899 61
485 973 95
311 974 33
207 900 6
68 603 90
34 956 27
500 676 73
780 810 64
2 518 23
273 672 72
142 251 3
118 635 91
78 541 3
164 327 33
763 868 76
806 908 16
184 765 71
32 435 58
705 791 89
3 325 18
207 839 47
155 289 90
107 710 12
905 978 76
412 477 7
225 915 78
641 873 43
157 815 81
37 184 47
741 866 46
77 144 75
186 865 25
374 524 16
117 846 22
636 839 33
157 417 13
162 787 73
291 350 27
85 859 3
77 698 59
608 724 28
444 657 87
192 873 44
626 793 77
190 601 42
50 684 88
531 966 32
78 752 96
389 669 53
423 858 39
414 829 70
463 720 33
166 302 90
9 704 66
702 738 61
202 662 95
314 943 55
388 769 42
743 797 67
268 802 51
108 554 20
219 704 88
399 598 88
448 986 13
361 946 37
199 715 94
284 639 64
295 509 88
56 139 59
443 811 80
174 935 3
8 504 97
19 550 81
319 539 23
440 858 95
43 455 28
627 656 50
217 392 2
216 609 96
604 784 16
252 534 77
516 727 15
114 793 9
550 659 14
271 423 3
709 904 97
41 221 10
750 946 90
169 977 8
864 894 54
713 979 41
560 991 87
738 803 63
74 653 75
525 581 19
156 212 96
970 989 18
192 403 62
183 199 93
561 784 2
745 909 100
552 972 49
678 681 71
347 700 80
88 155 45
24 790 14
534 594 47
511 841 24
37 677 71
396 415 97
47 937 37
595 797 35
44 620 75
747 987 3
359 855 84
150 548 3
463 967 57
453 633 88
291 957 25
47 115 21
738 756 48
15 508 55
320 600 83
577 646 40
127 167 54
579 688 15
44 531 82
312 661 33
304 902 39
24 455 38
129 252 33
417 656 87
637 915 37
367 397 16
68 894 71
173 439 90
400 862 20
434 692 8
611 647 3
14 291 20
344 726 40
381 501 30
129 744 68
279 447 3
235 616 17
753 990 83
65 632 1
50 493 27
675 687 4
14 769 15
28 116 11
197 874 83
438 648 51
306 629 44
326 682 43
328 548 21
147 263 46
270 525 79
32 321 72
233 638 35
423 929 54
744 927 59
78 330 27
239 292 9
97 509 63
638 643 58
716 993 14
765 877 35
466 626 25
531 639 31
852 865 43
22 727 53
513 614 78
109 484 42
634 970 44
191 530 95
474 976 23
167 482 17
501 831 63
843 981 49
