1000 1000 10
216 833 92
423 993 43
7 349 71
486 541 15
429 836 21
607 746 94
839 940 100
195 702 2
275 955 32
234 313 84
412 602 39
434 576 67
120 332 43
78 564 69
664 963 99
247 653 24
58 541 62
271 650 1
208 719 27
440 795 56
250 688 83
5 732 10
539 897 12
46 687 94
339 820 59
90 399 8
318 858 14
255 513 31
404 536 57
182 359 12
190 501 7
371 499 72
928 939 78
135 946 85
377 476 89
187 335 56
97 860 13
84 421 75
91 435 82
69 945 61
186 352 9
9 764 78
551 944 41
332 524 71
12 155 50
563 745 43
8 267 89
210 824 73
316 820 25
787 896 98
371 557 79
474 674 73
350 801 70
306 366 15
574 665 76
252 836 89
151 242 50
376 387 70
73 286 34
236 793 92
159 681 73
18 167 19
154 696 32
238 581 60
927 980 87
194 502 19
32 916 94
373 992 63
512 582 54
278 915 84
26 232 90
247 556 27
88 593 98
614 925 21
220 779 91
5 661 89
546 578 76
290 380 55
53 789 25
40 664 9
762 945 82
57 941 81
242 988 74
137 198 34
181 719 52
108 401 78
448 648 76
245 623 97
450 468 73
320 901 93
298 935 71
59 353 76
894 947 81
460 498 38
147 785 65
102 579 7
712 903 49
636 651 34
462 606 12
318 574 2
602 905 41
54 425 83
269 734 6
100 791 97
274 790 72
69 455 66
486 800 1
313 453 68
611 850 57
235 874 91
4 556 95
562 807 9
227 318 31
441 633 29
277 945 32
279 872 80
86 534 77
333 365 81
858 902 4
310 859 52
648 656 79
330 396 58
11 765 14
213 908 18
100 621 1
349 680 89
22 957 57
199 413 48
448 769 5
146 333 57
452 513 61
129 636 41
212 327 14
110 253 1
278 770 69
514 606 73
18 538 26
64 623 56
141 452 28
841 845 3
498 932 74
17 993 31
492 854 75
341 991 42
207 288 43
58 221 43
45 327 76
60 789 92
9 618 93
24 110 27
64 65 21
847 852 50
304 670 45
378 568 61
82 86 60
454 630 39
223 765 98
124 685 99
59 796 8
155 867 48
812 958 40
132 852 82
451 858 17
69 400 60
116 251 73
183 284 1
103 600 35
589 683 55
236 741 22
438 533 83
50 514 97
350 807 26
678 948 59
142 517 42
381 993 32
165 981 19
682 987 11
410 792 68
23 360 81
243 829 39
547 999 53
503 729 4
580 582 13
56 258 11
504 537 7
126 470 81
180 324 13
550 770 29
333 519 8
28 624 73
610 811 86
333 642 91
695 713 10
406 861 88
221 672 70
141 752 23
819 896 86
537 982 45
392 872 66
279 958 73
37 741 61
148 167 22
145 163 42
750 751 47
8 562 37
340 408 71
321 829 65
475 516 17
188 698 22
56 306 10
246 645 11
398 670 10
293 797 84
158 317 1
36 386 25
213 655 4
227 421 44
69 265 55
135 808 64
75 639 12
165 828 56
471 647 91
160 182 32
321 527 61
459 563 56
547 765 94
581 912 67
212 886 68
13 212 47
694 915 30
817 990 34
446 959 98
103 285 28
145 791 98
16 616 55
283 344 82
137 775 84
15 742 24
88 793 55
115 648 73
199 445 80
15 496 36
764 788 53
561 714 35
157 222 54
257 287 93
542 609 73
441 718 38
284 753 21
643 826 64
55 200 3
826 986 52
604 803 79
471 882 7
67 306 59
204 864 70
142 480 29
353 913 5
303 412 13
664 727 51
607 790 76
583 746 95
50 562 99
365 940 2
232 347 71
66 147 21
116 546 7
195 635 36
42 108 4
764 850 60
642 744 3
106 753 18
334 805 35
121 328 34
148 459 3
535 799 38
50 937 9
197 790 61
541 837 99
58 538 99
70 556 13
413 650 51
848 955 34
396 710 78
276 871 33
239 985 72
737 863 40
271 568 81
815 827 89
143 650 5
378 508 39
151 721 50
256 525 7
75 656 79
230 710 57
63 160 1
696 930 38
446 870 58
307 865 20
60 984 56
378 418 34
382 869 96
66 330 44
328 330 99
21 61 49
290 379 86
296 500 48
353 607 74
855 943 6
224 510 38
500 594 56
189 985 89
160 740 81
248 925 87
657 902 87
188 619 83
86 921 73
876 956 55
247 975 98
358 716 35
290 796 59
270 489 77
159 350 34
167 988 6
433 572 36
728 995 65
181 486 42
3 256 63
52 823 79
471 547 95
351 470 95
246 674 28
559 765 72
145 681 92
789 842 77
141 326 53
447 911 33
599 975 37
418 999 8
118 748 15
60 962 21
10 420 69
147 876 13
515 890 67
53 785 65
19 618 93
145 498 4
59 421 65
217 239 55
285 362 21
253 429 38
6 42 13
149 231 67
24 59 50
286 303 81
302 421 52
519 683 43
261 319 65
19 590 55
44 216 6
198 819 27
414 754 77
375 962 27
698 731 61
380 827 20
546 647 43
554 595 78
214 881 63
73 318 31
40 805 8
88 429 64
73 615 86
566 780 3
330 386 51
616 730 43
711 821 31
571 839 84
2 431 49
414 659 61
420 467 22
251 767 45
357 977 87
256 645 6
299 779 88
327 788 73
370 892 100
478 877 71
11 840 93
237 368 55
507 598 12
673 821 64
382 931 56
440 839 46
637 843 16
207 486 85
501 905 14
598 884 36
413 715 64
712 771 72
450 464 9
105 886 100
229 393 54
63 548 31
792 908 32
156 567 55
515 939 83
498 717 21
379 906 1
236 536 78
227 623 24
93 927 29
757 975 49
358 482 84
151 855 100
94 783 44
300 443 74
258 542 9
90 897 41
84 170 39
405 843 52
567 728 27
477 489 76
203 499 94
389 715 79
340 367 78
543 930 28
783 941 73
303 760 30
404 649 39
85 572 82
37 601 65
223 882 8
196 311 62
80 379 39
103 599 53
322 375 79
743 988 24
328 404 86
87 660 23
305 965 74
437 717 92
193 309 25
359 388 72
694 858 92
861 876 36
168 780 69
697 744 62
346 354 42
465 856 36
80 81 84
441 576 96
305 373 12
403 517 41
22 683 28
210 260 93
394 677 66
372 770 23
468 818 59
488 572 90
170 506 83
477 734 14
217 685 57
667 734 13
479 495 61
447 558 41
348 560 81
134 380 1
363 696 64
158 487 80
132 236 87
162 502 64
405 986 34
189 829 45
865 880 53
224 339 94
357 652 75
108 185 14
23 638 66
51 754 20
339 531 69
253 935 77
166 950 3
527 997 92
499 594 35
345 859 22
251 721 14
497 851 27
94 237 9
297 754 13
593 833 73
92 779 88
205 836 58
227 501 56
228 684 50
115 264 25
442 976 4
289 436 99
268 839 74
82 736 69
490 500 10
349 387 50
323 360 59
582 623 70
184 481 54
170 832 91
261 722 93
601 686 33
775 989 16
698 875 80
373 956 6
345 611 36
82 619 29
112 950 70
133 785 93
16 302 47
350 585 77
637 755 43
166 670 20
45 853 81
569 779 27
593 957 89
301 533 68
569 774 43
72 503 99
551 880 55
772 951 9
37 751 47
91 187 74
302 930 35
67 339 60
281 326 78
6 884 57
333 708 50
142 262 14
80 250 49
140 939 84
42 893 43
266 600 28
406 684 7
362 652 68
539 836 68
101 494 55
376 793 87
531 993 46
61 102 18
284 418 72
295 949 54
679 897 75
213 689 94
549 567 71
20 302 8
689 990 63
521 666 14
144 664 22
298 498 66
577 580 48
237 570 10
462 986 69
731 810 3
38 430 48
773 910 54
114 544 20
276 792 8
506 850 52
193 326 56
284 550 1
256 883 36
201 569 44
775 793 38
230 998 96
43 718 67
205 738 5
858 891 7
763 845 75
661 860 47
900 985 20
73 594 8
226 985 21
14 111 5
635 988 41
251 593 25
919 975 90
346 529 9
328 846 86
253 443 58
732 897 16
759 815 42
737 921 46
53 798 55
281 693 100
6 278 51
142 950 16
735 970 27
523 869 29
131 741 8
23 350 42
291 828 31
27 523 5
5 207 3
566 656 12
140 327 80
253 410 14
145 415 72
11 93 38
373 685 12
188 469 49
388 747 89
37 808 92
487 593 1
25 895 85
316 412 86
710 711 68
155 493 33
85 399 91
700 852 78
147 894 4
938 962 32
269 704 24
139 642 26
27 304 58
181 958 81
111 841 49
24 858 91
28 614 84
159 926 70
356 675 1
222 854 51
609 923 39
646 856 37
167 552 9
12 693 93
4 19 47
98 171 28
112 876 10
331 456 58
718 896 66
581 767 29
641 731 36
119 853 22
128 867 42
93 914 97
24 178 90
98 277 57
459 814 85
47 226 41
63 212 92
72 565 36
557 873 96
197 287 50
672 716 82
109 579 59
204 598 78
109 856 41
507 645 15
197 391 31
33 426 74
40 764 6
804 914 99
313 771 78
567 633 77
301 533 19
93 288 74
90 456 56
1 547 97
726 930 40
234 568 20
172 857 98
231 380 58
118 126 40
462 744 72
44 380 62
237 455 45
393 945 17
52 59 24
275 919 20
281 682 67
728 978 17
349 595 52
4 758 85
352 677 68
566 915 29
154 414 20
170 826 28
227 479 48
234 388 1
82 952 71
461 989 86
646 828 88
423 445 9
296 382 72
61 781 9
93 730 98
142 993 80
20 448 4
403 927 3
322 918 29
760 901 38
267 427 26
140 544 62
157 396 73
258 932 69
634 771 90
58 270 99
409 919 64
63 215 16
394 815 46
13 89 5
476 701 87
294 742 12
176 191 57
471 911 43
159 935 46
46 907 52
261 930 22
355 974 71
325 332 99
172 433 3
513 930 97
52 328 29
43 605 14
186 422 80
49 126 82
126 233 74
358 505 32
286 334 53
214 630 68
396 621 12
174 868 47
472 481 24
296 711 42
154 530 84
194 517 33
150 915 88
682 951 19
356 923 27
229 404 86
199 898 79
290 902 88
31 600 97
485 603 27
48 770 57
164 337 86
504 793 79
334 702 36
30 931 75
503 641 47
303 396 88
332 721 10
437 680 97
586 868 82
12 859 40
67 346 66
41 908 73
230 768 88
420 511 13
237 732 25
24 199 52
243 985 68
414 681 29
455 749 28
377 756 27
85 447 42
255 371 27
235 572 59
487 509 30
66 393 92
296 888 39
89 753 15
375 490 64
817 940 67
287 727 60
74 339 10
514 988 86
2 458 52
81 749 45
196 637 49
502 657 47
155 396 15
974 979 65
87 978 55
25 557 38
227 432 15
150 428 51
391 787 23
100 112 92
463 719 21
198 262 3
539 822 22
119 633 13
18 571 21
163 402 78
97 165 65
600 671 91
119 594 19
40 176 2
197 472 77
195 437 79
584 906 11
148 765 31
309 511 85
524 893 82
156 614 38
41 617 67
235 313 87
43 550 50
386 826 51
435 690 52
692 726 60
878 986 5
696 699 5
321 367 93
218 288 18
259 409 60
546 998 20
124 761 15
208 658 23
460 593 56
609 713 29
113 800 67
448 635 93
210 507 85
210 701 18
563 831 64
35 281 53
241 501 94
1 871 59
117 800 51
79 835 96
207 285 47
225 969 52
420 423 60
279 868 33
213 794 83
222 443 92
680 746 95
33 232 32
768 912 4
135 359 71
476 695 68
600 696 25
755 946 66
360 875 78
104 710 26
276 451 95
216 608 39
127 857 69
447 553 56
31 608 52
188 689 44
142 271 77
433 563 10
16 526 93
124 677 22
85 915 67
23 641 93
142 402 88
208 556 80
600 681 35
37 339 67
107 220 50
99 462 72
547 724 60
356 744 32
708 968 15
599 898 73
833 843 86
148 916 11
52 579 37
53 668 21
521 588 37
775 986 62
42 456 87
238 545 100
92 488 48
804 904 100
469 548 78
600 682 63
84 719 93
1 759 44
27 459 86
780 904 53
82 807 16
483 859 96
322 907 49
110 609 78
295 416 14
125 478 21
134 668 64
22 752 13
162 945 85
114 507 85
275 998 80
277 948 66
454 993 20
110 822 75
771 977 72
224 959 75
353 777 71
245 955 82
37 420 47
10 650 86
207 816 78
235 472 15
506 644 57
131 511 12
318 747 90
426 866 83
460 960 9
22 151 67
132 296 30
837 930 42
356 656 51
221 822 94
214 272 29
129 306 43
225 844 94
130 291 22
308 578 69
444 661 3
14 978 25
431 885 3
619 657 96
137 981 14
651 821 81
40 179 69
464 880 73
402 738 97
14 107 40
452 555 32
556 867 89
512 957 88
293 790 82
753 803 17
651 689 71
310 840 39
297 786 43
722 950 73
434 695 97
116 441 41
105 655 73
39 543 49
117 984 22
435 468 8
231 278 75
80 836 59
20 319 28
319 803 19
477 780 66
110 211 50
468 744 5
737 928 33
516 903 76
447 596 90
317 719 23
63 669 32
549 958 100
48 271 52
313 316 66
319 390 71
691 828 30
95 657 7
130 423 99
377 473 70
84 102 33
756 928 4
741 892 20
439 811 37
537 662 2
492 770 91
75 746 8
225 778 35
200 663 66
221 423 56
3 984 30
195 359 41
44 664 54
699 913 37
691 982 75
214 948 31
440 659 29
800 886 91
737 914 29
126 169 56
665 825 42
697 712 27
426 552 58
3 163 8
128 483 88
3 645 46
322 959 15
17 155 19
152 730 75
10 982 74
334 360 70
615 899 12
615 853 42
273 695 58
648 778 89
216 730 70
91 859 30
