100 21
100000100010001100001
000000111100100000101
100000000101110011000
000100010000010100000
010000100011000010000
001001000101010000000
000100010110011100001
110100001101100001000
001001000010000000000
000010100001001000000
011000100100000000000
000000000000010000000
000000010000110000101
110010101001001100000
100000010000100100000
010110000110000010000
100000010000000101000
000000100001000100000
000001010100000100010
000000000001110000010
100010000000000101110
100011011001000000001
010000010101000100100
010100000100100000001
000010000101001000110
100100010010000000000
011000000000000000010
100110101101000100000
001110000100001000100
100000010001000000000
100000101111000100000
000101011010101001000
001101000000000011000
000010010000000110111
000110101010000001111
000000010110000010100
110110000001010000000
010110000001000101000
100000001010100001000
001000010100000000001
100110001010010100000
100101000010000000100
100010111010000000101
000000001000000000100
000000000101000000000
010100100000111000011
000101110001000011010
010011010000000011100
000101100101000000100
010001100000000101000
101011000000001000000
000000000000000110100
011010000000000010100
000011000010101001100
001100010000000001000
000011000000010100110
111000000000000000110
100000001010111000010
001010001111000000011
000100000000000010000
000101101000100000110
010000010001100001100
100010111011000000010
010000100001001000100
100000000000100000000
010000011100000010111
000001100100010000000
000010000000011010000
010000001011000000000
000000000010010000000
000000111000010111010
000100100100000001101
100000000000100000110
100101000000000101001
100100001000001000010
000000000001000000110
000100100011001001100
001001010000110100100
100010001000000100001
010011000001000010110
000000010110001000100
110101001001000100001
011000000101001000000
110011001010000001101
000100000100000000000
100010001001000011010
010000000000010110000
000000000001100001000
000000001101110001000
000010000000001110011
000000001011010010010
010000000000111000010
000000011000110001000
010000010101001000010
001000000000010110000
100000000000101010110
100110110111000101000
010000100100000000110
000000000100001000100
010010010000110000000
100
011000001010011001000
000001000010000000000
000000001000101000010
100000000011000100001
010001000000000000010
000000001100100000100
000100000000000000000
001010000000000000101
010000000100000100001
000000000000001000000
000010000000000100001
010100100100010100000
000100101001000000000
000001000000100000000
000010000001101001000
000001000000000000000
000000000000000000000
000010000000000000000
010000000000000010000
010100001000000001000
000010000001000000001
010000000000000000000
000000000000000000000
001000001010000000000
100000000000000001000
010000100010000000000
000010000000100000000
000100001000010000010
000010000010000000000
000101000010000000000
010000000000100000000
001001000010000000000
001000000000010010000
000000000000011010000
000001000000000000000
000000000000000100000
000111110000101000000
000000100010001101101
000000010000000010000
001000001000100000010
000000010000010001001
000000000110001000100
000010001000000010010
000010000000100000100
101000000100000001000
010000000001000101000
010001000000110000001
000000000011100010000
000001000000000000000
100000000000000000000
000000000000000010000
000000000101101000001
000000010000000000000
001110000100000101100
000000000000000000000
000000011010010000000
100000000000001000000
000010000000000100000
100001100001000000000
000000000000011000000
000000000010001001000
100000000000001001000
000000000001000100100
000000000000100000100
000000000001000000000
000000001100100100001
001010001000000000000
000000000000000000001
000000000000000000001
000010001000000000000
000000000000000000010
100000010000000100000
000000001000011000000
000001000000000000011
100101000010101000000
000010001010000001010
110000000000010000000
000001000010000000000
010010000000000000000
100000000001000010100
100001001000011010000
000011100100010000000
000100000010000001000
001000100000000000000
010010000000000000000
000000000000000000100
010000000000000000000
100000000100100000000
100010000100010011001
110001010000000100000
000000000011000000000
000000000101000000010
100001011001000000000
001000000100000010100
001000000100000010100
000000101000000010000
000100000000000000001
001110010001000000101
000011000000000000000
000000000100000000000
