200 21
001001011010001100010
000011100010100011001
010000100000000101000
001000101101110001000
100100010100000000000
101010100001011000001
111011010000011011010
010000100100000010001
010000001000010000010
001001000100000001001
000000000010000110100
000010000000100000001
000000100010000001010
010000010100010000000
010001011000100010000
100000110000110110001
000001000000000000000
000000000011001011110
010000001100000011110
010000001101000010000
100000000100001100101
010011100010000000100
000110001001100000110
000001010100100000111
000100000100100100010
000000010000000001100
000010000001000001000
000000011001000001010
010001010010110010000
011000100000000110000
011110010001011000000
010110110100001000000
100000101001010000000
100000000010000000000
101001100000111001000
100001000000010000000
110110001010000000001
000000100110000000000
000001101001010010011
000010000000101000101
100100010000000010000
000001000011100000000
000010110000001010100
100000000000000010001
000100010100010000000
000100010000100100100
000001000100000000010
010010100000000110000
100000000000011101110
001100001000010000000
001000001010110100100
000010000000000010000
010101001010001000000
000010110001000100001
000010101100100001000
100110000010001000000
000000001000100000011
100000000000001000000
101000000000111000100
000001000000100000101
000000101000000110000
000000000010000100111
100000100000000000000
001000000001010011001
000010010000000000010
001010000010000000011
010000111101100010000
010000100000010001110
001000000010010001000
000001000001000000101
101000011000000110110
000000000100010110001
111001111010000010001
000100010010010001010
111000000100010001111
111110100000111000101
000000000011011100000
110000010111000010000
110010001001000100100
000001100000000000000
100100010100010000000
001000011100010010100
010000100011110001111
001000001001010000100
000000001010010001110
111100011110000001000
000110011101000010100
001101001000001000000
010000000001001001010
010100011011000000100
100001000000000000101
000000010000010001010
010110000011000010010
000010000010100000111
000000110100010001100
000000101000100100000
111010100000010010000
000010000000001100000
000100101101000111010
000111101000000001110
000001000000010000000
000000010110101000010
010000000101000000000
100000000000001000011
010011000000110100000
000000011100000110000
000000001000010000000
010100000000100000000
010110100000010101000
110000000110000110000
000000000000011000010
000001001011000000101
110011000001000001101
000011101000011001110
100000000001101000001
000100001000000000000
000000000110100111100
100001000000101000110
110000000010000000100
100000110000010000110
011100000010000001011
110010111101010000000
000110000100000100010
000100000010000100000
000000100000000001100
101000001000010110001
000000100000000100001
100101010001000010000
100000001000000000000
000000100010000011000
010000001000000100000
000000001100010000100
010001000100010101011
000010111000000010100
101000000001010000000
000011010001001010010
010110110001101011010
000000000000000001010
000000100001011001001
011011000000000000101
000001001110001100000
000000000010000110101
000000000100001000110
001000001000000110000
100100000000100101000
000010000000000011101
000001000000000000011
101000110000100010001
000100010000010000011
010011000101000010110
000000001000011001011
010011000010000010000
010001100000101000000
000010010000000000100
111000000010000000010
000000000010001000000
001000100010011000001
001000000000000010000
000010100100101100001
000100010001000101000
000000000000010100100
000000000100001000100
110000001100000110010
010000100000000000000
001000101000010000000
000010000000001000000
100101010000000000001
100000000000000100010
100101100101010100110
000010011000100101000
001000100000000100000
000001010010110000110
000000000000000001000
011000000000010000000
101100000010000011000
000011011110110010000
000000000111111100110
000011000110000001000
100100001100011010000
110000101001001100000
000000111001010000000
000000000000001100100
000100110100000000000
010000101011001000110
010000000000001000000
000001010000000011100
010100111111000010001
001001001110000010000
000001000100010011000
010101111010001000101
111100000000000011101
010001000001000001000
000100100000001000100
010101011010000000000
000111010111100010000
000000100001000000110
000001000000000010100
010000001100000001000
000111000010100101010
010000000000010000100
200
000000000000010000000
100010000000000100010
100000000000000000000
000000100010001000000
000000101000000001000
100010000000010000000
000000000000000001001
100000000010100000000
000000000100000000101
000000110100010001000
000110010100000000001
000001000010000000000
000001000000100000000
000100000001000100000
001010011000000000000
000000010000000110001
100001000000000001000
000000001001000000000
000000001000010110000
010000000011110010000
000001100000000000000
000001000000000000000
000000110010010000000
000000100001010001000
100101100000000010001
100000000000000000010
011010010000000010000
000000100001101100000
100000000000000100000
000000001100000000010
000000011001001000100
000000000000001000000
000000000000001000000
000000000000000000000
000000100001010100000
000010000000001001010
000000000000000000000
000100000000010001000
001000000011000100001
011000100000010000011
100000001100000000001
010000000000011000010
100100000010010000110
000000011000000000000
000000000010000000000
000000001001000000000
100001010100000000000
000111000000000000000
000000000000000000000
000000000000000000000
000000010000000010010
000000000000000001000
000000000000101000000
110000001000000000000
001000000001000000000
000000000001010000000
010001000100001000011
010100000000000000001
000000000001100000000
000000000000111010000
000000010000100000000
000000000000001000000
001010000001001000000
000010000000000010000
011000100000000000000
001000101000100001000
100001010000011000000
100000000000000000010
000000100000000101000
000000100000010000000
010000000000001000001
000000101001000000100
000000001000010000000
000000000001001100000
000000000000001110001
000110000000000001000
000000110001100000001
001100001010000000100
000000000000000000000
000000000010000000000
001001000001001000000
000001000000001000010
011010000001011001110
000000001010000001000
000010010000100000100
000000000010010101000
000001010000010000000
000010100000000000100
000000000100000101000
000010000000000000101
000000101000001000100
010000000000000000001
000010000000011000000
000100010010100100000
010100000100100000100
001000000000000000100
000000000000000000000
100100001010010000000
000000000010000000000
001000000000001000001
000000000010001001000
010000000000000000010
010101000011000000000
000010000000000000001
010100100000001011000
100000001000000000000
001000000000000010000
110000000000110000000
000000000100000000000
000000001010000000000
100011000000000000000
000100000000000011000
010000001000000000000
010000000100000010000
000100011000000100100
100000000001000000000
000000000001000100000
000001010000010000100
001000000000000000100
001000001000000000101
000000000000000000001
001001101000000100000
000000100010010100101
110000101110001000001
010000000001010000000
000100010000000010000
011000000000000000000
000000000000000000000
000000000001000100101
001100000001010000000
000000000011000000101
000000100000000000000
000100000000000010000
000000000001000000000
001000010000001011000
000000001000000000100
000000000000000001000
000101000000001000000
000000000110000000001
000011000001001000000
000000000000000100010
000000000000000001000
000000000010000100000
000000000010000000010
000001010000001000100
000110010001000000010
000101000000000000000
101000010000001001000
000110001000000000000
000001000000000000000
000000000000000000000
010101010010100000001
000001001000010000000
000000000010010100000
001110110001101001000
100000000000000010000
100010000000100000000
000010000000100000000
000000001000010000000
000010000000010000000
000000000001100000100
010000000000001100000
000000101000000100000
000000000000000000000
000000000000000000000
000000000000000001010
000000000001000000110
000010001001000001000
010000100110011000001
000000000000000000000
000010000000000000000
001000000010000000000
000000010000000001000
010000000000000001100
000000000000000110010
000000000000100000000
000000110000100101000
010000001000000000000
100000000000001000100
000000000000100000100
000000010101000100110
001000000000001000000
100000000100000000000
000011000001000010000
000010001000110000000
001000100000001000000
000010000000100100101
000000000000000000100
001000000000000010000
000000000000000001010
000000000000001001000
000000000000000000010
000000000000001000000
000000101100000100000
000000001000110000000
010000000000001000100
010100000001100000000
100000011000000000000
000001000000100000100
000000000000100010000
