300 21
010010100000010000110
000000000001000100000
010001000000110101001
100001000010100100000
100000100100010110001
011001110011100010000
100000001000000000110
000100000000001010000
000010000001010000100
010000001000000100010
001010001001001011010
000100000100100000000
101001101010000101000
111100000000000000100
000100000000000100110
000000011001101000001
000000010100010100001
001000010001000000000
000001001010000110100
000000010001100001100
000100000000010000100
000000100100100000010
001000000000000000100
000000000100000000100
010001100111000010000
000000000001000010000
000000000000000000001
010000000000001001000
000000110001100100000
110111000000010010101
000100010000011000000
101000000000010100110
000000000100000000000
000001000000000000000
100101001000010000010
001000000000000000000
000011100010000000000
000000000010001000011
011000100000001111100
011010000000011110001
100000000000101000000
001111111000000010000
000010000001100000010
000011000000000001000
100000000101001000000
000000111111100100001
101000000010000000101
000100000100010001110
000000011010000000000
101011100100000000010
000000101000100101000
100010000001000000000
011000000100010010101
000001001000000001010
000011000010000000101
001000000000000010000
001110011000000010000
100000000000000100000
011000101110000100100
100010100000100000000
000110100000000100000
000101000000000000001
000001000100001000000
000100111111100010111
100011101001010100000
000100000011011000000
000100000001011000000
010010000110100100101
110010000000000100101
100000000101000100100
000010110101000010110
010100000000000100111
000101110100000000110
000111100100001000000
000000000000000010001
001010000100000100100
101100000000111001000
000000100100010110001
010000001110000000000
000000000111000010010
000001000000000000100
111100000001100000000
011000100100100100101
100010101000001000000
001100000000010110001
100101001001001000000
101001000000000000011
000110000000100000000
000000001000000000100
100010111110000000101
010100110011001000000
000000000000011000111
000000000110000101000
000000010000100011010
000010100001010110001
000010000100010000100
001001000000000110010
101010000000000000011
010010100001010011100
010101011000011001000
000101110000000000001
111100100000001111000
010110000001010000100
000000000100001001101
101000011001100000010
001100010001000001100
110010101000000010100
001110010000001001001
001000000010001000000
010100011110000100001
010000000110000010000
010110000001001000000
010100011001100000000
010000000000001001001
000000000101000000110
101110110110010000000
000001100010010000011
010000100100000000000
010000001010000000010
001011000001011000100
011010000111101000000
110000000100100010110
010001000001100010000
010011001001001000100
000100000000001000101
100010100000000000100
110010001100000000000
101101010000000000000
000101001000101000100
100001000000000010011
001000001000001000001
000000000010100001011
100000000101001000010
110011001000010010001
000010100000000100100
010000110100111100000
100001000001100011001
000001010101110001001
001000010000001100000
001000000001000001101
001000000011010001110
001010001000010000000
000000000011010100101
000010000110001011000
000101000001110100000
010000100100000010100
100000000000011011010
011010100101001001000
000000000001010001000
000000100000001000000
000000001001000100001
000000100101110001010
001101011100100010000
010011001000000010000
100101001000010010001
100100010010000100001
000001000000110001000
100000010111000000101
100000000000010000010
000000100000100011010
000001000101000000000
101100011011010000010
100001001000000000000
000000010000000010000
001001000101010111000
101000100000010000000
011000000010010010110
000010010000000010000
000100001000000000011
000001001110011000111
000000000000010000001
000010100001001100001
001000001100000000100
001000000001101000010
000101000000010000010
001000110100100000100
110100100111010100100
100100101000001000000
000010000010110100100
000011000111100000000
000000010110110000001
001001101100100011000
000101101000001001100
000010010000010001100
100001100010100100000
010010000100010110000
100000000000000000000
100000000000100000000
000111000010000110010
100010000100001100001
001000011101011000010
101010000000000101110
000000101000000000101
000110000000110000000
001000000000001000100
010000000000111000101
000000000000000001100
010001100100010000101
001001010000100001110
010100000000011001000
010000010100000101100
000010001000100001111
010010001000010000101
100000001111000001011
110000100111000000100
000100000110010000010
010000000000000010000
100010001100111100000
010000000100001010001
000111101010000001001
101100010000000000010
000000010000000000000
000010010000001000001
011000001000000000000
000010010100000010001
000100000110000011000
000000111000000001000
000001000000100100000
100000111000010000010
000010100001000001000
000000001011000000000
001001100011000000110
010101100000000001100
100000011101001101001
110010000000010101001
000000001000000000000
000000001110000000011
000010000000010001000
000001001000000000000
011010000000011001010
000000000110100100001
100000011011000000001
010000101000000000000
100000000000000001000
000000000010101000011
100011011000100000000
000000110010101010000
000100101000010100000
000011000111000010000
001010000110001000000
100100001101000001100
000000000100100011100
000100000100000000000
010010000110111010000
000001000000110010000
100000000000000010000
000001000001000001001
110100000000011001001
000000001110000010000
001000000000001000001
110000001000010100101
101001100100001100011
101000001000010010110
001100100111001011001
000111010000110000100
010001000001010000000
100010010010101110001
010000100000000000000
000000000010000000010
000000000000100011110
010000101000000001000
001010001010011000000
000001101110000001000
000000000100110001010
100001000100000011000
001000000110000000000
000100000100001000000
010010100000010001011
101001000001001001100
001000000010100000100
110000000010100000001
100000010000000000000
100000101100100000010
011000010000110010000
000000011001000000100
000000111000000100111
101101001000100010000
000000100000010000100
000000000001100001100
011000010011001100100
000000000100100100000
000100101010001000000
010101100100001100001
000001100010010100001
000000110000010100001
011011110000000000101
011000100011000000000
000010001000000000001
100011010000010001000
000011010100000010000
001010001000000001000
000001001110000001000
000011000110000001000
010000101011010000000
000010000010011000100
000000000000100000100
011001001101100010101
011010111001110010001
000001000101011001000
010110000000000001100
300
000000000010000000100
000000000000000010000
000000000000000101000
100000100100001100000
000000000000100001010
010000000100010011000
001000010101000000000
000000100100000000000
100000000000010000100
001000110001001000000
010000000000000000101
000000101000101000000
000000001000100110000
000000000000100011000
000000000000000000001
011000000000010000001
100000010110111000000
010010000000000000000
000010000000100110100
000010100000000001100
001000000000010000000
000000100000000010000
000000000000000010000
110000000000010001000
100001000000000110000
000010000000000110100
000000101000000000000
001001000000000000000
000101010101000001010
000010000001010101000
000011010100000101001
000000000000100000000
000000100001000000000
100011000000000000001
000000110000010000000
000000000000000001000
000000010010001000100
000010010000000001000
000000000000000000000
000101000000000010011
000000110000000100100
000000000000000010000
000000000000100001000
010001010100001001001
000000100000000001000
000000000000001010000
000000000001000001000
001100000001010011010
100000100000000000001
100000010000001000000
000011100100010000000
100000000010101000110
001101001100010000000
000000000001000000000
001000100010000100000
000000000000000101100
000000001000001000000
000000000000000010000
001000000000110000010
000000000001100000000
001000000000000000000
010010010000000000000
000000000000010000001
011000010000000000001
011000000100000000000
001011000000000100000
000000101000000001010
000010100010001010010
001100000010000010000
000000000000000000001
000000000000000001001
010010010000010000001
001001000010000001000
100000000000000010100
010000100000000000000
110001000100000011000
000010000000000000000
101000001000000100100
000000000000000000000
000011000000100000100
000000000100100000001
000000100000000001010
010000000000000000000
000000000100001000001
000001000000100001000
010000001000000000000
000001010001000001000
000000001100000000000
000101000000000000000
000000000100000000011
000010000100000000100
000000100010010000101
000000000010010100000
000100000000000000000
000001010000000000000
000000000000000001101
010000000001000000010
000000000000000000000
000001000100000001100
000000100000010010000
010000000000100000001
000001000110000001000
010010001000000010000
000000000010000100000
001000100001000000001
000000000011000100001
000000000000000010110
000000100000000000011
010100000000010010000
010000000000110000001
000000010000100010000
001010000100100000000
000000110111000000000
000000100000000100000
000000000000000000000
000000100000000000000
000000000000000000000
000000001000001000000
000000000010100001100
000000000000000010010
110000000100010000000
000000000100001001000
010000000100000000000
000000001000000111000
000000000000000001001
010000011000000000000
000000100000000100000
100000000000010010000
000000010001000010000
000000100100000000000
000000000000000001100
100011010000000000000
000001000000001000000
000000001000000010000
000000000000000000000
000000001000001000000
000000000100000001000
100100000000010100100
000000001010000001000
001000010010011000000
100000001000001001010
010000010000101111000
000000000000000000000
000000000000000110000
000000000000000000010
000000000100100000001
000000100000010100010
000000001000000000100
001000000000000000000
000000000000000001000
010010100000001000000
000000001000000100010
100000000000000000000
100000100000000010100
000000001100100000000
000001100001100010010
000000000000000000000
010000000100000001001
010010010001000010000
001000001100100001000
001010100000101001010
000010000001010000100
001100010000000000000
000110000000100000000
000000000000000000000
100010000000000010001
000110000000000000000
001100001000000001000
001000000000001110011
000000010001000000010
000100000110100000001
000010000000000000000
000001000000000000000
010000000000001000000
000001000010000000101
000001000000100000100
000000000001001001000
100000011000000000000
001001010010001100000
000001000000100000010
010000010000000000010
000000000000000000000
001000100000010000000
010010110000000000010
110000001000100010000
000000000100100100000
100000000010000100110
000000000000000100000
000000000000000010000
000000000000010001100
010101000000110000001
001000010000000000100
100000000001000000000
000000000000000000001
100000000000000000000
000000000000000000000
000110110000000100000
100000010000010001000
000000000000100001000
101000000001100000000
001011000000100000001
000001000000000000101
000000000001000000010
000000000100000011000
000001000100000101000
000000001000000000000
000000000000100010000
000000000000111001101
000000000010000001000
011000000100010000000
000000000000101001110
000100110000000000000
100000000100100000000
001000000100000000100
000000001010000000100
010001001000010100000
001000001000000000000
010000000000110000001
000100000000000011000
000001000000000100000
000011000000000000100
000000000000100000000
000000000001000000000
000001100001100001000
100000000000000000001
100000000000100011001
001000000000000100001
000010000000000000010
000000000100011100000
100100000000000010001
000100000000100000100
100100010000100000000
000000000000000001010
000000000000000110000
000011000100010000000
100000010000001010100
001001000000100010000
000000000011000000100
000000000000000000000
000010000000001000000
011000000000100011000
010000000010000100000
011000000000100000010
000000000101000000100
010000000000000010000
100000000000001000000
000000000000000000000
000000000000011010001
000000000000010000000
001001101000001000000
001000000000000000100
000000110000100001000
100000000000000000100
001000010000100000001
010000011000000000000
001100000001000000001
000000011001000000111
000011100001100000001
000000100000001000000
000000000000100000001
110010000000000010001
001000000100000100000
000000000000000000000
000100000000000000000
000000000010001000100
000010000000000000000
000000000000000100000
000000000000000000000
000000100000010000000
000000000000101000010
000010000000000010100
000010000000000101000
000011001000000000000
000100000000010000000
000010000100000010001
010110001000001010001
000110001100000000010
000001000000010000000
001000000001010000100
000101000100010000000
001000100011001000000
100000000000000000000
000000000101011000010
001000000010000001000
100000000000000011000
000000001000000000010
100100000000000000100
000100000000000000001
010000000000000000010
000000000000001001000
001001000000010010000
101000000000001000010
011000000001000000001
101010000100000001000
110001000100000000010
100000100000000000100
100000000001101100100
000000000000000100001
000000000000000000000
000001000000010001110
