400 21
000001000000001001011
000000001010001000010
100111100000000100010
010010010011000000011
111101000000000000000
000001000001010001000
000000010000000001000
101100000100000110100
000010010110100010100
010100000110011000000
100000011010100000010
000110010011010000010
000000011000010100011
100101000111000100010
010000010000011010111
010000000000000000000
000000001000100011010
100010000000001000010
010100100100000000000
001000001100000111001
001000100011000000100
000010010000001000000
000000000000101101000
000110001000000100000
000100010100001000000
011001101011110110000
000000100010000000000
000000000000000000001
000011010000010000010
001010000100010000000
001000000010100000010
101000000010000011000
010000000001100000000
000100001001000000010
100000000100000001010
011010000000100010100
001011001001000001010
010000000010001101101
000000000000000000110
101000001000101000010
101101010001010000000
000000010100000100000
000011000100100000000
000000110010100000000
000000100101000000001
000001000001000010000
000011000001000010000
100111100000000000010
010001010010000010000
011100010011010110100
000000000100100100100
000010000000001000000
000010000010100000001
010100000101100101110
001000000000001000010
010000100001010100100
010010000001001000000
100001101100001011011
000100001001000001110
000010001000000000000
100010000010000000101
000000100100011010000
000010001000011000000
000000110000000110000
010000000000010000000
001100100100000001111
010000000000000101001
010000000001001000001
000000001000000000001
101100000001010000100
110000111000000000001
001000001100000000110
000101100101000010100
010000000010101000001
101100101100000001100
001110100100000110011
100000100110110000000
000100001000000001100
010110001100100000000
000111010000001000001
010001101000101110111
010000000110001001000
000110100110111010000
000101100000000100000
010011001111001000000
100000001000000000011
100100010110001000000
001010001101000110000
000110000100111010001
000000000001001000100
010001000000000000010
001010001000011011010
000010010001000011100
010001000000000100101
001000100001000000000
000000001010001000000
000000000101001011000
100000000000110011001
000000000001000000010
000010100000010101110
000000000011001110000
001011100000011100100
000111001000000100000
000000010000000001100
000110000000000000100
000000000000110010011
100000100000001110100
000010000001011000000
001010011010000001000
001000010000001000000
000010101010001010001
010010000100000100000
001000010100010000000
100010000100101000000
000100000000010001010
010010000000100000000
111100000101011000001
101010100010100010100
010010110000000001000
001000001001001000000
000000101000000000000
000000000100110000100
100010001000100001000
000010000000100100100
001110010100000101000
001000000000000001100
100100010000101000100
001000000100011001000
000100001001000000001
011000100000101000101
000100000100001001010
000000001001000001100
001010001001100000000
000101100001000001101
011001001011101011000
001000000100000000000
100000100100000000001
000011000000100110010
000000101011000000101
000000001010100000000
100101000000010000000
001011010100100000010
000001000010000001000
010000000001100101000
000100000000101100100
000000000100110000010
000110100001000000000
000100000100010001001
001010000000010010000
100000010011000000100
100110101001000000000
000000100010000100100
100000000010000101000
000100010000101110000
001011000000110000000
011000101011001010110
100000100001010000000
000110000100001011000
010010100001110000000
111101001000001001001
000001100010011001011
010000110000000000000
000110000010000000000
111101001000001000010
101000001001011101010
100000011000000001001
001001000101100001010
000000000000100000000
010001000101000000000
001010100001010110010
100100000001001000001
000101111000000000010
100000000000000000100
000000101101011000001
000100000010010100000
000010000010010100101
001011100000100011101
000000000100010000111
000000000000000110000
010010000011000101100
100000000100010001011
001001000000010000000
001001000001000000000
100001010001000011000
000000011001001110000
101011100000000010010
010001110000001000101
010000001001011100010
000010100000110001000
000000000100000000101
110000000000100100000
010001000100111011000
100101000000001010000
100000000001001000000
000000000000000011100
111000001100000100000
000000010001010110000
000000111011001001100
000000100000110000011
100000100101100001100
000000110111000011001
000010011000000000000
001100011000001001100
000001011000010001100
010011000110100100000
000010000101111000000
000010011100000000001
010010100000010100011
010101111000001010110
000110011001010000000
000000010010100000100
000000100011000000011
000000001000110010010
000000000000010000000
001000000101100001000
000101101010010000000
010000001010000001001
001101001001101000100
001001111101000010000
000101100000001100000
100110100101000000100
000110110000000001000
010100110100000110010
010000011100000001000
000010000000010010000
010001110110010100000
010001001000100000000
000000110000001101010
110000000000110101000
111011001011011110000
000000110000001000001
000010110000100110000
000101000000001100010
000000000010110000000
100000011100100101000
000000011010010000010
000000010000000000001
010010100100011010010
001011010101101100000
011000100000000110010
010001110001010001001
011100000010000001100
001100000100000011000
001000010001000010010
001001001000000010000
001000000010100100001
000010000100000100011
000000100010001001100
111000000010000010000
001101100001000111100
001001000010010100000
000000001001010001010
000010010000100000000
000000001000011000001
001001000110010000011
110000000001000010001
100010001001010001000
000100010100000100000
011000010000100000100
110010010100000110000
011010010110010100010
000110000000000000001
000000000000000000000
000110000110000000110
000000000000000000010
010110100010000001010
000000000001111001101
000011010000000001000
001000010001011000010
001010111101010000000
001001000000100000000
000010001101001000000
011111010010000001000
111100001010000000010
101100001001000000010
000001011010001010000
000010100000000000000
001101000001000001011
011011000001000011010
000000100100000110000
010000001010000000001
000000001010011000110
111000010100000001000
001001101000000000100
000110100010000101000
000001110000001001101
000001000001100101110
001010000110100101000
100100000000010100000
110011000000010010000
001000000000000001101
010000100010001000100
000010000000000000001
000000100001000000000
110010100000000101111
100000000000110010100
100000010100010000000
011100111000010001000
011010000000000000000
100000011000000000000
000000000000001011010
000001000000110000010
110001011000000100010
101000111000111000100
001110000010000111100
000100110000001010000
000111100000000010100
100000101000010011000
000010110000001101010
000101000000100000000
010000000010000010000
011000001100011000000
000000100000100000011
000010100000010111000
000100110110000010000
000011010000010010000
001000000000000010100
100100000000000000000
010001100000110100010
100000000100100001000
000110011000001001000
000100001000001010000
000011000000100100000
000101010011100001100
000101010010000100000
100000010000110010100
011000100011010000010
000100111010001000100
010000000011001000000
010000001000000111000
100011001000010001000
100100101100000101000
000110000010000001000
001000000000001000000
100010000000100100100
010000000110001100100
000000000001000101000
100000000010000000010
111000001000000101100
111000001001110010100
010000101010010100010
010101010000000010000
000100000001101000100
000000000000000000100
000011110101000000101
000101001000001110011
000100000000000000110
000000001000000100010
011100010111000000011
100000100010000100000
010010010000000100100
000000000000000100110
001100100000101001010
001100000110000000001
000001011110100000000
000010001100010010000
000001101010000110100
001000000000100000010
000000000010000100010
000001101000000011011
000110100000011010100
000110000000100000000
010001110001000000100
010001000001001000000
010010001000000000100
000001010011000010110
010000000000010101010
010111000100100010000
010000100000100000000
000110000001101000000
100010001000100100100
000110111001000010010
001110001101000101001
010001000001001010101
001110000010010000001
000100011000010000000
110010111011000000010
000000001000010010001
001000001101000000000
000010101000000000000
000000111111101110100
000000010001000101001
000111000000001000000
001110001000100101010
100111000000010001011
001010000010000000000
000001000000100100000
100100101011011001000
000101100101000000011
100000011001011010000
001000010000001000100
011000010000000000100
000010001000110000100
100001010000000000010
010000000000000010000
000101000110100010001
000110000100111000111
101001010001000111010
000100110000000000000
101001000000000010000
400
100000000101010000001
100000000000001010000
000010011000010010000
000000000100000000100
000100000000000000011
100000000100000000010
000000000000000100000
000000000000010001000
000001000000001000000
000100000000000100000
000000010000001001100
000000100000000010000
000000000000001010000
010000000000000110000
000000000000010000000
000000000000000000000
000010000000000000000
000000000011000001000
000110000110000010000
010100010000000101000
000000000000001000000
000010000000001000000
100000010000001000000
001010100000000000000
010000000100001000000
010011000000100000000
000000001000000000000
000000001000000001000
010100000000010000000
000001000010100000000
000001000000000000010
001000000100000010000
000000000000000000000
000000100001001000100
000000010000000000000
000000000000000100000
000000100010000000000
001000011000000000000
000000000010000000100
000000100000000100000
000000000000000000100
000000000000000000000
000000000100000010000
000000010000000000001
000000000000010000000
000000011000000000100
000000001010000100010
100000000000100110000
000000000000100000010
000000000000001000010
000000011001000010001
000000100000000000000
000000000000000000010
000000010000000110000
000100001001000000000
000001001000000000011
000000000000000000110
000000010000000100000
000001000000100000100
000100000000100000000
010000010000001001100
010011000001000000010
000000000000001001000
000000000001000000100
010000001001000000000
100000000100000000010
000001101000000000000
000000010000000000000
001000000000000010000
010010000000001000000
010100010101000000010
001000000000000000100
000000100000000000000
010000000000000000011
000000001100000100010
000100000000000000000
000001001000100001001
000010100000011000001
000000000000001010010
000010000000000000000
000000000000100010000
001100000100000000010
000000001001000000000
000000000000000000000
000001000000101100000
000000010010000000110
000000000010000000000
010000000000000010011
000000000000010010000
100000000000001011100
000000000000000100000
000001001011000001000
000001001010000000000
010101000000000000000
100011000000000000000
010001000100010000000
000000000000010001110
000000000000000010000
010000000010000000000
000001010010001000000
000000100000011000000
010010000000001010001
000000100000100000000
000000000000000000000
000000000000001010100
000000100000000000000
000000100010000100000
000001000001010000000
000001010010001000010
000000110000100000000
000010101000000000000
000001000000000001010
000100000000000001100
001000000010000100000
101100000000011000000
001000010000000000000
000011010000100000000
000001010000000000000
000000001000001000110
000100000100001000000
000000100000000100000
100000000000001000100
000001000000000000011
000000010100000000000
001000000000000010000
000010000000000100100
001000000000000000000
000001000000000000000
000001001000001000000
000000001000000000100
100000000000010000000
000000010001000000110
000000100001000010001
000000100000000000010
000100001000000011000
000000000000000001000
010000010000000100000
010010000000000100001
100000000000000000001
010000000100100000010
000000011000000001011
010000100000001000000
000000001001000000000
000001000100000100000
100000000011000100000
000000100000000100000
101000110000100100100
000000001000010000100
000001000000000110001
011000000000000010001
000000000000000010000
101000100000000000100
000010000000000101100
100010000010100000000
000000000010000000001
100000000011001000001
000000000000001000010
010000000000010001000
000001010000000000000
000100000000001100001
100000000000001010000
000000000101000000101
000100000001000000010
000000100000000100110
000000000000010000000
000001000100000000001
000010000101000000000
000000010010001001000
001001000000000001000
000010100000000001000
000000000000001000010
000010000000001100000
000010001100000000100
100001011000000000000
100000000000100010000
010000000000001000000
000000000000000000100
100000000000010000000
100001000010000000000
000000010000000000000
100001100101100000000
101100000000001100010
000000000000000000010
000001000101000001100
100011000000000010000
000000000010100000000
000000001000000101000
100000000000000000000
001000000100000100000
000000011010000000010
000000000000000100100
000000001000000000010
000000100000000100010
000000010100000000000
000000000000000010001
100000010000000000010
000000000100000100000
000000010000010000000
100000010011001000101
001100110000100000000
000001000000000000000
100001000000011000000
000000000100000010000
000010010100001010000
010100000100000000000
000000000000000001000
000000000000000010000
000111000100001001000
001111000101001000000
000000000001011000000
100000101010111001000
000100001000000000000
000000001000101000000
000100001010010010000
000000000000000100011
000000010000000000000
010000010100000111000
000000000000000000111
000000110000100000000
000000000000000011000
010000010001000000000
111100010001000010000
001000000010001001000
001001001000000000001
000000000000000000000
000000000000000000010
000000100100010000000
000000000000100000000
000000000101000000000
000001000000001101011
000001000000100000000
001100001000100000000
000000001100000011000
000000101000000000000
100000000000000010000
000000000000001000000
100000000001000000000
010000000000010010000
000000001010000000011
000010000000000001100
000000000000010000000
001000000100000001000
000001000000010010010
000001000100010010000
000100000000000000011
110000001000110010100
000000000100000100101
000000001000000000000
010000010010000000000
100100100100010000000
000001100010011100000
010000000001000000011
000000000000000000000
100000000001000000000
000000000100110100000
000100000010000000000
000000010000000100000
000000000000000000000
000000001000000110010
000000100001000010010
000001010000000000001
010000011000000010000
010000000000000001001
000100100010100001100
000000000100111000000
100000010100000000000
000010100100000010001
010110000011001000010
000000000101000001000
010000000110000010010
000001100000000000000
000001001000000000010
000011000000010000000
000101000010010101000
010000000010010001010
100000001000011001000
100000000001000100000
000000000000000000100
000100000000000000000
101100111000000000010
000000000000000000001
000000110100100000000
001000000000000000000
001010000000000000000
011000100000100000000
000000000001010000100
000010000011000000110
000100100001000000000
100010000000100100000
001010000000000000010
000000000000000000001
000010000000010001011
000000000000000000000
011000110000001000000
000000000100000010100
000000000000000100000
000001001000001100001
010000101001100011010
010001001000001101000
101010000000000000000
010000010000000001001
010011100100000100000
000100010000000000000
011000110000000000010
000000101001000000010
000000000000000000000
100000000011000000000
000001000100000000000
011000000010000000000
000000100001000001010
011100001100000000100
010000000000000000000
100000000000000001110
100010000011000000000
100000000010100100000
000000100000000000010
000001001000111000010
000010000000101011100
000000010000001001000
001000000100010000010
000000101000000000000
000000011100000000000
000000000000000000110
001001010100000001000
001000100010000100000
010100000000000100000
000010001000100000110
000000000000000000011
000100000000000100010
000100001000000000100
010100010000001001000
000001000000010100000
000000000111000000000
010000000100010001001
000000010000001000000
000100110000000000000
000000000000000000101
000101000100010010000
000001000001000010001
100100000000101000000
000001000000000000000
000000000000000000000
000000000010100000000
010000000110000000010
010000000000000000000
000100000000000000000
000000100000010100001
000011000000000000000
001000001001000000100
010100010000000000000
000010000000001000000
001000000001000000001
010000010000001011100
000000000000010001010
000010101000000010000
010100100100100000000
000000000100000000010
000000001001000000000
000001010001000000000
000000100000000000111
001001010101001000000
000000000010000000100
001000000000000100011
000001011001000000001
000000100001001010000
100000011011100001000
000010000000000000001
010000101000000001110
001001010000000000100
011100000000001000100
010000000010011000101
000010000101000000100
000000100001000100000
000000000000000010001
000100000000001000000
100000001000000001000
100000000000010000000
000000000000110000000
100000100000110000100
000010001000100000010
110000000101000001001
101000000110000000000
000000000000000000000
110000000000001110000
100100101000001000100
000000000010100000100
001100100000100010000
001000000000000000100
000010000100000101100
010000000100100010000
010000000100000000010
000000011000101010010
000010000000000001001
000101010000000000000
000100000000000000001
001000000001100000100
000000001001000100000
010100000010001111000
000100001000000000000
000000100000010000100
