500 21
000010001001000010000
000101000001000010001
000011101001000100000
000000000000100010010
010001010000000010100
001010001001100100000
100000001000000001100
100100010110000000000
000000000010000100100
100001100100000000100
000010010001100011001
000011000011011101100
000101000010100000000
011000001001100010010
000010000000101010001
011100000000110111001
100010010000000000100
000000100000010000011
010100010000010010100
010001101000101000110
000001010100000100010
000000000000100000000
001010000001000110000
011010000000100010000
001111000000000010100
011101101101100010110
000100001000000101000
000000100001101000000
001001010111000000000
000001000010000000001
000000000100000000000
100010000101000110111
100010011000100000100
001010010001001110001
000000100001000000000
100000010000100100100
000100001000100000010
000000001110110000000
100000110000000000010
000000011001000000010
000010000000010101111
010010001100011100010
000010100000000100001
001000110100000010000
010100001011000000011
010010011000000000010
000101010000000010000
001001000000001010011
000011001000101101010
101000000000000000001
000000001001101101000
000001001000100100000
010000000001001000000
000000000001010001110
101000000100100010001
111101000000000000000
000011000000000000000
000010000010000000000
000000000010001100001
101000000000110000001
001010000011000001100
000001000000010000100
000100000010001001100
000100111000000010001
100110000001100001000
000000101010000100000
000010000010001010000
001000000001001000001
101000010001001000001
001111000000100010011
100001101100010001011
011100001000001000100
001110000000001100010
110000101101000001000
000100001000000110011
000000000010010000101
010111000110100101000
010000000000101011000
110000000000000000000
000000010000000100010
000100000000101100001
111100100001100000100
101111101000000010011
000001001001001001000
000001000000100000100
000001000000010000000
000000001010011010000
000000111000100000101
000000000000100110000
000000000000000000101
101010010001000001110
110000010101000000000
000000000101101000001
000010000000000000000
000001001000110000010
010000000100000100000
010001000000100000110
000000001000011101000
000001100100010010000
010011100011100001100
110100001000000010100
100000110001000000010
100000100100001000000
000000000000000001010
000000101101000000000
010100000100011000000
001001110100000000010
000100000010111010100
100010110001000100000
001100001110010110100
101100010000010000000
100000000001000000010
000000000000010000010
001000100100011000001
000000001100000000001
000100000010001000000
000001001011010110000
100010001101000000101
001000000010111000100
100000000100010000000
010011010000001000100
010010000110000000000
101011000101000010100
001001010000110001101
110100000101010010010
010100000000000000000
000001000000000000000
101000001110100000100
000001011100000001100
011000000011001101110
100010110010000110110
000000101000000010100
011100100000000000100
000010010000010100010
101000100010001001000
000000100000010001000
100000101000000000100
000010011001100110010
000000100000010000000
001000011000010000001
000110001011100000000
110101001000100000100
010000010001100010101
000000000100001010000
000000110001001010100
011000000001000010011
011101000000100001000
010000010001001001001
101100000000001110001
001010001100111000000
101010010000001010000
010000000010010011000
010001100101001100000
111000000010000000111
010010000000000111000
000001010000100000011
100000100001001001001
010011110101100011011
001000010000010000101
000000100101110000000
010010001010010110001
000011010000010000001
100110011010000001000
000001100100000101011
000000000010100101000
000100000010001010001
111010000010010000000
100101000000000000101
110101001001000101000
100101100000000000000
000010100001001010000
000110100000100100100
000001011000100111100
100000100001100001000
000000110010100000000
000100010100000001101
011000011001000001000
101010001100000010011
000001000010110101011
000000010000001001000
001101110000001110000
010010000001000001010
001100011000000000000
100000010000010000000
100010001010010011010
100101001110010110000
000100000010001011100
100001010010100010000
100000000000001100001
110000001100000001110
110000100000100000010
000100000000000000001
000000111100010011010
110000001010100000000
000000110010100110000
000000010000000110010
000000010001011110000
000011000100000011010
000110000100100000110
110111000100000111000
001100000100000110110
110010001101010000110
001001110000100011010
000010101000000000101
010010000101000000110
100110000000010000000
000000010000001000010
000001011000000000110
010100010111001000100
111001010000000001010
000000000100001000001
000011000000010000100
000001000100011100110
000000010011001000000
001001000010000001000
010001000001000000000
100000100110000001100
001101000100000000101
000000101010001011100
101101000000001101010
000001000101010000010
110000000000000110000
100000110000110100010
000010101000110000000
000000000010101100010
100010100000000000101
010000100010101010010
100000010000101110100
100100000001010000000
010011001011001001000
000100000000000010101
001000010000000001101
000010000101000100000
010000100000110001000
101000000100011000001
100000011001101100000
000010000000010010000
000000001010000100100
110100000110000000000
100000111100101000000
000011100110011001000
011010000001000000001
000000001000000101000
000010101100001100000
101000000001001000011
101010101000000110001
000000000000010011000
001000010000010100000
011001100000011100000
000010101001000010001
100101000000010000100
000011101000000001100
000000000000000001111
000100010001100000011
101000000001001000001
011001000000100000001
000000000011010000000
101100001001000110100
101010110010100000000
000000010000000001000
100000000001010001001
010000000110000000010
100010101000111010000
000100001100111101000
010000001101100001011
001000000001000001000
001010101001010000101
001000101100000100111
000010010100101011010
100101000000000000000
000100010001001000001
100000000001001000000
100000011110001100000
010001000000000100000
000001000000000010001
000010100010001010100
000111010000010000010
000001000010000000000
110000010001000000100
010000100010010000001
000111100100000101010
100010000100100001010
110100100001000001010
000010000001000001001
000001001110010000010
000000000000100000010
001000000001000000000
000000001000000000101
001001000000001010100
000000000000000000000
100100011001000000000
000010110000101101101
000010010000100000100
100110100000101000100
001000000001001001001
000100000100101010000
100001100010000010011
010000000100000000000
010100000010000000000
000001000000000110011
110100000000101000000
000110000011000010010
110010100011100011001
000011000000100000010
000000001000000001110
000110010000111010110
000000000000000011100
000010100001000001100
100110000000001001000
010100000001000000000
000010000100010001000
000001010000101001000
001110000000001010100
101001011100001000000
000101000100010010000
100000000001000010000
010010010010000000001
101000000011000100101
010010010000010000000
010000000011101100000
010010100010000000100
100110000100010100001
000001011000001010000
000010010010100101000
000100011010100000010
010011010000000011000
000000000000010000100
000000100101100010000
000001010001000101001
010000101100000100010
010100001000000100011
000101000001000001000
011110000000010010000
001100000000000100000
100000101100100001101
001010000011000110000
001100110010000110000
011001001010000100110
001000101010000001001
000011010000000000001
010000001000001000100
110100000000000100010
111000000001000011000
000000110101000000000
000100010000100001010
110101101010000100001
110000011100010010001
000011010001100000100
010001000001110010100
010100001000111100100
010100000010000100011
010000110110010110000
000000000011000000110
000010000000001100000
000000100001001000100
010010000111001000010
101000000110001101100
100000000010000101000
100000100001000100000
110010011110010110000
000000100010010010001
101000100000000000010
000011000000010101100
010010010100000100000
010000000110000011010
000000110101010110010
000100100010000111000
001011000000010000100
000000001001001000001
100001101001000000101
001000000000000000000
010000000010010000010
011000010000000100000
010010000011100000100
001100100101100010011
100000100010001000101
100110010100110000101
000000110001000001000
000000001000001010011
010000010000010000001
001000000001001000101
000000100000000001000
100001000000010000101
010010000000011000001
101000000010000101000
000000010010101000001
010000010110001010110
000000000000000001110
100000100010000100010
100011010000000101000
001010100000010001001
010010000010000000000
001010110000000011000
000110000000100010010
000101011100000001000
000001001000000000000
010010110000101010000
010011000010101000000
001100010000100000000
110101000001000001100
000001110010000000001
000000100001011000110
101000000000110000000
000100000010000000001
100000010101001010010
010000010000000110000
010011000100000101000
110000000001000001001
001000000010100000000
000000100000000100001
000101000000000001000
100111010010000000100
001001010000001100000
000010011100000100000
000000001000000010100
011000000100010001000
100101010000110010000
000000100110010110110
000010001001100010000
000010000000000110000
000001001000101000110
111000010000001001110
000101000000010000010
000000000000000000100
100000010000100000001
110010001110010010001
110000010000000010000
000000010001100001000
110000000111010000110
000001000100001010000
000100100000100101000
000000001001101000010
100001101000010011000
111100001000010000010
000010000101000101110
001001011100011010010
110011000011000010001
000000011001111010000
000000001000100010100
100000011100001100001
101100111100000100000
001010010001100010000
001001000110011001000
010000000001100100010
000000000010100011010
000000000010000000101
101010001000110000101
100101000110000001000
101011001111010011100
001100001001110000100
101001010100100000111
000000101100000000100
100101000011000010001
000111000000100000000
111001010000000010000
001000100000010100100
010010000000001011001
000000000111110000000
110100010010000000000
000010010000010001010
000101111100100001100
100000000111000000000
010000000001100000000
011000100000101000000
100110000000100100000
000010000100101010000
110101001000000000001
000010010100011010110
000000000010001001100
001001100000000100100
000100110110101000000
100000100001001000010
010000000000001101010
000001100000000000100
000000101001000000100
000110000010000100000
010000000100111000000
100010000100000000010
000000001010100000000
001000000100010011010
000000000000110110100
000000000101000100010
001000010100000010010
000000000001000011000
010010000000010010011
001111000000010000100
000110010111001000000
100100000001000100000
000000000000010100011
000100010000011100000
000001110000000111111
101111100010001000000
000001010000001010010
110100000010010000001
110000001101000000000
000011000010010000000
000000000000010100000
010111000000110110000
000100001101010100000
100000100110000010001
1000
000000000000000000000
000000000010000000011
010010010000000000000
000000010010000010000
110000110000100010000
001000000010000000000
000000000001000000000
000000100000100100000
101000000010000000100
000000010000010000000
100101011011010000000
001000000000000000000
000100000100100000000
001000000000000000000
001000100000000100001
000100000000100010000
101000000000001100001
100001100110000100100
000000000010000000000
000010000100000100000
000001000000000000100
100000001000001000100
000000010000000010100
001001000000000000101
001000010000000110010
110000000000000100000
010010000000000000000
010000000100000000000
000000000000100000000
010011000000000000000
101011000000001000000
000001000000001000000
010100000000000010100
001100100000001010000
001000000100000000000
010001010010000000010
001000100000000000000
000100010000000001000
000000001000001001000
000000000010000000000
001000000000000000000
000100011000000000001
000000000000001000010
000000000000000000000
000010000000000000000
110000100000000000001
000000100010000000000
100010100000001011000
001000000000000010000
010100000000000000000
000000000010000000100
000000000101000000000
000011010000100010001
000001010000000000000
000100100000101010000
010000010100000001000
000000100010000000100
010000000000000001000
101000000100001000000
000000110000000000000
000000010000100000000
000000011000001000100
010000010000000000000
010000001000011000010
000001100001000000010
000001000000000000000
000100001001000000001
000000000000001000110
000000000000100000001
001000000100001000000
000100000100000100000
000100000000000000000
000000000001000000100
000000100010010000000
000001000010000000000
000000000000000010010
010001000000000000000
000001000000000100001
010000100010111000000
000000011000000000000
000100100100101000000
100000000010100000000
000000000000100010000
100000001000100100010
001010000000001000100
000000000000000000000
100100100000100000000
000000000001101000000
001000000000000000000
001000000000000010100
000100001010000000101
000010010000000000000
000000101001000010001
000000000000000000000
000000000000000000000
010000000000000001010
000000000100000000000
000000010000000000001
001000001001000000000
000011100010000000000
001000100000000000000
000000000001000010001
100001000000000000010
000001000010000100000
100000000000010000000
000010000000010000000
001010000010000000010
000000000010000000001
000010100100100001101
010000000000100010000
000000000000000000000
000010000100000001000
100000000000000000010
000100000000000001000
000000100010000011000
011000000000000000101
010000100001000000000
000001000000000010000
000000000000000100000
010000001100000101100
000000010000000000000
010010100000000001100
000100000000000101001
000000000010000000000
100000000010010000000
100010000000000000000
000000000000001001001
000000000000000000000
010000000000001001000
000001000000000001000
100100000000001010001
000000000000000010000
100000000000100000000
000000100000100000000
001000000000000000000
000000000001000000010
010000000000000000000
100000000000000000010
000000100001001000010
000010000000001000010
000000000000000000100
011000000000000000000
011000001101000100001
001000000000010000000
001000000000001001100
010000001000000000100
000000100100001001000
000000000000000101000
000000000010000000000
000000100010000000010
000000011100000000000
000000000010001000000
000100110010000000000
000000100000010000000
100001000000000001000
000010001000000110000
000000000010000110000
000000000000000100000
000000000000000000010
100000100000000000000
000010000000000001000
000011010100000000000
000000000000000001000
000110000000100000111
100000000000000000000
110001100000000000000
000100001101000001000
001000000000000000011
000000000000100110100
000000001011000010010
100000000000000000000
010000000000000000000
010000000000000000000
000000000000000000100
000010000010010000000
001000000110100001001
000001001000000010000
010000001010100000010
000000010110001010010
001000100100001001000
000100010000100000000
011000010000000000010
000000000000000000101
001000000110000100110
000000000000101000000
000000000000100000000
000100001000000000000
000001010000000000001
000010000000010000000
000000000000111000010
001100100000101010000
000010100000101000000
000010000000000000001
100000000010000010000
100000000010000001010
000000000100000101000
100000100000010000000
000000000100000000100
000000000101101000010
000000000010000000001
000000100000010100011
000000001000100001100
000000000000000000000
000000000000011000000
000000001000001000100
000000000000100000000
101000001000000000000
001100000000001011000
100000000000000100000
000001000010101000000
000000000000000000110
000000110000100000100
000001110000000010100
000000011000100000000
000000000010000000000
000100000000010000100
100000000001001000000
100000010000001000000
000001000000000000000
000110100010000000001
110000001000010000000
000001000001110000000
001001100010000010011
000000000000000000100
000101000000000100000
010100000000000000000
000001010010000000000
000100100110010010001
000000100100000000010
001100000000000010000
000101000000000100000
000000000000010000000
000000000001000000000
100000000000000000010
100000000000100000100
010000000000000000000
000000010000000000100
010000000001000000000
010000000000001000001
000001000000101000000
000010000000000100000
100000010000000000000
000000000000010000010
000100000000000000010
000000000101100000000
101100000011000000000
000100000100000000010
000000000000001000000
000100000000111001001
101010000000000000000
000101000001000000001
000001001001001000000
011101000001100100100
000000010000000001000
000000000000010100001
000000000100000000100
100000011000000000000
101000000000001000100
100100000000111100100
000000100001000001000
010000000010010000000
000001100010010000100
000000000010000000000
001000000010000001000
001000000000100000000
001000000001100000000
000000000000010001000
000100000010000000000
000010000001000000000
000010000000000000001
010000000000010000000
001100111010010000000
000001000000110001000
000100000000000000000
100000100000000100010
100000000000001000010
000000000000000000000
000100000000000000000
001000000100010000000
000001000000010000010
000001001000000001100
101110000000000000000
010010000000000000001
100010000000000000000
000000010000001001000
000001001010010000000
010000001011000010000
000000001000010000001
010000001101000000000
100001000000000100000
100000010000000000000
000000010000000001000
001011011000001001000
000001100010000000000
010000000000000000000
001100000000000000001
000000011000000000010
000000010010001001111
000000000000000000001
000000000000000000100
000000000000010000000
101000000000100001110
000000000000000000000
000000000100100001010
000000001000100000001
010000000000110001000
000000000100000000000
000000000001100000000
000001000100000000000
000000000000101110000
000000000000001000001
000100100000000100000
001000000100000001100
000000000000000000001
001000000000000010001
100000001000100001000
001000101100000000000
000000100000010000100
000010010010100000000
000000000001001010000
000010001000100000000
000000000000100000000
000010000001000010110
000000000000001101100
000000000011000100000
010000000000010110010
000000100010000000010
000010001000100000000
000000000100000000100
000000100001110100010
000100010000000001100
000000000000100100000
010010010100000000000
000010000000100001000
011000000000100000000
110000110001000010000
000100000000000000000
000110000000000001000
001000110000000000000
000011000000010010001
010000101000000011000
000000000011100000000
000000010001010100000
100000000010000000000
000000000000000000100
100000000000000000000
000010000000010000000
100010000110000010000
100000000000000001000
001000000001010000101
000000000001000000010
000000010000000100000
000010000000001000000
001100000000101100000
000000000000101000000
000100000000100010000
101000010001001000000
100000000101010100000
000000000000000000000
001010110100000000000
000100001000000000000
010000000001000000001
000000000000000000000
000000000010000000000
010000001000011000000
001000010010000011100
100001000000001000000
000000001100010000000
100000000000010010000
001001000000000000000
000010001100000000000
000000000000000000000
001000000010000110000
001000000001000000000
000000000001001000000
001000000001000001011
000110000000000000000
010000000000000000010
000000000100010001000
000000000000000000001
000010000010010000010
000000001000000100010
000000000000000000001
000000000000000001000
000010101010000000000
000000010000000010100
000000100100000000000
000000000000010010000
000010000000001000000
000000010000000001000
000000001010010001000
100000111000001001110
000000000000000100000
000100010000000000000
001000000000000000011
100000000000000000010
000000010000000000010
000000001001000011000
100000000100000000000
000000000100100000000
000000000001000000000
000010000000000000101
000000000011100000000
010001000010100100001
010000000000100100000
010101010010000001010
001001000000100000000
000000001000100000000
100100000100000010000
101000100100000000000
000000010000001010100
000001000000000100001
001100010010001000000
001001000000000000110
000000000000001010001
001000000000100000001
000000010000000000000
100000000000000101000
000001010010010000000
000000000000101000000
000000010000000010000
000000001000100000000
000000001011010000000
100000000000000000010
000000000001000100011
000011000100010011100
000000000000000010010
000001010000100000000
000000001000001000000
011000000001000101101
000101000100100000100
110000001000000110111
000000000000001000011
000001001001000000001
000000000010000000000
010000100100001000000
000000000001000000100
000000000000000100111
000000000110010100000
000010001000000101000
000100000100000001000
100000100000011001000
001000000000001000000
100000000000001000010
100000000110001000000
010000000010000000000
000000000000000000000
000010000000000000000
000000000100100000000
000000000011000000110
101000010000000000100
000000000001010000001
000000001000000000001
001000000000000000010
100001000000000010000
000100000000010010010
000000000000100000010
000000000000011000010
000000101000100000000
000000000000010100000
000010000000000100000
000100100010000000000
001101100000000110001
000001000010000001000
001001100000001100001
100010100001100000001
000100010010000000000
001000010000000000001
000000100010000000100
100010000000000000100
000001000000000001001
000000000010000000001
010000000001010000001
000000000000000001000
000000000000000000000
100000100001000000001
000000010100010000010
000000000000100000000
000000000000000001000
000000001000010001000
000010100000000000000
000100000001000001000
110000000010000000000
000100000000100000100
001000000010001000000
101010000100011101000
010000001000001000000
100000011000100110000
000000000000010001000
100000000000010011110
000000010100000110000
000000000000000000011
000110000000000010000
100000000001000000010
000100001000000110000
011101000001011001000
010000010000000010101
000000001000000010001
000010000001101010000
000010000000000000000
000000000000000000000
100000100000000010010
011000001000000000100
010001000100000001000
001000000100000000000
000010001110100010000
000000110000000000100
001000010010011000000
000001001000100010000
001000100100000000010
000010100000001100000
000000000000000000000
001000000000001000010
100000000000011100010
001000000000000010000
000100000101000000011
000000100010000000000
000000001011000010010
001010000100000100010
000000000111100110001
001000000000010000000
010100000000001010000
000000100000100000000
001100001100010000001
000010000010110000000
000100000000100000110
100001000000000000000
011100100010000000100
100000000100000001000
000001000010000000100
000010000000000000000
000100000000000010100
000001000000010000000
000000001100001000001
100000000000010000000
000000000000000101100
000100000000100000010
001000000000000000000
001000000000001000010
000000000001000000000
001000000100001001000
010010000001010000000
010001010100000000100
000000000011000010001
000000000100110000010
000000000000000000100
000010110001000000001
000010000000000000000
000000000011000000001
010110000010000010000
001000010000010000000
010001000000000000100
100000010010000011010
000100000001000001000
011010000000000000000
001000000000000010000
000000000010000000010
101100010001010000000
000100100100000010010
001001000010000000000
000000000000011110010
000000000010000000000
001000100000000000000
000000100000001000000
000000000000000100100
100010000100001000000
000110001001000000000
101001000000001000000
000000100000000001000
000101010000000000000
000100000011001010110
010010000010000000010
011000110000000000000
000001000010001000000
010000001000000111001
000000000000000110000
000000000000001000000
001010000010000000000
001001001000001000001
000100001000101100000
000010001000010000000
000000000000011000000
000110000110000000010
000000001000000101001
010010000000001010011
000000101000001000000
000100000001001000000
000000010010010001010
000000000000101000000
100010000000100101100
010000000000000010000
000000000001000000010
000000001000000100001
100001100000010000000
000001000000000000000
000000001000000000000
001001000100000000000
000010000000000000000
000000000000010001000
000001000000000001000
000010000010000000100
000000000100000010010
000000010001000000000
011000000001001000000
010000001100000000001
000000001001010000000
100000000000000100001
000001001000000000100
000000100000010100000
000000001000000000000
110000000000001000100
000000000000010000010
000000000000000000010
000000110001010001000
100000010000000000000
000110000000101000010
000000000000010000000
000001001000000000000
000001100001000110100
010011010000000100100
001000000000000000001
000000000110000000000
010000000000000000011
001000010000000000010
000000000000001000001
000001001000000000000
000000000001000001010
000000000000000100000
000000000001000001011
000001101100000000001
000000100000100010000
010000000000010000000
010000000001100000000
000000000000100011000
010010000000001100000
000000001001101010000
000000000110001000000
001000000000000000000
000000010000000111000
001001110000000000010
001000100000001001001
000110000010000010000
010000110001011100100
010000000000100000000
000100101000000000000
000000010000000010000
000111001110000000010
000000100010100001001
001001000000000010000
000000000000000000000
000001000000000000100
100000000100000000110
000000000000000001000
010000010000001010001
010001000000000100000
000000000101000000001
100010000000100000001
000000000000000000000
000110100000000000001
000000100000000100000
010000100000000000000
000000000000000010000
011110001000010000000
000010010100100000000
000000000000101100000
001001001000000000000
001000100000001010001
000000000000000000000
000000010000000001010
010001000000100000100
000001000000001101000
000000100110001000001
111000000000000000010
010100000000001000000
101000000001010001000
000000000000000010010
000001100000000000100
001000100000000000000
001110010000100000000
001110000000000101000
000000000100000000000
000001000001000001000
001010000001000000001
000010000001100000100
000100000100000001010
000001000000000010000
000000000000100000000
000000001000000001000
101000100000101001010
000100001000000000001
000010000010011000000
001010100001000100100
100000000010000000010
000010000000010110000
001000000100011000000
101001000001011100000
100000100100000000000
001000000010000000100
001000000000000001000
000000000000000001000
000000000000000010001
001000010010010000000
000000010000000001100
000010000001000100101
000001110000001000000
000010000010000000110
000000100000011010000
010000000000110000000
100010000001011000000
000000000001000000100
110001000000001000000
000000000000000000101
000000000000100000000
010000000100000010110
010001000100000000000
000011010000110000000
000000010000000000100
010010001000000100101
000000000000101001010
000000000000111001000
000000000000000000110
000100000000100000010
000000000000010000000
000010010100000000000
000100100000000001000
100000101100000000000
000010001000000000000
000010000000000000110
000000000010001000000
000000000000000010010
000000000000000000000
000000000100000000100
000011000101000000000
000000011000001000000
000001000000000100100
000000000000100000000
000000000100000000001
000000100000010000000
100100101000100100000
011001101001000000010
000101000100000010000
000000001001010101010
101001001010000000000
010100000001000000000
010100001011000001000
000000000100000000000
000000000000010000000
000000001000000001010
000100001000000000101
000000000000000000000
001000100000000000000
000000000010000000000
000110000001100100000
000000000000100010010
000000000000001000000
001101000000000001000
000001000010100000000
000000000000000000000
000010000000100000000
000100000000000000000
000001000100101010010
010000100011000000001
000101000000000100000
000000100010001100111
100110000001000001000
001000000100000000100
000001101000100000000
000000010000000100000
000110000000000010100
000000000000000000001
100010001000001000100
010000000000100000001
000000000000100001000
001000000000010000000
010001000000000000000
100000001000010000000
100000000000001000000
000000001100000010000
000000000010100010000
000001010000110000010
100010000011000100000
000100000000011000000
000000000001001110001
000000000000000000001
000000000000000011000
000000010000000000010
000000010100001101100
000010010000000000000
000001000100001011000
000110000010101110000
100000101011100000010
001000000000100000000
000000000000000100000
000000000100000000100
000010010000010100010
000000010000000000000
000100000010000000000
110001010000010001000
001010100000100000000
000000010100000001000
100000000000000010000
000000000000000000100
000000000000000100000
000001000000100100001
000000000000000000010
010000100101000000100
000000001010000000001
001010001000000010000
100000000000010000000
001000101000100000000
000001000000000000110
000000001010000001011
000000010000000100000
000000100000010000000
001000100010000000000
100000100100000000000
000010001001001000001
000000000001000000000
000000000000100000011
000000000000100010000
001000000001000000010
000000010000000000100
000000100000001000000
000100000000000000000
000001000100100010000
000011000000010000000
000100000000000100010
011010101000000100000
001010000000001000010
000000100000100000001
001000100000000000000
000000000000000100000
000000000000000101000
000010000100011000000
010000001100110000000
000011010000100000101
000000010000000101000
010001010001010000000
100000100000010001000
010000000000101000001
000000000000000000000
000011000000100000101
110001000011000100000
110000100000000001001
000000000000000110001
010000000100000001000
000100001000000110000
100001100000010110000
000000000000010010000
000000000010010000000
000000000100010000010
000100000001010000001
000000000000000110000
010000000000000000000
000000000000000001100
000000001000011000000
000010001000001000000
000000001010000010100
000000000000000000000
000001000000000000100
000100000000000000010
101000001000010000000
000000000001010010000
000001010000000000000
001000000000010110100
000000000101010000100
000000000000000000000
000110000000000010000
001100000000001010000
000001010100010000000
000000000010000010100
000000010000000000000
000101010101001000100
100000010000001001000
000000011000000000000
000010000100000001000
000000010000100000100
000000010000111101001
000000000000000101011
000010000000010000010
010100100000000100000
000010000000000000000
000100001000000000000
000000010000000000000
000000010100000000000
001000001000000110001
001000000000000000000
000000000010000001000
000010000000000001100
000001001000000000001
010001100000000000000
000000001100000000000
011000100000000001000
000000000010001000000
010000001010100110100
001000000010000100001
100001000000000000000
001000000000000000000
000010001001000000101
000100000100000010001
001000001000000000010
010000000000000001000
000000000000000000001
111000000011000000000
000000000000100100001
001000000000000000000
001000000010010000000
001000000000000010001
001000000000000000000
000001000000000000000
000000000000100000000
000010010000000000100
100000000000000000000
000000000000000000000
000000001000000000010
101100010010000001000
010000110100101010000
010101000000010010000
000000010000101001001
001000000100010100000
000000000100000100000
010110100000000000000
000000000000000000001
000100001001000001000
000011000000000001000
000001100000000000001
000000100001000000000
000000000001000010000
000000001000001000010
000000000001000000000
100000000011001001001
000000010100000000000
000010000000010000000
000000000000000000000
001000000010000001000
000100001000001000000
010000000000100000000
000100000000000000001
010001001100000000000
000100001000000000000
100000110000000000000
000100000000000000010
000010110000000000000
010000100000100000001
000000000000000100010
000000100010000001000
000000000010000000000
100000010001001000000
000000000000100000000
000010000101000001000
000101000000000001000
001000000100110100000
010000000000000000101
000000100000010001000
000000001001000000010
100101000100000100000
000000010000100000000
010010000010110100000
000010000101000001000
000000000010100000011
110000000000000011100
000000000010000000000
001000000000000000000
100000000000000100000
000000001000000000000
000000010000000001010
010010000010000010000
000000010000110010000
000000000001010000010
000100000000010000011
000000000000000000000
010110000000000000000
001100000000100000100
000000100000000000010
111000000000100100100
000000000000011010100
000110000000101001000
000000000000000000000
000000000001000000011
101101100100000100000
000000000000000000000
000001000000100010000
000100100001000000100
000000000001001001100
000000000000000000000
000011000000000000000
000011000001000000000
000000100000001000000
010000010000000000100
010001010000100000100
010001000000000001000
001000000000000000000
000000001000100001000
000001000100101000001
000000000100100000000
001000010000000100000
000000101000000000011
000000000000000100001
100001000101001000000
100000000100000110000
