750 21
010101100111100000000
000001000101001010000
100010000100001000000
100000000000010000100
000010100000100000000
000010001001001100011
101000010100101111001
000000000010001001011
000000011000111000100
010000110001000100011
100010001100000001000
000110001010000100000
000010000000000000100
110100111000000000101
001101111100010010000
100100010010000000001
011000000000001010001
100000001101010000100
000000010010001000011
110000100000000010001
101000001010100001000
000001010100000110100
100000010011110101001
010000000000001010000
000001010111010100001
000001001111000010000
001000100100100010000
000110011000010000100
000010000011000001000
000001000100101100001
001010000101000111110
100100001000000000001
001100000000000000000
000000000001110010100
000000000100001000000
101100000010000110101
010110000100000010000
000001000000000100010
011010001000001011100
110010000100000000000
001100111110000010000
001111001010111010100
001001000001010000010
000100000000000000000
000100010100001000001
000000000001111100010
010000000000100000001
001010000001000101010
001001000101101000100
000000100101010010100
010110100010110011010
010110000011000001000
000110001000001100000
000001001101001001001
101000100001000100100
000000000100011000001
110100100000010000011
010000011000010000000
000000100101000010001
000001000000101010101
101011000100100010110
000010111000010100111
000000100111000010100
001100010010000010001
001100000000101010010
010001110010000000001
000101001100000101100
000011000110000110000
001000000000000010010
000000010000010001000
011000001001000000011
110010000000001010100
000000000000100110010
100010010100000001000
001111000010001000101
000010000000001000001
100010000000000001010
011000000001000000100
000011110010000000000
000000010000010001101
010010000100111000000
010000001000100000010
100011001111000110010
000010000110100000010
100000000000001101000
000001001000001000101
000010000000000111100
001011001010000101100
110010100011100000101
001001000111000110100
010000001011101100011
010000100010000001000
000000100100011000100
100000011010110000000
100101100000110000000
100001010000000001001
010101100001010100110
101011000000100001010
000000000111111001000
000011000001000100000
000000011000001010000
000000000000001000000
000100010001000110000
010010000101000111100
000000010100000000000
000000001010000110000
000011000010000010111
010000010000000100000
001000010000010000000
100010000110110010000
010001000101000101000
101000100001100101100
000001010000000011000
000001000000000001000
010111011000000010100
000010000100000000000
100000010001100010000
001010000000111001010
001001000001000000000
000000000010000000000
000111000000000000110
000011001000101000101
100001000101110000000
110110010100010101100
101000000000100000000
000110000000000000000
001000100101001000100
000000100100001001000
000000000000101000000
010101000011010000110
000000111011000000011
100000001100000010000
100001010000001011001
001010010001001000000
010010000011010000011
001001001101001100000
000000000010111001010
000010001100101010111
000100000000000011100
010000010000100100000
000000010000010010100
110100000001000000011
100100000000110001000
001101100000100000000
100001000000100001100
000001100010001001100
010000110000100001110
000100101000100000000
100001011000100000010
000000001000000000010
110010010100110010110
100110011000001001111
000100010000110000010
110010000100000000010
100000010100000010000
000000000000000101000
010000000000000000010
000000110001000001000
100100010000001010100
010010000100000001000
000000010010000100101
101101011000001001010
010100101000010110000
010000000010001001000
001000011010001000010
100100010100000000000
000000101000100001000
000100010000101000100
001100101000001000000
001001001000000100110
001010000001000011011
000001010001010010111
000010100010010111010
000000000100100000000
000000010010000100000
010000000000010000000
000000000011100000100
100110000001001011100
010000001010000000011
110001000000100000000
101000010000010000000
000000101011110000000
000010001001100010000
000001010101010100000
000010001000000000001
101000000010011011010
001011000001000001110
000010000000000100010
000000010011010000000
000010001001100010100
110000000001000010001
100100010001110000000
000110000000111001011
100101111110011010000
100000001000011010000
001000010001000001101
000001000000100110000
011101010011100001011
000000001000011101000
000011000010000001000
000001000010000010000
010010110001000010001
000010000000000000000
110000001001000100010
100000010000010101111
001000000000100000000
010010100000100001100
000001000000100110100
001011001000000000000
000000010000010000000
001110100000000000011
000001000000000000000
100000000100010000000
010001110001000000001
010100000001000000100
000101000100100001000
010100100000000000000
000100000100000100100
000011000000001000000
010110010000010001101
001010001001100000011
010000000100000110010
001000100001000000000
001000000001100101001
000000000110010000010
000000010000000000000
001101100101100000101
000101111100110010000
100000011100100000010
001000000000001101001
100010000010010100000
010000010000000010010
000010000100000000001
000000001000001011000
000010101000010000000
010000011001000100000
001000010000000000100
001000000100000000000
000000000001001001000
100000000000000011000
011100000100100000010
000000001000001000000
001000000010100001010
000111000100011100001
111000000000000000000
000010000101000001000
010000100110100100101
000101000001000101110
001000000001100010000
100100010100001101010
000000100011001010100
000000100010001000001
110100000001000000000
010000000100100010000
000011001000101010000
000001000011101000000
011010000000010000000
000000100000000000100
010000110000010000110
100100000010100011000
001001010000000001000
100000000011000100001
000000000001000001111
010101000000100001000
000101110000000000000
011000000000000000011
000000011100000000101
000000000001010100000
000010001010100000000
001101000000000011100
000000001011000001000
001100010000000000000
010011010000000110010
100000000000000100011
001010010110000000000
000010110011001000100
000000010110110100000
000110000000100001111
001010100010000000010
001001000000100010101
010110001100101101000
100000001101100000001
000000001001100000000
100000000000011010110
110001100110010000010
001000100100100011000
100001010001010110100
000010101101111010110
010000000100011010000
100010000010110000000
110000111011000010100
011011000100000010001
100000110000100000000
001000011010000000000
000000101110000011111
100010100000001100010
000000001000000001001
000010000010010000100
001100000001000000010
101000001110001000000
010000000001100000110
001000000000000000100
011000000010000100110
101000010001000000010
000001000101100110000
000010000100101001001
001000000100100100000
100000000000000001000
100001011000010011100
000000100100001100100
001111010000001001000
000000001001000010000
011111001000011101000
000000101011010111001
010100011010010110000
000000100011100101000
011011010000000010101
101010100010000000100
000011000000000000000
010000000000000100000
011000000001000000001
110100010010000001100
010000000100010000000
011000001100101001100
010000000000000000000
000000100000000110001
100001000000000010011
001101000100000101000
001010010010010011110
000000100000000010000
000000100100001100000
000000001000000000000
100001000100110010000
100000100000010001101
010110000011010011010
001000000000001100100
001100100000000001010
000000100000000000001
000001000001000110011
000000000100010001001
000000010000010010010
000001000101100001000
000000000000000000000
000000110010000000010
000000100010100011101
001100110010000100101
001101000001000101000
000100101101010001111
011111001000000000000
000001101000100100001
100000010100000000010
011000000001000000000
000001010000000000011
000010100001011101100
001100000011011000000
000000110001001110100
001100100001110000100
001000000100101001000
100101100011100100001
010110010010010010000
000100000111000010101
000001000000100000111
100011110010000101110
100000001000100000000
000010011010100000100
100001100101000111000
000000101000011000000
010000010000000001000
011011000100001010010
000010100011001011000
000000010000000011001
011000000010000000101
010000000000100010000
001100001011101100000
000100111000001010001
000010000000100001101
010000000100000011000
001000010010001001000
000000100100100011000
010000010000101011110
001100100000000001000
101011011000010010011
101000000000101000000
100011000010000100001
000010101110101100100
001000000000110001001
010001000011000010011
000100000010101100000
100000010100010000101
001001110000010000100
100110100000100100110
001001000000000101000
000000100000000101000
010001011001000000001
100110000100001000000
000100000000100100110
110000000001010000100
000010010010000000010
100000010010001000010
001000001010000010100
001001000010100110010
000100000001100000000
100010001110000001000
000001100011001001010
001110010000001000010
000001000001010000100
000110010110010000000
100100000011100010000
001010000000001000000
110001010100100100001
100101100011011000000
101000000000000001000
001010001000001010001
000001000001001000001
100000000001001011110
000100000001100000010
000110001000110000010
000110001101100001001
011000001011000010000
100000000101001000101
000100001001101100000
001000000100100110000
000000101110000110001
000010000010000101000
101110000000010001000
001110000000011000100
000011100000000001000
100000000110000000010
000000001000011000010
010000000000101000001
100100000100110000000
001000101000000010101
010110000010000001000
000000000000011011010
000011001000000110010
000000100000010100000
111000000000010010011
000101000100000101000
000000100000000100000
000000011000010010010
110000000000001000000
000000101000100100001
110001001000001001010
000000010101100001011
100010010010100000000
100000100111000100111
001101000000001100011
010100000000101100000
000111000001000001101
000000011111010010100
000001010000000000000
000000000100010000011
101000000010100001000
001000000001010001010
100000010000000000000
000000011000010100000
000000010000110000100
000100001000100010000
000010010000110000001
001001001000000000010
000001100000000000000
000000001010101010101
100000000101111001000
001001110001000010000
110011010110100000011
000000000011000000001
001000001000011010001
100000000100000000010
000101010000001010001
000000110001000000001
000001001000000001001
001100000001100000111
110010111010001100101
000110000010011110000
000000000100100011010
100100100000000000101
001001000001001101101
100100001100000001000
000010111000001000100
000000010000101110000
110000010000000100000
010111010010111010101
010100101110000000010
100000001000001000110
010000000110000010000
001000000100001100000
010100011000010110011
010100000000000001100
001011001101000000000
000000000101000111010
000000100000001000101
011001010100000000000
000010001001010000000
100100000000000000010
100010110010100000001
000000000001000100000
000001000100001100000
000011000000100010000
000001000000001110001
011001001000000100110
001000001001110010000
100000000000000000001
010101100000000001001
001100100101000110110
100101000000001010010
000000110100010001000
000100000001000000001
001000100110000100000
110000010000011010010
011000100001000000101
000100100010000000010
100011000010101101010
111000001000100100001
000000001110000000000
100000101000010111000
010000000000111000001
001001000000010100010
000010001001000000010
110100100100000000010
110010000001110100110
001000000001010110111
011001000000000000000
000100110100000000000
000000000111001001101
000000001000001100000
101100100000010000000
000000000010100001100
000011010001000000000
000000000000000001100
000010000010000010000
101111000000000101000
000000000100000000001
001000000000000100001
110000010010010001001
010000000010000000000
100111000001110000010
110000000100100010110
000100001011000000010
000010001001001111000
000100100100001000000
010100000010000100000
010000000100000000000
100110001010001001010
000010000001000010000
000000000000000010001
101000000100010000010
100011010100000000100
000010100100000000110
000101010000000100000
000000000000000010100
100001001001000010010
000100010101000000011
000001000111010000001
101000001000000100010
100000010010111000100
000100010001100000101
000100000010000100100
100010100001000001100
000010001100000001001
000011000000001100000
000000100000010010100
000010010000000010001
100101100001100000000
010001010001100010001
000100000001010101100
000001000010000100000
000100010000100000010
010010000100101010000
000011100111001010000
010000000100101000100
100100101010000000100
001010100100111101011
000000000000000000100
000000000010000110000
001110000000000010000
000010000001001100001
000000101010110001010
100100010111100000000
110000000110011100101
001000001010101011001
000101010100000101000
000111001000000010000
100010001100001000100
011100010011000000110
100000000000101000011
100100001101100010011
001000000101000100110
001100011000100100010
000000001001000100000
011010001000000000001
010000000000100011000
010100101100000101101
100000010111000000000
100000010000010100000
000000000010001100000
001000000001011010000
000010000100100000000
100000100100010000000
110000010000010000000
010000110010010000100
000000000000001100000
001000100000000000001
011111001011100001010
101100100101001001001
100011110100100011100
001110000000000100000
001100000001000000000
000000010010001000100
001101000000000000000
000000111011101110000
011010010000101000001
100100010000110101101
010000010100001100001
001001010010010010000
011000010000100110001
010010011000000001110
100010000101000011000
001010100010001001010
100000010110001000001
011000000010000111000
011000000100001010110
000001010010100100001
100000001110001001011
000100000000011001000
000100001000010000000
011010000000000000011
001000001000100010000
000000110000110001001
000000010000010000101
100001000000000000000
000001001000000110010
000001000100000010000
100001000010010010000
010010111000010110000
110000010001100000000
000000011011001000000
000110011000000010000
000100000111000110100
010100000001000010000
110001000000000001000
110000100110000000001
010000010110011100000
000000001000000100010
101010111000000111000
010000100100000000101
000100000000001101101
010010000000000001010
001000010000001100101
100000001010000000100
001100100000100010010
000010000000011000001
000110011000100100001
100100000110001100000
000110001010000101000
001000000010000010001
001000000000010011000
001010100000100000000
000010110010000010010
111000110101000001100
000000000000011000001
101000000010000000011
000000000100010000001
000000100010000000010
101010000011000000001
000111000011100010101
010000001110010100111
000100101110001011001
000010000010010000010
110001000000100100000
100000001000001000000
100001001010100000100
000111001000010000010
010000000101000000110
000000100001011001010
000101000000010001100
100001000000000101000
011010000011000010001
010011000000000000000
000101001001100110000
001000100000001000101
100000100100101010010
001000101010000001001
000001000001000010100
001001000011001001011
001100000001010000010
100000100010111001000
000011010000010011010
000111000000000000000
001100000000000100000
000000011000000111001
000100000000110001101
110000001010010010001
000001000000010101101
110100101100100110001
001100001101000100100
000001100100010000000
001010000000010001000
000001101000011000000
111010000000010000010
000000110100110000101
001000000101010100000
010001100100100010001
010000000101001100000
000000100000001101111
011000100010010010000
010001001001001000001
000000000010001000011
001000110001011100110
010010000100101100110
000010001000101111000
000010000000000100100
100010000010000000111
010010000100000011000
000001001100010001010
000000000110000000101
100010000001101101001
011000001010000000011
000000010110011000000
101000011100000000110
000010011100001000000
100010000000100000000
000000001101010001001
010000111110010000010
000000011000000010000
010100010001000010000
000010100111000000000
000000010000000000100
000110000111000110000
000100100001100000000
010000000100101010101
010001111100000000000
000000011000000000011
000001000001000000001
110100001000000101000
101000100000001011000
100010010100100000010
010001010100100000000
001010010101000000000
000001000010000000000
001000000010000011000
000000001010000010000
000001100000101000100
110000100010001010101
000000110100000101000
100000000001000000001
000000100000000000000
000001010000001101000
010011100001100100000
000001000000001000000
001000001110100000001
500
000101000000000000000
010100000001101010000
000000011000000001000
010100000001001000000
000000000000001111010
000000010000000101001
000000000011100010000
001010000000000000000
010000000001000000000
010000100000000000010
000000010000000110000
000000100000010000000
000100100101000100000
000000000001000001000
000010000000100000000
000001000000001100000
000000000100000000000
000100100000000000000
010000000000000000000
000000000000000000010
000000000000000000000
000100000001000000000
010000000010001000110
000000000000000000000
000000100000100110000
001000000100000001010
000000100100000100000
000000010000000000100
000000000000000000000
001000000000010000000
000101000010000000000
111000001100000000000
010000010000000000100
000010010000000000100
000000100000001010000
000001001010000000010
000000000100000000010
000000000010100000000
101000000000000000000
000100000000000000000
000000000001000001000
000000011010000000000
000000001000100000001
001000000000100000000
100001100000100000010
000010000000001000000
000000011000000000000
100000000000001000000
000000000000000000001
000100000000000010000
000100000000001000001
000000000111010001000
000000001000000000100
000000100000000000100
000000001000000100001
101101010000000000000
100100100000110000000
010000000000000000000
000000000010100000000
000010000000001000001
100000010000000010000
100000000000001001010
100000000000000000000
000010000001000001001
101001000011100100001
101010100100100000000
000100000001000001010
001000000011000100100
001100000001000111000
001000010100001100010
000000000001000000000
100000000011000000000
000000100000000000010
000001000010000111000
000000000000000010010
100001000000000000010
000100000000001000000
001000000000000001000
000000000000000000000
000100000000010000010
001000000101001000000
001000000101000001000
000000000110010000000
000000000001000000000
000001000000010000100
000000000000010000001
000000000000000000010
010000000101110000010
001010000000000100000
010000000010010000000
001000000100000000000
000000010000000010000
000010000000000100000
111000000000000001010
110000000000010000000
000010101000000000000
000001000001000001000
000001100000001000000
000001000010000000011
010001001001100010010
000001000001000010000
000000110000000000000
000000100000001000000
000000000000000000100
000000000000000000010
001000010000000000000
001001000010000100100
010000100000000010000
000100000011101000010
000101001010010000001
000100000100000110000
000000000000101000000
000000010000001100000
001000000001000010000
000001100010000000000
000000000000000100110
010001000000100000000
000110000100100100000
000000000000000011000
000001000000010000000
000001000000010000010
000000000010000010000
000000000000000010000
000000000000000000000
001001100000000000000
000000000000000000101
100000000111000000000
010101000000000000000
101000000010000000000
000000001010000000000
000010000000100010010
000000000000000000001
000100000000101000010
001000000000000010000
010000000010000011000
000000000001010000000
000000000000100000000
000100000000101000100
000000010001100101000
000000000100000001001
000000100100000001000
010010000010000000000
000100010010001000000
000000000010000100011
000000000100000010001
000010000001000010000
000001000000000000010
100000000000000000000
100000000000000100000
100000100010000000010
000000100000001110110
000001000010010001100
000000000000000101100
000000101000000010000
000000000000000000001
000110010000100000010
100000000000000010100
000100000001000000000
000000101001000100100
000000000001100100000
000000000010000000011
000000000000000100000
000000000010000000000
001000000000000100000
110001000000001000000
000000001100000001000
000100000100000010100
000000000001001000000
110000100001000000010
000100000000000000100
000000000110000001000
000000000000110000100
000000001000000000000
000100010000000000001
000101000001101001000
000000001000000000000
000000000010100101000
000100100000000010010
000110000001000000000
000001000000000001010
001000000000000000000
110000010000000000000
000010000100101000000
100000000000001001100
101010000000010100000
000000000100000011000
000000000000000000001
000010000000000000000
010000010100000000000
000000000001000000000
001000101010000000000
000110100010000001000
001010000000000001000
010000100010000000000
000000000100001000100
001001100000000000010
000000000000000000001
010000100000000010000
010010000000000100000
000000100000000010000
010000010001101101000
010000101000001000000
000000000000111010010
000000000000001100000
001000000000100011000
000000100000000010000
000000000000000000100
100000000000100010000
000000000010011010100
000000001001001100000
000000001001010000000
101100010000010000000
000000100000101001000
000010000000000000000
100100000010010010000
000000000000000000101
000001100001010010010
000100000000100000000
000000100000010001000
000000100000000000000
000011010000000000000
001000010101010001000
000000000000000000000
000000000000000000000
000101000000000000000
000000000000000000000
000000000000100010010
000100100110000000001
110011010010001010000
000010000001110100000
000111000000000010000
000000000000000000000
000000000000000000000
000000100000000010000
000000000110000001000
011000001000000000000
000000000001000000100
100000000000000100000
000100000000000000001
100000000010000011000
000001000000000000110
000000000001000000000
100000000000000000000
000010000110000000001
000010001000000000000
001010000000010000000
100000000000000000100
000000000001000000000
000011000000010000000
000000100100000000101
000000100000000001000
100000100000000010100
011000000000000010010
110000001000000100000
000000000110110100100
000001010000000000100
000011000000000000000
010000000000000000010
001000000001010000010
000000000000010000000
010000000000000000011
010110010000100010000
000000000000000000000
000000010000000000000
000010000100001100000
000000000100010000110
000000000000000110000
000000101000000010000
000000111000101100000
000010000100000000000
001010001000001011000
000000000010000000100
010000100100000011000
010000000000000001000
100000000000010000000
000000010101000000000
000000010101000100010
000000000010000000001
000010001000110001100
010000011000011000101
000100100100000000001
000000000000010101000
100000000000000010000
011000000001000000000
000001000001000000100
000000001000000000000
000001000000000100100
001000000000000001010
000000011000001000010
000000000100000000000
011000000000000000001
000000010000000000100
000100001000000000000
000000000000011010000
000000000010000000100
001100000001000000000
000000010000000000010
100000000000010000110
000000000000010001000
000000000000001000010
000001000000000000110
000111000000000000000
000000011000000000010
000110001001000001001
001011000010100000000
100001000100000001001
001000001000000000100
000000010100010100000
100010000000000000000
001010000100000000000
000000000010010001000
001010000000000100000
000000000000001001000
000111000000000000000
100100000000000000000
000010000000000110000
100000000000110000001
000010000101000001000
000001000000000100100
000000111000001001000
000000010100100000000
110001000100011100000
100100010000000000000
010000000001000000000
010000000100100000000
010100000001010000000
000010010000000010000
000100000000000000010
001000000001000000100
000000110000100000000
000000000000000000000
000000000000000010000
000000001000010000000
101000000000011000001
000111000000010000000
000010000000001000010
010001100000000000000
010000000000000000000
000000000010000000000
010000000011001000000
000100000000001001000
000010000100000000000
100000100100000000100
000010001000000000001
000000000000000000000
100010000010000000000
000010000000001000000
000001000000100000000
000010001000000001000
000101001000100000000
000001100000000001000
000100110101000000000
000001000000010101010
000000001000000001000
000000010001000000010
001100010000000000000
000001000001000000000
001001000000000000010
000000000000100000011
000000000010000000000
001000100000000001010
100000000001000000100
010000000000000000000
000000000011101000000
000000001001001100101
100000000000100000000
000000010000000000101
000000000000000010000
000000010000000000000
000110010000011000000
000010000001100000000
000000001100000100100
000000000000000000000
110000000010000100000
001111000010000000000
000010001100000000000
010000110000000010010
000001010010000010100
001000000000010001000
000000000000001000000
000000000010000011010
000000010000010001000
000000100000000010000
000110000000100010001
000101001101000000000
000001000000100000001
000001000100000100000
000001101000000000000
000010101011000000100
000000010000000000000
000001000001001000000
001000000000000100000
100100000101000100000
000000100000100000000
000000100000000001000
001100000000000000000
000010000000000101000
000000000000100000001
001000000000000000010
000000000001000101000
000100000000010000000
010000001000010000000
000100011010100000000
000000010000000100011
000001000100000000000
001000000000010000000
001000000100000000000
000101000100000000001
001000100000000000000
000000001101010100000
000001000000001000010
000000010000000001011
000000000001000000100
000110000001000000000
000000000000000101000
000000000000000000011
010000000000000101000
011000000010111100010
000000000000000000000
000010011100000000000
000000000000001011010
000000100000000000010
000110000100000000000
000000000000010000100
000000100000001000000
000000100000001000001
010100000100100000000
000000000000000000001
000000000001000000000
000001110000000100010
100000001000010010000
000010000001000000000
010000000000000000000
000110000100100100000
000010000000000000000
000000001110000001000
000000010000000010000
000000010011000000100
000001000000001000010
100001000000000000100
000000000000010100010
001010100000001010100
001000000000000100011
000000000000000100000
010000000000000100000
000000010000010000001
100000100000100000000
000101110000000000000
101000000100000010000
000000001000000000001
000110000000000000000
000010000000100000000
000000010000000000000
000001000001000000011
000010010000100000000
000000000000110001000
000000000000101001000
001000001100000001100
100000000100000000000
001100000000001000000
110000000000000000000
001010000101000001001
100000000001000000000
000100000000001110000
000000000010000000100
001010000000000000010
100001000000010100000
000001000000000000010
010000000000000101000
000101000000000000100
000010000001000010000
010000000000000000000
001010001000001000000
001000000000000010000
010001000000000000100
000100000000010000000
000000000001010000000
010010000000010100000
000000100000011000000
000000010000000100000
000000000000100000001
000000010100010110010
000010000000000000000
000000100000000000100
000100000000001000000
100000000000000000000
000000100000100000000
110000000000000000010
000001000000000001000
000010000000000000101
000000000000000000000
000000010001000000000
000000000000010000000
010000001000000000000
000100010000010000000
000000000011110000001
000000010001100000000
001000000100000000000
000000010000000010000
000000110000000000100
