1000 21
100110000000110100000
110000100000000101000
001010010011000001100
110000100010000011000
100010100010001100000
000110000000100001001
011000001100000001000
000100010000000001000
001010100101110001001
010000000100000000000
010000000010000000000
000000000000000110111
100110001001000101010
110001001110001000000
000000100000000001000
000100000000011000000
000000001101100010000
000000010000100001000
000000000011001010000
000010000100000000010
000000100011000000000
011010000100000000010
100000000100000000000
001000000000100001100
111000000000010001001
000110011101000100100
010000000011111000000
001000000001101000010
000010000011000010000
000100111000000011000
000000110010001010100
100000000000000100100
100100000000100100100
010000100000100001100
000000000111100001101
001001001000101100000
010000100001000000000
010001000010001010000
000000001000000000010
010000000000000011000
001000100100010110010
100010000000001110111
100000011010000000000
000000000000000000010
000010011000010001100
100100000010010000011
000110000000000001010
000000011101000011011
000000111100001000000
110110001000100000001
110000000100001101000
101010001000000100010
100110000101000001001
100100010000001000100
010000010001000010100
000100001110010101100
011000000000010100010
001000000011000000100
001000100001000000000
000000010000000000111
101000000110000100000
000000000000000110000
000000100010000101000
000000000000000000100
010011010001010000001
000001100000000101000
100000000000001001001
000101101001110000000
000000000001001000000
100000010100100000000
000000100001001000010
011000100001100000000
000000000000000000000
000001001000010110000
000110001011001010110
001000100000000001100
000011000000010000001
100010000000011000010
001000100100010101000
000000000010000000000
000000100101000000001
000000000101000010111
100101001110000000111
000010000101010100110
001001000101000000000
000011001010010001010
100010000010000001000
000000010111100000100
100010000001000000001
101010001000000000001
001010001011001000000
000101000110100001000
100000100011101001100
010011100000000000000
000000100100001010010
000010010000000010001
011111000010000001001
100000000010001001010
101001100110000100000
000000101100100001100
000000111000111000000
010010101000100100100
000000011001001001010
000010010101010001001
000000010000000010100
100000000100000011001
010000000001010110101
101010100001001000000
001000010001000001000
100110010011101011001
100101001000111100100
000000000000010000001
100010000001000000010
110000000001000001000
100110100000000100000
010000010111010100000
100101000000001000001
000000000010010100000
000000000001010000110
001010000000000000000
010011000100100000100
010001100010101100000
010000000110000000001
000000000000000100001
110011010000001011000
101000000100011010000
000100001100100001001
000010010000000001001
010000110100000010110
010100000101100110101
000100000001100000000
100001100001000001011
101000000010001010001
001010100000000001001
011100100000011000011
010000110000001100000
000010010010010100111
000000100001110011111
000001101010000001100
010010100011000000000
011010000100100000100
001110110000010000000
100000010000000011001
110000100000110011000
000000001110110000000
000000010010011010010
011010000000000000011
000000000000001100001
010001100100001010111
000100000010011100100
110000010011000010100
010001010100000001000
100100000110101000000
111010100100001010001
001010101001000000000
000100100000110001001
010100011101001001101
010000000010111000000
001000100000000010100
000010100000000011000
000100001010000000010
000000001010010001000
000000000001100010001
000000111000010001000
000000011001101000010
000010100100010011000
000000000110000000000
100000000001110010000
111001001100100000000
000000010000001001000
010001101011000000001
100000000010001000100
000000011000110000000
100100101010000100000
010011000110001001000
100010000110001000000
000001000011100100110
101001000000010000010
000010000001001000001
100000000001000000010
000000011110000000011
000100010100000000110
010000100101000000000
000000100000110110001
000001000000000101010
000101000101001000000
001001001000000010010
000101000000010101000
000000101001010010011
000100100100101000000
101110011010101000000
100001001110000000100
000001000001000000000
000101000000010011100
000011000000010001000
010000000000010000000
011110000000000100000
010000000000001110101
001001110001010010100
000101011000110010000
010110000000000000000
010001000101010100000
001010010100000001000
001000001000010010000
100000110000000110010
000101000000000000110
001001000000100000000
010000101001000000000
100010101000010000000
000110010101000010000
000010101010000100010
001011000001001100100
000100010101001010000
000101000000010000010
000000000000000101000
001000011010010000110
000001101001001100000
010010010001110001010
000011101001000010000
100010000000000000011
000000101000001001000
000000000000010001000
010001000001001011100
101001010001001010011
000011000101000000001
000001111001000000000
011000000100000000100
000101011000001000000
010000000001000010100
101100000000001000000
110100010000100111001
000000100000000001010
110100001010101111000
011000000001000110010
011111100000000100100
010000000001010000011
000000000000010000100
000011100001101110010
001011000000000100000
100100010100000000110
010000000000001110111
000010010001000000010
000000011010000000010
001001100000001000010
001000100000100101010
001010001001110001001
000000100000000100000
000010000100000000001
000000110001010000100
100000000000111011000
010000000110100000000
001000000000100000000
101000000000001011001
010001000101000000001
000000010010100110000
000111001010000000000
100000001110000010010
000110100000000010010
010001001000110001011
010100000100000000000
011000110100000101001
000001000001000000001
101100100000000000000
010000001000001010000
000000010000000110010
100000100011001100001
110000100001110011000
000000000100011010010
100001000000000110001
010001100000000010110
010010001110000000100
010000100000000000000
101000000000010100000
101011101010001000000
100000101000110101011
010000100100001010000
001000010000011000000
001000100101110010100
001100000100100010100
000011001010000100000
000000000100010100010
000001110101100010000
000000001100000100000
000110000000000110100
001111011010000001000
001010001000000001000
011000100111000000000
000000010100100000000
010000000001000000000
000100100000000001000
000111001000000100010
000010000010100000010
001010000011000000100
100000000000000000100
000000000000000000001
000000001000101000101
100001001111110001000
100000000000001000000
000000000110010100011
001001000000101100001
110100001000001100001
100000000000001000100
001000100001000000001
001000000101110010001
101000010100010010010
010001000010000000000
000010000100000100001
000000100000101101000
000001010111010000100
101000000010101001100
000010001010000011000
001000100100100010001
101100000000011000100
010000000001000011000
100000100000011110000
000110000001000000011
100100000010010000000
001001100100001010000
001110000000100100100
000010000000001000000
100110100100011000001
000000001010100000110
001000101001000000000
010000001000010101000
101001000010010010000
100000000100001100010
000110010000000010000
001101000101001010011
000000110100100001110
000000000000110000000
000000110100000001000
000000001100101011000
000000001010000000000
101011000000000000010
000100000000000000000
001000000001000110000
000001000010000000101
011001110011110000100
000100001011001000100
100001001100001010101
100001010000000000100
000001100100001000101
001000001101000001000
000000000001011000000
010000000100001110000
010011000000100001000
100000001000000010100
000101000000000010110
010000010010000000010
100100110010001100010
000100000010010100000
010100000000000001100
000010000000000000001
001110000000100111010
000000110010101001000
000101010000000111110
001000000010000000111
100000100100010100000
000000010000100000010
001000100001010000010
000110001010000000110
000101101000001100010
010110110010101010100
001000000100011000101
000000001101001010001
010010000110100010000
100010001000000000100
000000000001000001000
001101100100011000110
000000000001011100010
010000001100100001000
010010010010010000100
101100001000000000100
000000100000101001011
000000100000100010001
011000000100000011100
011001000000001010100
000000101000000100000
000011000100000001000
010000100000001010000
001000000001000000001
100000100000011000011
110001000010000100001
100000100011000001000
010000000101010010000
100011110010010011100
001000010010001001000
001100001000001100000
100101001001001001011
000111010001100000000
000000101100110000100
101101110101000001101
000000001000000100000
000000000000110000001
100010000000001011011
110001000100100000000
000111000000000000100
000100000010000000100
101000110100000010000
001000010010010000001
001111000110100000101
011111000101010111000
001100001100100000001
001010110000100001000
001001011010000010000
000010100000000000011
000000100000001000100
110000100001001000100
100101011010000010000
100000001000110100000
110010000001000000000
110110100100110101000
011011000100000000010
110011100100010110010
001001000001010100001
000001000100001000001
000000000100100010010
110110100000001010000
000100000000001011100
100101000000101111000
001000000010000000010
000010010000011000011
001010000110000000000
101000000000110000001
010001000000000100100
000000000100000000000
001000100000000001111
001000000011100000010
010110110001000100000
001010011100001000001
000100110100000000100
100100011001011000010
000000000000101000000
111000110001100010010
000001010010010001000
100001000000010010001
001001110001000001100
010000001000010000000
110001111000010000001
001000000000000100000
010000000000000000000
000000100000011000000
000111100001101010000
011100010000000010000
000100010100110000100
000000000100101000010
010000000010000000001
010000000000000010100
100000000000000000001
011010000000010001101
100000100000000000000
011000010000010000000
000001011100010100001
100000000000000010011
010000000111110000000
000000100001100110000
000000010001100000010
101000001101101101101
001000100110010001000
110100010000010011011
000110000100010000011
001000000000000010000
000010010001000001100
010000100100000001000
000100100000010000000
000000101000010100010
100100011001000000001
100001000100010100101
000000110010101000010
010001110011001000100
000000001001010111001
001001011100100100001
000000111010001010000
000001011011101100101
000010000000010000000
110001100000100101001
010011000111000001000
000000100000000000010
001011100000011000010
100001000001100000010
100010010000000101001
000001010010000100110
010010100000100110000
001000010000001000110
011000000000000000000
000100001110000101100
010100000100000011000
000010110000000000001
100000010100001000000
000010000010001000000
011000000000010000100
001010101000010010100
000001010000000100000
000000000010100001000
101000000001100000110
001010010000010011010
011011111100111010000
100010001000111110000
000010000100000110000
100100000000100000011
011000000010010100110
100010011000011001000
000001000010010000000
000001000000010100100
100010000110110000000
000011010010000010010
000100010100101001000
011100000001011100000
010000001100100000000
101000000000100001110
100010000100001100000
110001000000010100100
110000100101111001011
010001000001000011000
001100001010010011101
001001110100000110010
011100001100011100011
011011000100000010011
010100100101000100001
110100010001110000110
000001111100110110000
000001000010000000000
000100100000010010010
011000010010110010001
000001001000010000010
100000011001001100000
000000000001000000100
100010101001001000000
000001101001010011110
000000010000010001001
010000000000101010000
010000001001100001010
000001100000000100000
000000000000100000000
000000010010111101000
010000001000000001000
010000000000000100000
000101001001101000010
100010000000000000001
000000000000011000000
010001000100001010001
000010000000010010000
100001101000110000000
000100101000100010011
100010000000000001001
000010001000000000001
000110010000000001010
100000100100000001000
010110010100001000001
000100000010010000100
000010010110100001111
000000000110000100101
011000000001010100000
010100010000001000101
000010010000100100000
100011010001111000000
001000000000000010100
000000000110010000000
011010000100000101010
000000000000000010010
101111100111000100100
010001010110000010110
001000110000000000000
000001000000100010010
100011100000010000000
000111110000110000000
000101011010010000000
001000101010010110010
000000000010000100010
100000000000000001000
000100001100000000001
000010000001000000000
010000001110010010001
000000000100110000000
010010000000000000000
000000010000000000000
000011000000000001000
100100101000000000000
000000000110000100010
000011010001011010100
001000000001100000000
100100000011100000010
100011000000110001000
101110000001000001100
000100100000000000010
001100000100011101000
000000110110000001000
001001000010001000000
100110010001000001000
000110010000000101000
101000010101000011100
100000000010110000000
011000000000000010000
000000010100001000100
001000000000000110000
101001000000000000000
101000001000011000001
000010011010010000011
000001110010000010000
001001100010000010000
010011000000000100100
001000000000000100001
000010000000001000101
010110010000001100000
100100000100100000010
110100000001000000001
101000110000100000000
001000100011001000111
001010010000100000010
100000000100000000010
010000000000000101010
100011000011000001100
011100000111000100000
000000000001000000001
011100010110010000000
001000001000010000010
100001100000001100000
011010000001000001000
000000000010100100001
100000010100111110000
001000100101000110001
000000000000000100000
000000000000000001000
001001010100001001001
000000010010000000100
101000001011000100010
010000111000110000010
010000000000001010001
010000100000001000000
010001000010100010001
000110111100000000100
011000010000000000101
001000010000000000010
001000000100100101010
001010101000100001100
011000000000000100000
000000010100000010001
000100000000100000100
100000101000110000000
001000000000000010010
011100001000000000000
010000010100001001010
100010100000010001000
001001100000010001000
100110010000100001000
001000000101000000110
001100000000100101000
000001000000100000101
001010000001000010010
001000010110111011010
100000100101000000010
000000100001000001001
100000010000000010100
110000000010100011001
000010001001001001000
010000100011010100000
000010100000000011110
111100010001000100110
100101001000100000001
100000001001010001000
000000000001100010010
100000100000000111100
000000010000111001000
100110000110101000000
010000000110000110001
000100000000000010101
010100000001001000000
000100110011000000000
010001000000000000000
100001110001001000000
010100000000101000000
101000000110000000000
000000000101000000111
110010000011001011010
001011000001100000000
000001001100110000100
000111101000000100010
101001000000100100010
010010011010011100100
100000110000000101000
000100110000100100010
010000101100100101000
000001111100011010000
000100100001000000011
010001100010000100001
110000001010001001101
111001000000010010000
100101000100000101101
000010001011110001100
110000000000000000010
100101000100100001000
000100000100010000010
000000000000010000000
000001100100000000010
000010100000010000000
100000000000000000000
110001100000000001000
100101010000000010101
001000000000101111000
111000000110000000000
000001010000000101100
000001100110000000000
100011010000100101000
010001101011001010000
101010001100000001011
000110000011011000001
010010110000000100000
011010000000001100000
100101000001000000000
000011000000000110000
100000100000000010100
010010000100000101100
000000000000000001110
010100010011001000000
010000001000000000010
000011000101000001000
010011001100010001001
000010001000110100001
001000001000011010000
100000001110101010111
000001000000001000100
000001000010010100000
000010000100100001000
000000000000000100100
111010010000001001110
000100000010100000110
000000000100100001100
000100100000000010000
000010000100100000000
000010101000000011010
000000100000100011000
000010100000000000101
100000001010011000001
000000000000000000101
100001100110010010110
000000010011011000001
000000001101011000000
000000000000101100010
000001001110000100101
000110100000000001010
010000000000100110000
000010100000000100000
101000000110001000011
001100000110000011101
000001000011000011011
000000100000010110011
001010000100000011001
001000001000001010000
001000001011001011100
000011011100100000001
000000010000000100000
111101001101100000100
000001101001010000000
000001000011111000111
011000000010101100110
010101000000000000101
100000000001000000111
000000000010000001100
011001100000100010010
100000001000110000100
111001100000010000001
000001000010000011100
001010110000100010100
100111110000000100010
100000000000000000011
001010000000000100000
011100000110000000001
000110010100001001001
100101001000000000010
010010001110000010010
000100100000000000000
000000000011000011011
011000011000111000000
000000001000100001000
000000000100000101010
100000110011000100000
011000001000000100100
000011000010000000010
000000100001101101010
001101000000000011100
110100001001000010100
000000110010001011100
010001010001011000001
000101000010110011000
011010010101000011000
100100101000100001000
000001001100000001000
000010000000000010001
001000010000110000000
000000000111000000001
100010110010001011110
000000100110000001101
000000110110001000000
010000001000001000000
101000111010000010000
000001101001000000100
000011000110001000001
010000100111100010000
000001100000100000000
001000011010000000001
010000000000000100001
010000010100000110000
001010100010110001010
010000100100110100000
010010100000010010110
001000000001001010100
010101110000001010000
000011000001010000000
011000000000010001000
010000100000100000101
001000001101000000000
000010000010000100100
001001000101100010000
001000110100000011000
011110010001000010101
000010000000100010010
000000000100110000010
000000000010110000000
010100000001010000000
000100011001000010000
001000000001000000011
000000000000100001110
000000010010000100010
000100000001000100000
010100111101010011110
001010010010000000000
001010010000100010110
100101101100000000001
000000010110000000100
100000000110000010101
000000100000001010100
100010011101000010011
000000010010010001001
001010101000101000001
001110010010000010000
000011001100110001000
000110001011100010000
011000001110100000101
001000100000100001001
100110100010100101010
000000010010001001010
000100101101000001100
000010000010100000011
100010001000111000100
010100101000111111100
000000000100000111001
110000011000000000000
001010100000011011111
100000000000000000010
001000001010001010001
000010000000000100001
001010101000100000110
000001001000010001010
001100000000000001000
000100100101000000100
001000101000010000001
000000000000000001001
000001110000000000101
010000000100010000000
110100000010000000100
000000001001000000100
000000101000100001000
001000000011100000000
000110001001001000100
010101100101101100000
000000001000001101000
000010000111000000010
010001000000000001000
100100001000010000001
000000010000011000000
000011000010100000100
000000010000011000100
101110100001100011110
100000010000000111100
000001000000010000100
011000000000000101100
100000100000000000110
000000100100100011001
000000001000001010000
001101000100000000001
000011000000000100000
011101000000000011000
000000110011001101001
100110000100000000000
000000000000010000110
000000000100110000001
000101100010000001011
010100000000100001111
100100000000010010000
111010011000010000000
100010000011001000010
100001000100000000000
000001010000100010111
100000000000001010101
000011000000010010100
100010010000000001001
000001000000001011000
100000001001010010100
000000001010000001000
000010101100001011000
000000010001000000100
000101000000000000000
100001100110010010000
001000110000100000000
000100001000110010000
001000010000010000000
001001101000110000000
001000000000000011000
001101100100100100000
001100001000000000011
011001100100000010000
011001011001000010000
110000001001001010100
001011000011001100000
001100010010010000000
101000001010001010000
110000100010110000010
100010001001100010001
000111010000100000000
000101001000111000010
000010111100000000001
010001000000001000001
000001000010011000000
010010011001100000110
010010101010001000100
010101010000100100000
000000011001000110100
000110100010010010000
001010000000100000000
000000001010010101000
100010111000001000011
110000010000001001100
000000011010001101010
000000000010010000000
000000100100001100000
110001000010001001101
111000000000010100010
001011010000100001000
010000000000100000000
000000010010010000000
010110000001001000001
001000001110001000001
000101000011110000000
000100100001100101010
000110001000000000100
001001010100000000101
001000001101000010100
000000000101001010001
000001000000001000000
100010000000000010000
001010110010000010100
000000010001001001100
000010100000001000001
110000000000011010010
000100010000010110100
000100000010010000110
110000001001100000000
000010000010001101010
000100010001000000000
100000110000001001100
010001101100001110010
100000010000000000001
010000110001001100000
010000000101110100100
100000000001110100010
000011101011001000000
011001000100000100100
001001001000000001010
001001110000010011011
000100101010001100011
001100100001110100000
000100001001100000100
010100000111001000000
000010000000100001111
000000010000010100110
100000100001000010000
000010100000100001100
110010000010010100001
000010000000000000000
000100010100100001000
000000010000110010100
000000011110001100001
100100000100000000111
000100000010101101000
001000001001001101000
000001000001010010000
000000100000000001101
100000100000110000001
100100000000000001100
001000000000010110100
000000111010000110000
000000000100001000000
000100001000001000101
000000110010000000010
000101110000000000001
000010001000001110000
000100000101100001100
000000010111010000100
001000010000100100000
110100010010000001000
500
001101010001100010110
000010000001001100101
010000000000000001000
001001001100011000001
000000000000000100000
001010000000000100000
000000010000010010000
010000000100000000100
000000100000110000000
000000000000000000000
000001001000000010001
000000000100000000100
000000100000001000000
000000000000000010000
000001000010000000010
000000000000000100100
011000000000000100010
100000000000000000101
000000010000110101000
000000000000000000000
000000000000000100000
001000010000010110100
000000000110000000000
000010100100000010000
000000000000000000000
000001000000000010000
010010000000000010000
010100100000000000000
000000000000010000000
100000010010100010000
000000000000000000000
000000000000000100000
001000000001000000000
000001000000000000010
000110000000000000000
000010001000010000000
000000000000000000000
000000000110000000001
111011000000100000000
010110001000100000000
000010000000000000110
000100101000000011000
010011000000001000000
000000100000000000000
000110000000100010000
000010000000001001000
010000000000000100000
000000100010000000010
000110000000000000000
100000100000000010010
000000000000010000000
001000000000100000000
000000000000000000101
000000000000000000000
000000110000001000000
000000000000001000000
001101001000000100000
000100000101001110100
000000000100000111000
010000000000000000000
000000000000000000100
000101000000011010100
000001000000001100000
001000000000000000000
000001000110000000000
000000000100000011000
100000000011000000000
000000000000000000000
000000000010000000000
000001000000000011000
010000010001000000001
010000010000000000100
101000000000000000000
110010000000000000000
000000001001000100000
001000000000001000000
010000001100000000101
000000000000000000000
000000100000000000010
101000000110000000010
010011000101000001000
111000010001000100001
000000000000000001000
000000000000100000100
000000011000000100000
000000000000100000100
000101000000000100000
000000000000000000000
000000000000000000001
100001011001000110001
010110000000000000000
000001000000000000001
110001010100100000000
000000000000010010001
010001101000000010100
000100000000000010001
000000000000001000000
000000000000000001000
100000000000000001000
100000000000110010011
000000100001001000010
000001000000000000000
000100000100000000101
010010010010000000100
000000000001101000000
010001000000000000000
001000000000010000000
000000000000000000001
100000000101000100000
000100000001000000010
000000000000100000000
100000010100000010100
011000000101000000100
000000000100100000000
000001000000000000000
000000000000000000000
100000000000100000101
000100010001000010010
000000100000000010000
000100001010000101100
000100001000000000000
001000101000000000000
101000000000100000000
000000000000000000010
001001000000000000011
000000000000000100000
000000000000000000000
000011000000000100000
000001000000010000010
101000000001000100010
000001000000000000100
000000000000110000010
100000000000000010000
001000000000000100101
010000100011011100100
000000000000000000101
000100000000000000000
001000100000000001100
000000100111000001000
000001000000000000000
110010000100000001000
000000010001000000000
000110100110010010000
000000000000010000001
100100000000000000000
000000010000000100000
000000000000010001000
000000001001000000000
000000000001000000000
000000000000000100100
000001000000010100000
010000000100000000100
000000000001000000000
000000000000000001100
000000000010000000010
000000000001000010000
000000000100100000100
100100000100000100000
000101000001000000010
000000100000000000001
000010000000001000000
110010000000000000011
000000000010001110000
100100000001000000000
000000000010010000000
100000100000000010000
001100001000000000000
000010100000000001000
000000000010100000000
010000100100000010010
011000000000010001000
000000000000000000010
000000000100000000101
000000010010010000000
010000000000000000100
000100101000000110010
001000000000001000010
000000000000001000001
000100000000000000100
000000000000000000000
001000000000000101100
100011000000000000100
001010000000010000000
000000000000010000000
100000000010000000000
000011000000000100100
000001000010000011001
001001000011000010000
100101000000100001000
000000011000000000000
000100000010000000000
011101000100000000000
100001000110001100000
010100001000000100000
000000000000000001000
100110000000001001000
000000000000100000000
000010001010100001000
001010011000000000000
000001000000000000000
000000000000000000100
000000101000001000001
010100010000000000000
000001000000000000000
010000000000000110000
000100000100001000000
000000010100001000001
000000000000100000001
001000000000000101001
111000001000000000011
101000000000000000100
100000000000000010100
100100000000000000001
001000000100010101000
000000011000101100000
010000110001010100000
010000001000000001000
000000000100100000000
000000001010000000000
001000000000110001000
010001100000000100000
000000000000000110000
000000000000000000000
010000010000001001000
001000000000000000100
110000000110000000000
011001100001001000010
000000000000000000100
010000000000000000001
100000000000000000000
000010000100010101000
000110101010000000100
000000010110000000000
000000000000000001100
100100000000000100000
000000001000000100000
000000000110001000010
000001000000001100000
001000000000000000100
010000001000100000000
000000000000011000001
001000000000000100100
000100000001001001000
001010100000000001000
000100000010000000000
000100000000000110000
000100000000000001110
000010001000000000100
000000100000001000000
000000001001100011000
000000000000000000000
101100000000000000000
000000000100000000000
100000000000000000000
010010000000000000010
000000000010000000000
000000000000010000100
110011100100101000110
001000000000010000000
000000000000001100000
000000001000000110010
010010001001000100000
000000000001010000011
000000000001000000010
000000001000000000101
010000000000000000000
100000010000000010000
000000001000000100001
001011000000100000000
000100011000000000011
000000000010000100101
000000000000101000100
001000001000000000001
000100000000000000100
100010000000000100001
000000000000010000001
100000010010000000101
100000001001000000000
000000010000000010000
100001000000000000100
000010001000010001100
000000000000000101000
000000000010100000100
001000000000000000000
000001000001100000000
000001000000000010000
000000000000010000000
001000100001100000010
000000000000000000001
000100100000001000000
000000110000000000000
100010000000000000110
011000100000010000000
000000000000000000000
000000000000000000000
000001100000011001000
000100000000000111011
100000000000000000000
000000101101000001001
100000000010001001000
001001100000000011000
000000000000000000000
000010001010001010000
100000000100000110000
010001000000100000010
000101000000000000000
000000010100000000000
000000000000000000000
000110000010000001000
000000000000101000001
000000000101000000000
000000000100000000000
010000000000001000010
000000010001000010010
000100010000000000000
000000000000000000001
000100000010000100000
010000000100001000000
101000000000110000000
010000000010000010010
000000000001000010000
000000000000000010001
000010010010000010000
000000000011000000000
100101000100010111010
000100000010000010001
001000000000000000001
010000000010000000000
001000100010001000010
001100010010000010000
011000001000000000000
100100001100001000100
000000100000000000100
100010000000100000000
001100001000010000000
000100100000000010001
000000000010000000100
000010000000000000010
101000000001000000010
001001000000000100000
000000000100000100000
000001000000100110000
000000001010000000010
110000000000000100000
000000100000010100010
000000000000000000000
000010000000001000100
000010010001010000000
100000000000000000000
000000000010001000000
000000001000000010000
010000000000100000000
000001001100110000000
000100010000000000001
000010000000000010000
010000000010000000001
001000000001011000100
000000000000100000000
000000001000001001100
010010010000000001000
000100000000000100000
000000000110000000100
000000100000000000000
000000000000000010000
000000010000000000000
100000000000000010000
000000000000101010010
010100010001010000000
000000000001000000000
010001000000100000001
000000000000001100000
000000000000001000000
101100000000010000000
000000000010101000000
010000010000000100000
000100000010000000100
100000101010001001000
010101010000001000000
000000010010010000100
000000000100100000000
000000010000001000100
001000000000100000000
000001010011000001000
000000010001000000101
000011010000001000000
100000100001000000010
000001000000000000100
000000000100000010000
000000000000000000000
001001010000000000000
010100010000010000001
000000000000000000000
000000000000100010001
000010000100000000000
000100000100000000000
001000010000000001000
111010000001000000000
000000000000000000000
111001011000000000001
001000000000000000001
001000000000000000100
110000000100000000100
010000000100011100001
000000000000000000001
000000001000000010100
000000101000000000001
000000000000001000110
100101000010010000001
101000000011000000010
000100000100010100011
000000001000000000000
000011100010100000000
000000000100011000000
000001000000000001000
000100000000010000000
001110000000101000000
000100000100000000100
000000110100000100000
000000000000100000000
001100000100010000000
000000010000000000000
100000010000000000000
000001101000000000100
011000000000000000000
000000000000010010000
100011010000010000010
000000100100100010000
001001000000000000000
010100000000000100110
010000000000000000000
010000010010000000110
001000000010010010000
000001000000000000000
100010000110001010000
010000010000000000001
000000001000000000000
010001011010000000000
000000000000100100000
000010001010001000000
000100000000000001010
100000100010000010000
011100000000000000000
000000000010000000100
010000011000000100000
000000011000000000100
000001000001010010000
001000001000001000000
010000011000000000000
000000001000000100001
010000000001000000011
010000000000001001000
000000000000000010000
001000000000000001000
000000000001000000000
100000000000000000000
100000000000000000001
010001000110110000100
100100001001000000000
000000000000000000000
010100000000000000101
000000010000100010000
001000000010000001000
001010000000000000000
000000000000000000000
000001010000000000000
010000000101001100000
010000001000001100000
011001001000100100000
100011000000100000010
000000010000000000000
000000001000000000000
000010000000001000000
001000000000000001000
000100000000100000000
000001100001000100010
001011000000010100000
000000000000000000000
100011001000000000010
000010000001000010100
000010001000001110000
000000000010000000000
000100000000001010100
011000000000001000000
000010010000010000000
001010001001101000011
010000001001000100000
000100000100000000000
010000000000100000000
100110001010110000000
010010000110100000000
000000000000101000000
100000010001010000000
001010000000000010000
000000000000000010000
000000110000011000000
000000100000100000011
000001010000001000000
000000000000000001010
100000000001000000010
011000000000000010100
