1000 21
110100000000011000000
010100100000000001000
010110111100000000000
101000100001010010001
000000000011001000001
011100010010000000001
001000010101000000110
000100000000001101110
100101001011010000000
010000101001010100110
011000100100000001100
110001100000000000001
000001110110100100100
010100000100000001000
000000010001001100000
000000000000001100000
001100000000001110001
111001000000010000011
001100110010111000000
111000010110000000000
100001010010100000011
100010000011000010100
010000000100010000100
010000110000100000000
011000111000100010100
100001010010000000000
000100001001111000000
100100000000000000000
010000000001000000001
000010001111000110010
010001000000000100100
000100111000100010111
000110110001000000000
000001011100000100000
000000001001011000001
110000101000000100000
001010000010100100000
110000000000000000001
010010010000000010010
010000000110010000010
000000001001101000101
010100000010100000100
010010010001000000000
100100001100000001001
000000000110000000000
010001001001100000101
000000100000111101111
010000000000000001010
010000100100000000000
010000000000000000110
000100001100001110010
101010010100010000010
000100010000010000010
100001000000010000000
000000011100000000000
100010011100010000010
001000001001000000000
000000001110010010001
000100000100001011000
101100001000001000010
000001000000010001000
110111010000000000010
010010000011100100001
010000110101000011000
010101001001000010000
001001010000001000010
100000001100010001101
111100010011000000100
100101000100000101000
001000000011100000000
111001000001000010000
100100101001110000011
001111001010100000001
000000000011000000010
000100001100000010000
100111110001010000010
010001000001001000000
000010100010000010101
110001000001000000010
100001000010000000100
000001001000101001100
011010001000100000010
000000100010000010001
000001001010000010100
000001010100110100100
110101100101001000000
000000000100111001000
011011000000001000000
000011010000100001110
000100000100000000000
000100101100001010000
001000000011000001000
100010000100010000101
010000000101000000011
010000000000100001100
001010110010010000010
011000101010000000100
000000010001000000000
010000010101000000001
000000011101000100001
011010010000100001100
000000010100000000010
101010001000011100000
000001010010000000000
000001011000100000010
000010000110000111100
000001000010100000000
000000000000000100000
011001001010101100001
010000011000000000001
001000100001100100011
010100000100100000101
001000000010100000000
001111000000110100010
100000000011101000000
011000000001000100001
110101101010111100000
000111010110000000000
001100000100000101100
000111001110000001001
100000000001001000100
010000000000000000000
000000000000000000100
000000000001001111000
100010000000000110001
000000001001000000100
000000001100001000000
101000000000010100110
000100010110001000001
000010010100000000010
001110001001000000000
010010101100001000000
010101001000010000011
110100001001010000010
010110100010010000000
001001010010100000110
001100000000000000010
110100101100110001000
001000001010000000011
100000000000101110000
001100000000000010000
000010001010100001110
000010001000000000010
000010110001001010000
101001010000100101100
100010000000101000000
000000010001001000010
010010001001100000000
101000000100000000010
000000101100000010000
000001110000000000100
010000001000110000100
110001000100000000000
011000001010100011011
001001110010001001011
001000100001010100001
000000000011000000000
010001000000000000110
000000010101000010000
000001000100001100000
010100111001000000100
010100101001000000101
000010111001111110010
100010000100001010110
001110010100100000100
000001001000000010010
000000011000001001100
000010101111001000001
001001001101000001110
000001001010011000000
000001001100001010000
010100001100000001000
001100010010011010010
010000100001000001000
100110100001000001001
000010000001000100000
000000100001100000010
000000011000000000000
001100000001000011010
010001001010011001000
100100111010010110000
001110100000111000000
001010110001000100010
000110101000110010000
000010000001100000100
110010000100001010100
000000000010010001001
000000101010000110001
100000011000101110100
011000000000010000101
000000000010001011001
000000001001000000000
001010011100000010000
001010010000000100000
001111010110110000100
110100000010000000000
100001010000011010001
011000000001011100000
010001010010110000110
001110001001001100100
000000101010010001000
001000001110001100000
101000001101101000010
010000010100000000000
001101000001010101001
001000101000000100100
000000001000000010000
101001010011001001000
010100100011100000000
110010100100110011000
100000100110000001001
001100010000001001000
011000010001101000000
001000000001000010100
000000000000100000110
000000000010001111011
000101000010110000010
100010011100000000000
010000000011101000000
000100010010000000100
001000000001000000100
100010000000001000000
001000000100001100011
000010000001010001100
000110000010001010011
010000110110000000011
111000000100100000000
000000011100001000001
010000101000000101100
000001101001000110000
000000000100000010010
000000001010100001101
000000000010010101001
000000010001010110000
000001111101101000001
000000010000000110000
100000000000111000001
100000100000100110000
111101000001001000000
010001001100010010000
000110000000001000000
100000000010100001100
000010001100001000100
001000001100100010010
000000010100100101000
000000101010001101110
100000001010001000010
000010010000000100100
001000000000001000000
010001000100010110100
110110000000001000000
001000110100111100100
000001000010000110011
100010001000000000010
000001000001001000001
010001100110001000000
000000000000000000000
000000010110010111100
000000111000001101100
111100110000000010100
110000010101011100010
001000000000011010000
000000001000010010001
100011100100011101000
000000100001101010010
001010000100000100000
000101000000010000010
000001101101000000000
101001000001000000000
010001100001010010000
001100110100110010000
100000000001000010100
101010000010000000100
000000001110000000001
100000100110100000001
101101000000001100000
111000110000001001110
001100010000101011000
100100111010111100001
111000101001001010001
010010111100000001000
000000100000000001110
010110000010100000000
000001010000000000000
110110010000000010010
100000110000001000010
111010000010100100000
000101100001000100000
000000011000001101000
100000000010101001000
000000000000001000000
001100010101000010000
000010100000000100000
000100001000000000010
000100101010010001000
100101000100100010101
000010000111000100000
001000110001000100111
110001100101000010000
010010111100000010100
000000001000000101000
001000100100010001000
000010001100000000001
000001011010010100100
010100011100000000010
000100100111000000100
100000100101000010000
000000010100101001011
001000100100100011001
000110010010010000000
000001000000010101000
010001000000001001100
110011000111001101000
010001100100001000010
000100011100000000101
010000000000010010000
001101000000001011001
010011010001000100010
001000001000100000001
000000000100010000000
000000100010001000000
000000000000100001000
000000000101001010000
000100001010000110010
100100001000011000000
010001000101000000000
000001000000010000010
000011000010010000110
000100100000000000001
000001000001100000101
000100010011100100000
001000100001000000101
010000001010110000000
001100000000001001001
000000100000011000000
000010001011000001101
000000000010100100101
000110000000001101010
000000001000000000000
010100110000011100100
000010001001000000010
100110110100110000111
011000000100001100010
010000010000010000010
001000101100011000010
000101011000000101010
001010001101000010001
000000010000011000000
100100001001100000010
000110000010001011111
001110000000110100001
011001000001000010010
011000001001000001100
100010000101001010000
010000000010001010100
100010001000100110100
000001011000001101001
000000000110110000101
000000100000110000100
000000110010011101101
010001101000000110001
000000000000010000010
001000101000000000001
100000101000000110000
000000100000000001000
010110001000101110000
001000010100010001001
000011010000110101000
001011001001110100011
001000010100001001000
111001010101000010001
000000010110001000010
000101010010001100010
001000000001111000000
000101011000000010100
011000000010000011001
110101000000100110100
001000000100000010100
100001000000000000000
001000010100000011000
000000001011000000001
011010000000000000000
100000000010101101000
010000111100000000100
111000000000100100000
101000000000110100000
000000100110000000000
000100010000000000010
110100000010000011000
110011010010000000000
000010000111000000010
000000000100001111011
011000000001001001000
001000011001000010000
100110000010010001111
010101000000010000000
000100000000110100011
100000011110000011001
000100001000100000100
010001000100100100010
010001101110000000000
101100000000010000010
000010000000100001000
000110100010000000011
010001000000000001000
001000001000000001011
000000100101010001001
000000001010000000000
010010110000001001001
100000010001000000000
000110001101100000000
100000101000100101100
011000100001001000000
000100111100000000000
001100001010101011000
001001000000000000010
110011000000100000000
000000011001101000000
001001000000000011010
000000100101100001000
000100000000000010011
001000000010000000010
100001100000010000000
011101000101001000000
001000010001000000000
100000010011000000000
000100001000010001010
001100001001000100001
100001010110011010110
001011010000100000000
000101001000101101101
010000000000011000000
010010000001000000100
001000000000000000000
010100000000100000100
001100011010000000001
000001000100100010100
100111000000011000101
000000100000110000001
011010001000000000001
000000000001001000010
001010011000010000010
001101011000001000100
010000000000000000001
010000000000000001000
000000000000100110111
100011100000000011101
000100010101000100110
000110000100100000010
011000000100011101100
010010111100000000000
100000011001000001100
100100000000000010011
000010000000010000100
000000000010100001100
000011111110111001101
001011100000000000000
000001001010100000000
000001100000000001100
010000000001010000100
010000100011011000000
101001010000000000000
100100100000000000010
100000000000100000010
000000000101011101100
000001011100000010010
011110001010001000001
010010001000000010000
000000000110000110110
000110000000000010101
000011001100110100101
000001110000001000000
001010011000100000010
001000000000000000001
000100000100000011100
100001001000100010000
000001110000000000010
100000000000100001000
100010000000010100000
000000000000000000010
001011010101011100000
000000000100000100000
011110000000001110000
000100001001010000010
010100001001011000100
000100001000000110000
000001001100000000000
000001011000101111000
000000100100000010001
010000000010100100000
001010010010000000000
010000000101010000011
000101010000000010000
100110000100000000000
111100000010001110100
001000000100101100110
100110000110100001000
010011000001010011011
110000101000000010100
100001000100100000000
000110101101110000110
010001001000101011000
000011001001111101101
010010000100000000001
000011011000010000000
000100001100001000100
100000000010111010110
011101001001000101000
101000000000000110010
000000001111010000100
100001000001001000111
000000010101100010000
101001110100010000000
010000000011001000110
000001000001000011100
000000000000100100001
001000001000000001000
000110000100100010000
000000100000000010000
100000110000010100010
100000000000000000011
000100000000000000110
000100000101000100000
001101001010010001010
100000000100110000000
000100010000000111100
000110100100011110000
000010000000000001000
001000000000000001000
011001100101000001001
000100011000100001000
111010000101101000011
101000110000001000011
010011000011010001001
000101001000100010011
001000100010010001010
000100000001010100001
000000000101000101000
010000100000001110001
011101000001000010100
010011000101000010000
110000000000010000001
000010010110110011000
000000000001101000010
111001101000000000110
000000001101011011000
000001001001000100000
100110000000011100010
100010111000001000010
000010000000000100001
001100100000000000001
101010000000000010001
001001111101000000011
011010000000001110000
000000000001010000010
110000100101000000001
001000010001011100010
000000010000011000001
000000000100010001000
000001011010100000000
100000000000000000100
100010010000000000110
000101010000000000000
000000110010001000011
000000110000101000110
010001010010010000100
000100101101011001001
101000000010001010110
001010000001100000010
010000100000011010000
001000100000100010111
010010001000001100000
000010010000000000000
100100010000110100000
000100000001000010000
001111101001100001000
100000100000101000001
001001100110100011100
000000000000100000000
100110000000001000110
000000000100111000100
000000000100000000000
000001001010001001100
010000000000011001000
000000000000011100001
000100010110000110001
100000000010000001000
010001011110000100001
010000000000000010000
101001101000000100100
000000001000100100010
000000101001100101110
001000100000010010010
000101110100011100101
000011000000000000001
001000010000000010001
000110000000000100100
100000000000110100100
000001001001100001100
100000010000001001000
010000001000100010010
101000111101010010000
001010000000010000000
000000011000100010011
010001000100000000000
010100111100001001000
010001100000110001000
001000000010011010000
010111110100100100000
000100100000011100000
101100000010000110000
110010000010011000111
000000000100110110010
000110101000001000001
000101100000000000000
101000000000010001000
000000111010101001010
100000100000100010000
001100000010000001010
010100000101001000000
001000000001100000100
001000100001001100000
000001000011001001000
000001000100100000000
110100000000000000010
000100010000001000000
000000100000101000000
101001000101010000000
000010000001000000001
000000001001001010110
010000111000101001010
000100000010100101010
000100000000101000101
100000100100010110000
000011010001010001010
000100000100100000001
000010001000101000000
010101000100001001100
001110101000010001100
000000100010000100100
100000000000100000100
100001001101001010001
101011000101000000000
001000000110110010000
100001000000000000010
010000000100011001000
100000000000010000010
000100000001101000000
000001110000000000000
001000000000001000100
000100100110010100000
110110001110001100000
100110000000100000001
001000010101011110000
110000010000100000000
111000101010010101010
100000001001001110001
001100000000001011001
111110000000001111100
011001111001100100100
000001010110011000000
000001001001000000000
000010000000010000000
100010101010011000011
100000100100000000000
000100000000000001110
000110000001100000000
010000010000010000110
000100000100000000011
000100100011110010011
010101110111010000000
010000001010001100000
000100010001011100001
000000010000001000000
000000011111100100000
001000110100010000010
100100000000000001000
000100110010011000001
010000000000000010100
000010100111000001010
000000111011110010000
100011011100000001001
100110100000000001010
000110001100000001100
111010000000100110100
001000011001001001000
000101001000100100001
010010011000011110000
000001000000000010011
001000011010000010000
001000001000110110110
100000000101000000000
000000010010100000000
010000000100100100000
100000000000010000000
000000010000000100010
000101100001000010000
000001000001000000000
011100000011100100010
010000100000000001001
011000101000000000000
010001000100000000001
000010011000000000010
000000000000000111101
000010100100010000000
000000000011000100000
000000000111000000000
000010110000011001000
010000100000011000000
000011100100010000100
000101010010000000000
000000000000000010000
000000000010000000010
110100100000000000000
000001010000100010010
100000000000000000101
111010000011010101010
000000000001000000100
101000001100000010100
100000000101000001000
000010000010110010000
000000100000000100000
000110011100001000000
001000000011010100100
001010000010010011001
010011010000111001000
000011100100100010001
000010010001010010000
000000011000110011001
000000010000000000010
010001001010101000001
100110100000000000100
110001001000000100101
000000100110000100000
110100010000000001101
011010010010000010100
100000001000000000000
000011000010100001000
001000000100010000110
000001000001111000000
000001001000110101000
000100000100000000001
000000011000000000001
101011000000000000000
001000000100110000000
001010000000100101000
100001000100000000000
000000010001000001000
001000000111010010000
011000000000011000000
010110001100100000010
000100000000101001001
000100000101000000010
000010100000010010010
000000000000100000101
001000001100100000000
100000000000000110001
100001001001000100000
010110100010101010000
010101000100100000000
001100000000010100000
011000000000000000000
000000000000000001000
000101011010000010000
001000000000010110000
001000101010000100001
110000000000100000000
000000011010001001101
110000010010100010000
100100100000100010001
101010000101001100111
001000110100000001100
000000001011001001000
001110110100000010111
000000000010100000000
010010000010100010000
010011101100010010100
100000000000000001100
100110110000000010010
000110100010011000001
010000001001000001000
110100011000000000110
010010111111001001001
110001000000000100000
000010001100001000000
001000110000100100000
110000010000010001010
100000001000101001000
000100000101000100001
101000001010100000000
100000000001000010000
000000001000101000001
000000000000100110101
000001110010000001000
000000000010010000001
010000001011001010000
100011000010001000011
000010000011000000110
000000000101100000100
001010010000010000010
000101001000010000000
001000010101110000000
100010010000000100000
000000001000001000001
000000010000001001110
000000000110000010100
000110101010001110000
010000001000001001010
110001001100000100000
001100100000110001000
000001000011000010101
000101100100000001001
000000000000011001000
000001001011000010000
101101000000111000010
000100000010010001011
010100111000001100000
000101001001000001001
100101001000001011000
100000110110000000011
010000000000000101010
101001010000010100000
110000101111000001100
001000110100000000000
010000110100000001000
010000110101000000010
000010100010000000000
000000010000011010001
001001101001000000000
000000100000100101000
010000000000000000101
000010000000010010000
000001101000000010000
000001000001000001001
100000010000100000000
000001010110000001001
100101000000101000001
000000100000101010010
000100000011010000100
001100000101011001000
100011000010001000000
000010010100010010000
010100010000010100000
000001000000000100000
001010000000000000000
000010001010000100010
001100000100000000101
011000010010100100000
000000000010000010010
100000000000101000000
000011101000010001100
010000001001011001001
000100011110000000001
000010000000100000010
001010100000010000000
010000100000000000001
100001100000001100000
000000111100100000000
000000000000100000010
100111110100000000010
000101100000100000000
100000001000000001000
000011110100000001010
000000000010000010000
100000000100001000000
000001000111011000000
000010011010000000010
000000000000100000100
100000001000010000101
000000110001000001000
010001010000000010101
001100000000010011000
000010010000001000010
000000110000010001000
000100011001100000100
000100100000001000000
000000001001100010110
010000000000001001000
100100100000001001100
010000000000011000001
001100011001000110111
000001100001110011000
000000000101100010011
000010000100000000000
111100000011010000100
010000100001010000001
000010101000000001000
000000111000110001000
000001000010000000000
000000001011000000000
101001000000000100101
000110000000000000000
000000001000000001000
000001010010010110000
000000001001010001000
010010001000000100010
100100000000100000000
001000000000101110000
001000100100000000010
001000000100001100000
010010100000000110100
001000010000010011000
001001100010000000000
010000000000100100001
001100000000100001010
000000000001010001010
000000100000000100101
000000001100000000100
000010010001000000000
000000000111011000000
110000110000110101101
000000101100101000100
000110000011000001001
000000010000100100001
001001000001101100010
010000000010001100110
101000000101000100000
000000010111110000100
011010001000100010000
010100000001000100100
000000000011011001010
000000110100001000100
001101000110000000001
100000110110001000000
100111100110000110010
000000000000000000110
010000000011010000000
001110100000011100110
000000001000110100000
000010100000100000001
100110010001001000000
100000000100000000000
100000010001000100100
000010000101001100000
010000000010001000000
100000100000100000000
101010011000011000000
000100100100000010011
000010100000000001000
000010101001010000000
000010000000010010101
100010000000001000110
100000000101000010000
011001110111001010100
001000010000000000010
010100000000101000010
000100000110100000000
000000110000111110011
000000110010000100001
100101010010000000000
110000000100101001000
010110000000010000001
001100000010010100000
101010010000000010010
000001000100100000101
000100000000001001001
000000011001000000100
100000101010000000001
100010000101011000100
000000010010110010010
110001000000010001110
000100010000011000011
000000000000001000101
100000000010011010110
000010000010100010010
000001001100001100010
010000001000100111010
101010110000100111000
000000010000100000000
000000000000010000000
011100010000100001010
100000010001010100011
010000010000000111000
000001001000000000010
000010010011100100010
000100000010100100010
000000100001010001001
110000100001000010000
000100001101000000000
000000011001000011001
010010000000000100001
010010000010010010100
100001001000110110011
101000011000000001001
000000001010000001001
000000000010001110000
000000001000001100000
010000100110001000000
101100000000000000110
101101001000111011010
001100110100000000000
001001000100100001000
001100001000100000010
010000000000010000010
000100110001000000100
000001001100001101010
001010001010000011010
000010000101000100001
101101000100011010001
000100000110000010010
1000
000010010000001000000
010000000000000000010
000100000001000000000
100000000101000000000
000000000000000001110
000000100000001011000
111000100000000000010
000000001000000000000
010000000000000100000
001100000000100101000
010100010000000000001
001100000010000000000
001000010000000000100
010000001001000000000
000110000100100101000
000001000000000000000
000101000000000110000
000011011000000000000
000001100000000010000
000010010000100001110
000010001000001000001
000110000000000000000
000100000000010001100
001000000000100000001
000110100001000000000
100000100100001100000
000000000001000000000
000000100101000000000
000110010000000100101
100000000001001010000
001000000001000010010
000001001000000000000
000000010000100000000
000000010000000000000
001100001000000000110
001001010000000000000
000000000000000000000
000000100001000000000
000000100000100101000
000000100000000000000
000111010000000000000
000011000000011000000
000000100100100000000
100000000000000011001
010001000000101010000
010000000000000100110
001000010000000000000
100000000000000100010
010000010000000000000
000000000001000001110
011000010001001000100
000010000001000000000
010100000000000000000
010001011000010000001
000000000010010100000
000000000010100000110
000011010000001000001
000000000000000100000
000000000000110000000
000000000000011100000
001100000000100000000
110000000000000000010
000000010000000010000
000000000000000000000
010000000000101000000
000000000100000000100
000000001000000100011
110000000000000000001
000010111000001100100
000010010000001000000
100000000000000001010
000001001000000000000
000001000000000010000
000100000001000101000
000000011000001000000
100000000000001000000
000110000000000000000
000100000000001011000
011000010000000001100
000000000000000000001
000000001000000100000
000000001000000000000
000000000001101000000
110100000110100000000
100010010000101000000
011000000000000000000
010000000000000010010
000001000000000000010
010100000000010000000
000101000000000010010
100000000000100000000
000100000001000000000
000100000000000001010
000000010000000001100
000000000001000010000
000000000000001000010
011000000101000001000
000010000001000010001
000001000010000010000
100000000000110000001
000010000000011000000
000010000000001000001
110000000000001000000
010010000010010000000
000000100001000011000
000100000000010010000
010000010001000000000
000010000100000000000
000000100000000000100
000000110000000001000
100010000000010000000
000000000000001000000
000001000001000000010
001010000001000010000
000000001000000010000
100100000000000000000
100000000001000000000
100001000010100000000
100000101000010000001
000000000010000001010
001000000000000100000
010000000100000000000
000100000011000000000
000000000000000000000
010000000000000000000
100010000101010000100
000000010001001100010
000000000100001100000
000000001000000000000
000001000000010001010
000100100000000100000
000100000001000000100
000000100111010000000
001000111000010000000
000000100010001000010
010000000000000110000
000010000000010000000
000000001000000011001
100001000100000100100
000010000000001000000
000000000011000100000
000000000000000000000
000000010001000000100
000100000000010101100
000010000000100000010
000000000001001000000
000101000100011000000
000000000000100001100
000010000010001000000
100000001000000001000
100000000101100110000
011000010000010000000
000011000100000010100
000100000100110010001
000000000100010000000
100100000000000101000
000000000010010000010
000000000000000001110
000000000010000000010
001100000000000000001
000100100000100100000
000001010000100000001
100000010000010000100
000000000010000101000
000000000000000100000
000000010000101001100
000000010100101000000
100010100000001010001
000100000000000000000
100000001100000000110
001010000110000100000
110000000000000010000
000010000110000000000
000000000100001100000
000100000000000000000
000000010001001000000
001110000000001000100
110000000000101100000
000000010000100010010
000010000000010000000
000000000000000000001
000101000000000000000
000000001000000001000
000000000010000000000
000000011000000000110
011000000000001000000
000000100000100011000
010000010000000000101
000000000000000010000
000010000000000010101
000000010010000000000
100010000000011010001
000000000000000000000
100000000110000000000
000001000000110000100
001010000000000000000
000000100000001001010
100000010000010000000
000000000000010101000
000000000001010010000
000010100000010100000
100000000100011000000
000001000000000000000
010000110000110000110
001000000000010100000
000000000000100000000
000000000110100000000
000000001010000010100
000000010010001000001
001011000001010000000
000001001000000000010
101010100000000000001
000000011000000001000
000000000000000001000
000000001000010000001
100000000000000100010
001000000100000000010
010000010000101000000
000001000000000011101
000000000000000000000
010010000000000001000
000000111000000000000
110010000000000010010
000010000001001000100
110011000001010110000
010000010000000000100
000000010000010101000
000000000000001000010
100100100001000000001
010000000000001000000
000010000010100100000
000000001010010000010
101001000000010010000
000000000000000000010
000000010110000000001
001001000100000000000
000001000000001000000
001000000000000010000
100000000001000100010
001000010000000000000
110001000100000110000
010000110000110000000
000000000000000000000
000000000010010000000
001000100110100000100
001000010000000000010
000000000000000000000
001010010000000000000
000000011011100000110
001000000000010000010
000000000000010000000
000000010000000001000
000000000000000000000
010100000000000000000
000100001000000010000
001001000000000110000
000010100011000000000
000100000100010101001
010000000001010000100
000000000000100000100
010000000001000011000
011000000000000000001
010000000100000000000
000000000100000000000
000001000000000000100
100000100000010000000
000100000000100000000
100000000001100000000
001000100000101000000
000100100000000000000
001000010000000000010
000100000000100000000
100000000010000001000
001000010000000000000
000000010000000000000
100000000000100000111
000001000010100000011
000000000000001001000
000000000000010100000
110000000000010000000
000001000000001000000
000000000000000001000
000000000010000010000
010000000000001000000
000010000000001100001
000000101000000110010
001001000010001010100
000000000100000001001
001000000000001000000
010010000010000000001
000000000010000100000
100000110000000010001
000000000000000000000
000010000001000011010
000110000000000000000
100010010000000000000
010101000101001000000
010000000000100000000
000000100010010100000
000000000000000000000
100000000000011000010
000000000100010001000
010000010001000000010
010000000000011000100
001000000001000100000
010000010000010001001
100010000000000011000
000010100000010010100
000000001010100000000
000000000000000000010
000100000000000000000
000000001000100000001
000011000000011100000
010000001001101000000
000000000000000000000
010000001000000000000
000110000000000100110
010000001000100010000
001100000000000000000
000000001000100000001
000000110000000000000
000000001110000000000
010000000000010000000
010010000000000000001
000000001000000000011
000100000000000001000
000000010000000010000
000001010000010000000
110000000001000001001
100000000001000000000
000000000000000000000
000000000010000000000
001000000000000000100
100010000100000001000
100000000000000000100
000100001000000011010
000010000000000000100
000000000000000000111
000000001110000000000
101001000000000000000
000000000010000000101
000000010001001000010
000000000000000101000
010000000000000010001
000000100001000000000
000000000000010000100
000000100000000000000
000000001100001000000
010000000000010100101
000010000000000000000
011000000100000010001
001000001000010000000
000000001000000000001
100001000100110000000
000000000000100000010
000000110001000000000
000010000000000000000
000000000010001000000
000000000000000000000
000000010000000010000
100000000000000000000
000101010110000010011
100100000100100000000
000000000001001000000
001101000000000000000
000000101000000000010
000000000000100000010
000000000010100000000
100001001000101000010
100000000001000000100
000000010000000111100
000110101000011010001
000000110000000000000
000000000000000000000
000000100100100000000
001000000101000101010
000000000001000001000
010001010101000000001
000010000100000000000
000000000000000000010
000000000010000100000
011000110010010000001
101100000000000000000
000000000110000000000
110000000000000000000
000010000000000000010
001000010000000000000
000010100000000000100
000000100110000100000
000011000100000000100
000010000001010000010
010100000011000010001
000000000000000000000
100000000000100000001
010001000000000000000
000010000101100000100
000000000000000000000
100000000000000000000
100100100000000100000
000000010000100000000
010100100000000100000
000011010000000000101
000011000100100101001
001000010001000001000
010000000000000001011
000000000100000000100
111111000000000001000
010000110000000000010
100110100001010000000
000000000010000000010
001000010000101000000
001000100001100000100
000001000000100001000
000100000000001001000
000000000000000000000
000000110001000010000
000000100000011000000
000010100000000101000
000000000000100001010
010000001100000000000
000010101010000110000
011000000000000000000
000000000000000000000
001001000000000000000
001100000000000000000
000000000001000000001
100000011000000000100
000000000000000000000
000100000100001100010
010010000000000000000
000010000000100000010
000000110001001000110
000000001000000110000
000000000000000000001
000000001000000001000
000010000010000000000
001001000010010000000
000000000000100000000
000000001010000000000
000110000000000011000
000000001000001000000
000100001000001100000
010000000101000010000
000000000000000000101
000000000000000001000
000001000000001000000
000010000000100100000
000000110110000011000
000000110000000000000
001101010000000000101
000001000000010111001
000000000000000100000
000001000000000100100
000000000000010000010
000000000000000000000
000000000001001000000
000000000000000000000
000001000000001000000
000000000000010000000
100001000000100000000
000110010000010000100
000000000100000000000
000100000001001000110
010000000010000000000
010000000000000010000
000000001010000001000
000001010001000000000
100100000010001000000
100000110100000000100
000000000000000000000
001000000000000000000
100000000000010000010
100000000000100000100
000000000000001010000
000000000000110101000
000001100110010001000
000010100110000110001
001000011000000010000
000000011001000000000
000000000010000000100
001000000000001000000
000101000100000000001
000011100000000010000
001000000000001100000
000000000000000001001
010000010000000000000
001000000000000000000
000000000100000000000
000000000000100000000
000101000000000010000
000100000000000000010
000000000001000000000
000000100000000000000
000000000000000001001
000000000000000001001
000000000010110000000
010110000000001000100
001110000010000001000
000001010000000000000
100000001000010001000
010000000000000101000
000100000001001000000
000000000101000010000
000000000000000000100
000001000100100000000
010000001000000101000
000000000011001000000
000000000011001010000
000000001000000100000
000000000000000000000
000000000000000000000
000000000000000010000
000000100001000000001
000000001001000000000
000000001000000000000
011000000010000110010
000000000000000001010
000000001000000001000
000000000000000000001
000000000000000100000
010100001000000000000
001000000000000000000
000001100000001000000
000000000000000000000
000001000001000000000
000100000000000001000
011101010000000000000
000001001000000010000
000010000000001000100
100000000000000000000
000000000000000000000
000010100000000000000
000100100010000000100
110010001100000101100
010010000000000000000
000010000000000000000
000000000000000000000
001100000000000000000
000001000000000010000
001001001000000001000
000100000000101000000
000000100000000000000
000000000000000000000
000000000000110000000
000100010101000100000
000000000000101000011
000000110100011000100
000010000000000000000
000000000000000000001
000111000000000110000
010010000000000000000
100000000001000110000
000000000000000000000
001000000001000000000
000100010000110000000
000000000000000000010
000001000100000000000
000000010100000000001
101100000000000000001
000000010000000010001
001000000000100000000
011000000000101000000
010001000100010001001
001100000100000100000
010001000000000000000
110000000000100010010
001000000101001000000
000000100000100000010
000000000001100000000
000000010000000000000
000000001000000001000
000000000010000001100
000000000010001100001
000000001000010000100
000000000000100000010
001010000001000110000
000000000000000000001
000000011000000000001
000000000001000000000
000010000000010000000
000000000010000000000
001000000110000100001
000000000000000000000
100001000000010000000
001001000011000000001
010100001001000000000
011100000000000100000
000010000000000000000
000100000000000100000
000000000000000000000
000000010000000000010
001000000100000000000
010000010100001000010
000010000000000000001
010000000000000000001
001000100000000000000
101000001100100001100
000000000000000000000
000010000000000000001
000000000000000010000
000001000100100010000
000000010000100100000
100010010001010000000
000110001000000001000
000110000000100000010
000000100000000001000
001000000000001010100
001000000010000000100
010000000010110000000
001010000000000000000
001000010000100000001
010000000000001000000
100000001000000000000
000000000100101100000
000110000000001000000
100000001000010000000
000000001000001000000
000000000100100000000
000000001000101000000
000000001000001000100
000000000001000000010
000001000001000000001
010100000000000010100
100101100001001000000
000000000010100010000
010000000000000000001
000000000000100000001
000000000000100000000
000000000000000000000
000000000000110000100
000100000010000001100
001100100000000000000
000010010010000100000
000000000000000000000
000000000000001100000
000000000010001000100
000010000000000100000
000000000100001000000
000001000000000010101
001101100100000000001
000000010001000100000
010000010000000000000
000010000100000000000
110000110000000010000
000010100000000100100
000000000000000011000
000000001000000000000
110000000001000000000
100000000000000010100
010001001001000100000
000000000000000000000
100000000000000000001
000000011000100000100
000100010001001000000
010000100000001000000
000100000000100000000
001010011000000000001
100100000101000000001
001001000010001000001
010100000100000000000
000000100010000000001
011000000010000000000
001000000011000101000
010000000000000001000
101000010000000000000
100001000010000000010
000000000000000000000
101000000000000001000
000000000000000111000
000010000001000100001
000000000000000110010
000000000000000000010
000000110100000000000
000000000100001000000
100000010100010000010
000000010010000000000
001010000000000001000
000100001000000001000
100000000000001000000
001000000000001000000
000011001011000000000
000000100100000110100
000011000000000000000
000110000000000000000
000010001000000000000
000110000000100100010
000000000000000000100
000000000000000000000
010000000000000100101
101000001000000100001
001000000000000010000
000000000000001000010
000000000000000000100
000000001011001000010
010000010000000000000
000000000000010000000
000000000000000000000
000000000100000100001
000000001000000100100
000001000000000000000
100000000001000000000
000000000010110100001
001010000000000010000
000010000000000001000
000010000001000100000
001001000000000000001
000001000110001000100
100001000100001000000
000000100010100000001
000000001010000000100
001000000000000000000
000000010000000001000
000000000000000000000
000011000000000000000
000001000000011100001
010000000000100000000
100000011101010000000
100000100100000000001
001001000000000000000
000000001000000001000
000000000000010000000
000000000010000000000
001001000100000000000
000000000000000000000
000000001000010000100
000000000000100000001
000100000000000000000
110000000001000000000
101000100000010110000
000000000000000011000
000000000000000000000
000100000001000000000
000001000001000000110
000101000000000101000
000000010000000000000
000000000000000001100
000000000010000000000
100001000000001000000
010000000001010010100
100000000100000010110
000010000001001001000
000001010000101000000
001000000000001000000
000000000000000000100
000000000010000000001
000000000000000000110
000000011111000000010
000000100000000000000
001000000100100000000
000000000000100001000
010000000000001001001
110100000000100000000
000000000000000000000
010000010110100000000
000100100000000010000
001000010110000001000
000001000000010000001
010000000000000001011
000001100000000000010
100000100000100010110
000110001000001100001
000000100001000100001
000000100000000000000
000010000000000000000
000000000100100110000
000001000000000100000
000000000000000000100
000000000001010000000
000000100000011001000
000000000000000001000
100000000000000001100
010010000001000000000
000000000010001000100
000000001000100000001
000000000001000001000
000000010000000100000
001000000011000000000
000001100000000110010
000100000000000100000
001010000000010000000
001100011000000100000
100000000001001000000
000000000000000000000
000100110000100000100
000001000100000000100
000001000000000000010
010000010000011000000
000010000000010001001
110000010000000000101
000100000100000101000
000001000000001000010
000101000000000000000
000000000001000000000
000010000000000000100
000001100000000000000
000000000010000000001
000100010000000000000
010000000000001000000
100010000000000000011
100000100000000000000
000000000000000100000
011010000000000000000
100000000000001000000
000010100001100010000
000000100000000000000
000001000100000001000
000010110000010000100
000010110000000000000
000010100000010000000
000000000000000000001
000000000000000000011
000000000101010000000
010000001101000000000
000100001000000100001
000011100000001010100
000000000001000010111
000000000010001000000
000100000000001110000
000001001001010000000
010010100100100000000
000000000000010000000
000000000000110000110
001000000000001100000
100000000011010001000
000010000000000000000
000000001110010000001
000000000001000000010
000101000001000000000
000100100000000110000
100000110101001111001
000110000000000000000
000100000000010001001
000000000000000000000
000000000000000001000
100000100000000100011
000000001010001000001
001000011001000010100
010001010010100000000
000000000000000000100
000000001001000000101
000000000000000000010
000000000000000000000
010100000001100100111
000000001000110100000
000010000100000000000
000000000000000000000
000001000010000000000
001000000000000000110
000000001000000000000
000000000000010000000
100000001000001010000
010011000000110000000
001010000001000100000
000101000010000000000
101000000000001010101
000000000000100000010
000000000000001001000
010100000000000100000
100000000000000010110
000010001000000001000
101000100100000010111
000000010000100000000
010001000000010000000
000000000010000000000
000100000100000000000
100010100000000000000
100000001101000000000
010100000000100010010
000001000100000000001
010010001000000100000
001000001000000001010
000001000001000000000
000100001001100000001
000000000000010000000
000010000000000000001
100000000000000100001
000000000000000000100
000000000000000000000
000000010101010010000
100000010000100000010
000100100000100000000
000001000000000000010
000000000000000000000
000000100001000000000
000000000000000000000
000000000001001100000
000000000010000011000
000010000000000000000
010100000001101011000
001010000000000010100
000000000001000000000
010000100001010000000
010000000000000000000
010000000000000000000
000110000000010101000
100000001000000000000
000000100000001000000
000000010000010100100
010000000000000000100
000000000100001000001
100000000010101001010
000000100101000000000
000000100000000010000
000100000000010000001
000000001001001000011
000000000100000010001
000000001000000010000
000000000000000100000
000000001001010010000
000100000110000000000
100001100100000000000
101000000000000000000
000000000000000000000
000000000101000000000
000000001000000100000
000001000011000000000
000000100000000110000
100100000000000000100
100000010001000000000
001000010001000000100
100111000000100010011
000001000000000000000
010000000010001000000
010000000000001000001
000100010000101000000
100001000101000000000
000011001010000000000
000000000101000001000
000000100010010000000
000100000000010000001
000011000000100000000
000000000000010000000
110000000000100000000
100000000000010001110
010000000100100000011
000000001000000000100
000010101000100000000
000001000100000010010
000010000100000010000
000000110000000000000
000011000000001100001
000000000000000000010
000001000000000001100
100001000000000000000
000000100000100001001
100000001000010100000
011100000000000101001
000110100000010000000
000000000001000100000
000000000000000000000
010010000000100010000
010100001000000000000
100000010000001000001
010000100000000000100
010001001000000000000
010000010000000001001
100000001000100000000
001000000100000000000
000000000000000011000
100000000000000000000
011000000000111000000
100110001000000100000
000010000000000000000
010000010000100010010
000000000000000000001
001000110100000100000
000001000010000111000
000000001101010000000
010000000000000000000
001000000000000000100
000000101000100001000
000000000010000000100
000000000001001000000
000000100000100001000
000000000001000100000
101000011100000100000
001001101000000000000
000000001000001000011
000000001100010000000
000010000000000001110
100110000011100000100
000011000000010000000
000001010100000101010
001011000001000000000
100001000110000000000
010000000000000000000
000000110000011000000
001000000100100000000
101100000000010000000
010000000000000000000
010010000001101100000
000000001000000000100
000000000000001000001
000000000000001010000
100110000001010010100
000010100000001000000
000000010000000000001
000000110000100000100
000000010000000100000
000010000110111000001
