556
117
283
454
962
261
43
885
35
523
280
898
727
79
133
520
346
668
991
220
428
668
288
760
160
650
248
675
335
638
188
318
675
203
335
49
303
493
291
697
327
941
79
409
204
864
120
775
3
872
818
351
994
468
684
934
723
188
49
133
234
848
67
965
650
24
253
864
41
154
79
648
968
346
237
913
720
139
70
195
812
358
218
219
162
848
648
840
732
664
189
486
366
352
107
692
978
57
484
89
593
499
101
422
410
581
995
624
991
919
24
593
419
124
440
147
991
425
89
89
154
905
593
162
496
909
511
682
965
825
88
247
314
750
981
818
133
527
527
811
372
760
555
758
818
248
763
304
780
118
198
468
212
760
428
504
454
648
366
776
295
263
647
708
369
890
248
523
388
195
118
9
493
504
70
594
867
991
369
554
133
815
758
305
90
140
495
117
825
110
830
593
738
435
500
45
840
117
978
757
352
611
96
905
612
981
527
416
474
493
263
328
404
895
572
932
496
650
895
941
114
41
676
516
983
361
940
69
522
198
162
648
62
222
129
31
818
238
694
213
98
412
388
581
435
523
688
844
544
871
238
767
443
720
785
153
441
248
556
556
904
731
383
508
593
255
277
457
253
153
46
606
153
693
425
991
791
326
516
606
328
253
873
79
277
402
203
335
212
90
865
619
388
425
904
946
454
872
692
103
117
179
858
230
760
372
77
285
647
162
41
474
36
724
815
522
793
672
973
492
541
868
445
304
488
817
232
778
118
654
730
178
783
443
586
137
312
341
932
885
703
667
981
760
102
472
463
673
220
129
468
650
793
934
763
435
441
589
843
24
101
279
612
263
951
512
554
637
446
250
979
73
272
493
77
139
983
96
682
12
454
544
991
291
363
454
192
428
909
726
461
685
172
441
720
178
711
844
838
162
468
984
318
949
965
361
528
556
454
840
543
163
279
308
593
650
328
347
750
516
226
732
978
422
682
499
24
77
872
238
43
852
363
24
929
118
551
358
938
510
566
917
946
978
491
120
89
589
573
42
913
383
296
694
611
195
379
69
294
926
848
70
969
959
911
793
496
994
57
731
936
213
68
630
682
283
118
493
248
604
470
297
43
488
26
361
208
911
220
265
89
5
137
98
831
694
143
558
708
981
673
827
166
143
248
213
782
871
232
162
610
219
840
724
496
657
219
757
932
472
195
358
544
280
137
303
871
379
305
732
730
917
564
204
620
76
554
790
203
924
973
361
931
361
347
88
12
986
566
218
73
124
115
190
241
820
447
321
486
258
855
825
932
750
926
191
508
793
189
969
657
619
267
610
388
793
238
516
905
890
523
461
793
825
342
973
472
724
587
806
829
763
129
694
5
284
119
24
650
255
911
994
216
117
538
903
788
445
867
685
820
296
962
619
358
511
363
347
541
488
35
160
299
37
610
98
799
946
178
104
218
603
760
675
299
983
570
578
195
941
708
435
493
890
904
810
589
763
640
852
124
663
445
973
749
458
636
969
879
493
663
107
12
265
142
119
973
24
488
324
486
890
117
778
504
763
151
203
655
685
219
684
189
978
145
286
657
120
442
624
163
620
646
603
504
219
128
932
107
911
762
491
493
486
783
472
500
941
658
839
981
125
492
89
263
610
820
296
977
546
758
486
351
720
125
285
842
145
253
852
20
793
425
425
27
55
299
283
879
285
160
425
624
445
250
428
724
647
491
810
326
989
529
682
212
119
794
303
793
324
352
375
347
554
603
212
903
474
506
796
442
666
492
279
329
925
873
48
523
606
898
890
689
110
160
129
671
757
250
318
741
251
844
339
147
611
879
441
348
197
852
706
727
960
283
608
781
232
196
658
939
666
61
101
311
802
250
442
529
136
305
117
291
697
36
483
844
170
46
685
88
941
917
519
296
604
218
994
316
604
308
724
247
283
12
247
671
361
824
24
606
598
983
274
5
544
554
462
263
436
909
212
976
5
666
644
226
42
329
732
35
410
67
248
636
544
117
934
486
725
435
361
667
979
667
154
351
406
250
232
225
446
728
12
512
673
973
612
120
818
255
25
746
638
516
760
895
793
828
283
825
324
372
613
205
938
854
523
117
232
666
648
129
128
649
286
763
101
973
454
978
191
404
163
630
516
394
279
137
688
220
410
666
468
143
636
255
446
526
154
911
446
119
455
229
107
163
42
758
648
852
844
882
89
303
496
830
26
128
749
73
953
470
802
188
108
828
250
37
871
708
133
585
762
299
732
724
159
335
410
830
667
728
706
454
178
238
951
342
579
