1000 21
000110000011110100000
110000011000101101100
100000110011100111100
010110010001000111010
011110011101000111000
110111000000010111010
110110000001110000100
100111100101011000100
011001001101100111000
111110100111000001010
011000001110010010101
010001101010110110101
100001001101000000000
000110010100011100001
100001010100100001101
001100111100011100000
111100011000000010001
010110000000010101101
111010110100000011000
101110110100110010001
000001101101100001101
010010001010010100110
000110001000010000010
000101010010111001111
000000011000110011110
001101000001011111101
101101010100101000101
000000110010011011110
100010001110010101100
001001100000001010001
111100000001111001010
010001000100010000010
000101100010111100100
111000000110111001010
100101001111011100000
100001001111101010101
110010110001010011110
000011000110000110010
100010101000100101101
100010101000011001100
101001101000011110110
011000000011101110110
101010011100010100111
000000001011000000101
111010100111010000100
011001000101101110100
000100010010110100110
111110100100000100111
101010101111100000011
101111010001100001000
000010001100000000100
000100101100101001110
001100000011100111011
000100000100011011100
110101001111010010000
101000010100011101100
101001101001000111001
011010111100101000010
100000110010000111110
100100111000110010101
000001110010101111010
100110000010010110111
001000101110001100001
110001110010101110000
001010000111000000100
110110011010100011100
111110001001010101010
010001000111000111110
000110011000101010111
100000100100101111111
000001001110110010101
000000101000010000010
111101000111010010001
101101100001001101000
000110001100000101000
000110100011001010111
011001011000111011001
000011001100011000011
111000001011001011101
001101100000110110100
000100111010001100100
100010111110100001000
101010001010000000010
110101010000001000010
100000001111001001001
100101100010110110001
000001100100100111101
110001100101011000111
111100111100001001100
110001101011010001110
101000110000001101001
110010010000100110010
000001110000001100111
001101010110100100110
010000100101001000101
011100101001111001100
100001001100101011100
001011010011101110010
000010101110010010101
111011100000100001010
100011110010011000111
001100000111011101001
100100001001010011101
001011000011101100100
010010010000111001011
001001001011000101110
110100010100111101100
101011101001011100010
001000101100001100000
001001100100111101101
010001000101000000011
100101010101010101001
011001010100011000110
100000011101100011010
010000011011011101100
111000011000100110101
001101011011011011000
001000001001111101111
111011000101001100101
000010111011111100010
010010101001001100110
010110100101000101100
100101101010011000001
001101100110110110001
001101101001011101001
011110010100000010011
001001101000001010100
101110011110010001100
100110000010111011110
001000101011000011111
001100011001100100011
100000010101111010000
000011111100001011110
000010000000111111101
100000111111000100010
011100110110101010000
101010111111010001000
001000000010111110010
001111011000001001011
110100010000011101011
010101000101010000010
000101101001100011011
101010000111000101110
001100000110100011011
011100101010100111100
110000000111110110011
011110000000000111111
000010000110110111000
010010010011000001100
100111010010000100000
110100101000011011000
101011100001110010001
010111100010011000111
100011011000101111010
000100111000101010001
011011000110101100000
011110001010100000100
001110100000100010100
101100001100010001111
000111011110000110110
001001000100100111000
010010110111011010100
101000011110110110100
001010111001100100100
101111001100000000001
000111100011010101000
000100110101100110010
100001110000100000110
101010001000110101000
101011000011011011010
011110000111000001100
100011010101011110100
001010000110000000100
100100001111000111010
100100000110010000111
001001101100011100100
110001001000101100101
011110000110110110001
001111100011110000101
100001111001011000110
001100000101100100011
111101000010010001000
100100110011000110100
010101001001101100000
000100011010011100100
110010000000000001100
111001001110001010100
001001110100010111011
111100100111001001001
011111100101000000011
111010000011100000111
111011010001010000011
101010001111110000010
110100110000001101001
011001101101000001111
111010110011000110000
000011001101110101100
011110000010111001110
110110010001100011000
100000101100011010111
111110100000000010110
110101000100001100001
001011101110101010100
000101110011101010110
001101101100010110000
010000110110100000100
000110001010000101001
101110000011111001100
100000100110101000001
100101110001000110000
100101010000000001101
100110011101001110100
101110001101000011101
111000000011000000000
001100010010010010100
001001001111100100101
110000110001011010010
101010010110101001101
111011100100111000001
001110100010111011100
000000010011010110011
010000111001101100110
011101001000001010010
111011001110000001000
101011001010011110000
101000001011111100001
100010010010101001100
111010111000101010100
001010011100110001010
100111000010100100111
000100011110010101000
000101110011001101110
110101011011000110000
010111000101100110001
000001000001100010101
100101000110000001110
010010101111011101000
111000001001110101101
100001000100101010100
111101100001000001101
100100110101011101000
001000101001100001111
000010101001001001000
001001100110010111001
111100101011100000000
110010000011000101100
011011101001000101110
001111110100110001010
001010000110001001010
101111010100100011001
010010011010011111001
110010000001111001001
111001010011101000011
001000110000100100010
010110010011111100100
000010100011110010000
100000110100110110011
000010100010110110011
010011000111000010000
100000001001000101111
101011101000001101000
011100000000101010000
111110010001100001101
001100000000100101000
110010001100100111100
001011011000001001010
000010100101110011110
001001110010001001000
000101001001000111001
011001000100001100000
101000001010001100111
011110000010110010011
101010010000000101111
001101100101010000110
111101001000010101000
001000001010101000001
111010010000000111011
110001011010000111010
001001101100001110111
000111001101001010111
000101101011100011010
100110011000000100110
111000011110000110110
101011000001101000111
100001001001111110010
101101110010000011110
110110001000010100011
101000110011110011000
010101111100100001000
000000110100010010110
001010010111111110000
010010000010001111110
000110111010001100011
011011001001101100011
101001001000001101100
000101111111010000110
001001010001111111001
010000001010111011000
010111000011011111000
101101100000110000111
001010001110100011100
110100001000110001011
010110001100001100111
100110110000110110011
110101000110111000101
100101000010101000000
011010101011010001000
110010001011000111101
001011100011010110000
110010000011001011110
101010011001010101100
011101001100100110010
110001001010110000001
011000100011011001001
010101010000101101000
101010100110010001011
100101111100000001000
111010000110010111001
000011000010001101001
010000100111100111100
001001000110001111010
001011110010101000010
110101000100000101010
011111110110000000101
010011100000001001100
111111000001100001110
010111110000010010011
011100010100011110001
011110101111000000010
110000101101100100001
000001010000100001100
110111101000010011000
101001000011010010100
110000101110010110010
001100011110000111110
000100001001000100000
011000010010000010011
000011001101010010011
110001111000100100101
110101110100100001001
010100111110010010100
110110000010111100001
100000101001000111001
001100110010100001101
000011001001111000100
011100011011100101000
000010100111011101110
101000101011100101110
101010000100000000110
110000000101000010010
101100001110000111101
100100011101111001010
011101010100100000001
010001001000110011000
101001101100010100110
010000010001010111110
000011010001100111110
111100111010000010011
100011000111011000110
111111000001000010001
000000111110101101101
000111010001011010010
001010000111111001110
000110001000111001100
100110100010111100000
010001101011010101110
100111010010100000000
011000100110110100000
110010001111011001010
011100101111000011000
100011100011000000001
100101110111100100100
010001100000001101001
010011000001000110110
001011100010110010110
100100100011101101001
001000100110100000110
001000011010100111000
000100101001100111010
001111101001101000000
000011101000000011101
100100100000001010000
100110000001111010111
100000000011101100001
000001101110101100101
101000111001010010010
010001110110101000000
001011011010111000110
110110011000001111000
101001001001001100100
001100100011010101110
000101111000011100000
011110000100010101000
010011001110011010100
001000100101100100000
001000110001110010100
111011110100001000000
111101100111000000000
011100000100100001111
010101001011110100100
011001000011000011100
111000000011101110011
100001010100000111001
111111001000111000001
001000110001110100110
011110110001100010000
010000101001010001100
110100100100001100100
110000111111000100100
011000110100111110010
010100011001100011010
100010011111101001000
110010000100010000010
110000001000001001100
000000000111010111011
010011001010110011011
011000001110000101000
111000101011000010000
000111101100001011100
010010110101010001010
000000101101011001000
110101111001000110000
010110000000110110000
110111100001001000110
010111010010011100101
100111101100001010000
000101111011010010000
000111110111100000110
111000000010110010101
000110111001001010010
011010000011010111000
100111010100110010010
110100001100010101100
101110111110000001001
110110101010111000100
101000101010110100010
011100110010100000101
111100000110001000100
100100001011011010000
111000010111011001000
001111101000111010001
010010011010111100011
111111001000100110010
001000011001110000000
000011010110101101101
011000111100111000101
100011100010000101111
111111110000010000000
000101011100000010011
001010010001101110011
001000000010010101000
101101100010110100000
100001010111101001000
000110101011100101101
100011101101011110000
001110010111011000000
001110111101000000011
000111011100101001000
100000001000100011110
000100001010101010001
001001001101011010101
110010100011011011000
110100010110011001100
011001001110010011001
001100100010010001001
001010100010101010010
100001100100111001001
010100010101110010111
100001001010010111010
110110011000100100101
110111010100001000001
001001111001110100101
000001010100111001100
100010011101101000111
011001000101110101100
111001000100011010000
100010000011001011011
010011100100101000101
110110000111011000010
010001010101010101011
000000011110010101011
011010000011001000011
001100100101101110010
101000101000111011101
011000000000001010101
110101011100101010100
110010010101011010010
110010100001110110110
110100100101110011100
011001000010101000100
100111000001011101010
110000100010100111101
000001111010101110101
001110110111000000100
111100010001100001010
001011101010111100010
010010101011111101000
001011110000100110100
110100100100101011010
001001100101010101101
001001011101000111001
110000010001010101100
011101011010110000100
011011001100010100111
101011010011010010100
011110100010001001110
000010100001010010001
001100101010110010110
001100000100100110111
011010110000100111000
111011101000011110000
100010111110110101000
010010000010101000101
001010010110110001011
101100110100100000011
110101110001111010000
011000110001000110010
000011010100010100101
111010010010001110101
010101111100010000011
010000100010110110000
010100111001011110001
101000100111101101100
001011110101100010101
100001101000001001110
100110011000111100011
011110001010100011001
101100000110011101010
001000110011011001110
100000100101000111110
010100010111000101100
010000010100000011001
110110100110000010110
110101000100000111110
101000000111000100110
000111110100100100000
100010011100000000101
010011110100001010011
110110000001011000110
010000000001001011011
011001001111000010111
000011000001011100010
001101100110101011000
001111100011100000111
000100111111000000000
010011110001000110011
101000000111011000010
011000000001101001101
001001101000000100101
010111100001001000011
010111110100001101100
000001110010000111101
101010001000000111010
110010100011001100111
100010011001101111100
110100001001110101110
000010100101101110000
001110100011010101001
000111110010000010101
010011010001001010001
110010111100000000110
100100101001001000001
100011000011111010010
100111001000011000110
000100111100100001111
011011101000011101000
000000011111101101000
100000001100111010110
100101000110100011010
010001001101010001011
000000100111110100010
100100001011110110010
001010100011110100111
100001110101000101000
100110110000101100100
010000111111000100001
010000000101110111001
110101000111010011001
011000001100111011101
111000000011000111110
011110000110001011110
000010001011000000101
000000111000010101111
000001101000110011100
010101100011110111000
001100101000001110111
101001101010010001110
111001110001000000011
110101101110000110100
010001010000001101100
000011110001001000010
101001001010110000101
000111101001101001110
100110001000011101110
011001100010101000101
001101011110001100000
100001100011010000010
001110111001000110010
000111001000110100011
010011100000001110010
010110011100000101000
000011110000110010011
000010010111010111011
110100000011110100111
100000100110000010001
001000111101010111001
000001101011110101101
011101000011110001010
010000001100000001001
101111001100100010011
001010010110101100111
111100000010100110111
010001111100010100110
000100100110001110011
010010000100001100010
100110000011000110001
001010110010010000101
000110000000111011110
100111110011010100100
100011110110000001011
110100000101010100111
100000000101000111111
010001110100101110010
110101110001100101001
011011010100010111000
010101001010000101010
010100001011110000000
001011000001110000010
011010000111100100001
101001101000001001111
110110000111101110000
001010001100101010101
000111000001011111101
100001001001000100000
001000000011001100100
000011101100110011101
001101010100111010010
001011110000011001101
000101100010011001011
001011011110010101100
101110001001000001000
111001101000100001010
101001010010001010000
001010010011101010001
101001000000010011100
110101101110010000100
010100101101011100011
101110100110010110001
110011010010011010101
011111101100011001000
000010110000110000011
100101101010001010101
100010101000100100000
000101100110001111001
011100110110000110001
001110101001101001001
101000110010011111001
110111000100010100110
001111010010001010011
011000010001110110000
111100100100010000001
000000110101101011001
010111000111000010011
000001101111101100010
100010110101000111100
101110011100000010111
111110000101011100010
110000101111001010110
110011100010000110100
110001000111001011000
110010110011101000000
010010000111011000011
111101010100010010011
110001110000101010100
101011011000111110000
100000101010100110111
110010000010010001001
010100100001101101010
101010000110011000110
000101101100110110000
001111001001010100010
110001011011011010010
000000110101110001110
010111000010110010110
111110010001011011000
001111011110010000010
001001010011010000111
000110101101110100001
100010001011011111001
001101010001000100010
100001100001011111100
110110101101001101000
100001000010100110111
010011000100011111011
100000101010110101010
000001100011100110011
101000011110100100111
101101000010001000110
000111000011111001101
110010100000111110000
010101000000011101000
001101101010110100000
001000011111010100011
100100001000011000100
001000010110010011000
001010110010011110101
010010000010110101010
000110111000010111011
001010100110110011001
001000001110010010011
110101010010001000111
100011000001000000111
111000011001001010000
000000101101010100101
011101010100000010101
111010010011000100100
000000000100011110011
001100100111010011010
010010000001000101101
110011011111010010000
110000011000100100100
000101110000100010110
011100001000000111010
010101111010001011100
000110011100101011001
000001111001010010011
010010000111001111110
100110010101011110010
001000010110010010010
111110011000010011001
110010101001101110001
010010101001111001011
010000011101000010101
101010001000111001010
000110110100000001100
111100001000000101100
100001110000000100001
000100000110011111011
110101110100101000000
101010000010101110101
011000000101111001011
111000101000101100101
011000000010000010010
000000001101010001001
111110100000000111100
110100000001011111001
000000100010111011000
001001011110101011000
010001100001101011101
111101111000110001000
001010111001111100000
110011101000100000101
100001101101011100100
010100001001010011101
011001100011110001100
001010011110110100001
101011100101010011100
110001011110101001010
011001001000000110010
111001101001100011100
010100000101101010111
110100001110000010111
010101101001101111000
110010011000010010010
001000101010111001011
010000110011100110010
011110101101100100000
100011000000101110011
011011101011000010001
010000001110100101110
100001110001001010010
111010000010010011010
110001101010001100101
010111001010000111100
000111010101110000110
001000110111010100011
000011110011010000011
100101011011011000001
010011011000001010000
011110101110000100100
101010100101100100011
111110010000011010011
111111100010110000100
100100000101110100010
101010110001101010101
111001011110001000101
000001000111100010011
100001000111001011101
110101001101000000110
100101001100110011010
011010111110110000001
011010000001010100110
101111100010011100001
001000100011011000111
001110100110001000001
000101000011100111011
000010001110101100100
010001111001101000110
110101010100000111001
000100100000011110001
100111100101101100000
011001100101001110001
011000001010000111100
000100111000100001000
010110110010000110000
110111001000010110011
001110100000111100100
110001110010000001011
110000000010000001011
101001110100101110000
110010011011101101000
010110000100100100011
101000100000001011100
010010010100010100011
010100010011111010011
000010100011101001101
111001001010010010110
100110011100111100010
100010000001001110110
011010111000110001101
011010011010010101000
000010100000100001001
010001001100110000100
001100101011100110100
100010110001110101101
000100010100101111011
111010000101001111000
001101011001000100110
111010010010001101001
111010111100001100010
001000101001100111110
011001100101000101000
010010111000101001010
001001000000011100010
001000111001001000000
100111100000110010100
011011100001000001111
100111100101011110000
100111001101010000110
011010011011111001000
000010100111000110101
110010001110001011011
001010110110000011101
010011010111101001001
011101011011000000000
011010000001100100011
001000000101001000110
101101010100111001100
000100011010110100010
000010100010011111100
010010010101100101010
111011000000111111000
100001000010000100010
100111001101010100001
100100011101110000110
100100101011000001000
100010001101100110001
001011010100100110110
100011001111100001010
100110000101110000100
010011010001010001001
100000100001110001110
001101101000000000110
100111110000010101100
101110101111000010000
001011111001000100010
000111010100111001011
101000110001011011010
001100100010101101001
011101000001101100101
101100100010110011011
100101101100001010011
100111110101110010000
000001110011001001001
010010100000100011001
011110000000010011011
000001010000010011010
010101011100011000001
001001110101111100000
101100000000011010100
100000001111110100100
100100110010111110100
011100101010010000100
011000101011011000110
101001101000111100101
000111001001000000000
011011010000001010110
001100110010000011000
110000000100001101101
010100011001110100111
110100010000000000001
100111010101001010010
000000000000111010100
111100110100010101001
101111101000000101011
011001111010000110001
000011011010011100101
110100010011011001101
001001110110000110000
110001000011101100010
100000101100001010111
001010000101010101011
010010010011110111010
101010111100101001010
001101010001101101011
001000011010001011001
001100011000010001010
011000111010110000001
000101011010100111010
000110001000110010011
110001001010110111100
010000100001110110000
001101001111101010100
101000101100100001111
000000110010000101100
101110000011000001001
010010001110011001111
101001111100000000010
011101010110010010110
100001010111010011000
010001111001011000110
111011001000010000101
110100000111100010001
100011100110111010100
100001100111001111000
010001110110000101101
110001001010101000110
001110000100110011000
111101001101100000010
111100000110010001001
011001000010010111011
011000011110111010010
110101110010000101001
101000010000101111111
011000001101000110010
011101000000011100111
001011001011101100001
110101100000011001011
000010111101011000110
001101101110000010011
100010110101011100110
000111100011110000110
011010100000011010001
001110001010101100001
111111010000101000010
001110101001001110011
110010001000110110100
001000010101110101110
001100100100101110101
111001001011000001010
110001011011000010011
010101010001100010100
000101110000010100111
000010101000101000100
100010011011011110001
011011100100000001011
111100011110000000000
010011100000000000010
011000100001010111100
100010101100011001001
011011000011110000100
100000100111110010111
001000010100101111010
101001100001100001100
000111111000001010111
000000110100010010111
010001001000101010110
110011000011011000001
100111011011000110001
010001101000000011101
110100110000001000100
001010000000011111111
110010111100001110001
101111001001100100010
000010001110100010110
000011101011111001000
000001101111010010110
110101110110100000011
000001011111100011001
001001010110100100010
001001111100011001011
000111000111000001100
010111101100110000110
100100001110100111101
111010000010000111000
011010101011101000100
100011100110001000000
100000110101101000000
000011010100110111001
001111101101000001100
100111110001101001100
000001100001001010111
000110101010010010100
011010001101010111100
110111011000000010001
101010011010110000100
010010000011101000110
000000000101111000000
110110010001100010011
010001011010000001011
1000
000100001000100101110
001100001011011001000
111000001100000110100
000110001011100001000
100000000100110000111
101011001000001101000
101010000100010100110
001001101000101100001
000101000110011100000
101000100110101000000
000011001001001010110
110100000000001001101
010000000111001111110
001000001011001011001
000011011000000011100
010101110100010000001
011000011011000101000
000000101110001010010
100011100001100000100
001110000000111011100
000111010010100000110
010000101100000010110
101000110011110001000
111000101000100011100
000011001110000110100
011111100100011001000
000011110100010001000
101011010000110000000
001000011000000011010
000011110000011001101
001001110000010101011
111010000100010110000
101011010000111100000
001001101010100010100
000000011010000111100
101000001001100000011
010110001100000100011
000001111000101100001
001010000111111010000
001000011100100000011
010111010000010000010
100010110001011000110
110000001000001010101
100000011111000100100
000101100011101010100
100011110000010001100
000010110011111100000
000010010101110000110
000000110010100011100
100100001100001000011
100100001100101100010
101000001010000111101
011010001101010101000
000100010101110000111
010001000010110000110
100000010000101001011
011000001000000111010
001000110100010011011
101010101011000000010
000010111100001001110
010111000100100110001
100001010000110000100
111100001001010100010
000110101000000010110
011001100100011001000
000101010010111000110
011000010000100000011
100001010000000101100
100001100000011010110
100001010000001111010
101000001001001001000
101110000010010010001
110011000001011000001
001000010011000101000
010010101111011001000
001001001101101000000
110001011110000010000
001101011000001001011
100000100000101111101
001001001101000001011
010110000100100000011
100000111010000000011
101010000110000000101
101010100100111000000
010010110111001000100
000101010100101001100
101010100110010100001
010010011011010001000
010010100001010001011
000001101100101100010
101000100100001001001
010100011100101000000
010001001011010100110
000100001000111001010
100100010000110101100
110110100101001100000
110101010110000000010
101001000000000111001
101000101000011010001
100100100100001001100
000111101000101001100
110100000000001011010
100010000010011000111
100100111001000000000
011000110100010000010
011010000110001011000
010111011000000010001
110000010001000100001
100001110001101000100
000101010100010010100
000000010010111001111
000110101000000001110
000110100100001010100
001000100110100110001
111000010101011001000
010110000000000101011
100101100001101001000
000111010010011000000
110100111100001001100
110000100000001001100
000010011000101101010
001101010001100001010
000111101001001000100
010000110101011000100
000011001010010100010
000001001010100110010
111000001000010110000
100000010011010000010
000110101000000000111
100010010000010101101
010001000101011000100
001011001001000101100
011000000011011000001
011001111000110001000
000001111000011001010
000100001100111100010
000000001100001011110
010110000010100001001
011110000010000011001
110010010001101101000
000100110111100100100
111001001001100001000
000000001000001111100
110001011000100000010
000110011100011000000
001111100000110000010
000100001001101101000
000110110000100100011
011110101110000100100
001000001001111001001
010110000000111001010
010000000101110010101
100100011000001100100
010001001001100010100
000011010111100000110
010011001100000100101
000100100000000101101
101110100100000110000
000001000001010100110
001000100101010100010
001001001000001101100
010010010001000000101
010100000101001100011
000010101000010110010
010000001111001001010
010000001000100000111
001001110000110001010
101000100111000101000
001011010000101000100
011001101000000000101
001000001001111101101
011001001000100101000
000000111010100110100
011010001000010100110
000000000100100011111
100110001000010100100
000110010100010001001
100111000001001001100
110010001001011001010
110010100000001000101
000001110100001011010
000100010011100010001
100000011010001001010
010100000110001000101
110001100000010001110
010100010000000101011
101100010001100001010
001000001011011011000
100010100001100001001
001001000100110000101
110010011100001000010
000110001001101000100
000100000110010111000
100010001000111000100
000001100101010101000
101010100011000000100
011010011011111001000
001101010011010010000
010001110110000000010
101001100100010001000
000100011100110001000
000010010100100100011
011100101001111001100
001100010001000101010
001100000010000110111
000000111100010001011
001110001000100011001
010011000010010011001
100000000101101000110
000000111010001010101
111100010000100000101
011100010100011000001
100011001000101000001
101110100000000101010
100100001011100100000
010000011100111000010
001001101010111000000
001010001100011001000
101100101000000101001
000000010101001100110
100000011001100011010
101001001000001110100
000000001000100110011
110000110001100010000
010010101100010000110
000000001010001101101
001101001010000010001
000010011000101010110
010100111001000010001
011110000010110001010
010010110101011000000
000110100110010100001
000110000010010110010
010000101001100100100
000000000010101011110
111100000000111001000
100110001100111100000
111000000001100101101
010010000000010111011
001110001001000001101
001011000011001100010
100010010111100001000
001001001000110000110
000110000110000001110
000000101010111000100
001000000111101101100
000110101100110100000
010001000010001001001
001011100000100000011
001100100000110001011
111000000001100101000
011110101100100100000
000110001000100110010
010010011011010010000
101000100001101010100
010011100010000000110
001101101000011010000
001010100100110001010
100100001001010001110
110000001001100101110
101010101100101000010
110000100001000110001
100100000001101010100
001100100000100010110
000110000001101001010
010010010001011100100
011010010000000101010
001010011001000000011
001001010011100000011
000111100000011000010
011000000101100010100
000000011100010011000
010110100000011000101
100001000010100110010
000100010010010100001
000111110000100001100
010010001110100000000
011111000000100001010
110001110001011010000
000000011101010110001
010100000100011010000
100000010011100000001
100011110101000010000
101000000011001011001
011000010000000011010
101000000011101010010
000011101010000000100
001100010110000001010
000110011101001000100
110001101011010000010
001110100011000010000
100110010011010100000
001010001000100000110
000111010000011100101
100000111100100001010
001000101001001110011
000100001011100101001
100101101100000010011
010100101101000101000
100100001001010010100
000001011011010001000
001011100001110000100
000011010100100100010
100101000010000100110
110000101001100001100
100001010010100000100
011001010000010001001
100001001001111110000
010000001101010100010
010010100101000010100
000000101000010110110
100010000101101000111
000000001001101010101
000101011010000011100
010000000001111010011
010100011001010010000
001100100010011100001
010010000111011000001
010010011100001010001
010000000010100111001
001001001011000010111
101000100001011010000
000011000110101101000
000110110000110100000
100010100001110110010
110001000010010010110
000100100010001101010
100101011011001000000
001000001000000101111
000101000110001001001
011100001000010010000
001010000100110110001
111011100010100000100
001010001000100110010
000100101000000100110
101010100011010001000
011101000100100110000
010100111010010010100
010000011010101010000
101000100000110100100
001000011111000100001
001110000100001100010
000001101100010001010
011000000001100011100
000000000101001101001
000000111001010000101
110100010110000001100
111100010100010010000
000100100010011001100
100110000010101000010
010100010001000010101
011111001000011001000
000011100000010100001
101000010000001110111
010001101000100101000
110010101010101000100
000101100000111000001
000001101110000110000
001000110100000011101
000001010000101000111
000011010000011000111
001001100100001000110
111100000000100100110
001110010001000001100
100001001010000010011
100010111010110101000
110010100000001000011
001101000000111000010
010000110100110000100
101111010100100010001
000001011110000010001
111001000011010010001
011110000010000010011
000001011010100100101
011001010000101010001
001011011000001001001
010011001100100000110
000000101001111001100
110000001011011010000
000001000010010110101
000110101011100000100
001110100010100000110
000111010001101001100
001000000111111110000
000000000101111000110
000010101001000000101
101011010001000000011
000111010111100000000
000101010010000111000
000000111001000010011
001000001101011000101
010110010001010010000
000001000100011110100
000110101000101010001
010011010111010000000
001110000110110000000
110001010000001000111
010010000100100001001
100111000100011010000
010000110111011000100
000100010001110010101
100100001100100101100
100010000100010101001
001100100100101110001
000110101000000010111
000000101000001101100
101100000110010101000
100100001000100001110
000110101000000100101
011010010001110001000
001101000010101011000
101000010110110110000
001001100100000110110
110000001001000111100
000111101001000000010
010111101000011000000
011100000100011100001
000010100011010001110
011101101000100001000
110101100000111010000
101000001001111000001
010010101001000001011
010100100010100000010
110101100001000110000
010000011001011010010
010100100100101001010
000101010010011000110
010001011000111011000
100101000100001000011
111000001001110000101
001010011100010000110
101011000000000111000
001000000110111000110
000100010010111000101
110100001101100000000
001000001000001101110
000111100100001100100
011100111010000000001
010101000000000001011
010010110000000111000
000011100000011101000
010010001110001000101
001000101001001110001
010000110100100000011
100111000001011000010
000010011001100100010
011100010000001001100
100101100100000110100
000010100011100100110
001000000011001100110
000101001111001000100
000110000000111010111
000101111101010000000
000001000000011010011
001000010010101000111
011001101100000000101
000100101001000101010
000010001000101010011
001011000000101100011
010000110100000100101
001100000100110001100
100000000100100101111
100110010011000110001
011000100001000110100
110001001000110100100
001111100000010100001
001010001010010100010
001010001101010111100
101000100001000111000
110010100001001110001
011101000000000000111
101100000001000011100
010001000110000110010
100001100000001001101
100000011010010000010
011000010110000110010
001000001001111101000
000001111010000010101
001110110000110001000
100100000011000100011
110100011000100100000
000001010001111011000
101010001100010100011
010010100001100000110
001100000000001101101
000000011100100101100
001110000011001001100
110000001010010101000
000110100010011001000
100010001100100101100
111000110100001001000
001010011100000011000
101010001111000001000
001011010011000000010
001000001001000111010
010011000000011001011
101010000101000001110
001110100001010100000
000110110000010101001
000001011100001000011
111000010100010010001
011000000101001111000
000111100001010101000
100010000110000001110
001010100100110000010
101100001001000010101
011010010000011010011
100100100010000001011
000001110001001100110
010010100100001010100
001011001100100010010
110010100000110000001
011000011011110000000
010100101010001010000
001011101010111100010
100000100010001011001
101011100100111000001
101010100100010011000
010000001100101010010
001001101001110100100
011000100100000001101
110100111010000000001
000110100001100000111
000011001100001010101
100000101111010000000
010110000100001100011
101100100000110011001
000100101001100111010
110000000010111000101
000010101000110001010
111100011000000001001
010010001110001001111
000101001000011000010
000100110001101000010
100011010100000001011
000100100011001000101
110000100011001000101
100100001100010011010
001011101110001010000
100011100100111000100
010000111100001010000
000000011110101101100
011001000010010101011
000000111000101001101
000010100110001100100
100001100001001000111
010001001000110110001
001010101001001000100
011011100000011101000
101010010110100000101
101001000110010000001
001101100010110110001
010000011011000101100
011101100000000000011
100100100001011101000
000010011000100001101
000010100000000101111
001000000110001111000
110101011000001000000
000010100010100010011
100100001100110000100
100010110001110001000
010000001110100010000
110001010000110001000
010001110110000100101
011010000011000000110
001100101010110010000
101001100010011000000
001100100011001001000
000100011011000010001
001000100000011111000
000110110011010100100
000010100101110000010
100011000100100010011
001011001010001000110
100001100010011100001
101000000001110001001
110000110000111000000
001000010001100001011
010100011001100100011
100000000111101001100
001001001001001010101
100111100010001000001
100000110001000100101
110110000010110100000
110000111100000100001
001001001001110000100
010101011000000011100
001001101010010001000
110110000000000110011
001010000010001101000
010100100001101110000
100010000010111011100
000001000100011011011
010110001101000111000
101011000001100000111
111011000101001000001
000101000010110001111
000110101100011001000
010010010011001100100
110001001000110011100
011000001101010010000
001001000111000100001
000100010010011011000
010011110100001000010
010010010011110110000
100001000101001001101
000011010010100101000
000011000100111000011
110010010000011011000
001010011000100001001
000100111100010000110
100000100011110010111
100110110001000100100
011100110010000000011
111001100000010100000
001000000101111000100
000010100101010101100
011000000011000010111
110010100001010100110
100101001110011100000
000111011110000010000
010010000011011111000
110010000001010011010
101111001000000010001
001011000001101010000
010101010100000101001
001010101001000100011
010110000110010110001
000011000011001100100
001010010000101001001
000010010101010011011
001001001000100011100
000011011000110010000
010111000000011110000
010011000100110000110
010001001100010001011
100001000010010011001
011001101101000001101
100000110101010100010
000110011000010111001
110100100010111000100
000000111010101110001
000000011001110000011
101010110000100001010
101000110000100110000
110001100110000010100
000101100000101101000
000000010110010101100
111001000000100111000
001001000100110110001
000101000111000010010
000011010100000101101
110010010100001110000
010000100001001011001
000111011100101000000
000011001000010010101
000111010001000010001
000001110101111000000
000001111010001100100
010110000111000010001
010100010100100101000
000001101000010110001
010010001100100111000
000101101001100000001
100011000101000100101
110010110000000110001
000000010010111001110
110010000001100010110
011101110000000000101
110101011100100010100
010100011000010100010
001101011010011011000
100101001011010000001
011011001100010000001
010101101000000101000
100100101000011001000
000011101110100010000
010100010110000110001
111000010001011011000
110010100100011000001
010111000010110010110
110100000111001001000
000100110110100000001
011000000010100111100
100100110010000011010
101000000010001111001
000010111010101000010
010000010010100100011
100001110001000100001
100000011110100110000
100001010110000001001
100001101110010000000
000010010011010001001
010010001100010100110
110011000100111000001
101110011010010001000
011000010110100000010
100100000000111101000
010000001010010111100
000100001010000010111
100110000001011101000
000001011010100110101
110101011100000010100
110111100000110000100
001001111001100000001
001001100101010100100
100000110100000100110
010111000100010100100
100110001001010000110
000000011100001001011
001100001001010101001
110000100010000101100
111100001100000001000
001100010001000001101
101111001000100000011
011000110000110001001
000101111110010000100
000001100011010010100
010000100000000110011
110000010110101000010
110100001100100010100
101100000110000110100
110010011111010000000
001101001001001101000
000001000001010110010
110000001110001011000
011000100010100101100
111000010011000000010
010011000000111011000
100010010100110000001
100011000010010100001
010101010010011000101
010011010000000100101
001101000100101000001
010101001111000010000
010101000011001110000
100000010110000110110
000001110001111100000
100001000001111110010
000110010010000100110
010011010010000100101
110100110001100101000
000011010110001101101
101101010000000011001
000110000111100000010
010101111000001000100
010100100000010100011
100101000001011000010
101001010100101110000
100110000001100001010
000000010100110101001
000000110011010001010
010001010000011010010
100100010101001000100
101011000000000100100
001000000011011000011
010100001100000100101
100100100000011100001
011111110100000000100
000100011101101000000
001010000010010010110
000010100110001101110
010010100011001100011
000000010111010111001
000110010001001010100
010000000011110011010
100010011101101000010
010000100010001001010
000101000010100101001
010010010010101100010
100100011100000010001
010000000010100111101
001001000100001110101
011010001111000000010
000001100111001001000
100011000101100010000
010110100000000100110
101000100100101100100
001000110001000111000
100100000011010001101
000100011000110100111
100010001011001011001
001001000000110001101
000010010010000110110
100010000010100011010
100000110011001000000
101011100101000000000
101011010000100001001
111000000100010110000
001000000101111001011
010010011010000101001
010010000100101001001
110001011000000100101
001110000000000110101
001000000110001100111
001001110001101100000
001011000000111010001
100000001010100001110
000010000100110101100
001011000000101001000
001000110010000110100
010000000110001110010
100010001100011000001
011000011100000100100
001101000011110001000
100010000100100100011
000001010011000001110
110000110011000110000
100011000100010100110
000010111101010000110
101100010100000010111
000001110010000111010
100011010000001000111
001010010001010100100
011001100100001100001
100111010100000001001
010010011010010000011
001000010010010001110
011100110100100000000
000101000110111000000
001001010011010011000
001010010011110100000
100000011010100000110
000001001111100010101
000000100101101110010
000011000111001001001
000011000010011011010
010001000001101110100
100010010001011001000
010001000001011000101
100010100100010100010
010010001100000001110
011000010010001110100
000001111011000000100
110100000011000100111
101010010110101000101
011010000001010101100
101010000100010001010
110000000010010100101
100010001011000111101
010100111000001010100
011001100001000101010
011000011100000100110
010001100010110110100
000011001000000101110
010010110001101000000
000000111010101001100
000000101011100110100
000100000010110001111
000000111001000001001
001010111000000010010
000101001100110000100
001100000101010000110
010010010101000110000
001111100010000000110
110010000001001100110
100010100010011001000
011000010001100001101
101000101010110100010
000001011010100111000
000100011001001000100
000001100011111001000
011010010101000001000
101100010100000010110
001010010011101000001
100000000011111100000
001000000011101110100
011110101111000000010
010010101001100000010
000100001110011100000
011000110000011000010
011110001001000101010
001111110100110001010
000011001100000011001
001111000011100000011
001100001011010000000
100000010000000111111
010101010100001010000
000000011100001011001
110110100000101000000
000000001110001101100
111000000101010100000
000001011011100010001
101100000101000100000
100010010000001011010
101100000010000111001
010110110001100010000
100111000100100011000
000001110010001001110
101001000010000110000
011000101100010000101
100100010101011110010
010000100000110110001
000000011010110101000
011001010000010010011
000010110100000100001
111000000010100100101
000010111010111000010
100100011100110100010
000110010001111100000
000000010000110011110
010000000001011011001
001011110000010001101
110101100001110000000
101001000000100010100
001110101000000101010
001101100010001000001
001101011001000100110
011000011110000100010
100010110001010101000
011110010010000000101
000100000111100100100
010001110000010100010
001101101100010110000
110101000000011000011
100110001001010100001
101000000111100001000
000100001010011001000
000101100010000101010
101110010100000000010
100010100010010110001
100110000010101010110
101010011100010001100
110011010000010010101
100101110000000001010
010101101000101101000
100011110000000000111
110010110100000100001
000100101011100000001
010001110100100000011
011010000011100000110
111101000000001000001
000000011100110010100
101001000000001001110
010101010001001010000
010011001100010010100
001000001100000110111
101010111011000000000
000000101101110000001
001110100010100010100
010000100100111100000
101010011000000010101
010000010000110010110
101010000100000001110
000010101100110011000
000010000001111100100
011000011100101000100
000110001000111100001
100001010000001101010
100001001000110001100
010000110000011000101
010011000101001100100
000011001001001110000
001010001100110001010
110000010000110100100
001000011110110110100
011000000001100010110
110001011010100001000
100100000110010100001
011010000000111110000
010001010110001001001
000100010010010110000
111000100000001001100
010110001000001000101
001000101010101100010
110010110000000100010
001101000001000111001
101110001110000000100
010000100001001001101
111101000101000000001
000100110000010100111
000110010000100100101
011001000101001010001
001001010100010100011
101011101001011100010
001000011001000100110
101000010100100011000
110010100000000011110
000100000000110011001
000010111000010001010
000011110000000011000
010100100010110110000
110100000100000010101
010011000011001100000
010000001001111000010
010100010000001011100
101100001000010000111
001100010000000111010
010000100100110110000
111010101000001000010
011110000101011000000
100000000101001110010
001010110000010010100
000100101000100100101
010010000110110010001
011000001001110101001
010000011011000010011
110010000010111000001
011000001100001011000
