1000 21
001111000100001010001
100001110100111010011
111001100011101010000
100001100010111001110
010001100110011010111
000100001101110010110
111110100111000010000
110010001101100110000
001011010110000111010
000100111110000110111
101001110000000011101
001001010111000110011
101011001100001100001
101111110001000111000
010001110010100000101
110000111100110001010
100110100001011001100
100001001011010000110
100110010111101000110
101100100100000110100
011011000111101001000
011100000000110010101
101011010110010010000
001110110100001110101
000000011001101110111
011010001100101110110
000010001101011011111
100010100101000010011
011000000101110101001
100100111001000101001
001001000100111011011
001100000100001001000
001100001011100101000
000010111000110100001
010001111010101100001
001101101100100001111
000110100010000100111
000101111101100010010
100010011101000011000
101101011001011010000
100000110000010100000
011000111110110011000
110101101000000011001
000100010011001001110
000000001000011000000
100001100100010111101
110001100101000001111
101010100000001001000
110000110000001000111
000001101011101000011
011010110010010010010
011011100100100001101
001111001010000101011
000110100111110001000
100011011011011010010
100111010010100010100
011101010010001010000
010000011011011110000
100010100110100011011
100011001010101100001
010000011001011111100
111011000100111010100
010100110100010111010
000001101010110110010
010010000000101110010
110111000110000000000
111010010001110001110
011000100110111001001
101001010101011110100
001000010001000101110
000100100000001110101
010011010011000010000
000001101100010100000
100111100010000011110
101101010010011010100
111001101100001000011
110000010011110101001
011101101101100010001
111011010011010100001
101110101100001001011
001011000111011001010
101010100101000000010
010100011010101101110
111001000000111001010
001100100100001110000
011001101101111010000
000001011110010101011
001110110011101000010
001001011000101100011
110111001001001010110
010011110011000010010
111100001010101000110
000011110101100001011
010010001000101111111
011110010000100100111
100010000100110101011
010001101010010000111
110101100100000111001
010000100100000000100
110010000010111000101
110011110010000100011
000001000010000110000
000001111111001000101
110011010011001110100
111010010100000011001
111001101100010100110
110100111011001110000
101010100010100110100
100101010000111110000
010001001000000000001
010000001101010011100
100110010010111101100
101000000110011111000
110000101101010110110
010011010001110000101
110100000111110010101
000001001000110100001
000010001111110011001
101000101110101001011
001010000111110011100
101011011000000101000
101000111110010100110
000011011101001100000
100000101000101101010
111010010011010111000
010010100111100100101
010000000101101101110
100110001100010011110
011110110001100000001
101011000011010100100
110100010000011111000
000010110011000100111
100110101011100000100
000010000010110111001
111000100001101001011
011010011001100001111
111001010000010001110
000000111001111101011
001101001011001011010
101110101111001000001
111010001110110001100
111000101010100111001
010011011011001100001
010100011101001000001
001000111110000111011
101001100000101111010
101110101001100010100
011110000011011001110
000001101111011000111
011101000000111000011
011010101001011110000
001111011001100100000
101100000100110010100
011010110101000000001
011010000001101101100
011001000110110001111
010001110010011000000
001011110010011110000
000000011010111111011
001100101001111100000
010110011111010000100
001010000101110001000
010000111001001100000
001010001000001101010
001000000100101101100
101110010110001110000
011001101001011100001
011100000110101111001
011000010001100001101
000000010000001101110
111111001010010001000
110100100000000111100
100010010101110100100
000000111011110001011
011101110001110101000
101011101001011100001
001010101110000110010
010100101001010101000
010000010001000101000
111111010001010010010
101000010001101000101
011001000100101011010
000101011110101010100
110001111101000100000
110011101010010011000
000110101110000010100
111110011000100010011
001010000101010101111
100001111011110011000
110110100110000100100
010011010100101100001
100010100101110010010
001110100010011001111
110101000001000011001
111101000101001001100
011010001100011000101
000001100100011101000
100100101101011001101
010111010011011100001
010000000000110000000
001011100011101000110
100000100111110100101
000111000100011001010
100110101110110010100
100001010001111000110
001011100101100100000
011100000010000011010
001111000111010000101
100101011000011111010
110100111000101110001
100010110101101000110
100100100000000101001
101111010011000000111
101111000001101110001
001000110010010100001
101111100111100000000
001101111001001010011
111101000000000001010
101010100110000110001
001001101001100110000
101001010110001001000
001100110010101101010
100001100110100011011
101010100010110001010
010100001111010010111
100110000101001011111
000100100011011110110
100000001010110110111
000000011000101100101
000000100100101010100
001110111000110000101
000100000010111000110
000000110111111011001
111110001001010001101
011101010100001001011
100010110111110010010
000001010101010000111
001000000010000010111
100000111110010111000
000010001010110001011
111100100010100110101
000101001101101011000
110000010011010110001
000111001001100001110
100010101011001100101
010110100011011110010
101010011000100000000
010010011100000001011
011100110001101101100
000011101111010011010
011000110101010010110
010101001001011100101
011111000110101000010
100010000011000101001
100011101100110100010
111100001010001110000
111000100000000101110
101001011000110010010
110110000111110110000
000100101100100100000
001010001001010111010
001001101011011100011
011100100101010010111
101100100100101111001
110110100101011011000
100111000010000111111
100011111001000101110
011111000100011010101
100011011011010000110
100001101110011010011
000101000111010001100
000111010110011010011
010100010101100010010
110010100111100100010
001110001111001101010
100100010100011100011
000011001011000111100
101110010000001001101
010001000100101000011
110110111010001001010
000001000010111111100
001111001011001001011
000101101101100000010
001011110000101001100
001011111001001001010
001111110011000000101
000000111000011100011
010000001111010110010
111000111100001001000
000111010111111000001
010111101110000010010
110011001000000110110
100001010100000111000
001100000110111110110
110110010000000010011
110010011000001110100
100110100010000011111
001100100001101010000
110100011001100110101
101001100100100011110
101010010010010010100
101001111001101100100
011000111101001100010
100011000011010110101
111100011000110011000
100000100101011111001
010010000111100001101
000111010010001010001
001101100110111000100
001010010010101101000
000101100010010010101
010100110100010100110
001001010110001000111
011000000000101010110
000000001111010000111
010010011001010010011
011010101000011100111
011000100010111101101
100100101011001001101
100010001010010101101
110100111000000010001
100001001001010000111
110101100011100101000
100001110010100011100
100000010010000001111
000100011111100001010
011010011100011011001
100010001111011010010
001011111010100001011
001001100100110011101
001011101011100000001
110010001111010001001
100010100111011011100
110110110111010001000
000011100000011110001
110000011111100001001
000100111010101110101
110010011100111100010
001000010011001101011
010010010101101010110
100011101000101000110
100101100100000011000
110000001010111110110
000110001011001101111
100001000000110110001
010010100010011100110
101010100001000100100
110011101000011000010
011010100000011110010
000110010011001100101
001001111010001011000
001110011110001100101
100101111001111000010
110001101000010101100
001010001001101001000
000000100111001111101
001001001010101001000
000001000001110101101
101100000001011011101
001001110000000011100
000110000000000001011
101011100001101001010
010110100100011011010
100011101010100101001
101110011010010000001
100101101001011001110
010000001000000100111
000110000011101101000
001110101101110100000
000010001011001110100
010100110010001110000
100100100100000100000
110001010101101000010
111000000000011011000
100011011111100001001
000100011101110100111
101010100110011101010
100111101000011001011
011100111100000111010
100111100110110100010
011100010111100001101
011001110000110110001
000001100000110111101
110001001000001011001
001011110011011010100
100011001111000010010
101010110100000001100
011101100110100100011
000100101001011110010
100010101000011111010
001101000111110101000
011000011011110010011
101011000100001000100
110100001010100111110
110001100011000000101
111011100000100000011
000111110001000010111
010100011010100000011
010010001001101101011
101001000101001001101
110010000101011011100
000110101000010001011
011110011000100010000
110001010000011101000
011010101000100001100
010010011111000111000
000001110110000000111
010011110100111001100
110001111100101000100
010110111001010000011
011101100101010100101
001111010001000000001
111100100101000100110
000001101100101101111
001000101001101011010
010110011010111011000
111000001001010110111
101111010000000010111
001110001001001101011
001010011100001100101
101110001001100010101
001000011000000101110
011101010011000110000
100110001100010011101
111010001011111100000
011010101111010010010
001000011100001100101
000000011110101100000
111111000000000111001
010100010110010000010
011010100110001110101
100000011110000100101
101000100010100010001
100100010110001010100
001011001100110011001
010000100000011000010
111110000011110000110
100011001110110100010
001001110101111100001
100101010110101010010
111101000011100011100
010100001010100100111
011110000100000000010
010101000100100101010
101001100010100101001
011010101101011101000
000000110110000110111
101011000000100110101
100101100111000010000
011011110000000011110
100011010001111010001
010111001000001011000
001101010011010111010
100001000001000011001
011111101000100001101
101110000011001001111
110010100101100010010
110111010000110011010
101100010000011000111
010100011011110011010
011101000001010000100
000100011110011101010
100001001001100000101
011110000010110110001
100001000001000110011
000110110100111010101
100010010000010101110
000111010001101110000
000001011101010010111
011100001100111010000
111001010011000111010
000010110001000011000
111001010100010001101
000000111011010101100
100010101011000001101
011000010001011011111
111000001000001100001
110100001011011100100
000111100101001100100
000010100111001011011
011101011100010110010
110100101101100100101
100011010000100010101
001110000000100110110
100000001101101000010
011010010000010010100
110010111110010000010
110100110010101000110
100000000011111000110
100110001110011000110
101110001001011010011
000001001000001011001
110101000000100001101
111000101001011011001
110000101101000000111
110101000101000000110
100010100010010011000
110010000010100100101
111101110101000010100
110001111000100001000
111110000000111011010
110100000000000100101
011010010001111100001
001100100000111101101
000111000111100101100
010000111011001000111
011011000000110001011
011011100001001010000
111001001001010111100
001010100010001101100
000011110110000001100
000111011110110001000
100100111110111000010
010010011111101100100
001010110111001001001
000101100001001011001
110011011000101010011
110111110000000011011
001010001111110110001
100110110010110001010
100110011010100001000
110110100101001001001
101001000100100011011
001001111101010001100
000100100010010001111
010010000010011000011
001001000110000110011
111100001001110001001
011001100100001011010
000000100101000110111
011010111100000111010
010010011100100101001
111010110010101010000
000101011011100111000
100110011100000100010
100111011000001101001
010101010001001011001
000100001011010001011
101110100001100100001
000110110110001001000
000001101100100100101
110100100100100100110
100001110101101000011
101110101010010010110
001010100111011000100
001101001101111101000
001110001100011110000
110011000100101111000
100001001001010101010
010000000101001100110
110110101101001011000
000111000000100111111
000001100001101010010
100100101011100110010
111001101000100011010
001010011011100110100
110010001101100001110
100011001100010111101
100100110010001110100
111000100111100000100
110000010001000001101
001001010010100001000
000000100110001111110
100011101100000100000
001010000001110101100
001110101010110001010
101000101010011011001
011000010001011100100
010110010111110010100
010010010000100001010
011110011000101010011
010100000111110100101
100000111100011101110
100110010110100111000
100000000111000000111
101000001101010101110
010001011010101010011
001110110111010101000
001010111001011011001
110100000010101000010
011010111001100011000
100001000110011010110
000001000111111110010
001011101001101011100
011101001011001101001
110101010000001010101
001010000011111110001
001011011000110111010
101100101101000011000
100100001000111101110
101001000100110110011
001000110110000011101
011000111110000100110
011110000111111010000
100110010101011110100
001111000111101011000
010000010001011011111
100000000110010000010
000011000111011101110
000100011100111111100
001100111010011011001
010000101111011101010
001010010100100110100
100001001001000000001
101000101000010111011
001010111000001101001
011001110010011000100
110101110011001000001
101001101101010100000
000000110100111011101
011110011000111101000
000111101000101000110
000000010111110100001
011000110010100111100
010111101000111001100
000010010000111101011
100000101000110100011
000100110100001110110
110110000100111010000
000001101111011011001
100011011010000100111
000111010011110110000
101001000001101010100
110000011001010101011
010101100000000001011
101110010100010000111
010001001010001011011
101001110010100010011
000011010001000111101
011010100001000001010
101100111000011000111
101100110001110100110
000011000011111101110
100100001011011100111
010100100001001011101
001000111010000010000
010100110010111110000
101001000111001001101
011100001011000011100
000110100010101110100
101101110010000011000
110010110010110010101
001011110010011100100
010100110101001011001
001111000000100101111
100111100110001000000
110010100101110001011
011110111000010010000
100011111010000001101
000001000101000001111
100000001010011010101
011100101000110001111
100000101110100111010
000000111000111101101
001000101011100011010
001110010110000100111
100100000011100000100
000011010100100100101
011010101001101010010
101000100001011110010
000011000001110100010
001010101000111101001
100100001100101001011
100010001001011000110
000110111000100100101
010001111010100000001
010000111110101001010
111110100011010100010
011000101101110010110
010110100000110000010
001110000011011110001
000110000000010010111
000111001001000110010
110110001011010110100
001010110100110110101
100000101011111100000
000101010100110010111
001010010000100101000
111100100101001011000
000100011111110001001
010000011000000111100
110010001100110111001
011100001010001101111
010010011111000110110
100000110011100100010
100100011001110001100
010100101111000001100
111110010100110000101
100010111000011011110
010101001001100001111
100111101011001000011
001010101010100000111
001001001111010110001
100110000010010001100
001100101010011110000
001000111011000000001
000010101101011101001
010001110011110011001
000001001010111110100
100000101011010001111
101001100110000101000
110101100011100010100
000010101100110111011
010000001000010110011
011001010111101001010
001110110000111001011
100100000000111000010
100011100101011011010
010001111001110101100
001100011001101110011
111000011111100000011
011000010010111000000
000011100101010011101
110010100001101011100
110010000010101010111
110010000111001000011
101001010110010111100
111001010101010100010
010000110111101000000
100000010011001110101
111001011001110100000
100010111101000101000
101001010100111101010
110100011101001011010
001111010100101001000
001100111010110010100
010111100100000011000
000101010111100001101
001011101010001000001
100111010000111000101
000010100100001001001
100011110001011101001
000100011010010110101
010010101100010101110
101011100111000000110
000011001110011001010
000110001111001001110
011001000110100101111
010100001011101110101
110010110000011000000
010010011000000010111
100110111000011100011
111000101011110010000
001101011000010010000
000100100101010010111
010010011001111000001
010111100001100111010
100111110010100111000
100000100011000100010
011110000011101000100
001100100100001011001
010111010100100001101
001100101011110110000
110001011000110000111
101010011101011011000
000000011001111010001
100100010110001001010
011010010111010110000
101100011100111010010
100110111010110100100
011010001001010001000
100000011100110100100
100000001111000011101
010000100101001100110
011111001110010001100
000101110000001100010
110111001100000000110
001101011101010110001
001101100001010011010
010011001001100110011
100100000100011111100
110101011000000001101
001111000000100000111
000011010100111111010
110111100001000111000
001100010111100110110
110010101100110101000
011101000000010111100
010110010111010000100
011111011000100011010
100100011110001000001
010111110010010010010
000000000011011100110
000010100010111100011
100111001110011010100
101111001100100001011
110110100010100101000
011010000001000101000
110010011010001010100
111000001010100101010
011110001101010000101
010011010100100001001
001111001001101000101
001100101111100110001
111000111011000000101
111011010010000010011
100111011000001101100
001011111100010001001
011010001011001110100
100010011010110010100
111000101001010000001
011001111100011000110
100101010100101010010
011001111100000010111
000100010101101001010
001111101010010101000
000001101001000111111
000010101011111001100
010111010001100111001
001001111100010001100
110100000000000100100
011100010100000011000
010110101100010101011
110010010111111000010
010000110110100011101
111000010110111101000
011000011010100001111
000000111001000000010
000010100110111100011
110001101101111010000
101001000101001010111
001011111001101100010
001001110000010011100
001001010001110010011
010110000011011100110
011110001000100000000
100101000110100011110
000010000110111001111
001010111011100001000
101100010000001111011
010011100011100010101
010001101110100110011
101001001100110000101
101001010011010100100
101011100010010011010
100011010100101110101
001100110011000111001
010001010001111001011
010001101010101100000
010100001000000111001
101011110100001001011
001000001100100101001
000001101100011111100
100100011100111110000
101100101101001000001
110011111011001100000
010000001111000111111
100001010011000110100
100001001101011010010
110110100010000101100
001010000101101001110
000100110000010011101
110011100001101110000
011010000001000010111
010111000110110001011
000010110100000100001
110111010010101001010
011011001110100110001
010110000010110001111
101011000000010111110
000010000010001101110
101101010101100100001
110000101000111110000
110100011101001100110
011001100110100010100
110100000010011010011
101011100100000100100
100011100000010110000
011010001001111101010
001100010000111100011
101100100110110000111
100001111001000101001
001010100001111001100
001011100001110010100
001010010100100101110
000101111100101000100
101101001001011000100
110100001001101100110
010011011100001101011
101010011000010100000
000011110100101001110
100100100001111100100
001101000001001001110
000001111011001101000
011110000100100001010
110010001001110110001
000000100000110010001
010011101001100101100
101010010101100001110
001001110100000001101
111100010100100010011
100110000101110001101
100011100100011011010
001100001000100111010
011010001100100110101
101000100000111101011
111000001011100101001
100011000000000101000
100010001010011000100
000101000000100000100
001010010010100111110
000101110101100010001
110111101001100000001
100011100001001111000
101100110010001100011
000000000101010100001
011101010011010010001
100100100111101001010
100010011011001110011
011111000111100000001
110001010100000000100
011100100000100000100
000111010000101111000
001000110011101000010
110011010111000011100
000110101110000011100
010111001011101001000
100010010010010111111
100110111010110010010
100000000111010010101
100101100010101111010
000001100010111001000
010010100011011010111
010000001100011100110
110010101000000010101
001101001011101101001
110100101001000000101
001001110011111001000
001011011110000100101
110000010001111111000
100111101001011011000
000101000010001101000
100000111100000010011
011000100110011111100
001011011010010010000
101000110001111010100
111100010010101010110
001010001100111101001
000000001101100000100
001100010101100011010
110000000101010001011
100001000101100101111
000111001011111010100
101101100100110001011
011100000100111000000
100010101100100110011
001011110001000010011
010000001010111000011
000000111111101010110
000001111001001100001
000001011001000111000
101010001001100001111
000000101000101001101
100010001101000010110
101001001010010101110
001110100011100101110
101100110110111000001
000010010111001101000
101100101010010001101
111000101000000010010
100110001000011011111
010010001010100100001
001010110010100110010
010111000100111000100
000001000101000100111
111010100001000000111
010110000111110001101
100110000101100010111
111000110011100010011
110110101111000011000
101010000110100101001
010000100101110101010
100110001010101110001
010110001100111100011
110101000011100100011
110111010111000000011
000011010000011000111
101001010010011000101
010100110100101001001
110010101101011100001
010111001001100000101
000001110001110110100
100100100010110010000
010110010101010110110
100001101011000111101
000001000110101000000
011110101010000001101
110010000010010111011
101011000000011111001
011110001100010111000
000101110010000100110
000000110100010000111
011000111110011010100
001111000100111000000
011001001011011000010
101110001011010010110
001000010100001101000
110000000101011100001
111001000111100001000
010001111000000101011
1000
010011101100001010011
101101101100100101000
011001001000000100101
000000010010111111100
000110100100110011101
000101001110100110000
110100111011010001000
000100110001111100011
110101011100010100100
101010100101001001110
000010010011011001000
011001000100110101001
001101100110010010011
000001101000101111101
000100001000100101111
000100000101110001110
110000100011001000111
001100110001110100101
010011000110000111100
011100000110101000111
011111000011100100010
100001000100010111010
010110111010001000001
010100001110001010110
110000011000000111101
001000001100100011010
110100000101101001110
110010000101110011000
001111011100001000000
101000111110110000000
000100000100101111011
000011111100100010100
000111110000101001010
001100101110000010101
011110000101100001010
000000001110111011110
000100010000101110111
000000110101110101100
100100001101110011010
001101110001010101100
110100101010101000101
100000010101100011010
101000011011000100000
011001010000010111100
111101100010100010000
000010101100001010011
010000101111010110000
001111100010001001001
010010011100110011001
001000100101111100110
110010010110110000101
001111101001000100000
010101111010101000001
101011001001101010000
010010110000011101010
000110110111100000001
100101101000110011010
100101000110011100000
000001000001101011101
000000110010110111101
100110000011001100011
100000100110111101010
001001010000011010011
111000000011010010101
110010011011011001000
100100001011101100010
001010111010000100111
010000010001110101111
110001001011100000110
001011100001101110100
011001001011101000001
000100100011110111000
001010010000101100011
011010010110101010001
001100110000111010010
000111100000010010101
010011001101000000011
100010001000000101111
000111110000101000111
101001101000000111001
010100111010011000010
110000110000001001100
000011111100010000111
001001100011001001101
110110100001001100000
010000101011011000100
000001011100011101101
101100001110100001000
010010101100100011001
101000111010110001100
100000011011100100111
000101101010011110001
110001001000100011001
010110000101100001010
100000110000101101100
011001011110000100000
110111010100010010100
000011001111000001011
010001011111010100100
001001100011110100011
110000111110100000010
101000111011010000100
110010100100001101101
111011100001000111000
011101101001001100001
001100011101001100000
000101111000111011000
011100100010100101011
000100001110110100110
110101101000100011001
110010000001101101001
011111000011011010000
000010100111110100000
010010000000111101111
111100101100010000110
001100101101000001010
000100110110100110101
101111100010100100000
010001000001101100110
010110100001110100010
101011000000011001010
110010110011000110100
001010000011110101001
100011001111011010000
110000101101100110100
111010000010110000011
000001001000001011101
110100001000010010011
110111100001100011000
000011110110001010001
001100110001010101100
100010000001101111011
000010111011110100000
100010010010100010111
001010010111001001011
100000001110101110011
001001100010010111101
010101011101100100001
101100010010011001110
100000011010100001101
111001000010101000001
011010000100000101100
000010110000101110010
001111000100001010111
010101000111100100010
110001101010110000001
001110111000100001110
100110100000100011101
111000101001001100110
010111100100000101110
101010100010011001110
110010001010001100110
010011011001001000110
000010101100101110010
101100000101011011100
001101001010100001011
000110111001010001010
000100101110001110011
000110010101110101001
101100010100000011011
101000010010111100010
110000001010110001110
011000010011010100100
101000111100100100100
000000011000110110101
000011001101011010011
100000100000101110111
010101000001110110100
010011110000100110011
101010100110100110001
110110100011000110100
000110000010101110010
100010001010001011011
111001110001000010001
010001010101101000001
010010110010000100110
101100001000010101110
001010000110001101110
011010101010010100010
101001101110001100001
100001011001000111110
100110010101001000101
101010010000100100011
111100110000010110010
010001010010111111000
101001101001000100010
010100000101011111010
001010010100110011010
000001100111000111000
111101000000100101101
100100011010110000110
110010001000010011110
010011000010001110110
101100010001101001011
111010100101001010001
000010110000100101010
010011000011111000000
101101100100010100100
000010100111010100001
110111010000100011100
101000011100111000100
110100001100000111001
010100010000111100010
010100000001111101100
010110000010001000101
010100010100100110100
111000001010010110100
010000011001010010110
000010111010100011011
000111010010010101011
000100101000100101010
010100001000011011101
101100110001010111000
101100101011001000100
100111010010001101100
110001111000001001011
111000101101011000000
110100110001100110010
010100010000101111000
000101101111100010010
001100011000001111110
011000101010010111001
100001011100110101001
000101111010010000110
011100001000011100010
110000110001110000000
010010100101001101101
000010101100110101101
100111000000110001101
100101101000110010001
111000100010001001101
001100110101101100010
110010011000101110001
001111001110101000001
000110011011010000011
000011011001100101101
001000011101000100101
011010011100100001101
101011110001110000001
101000100101001100100
111110100000010101100
010110011100001001101
001011000011100101010
010011001010100111100
001110011001001010011
010000011010111100110
111100101000010100000
001110101111000001100
101000011100000001001
101100101010100001001
011000001110010110101
100000110111000010111
100111001000100110101
110101110100010000100
001110001001100011100
111010100010101001100
111111001010000001001
001011001011011001010
000011101001101100101
000110111001011001100
100000000111101101001
011100000101001000001
000000100101110101111
101101100101010010100
110000110011011110000
100101000001001110010
010011001111001100001
001000011000101111001
001001000111110011100
000000111101011101010
100110000110111010010
101000010000111100001
010101010100110001010
001110000010101001101
101101011000010000101
000010111000001110101
110100000011110001110
001001010000001011110
110000011000001011100
001000111001100010010
011010000101010100101
110110000001111001000
010111001000110110001
011101111100001000010
111100000001111101000
111100000010100011001
100001000001001101100
100110001110010101100
000111000000010111001
000010111100101100011
010000010010010111010
001000101111101000100
100110001000111010000
110000011001111000100
110011010010010000011
000100011010000111011
100110000010001110010
001110111010001000010
111001010010100110010
000001110101010100010
111110110000001000101
010010101100001110001
100100110011100001101
100100101011110000000
001000111010011010011
100101100011100001100
100100100100100011111
001100011101100010010
110001010000110011011
011010100100001111010
100001100000010111011
100100101010001011000
110010101110010000100
100111100100001110100
000010110000000011111
010111100000000011111
110110000001101000000
110100111001001100100
011000011100011100000
001100100100001001110
101011100100010000011
010000110101100100101
001001011000000001101
011101100101011010000
010101100010010101101
000010011011011011010
010001000110101000101
100001001000001100101
101011001011010000011
010100100111001000011
011110010001010001000
011011010011000001000
001010010011101111000
100110001001000100101
101100100110100010101
000011110110010011000
010101110010010010100
101100101010001000011
101001000010101111010
001001110000110000101
110001000011000010110
001011010111000010100
001000101101100110100
011010100010000011000
001100100111100100100
011100010111001000011
000000010011110100101
000011101100101101010
001011101110110000010
111001010101000100101
000010111100111000110
010100010111010001001
110001010100100001101
010001101011101000001
001110000110100100011
100110001100110101001
001000010101010110011
010010111110000100010
010101010111101000001
011101100001001000100
101001000110001010011
001010011000001101110
110010110100000100000
100100101000001010110
101011100100110010001
000011100111000001101
001000110000110001100
100111011100101100000
000100111101010000100
101110110100100000100
100000011110111010001
111000100100011010101
111000101001111100000
010101111000000000110
110000111001110100001
001000111101001110010
110100101001010100011
100100000100010100111
100010001010100111110
010110001111001000101
111000100000010000111
110001011001010001010
110000111101010000011
100101000001100001111
000010100111101110000
011000001110001110010
100100011100110010101
100010011000111101001
011010011100000000011
001011100101010100000
010101011011001100001
100010101000110100101
100101100001000101011
001110100000011111000
000110101000101101000
001001101000001100110
110100101010100100000
000010001101001111110
010001010111101011000
001000001110101101100
011010100010100101101
111100010000010011101
001111110101000100100
011100101001010001010
001000110001001110001
110010111000101000010
000000101001110101101
110001000101000101110
011000001010110111010
101001100110100110001
100101101010000110011
000010101011000101001
001101001011010000110
001011000101000101110
010100111010001010101
010110100001101001001
000101110000001100011
011011000001100000111
000100011101001001111
010100111001010001011
100000001011100000110
001011110001101000100
100110110000011000111
111001100000001011001
100011110010101001010
000100111000011010111
010010011011010000110
110101000110000011011
001100001000110101110
100001100111100010001
100000100111001000110
000011110001101010101
111111000010001000100
100101000111010001000
011011100010110100001
010011001001000100101
010010111101000101100
010010100100101101001
111110100000011000100
000000010101011101111
010101011100001001001
111000110001010110000
001010001110101101000
110100101100110000110
011000101011101100100
100100001101101000011
100010110110000000011
101000000100001101011
001001110100111000100
100001010101010011000
010001111100111000100
110101101000010110100
101000000011010110110
100000011100101000110
110000010101010011000
001101100101100100101
010100111000111100100
111010000011110000101
011100001001101000011
000001010010000111111
010110100100001001011
010010100110011001000
101100000010001011011
100101001010100011010
101100101101100101000
000011010011011100110
100010101001001011010
010010101001111000000
011100010110001000000
011000001010111101000
101011010110011100000
111001001000000010110
011010010010001110110
010011101001010001011
000111010110000100010
111100010100000001001
000000011111110000100
011001101011001001100
011010110000111100000
101101001010100001000
011010000101100110011
101010010110100000000
010011100100110010001
100000010111010011001
001011000101101001011
010001010100011110100
010100011001010101100
011001000011001000100
000101111110010000001
100101110010010000011
001110010000000011111
011011000110111100000
110100000100011000101
010010111110001010010
111101000011010000001
000011011011100110010
011011100000100100111
011110010110100000100
101010111110110000000
001101000010010000011
010011000111001101000
101000110101010000001
101011100000110001001
101101010011011100000
010110110000110100100
001110001010100011110
000011001101100001110
110011000000110101010
000101011110000110101
110010100011000001010
010110110110000000100
001110001111101000100
010010101000111100011
000001111001000011110
000010010011111101000
010000110110010000111
001100100010100011101
110100110110000001101
110101000100100110100
110110110101011000000
110000010001100111010
001000110000110101101
111100100001100001000
110110000101010010001
010001101100001011011
010110010001010011100
100100010101100001111
010000101101100110001
001010011010001100111
110100010101100100011
000001000010011110011
110000011111011000100
001100110101001100011
110010001010100011110
110101011000000011010
001010001011111000110
001101110100011010001
010100000011110110001
100011000010101000100
000011001001100110111
100100101001101100011
000110100111001001010
001100111001010000010
000001100111011001101
111010001001001010001
010010010110000100011
000101100110110001001
010110101000100010010
100101110010100000110
010101011100010000111
100000100111011010110
110000101110100000111
000110000001011110011
100011100101010000011
011110010110110000000
010011101011001110000
001001100000101100110
000010010110100011010
101000011010010010001
010010010111110000001
110100110010011010001
101010000101110010010
100100010111000010000
101100001111100011000
111001101101010000000
010110101100011100010
010001101000011101011
110001010000011001110
001100010011110000100
000010010000111010111
000111000100011111010
100001011000100100111
101100110000001011001
101100010000110111010
010000110100000111001
000111000110111100010
001111011100000010001
100100000001101111110
011010101000100001011
010001101101101100000
011011000001010111010
101010100111100011000
110110110011100100000
111011001100011001000
100010101001111010001
000100000001011110111
000100010100110101111
011110000000011111001
001000101100100010101
100101100000011110010
100000001100001011001
000100000011001110011
000110101001001100011
101101000101100100110
011010011010100011010
110001110000100111100
000101000100011100011
110110101110000110000
100000110010001101100
011010010100100001101
110000100011110000101
100110110110100100010
000101001010110111000
001101010000001011010
110011001100011001100
111100100110100000000
000010011110001010010
001001001111111000001
011000001001110011100
111100101010100000011
101100111110001000000
100000100011101101100
100010110101010100100
110000110010110100011
000100111101111000010
110010110101100010001
100010001000110010110
100010010011011111000
110011000010010110001
011100100100100011100
011010110001101010010
010001100101011010001
001100011000111001010
100000011000110011011
100101000001010010011
010111101000011010010
100010101010001101110
101100001110100101010
010011001011111010000
010011011110100010010
110010001101100111000
000000110001110111011
110010011000011001011
000101010000110111011
101100001011010100010
011000110101100011001
011000001110110000111
001101101111001100000
101011100110101001000
110000110000010001111
011100000010000110011
101010001010100111000
010011000101111001010
101000110010000001110
111100111000000000100
001101000010110001011
100011010111000110010
001101001101000100010
000010101111001110001
100100101000100001101
100111000000001011111
011001010010111000010
101100010010001011110
000110101011101100010
111100100000010111001
100000110101100010011
101010010100001100010
010100011000001110110
011101110101001100000
101000011011110001100
000110000111001101110
101010101110000100101
101110000010011010001
111000010000011011001
001011001000110100101
000101100101100000111
001110001010010100001
001001010101001001100
010001010001011000100
011001100000100100101
010111001101101100000
000010100011110110010
100000110101001001110
000100101111010011010
110100100001101010110
000010111100001001010
001101100100111010001
001100011000000010111
001001000010110110101
011000110001001010100
000110011100100001110
110100010101010010110
101100100001010101101
100000101001111000100
101000001011110000101
101000110100101001010
111010100010100101010
010010110100111011000
001010101100011000101
011011000000001001010
100001010110001110100
000110011011110000000
100100110011100101001
010010100011000111100
000110110000001111101
001011000101101011001
001001011100100001010
111011000001010001011
001011001111101000001
100011111100001101000
111001010100010110001
110111011001100100000
011001100000111001110
110100010010110000101
100001011010001100101
100111000010001110100
111001000101000110110
011011000010010001101
111000000011111000100
001110101101100010000
110010101100000010011
001111010000001101000
111010011100000000101
000000111101111000110
010011100011010101010
101011101000010010101
000100001100011111110
101101110010001011000
100110101000111100100
010101011101000000110
001000010000001111100
001100001011011001001
111101100100000000101
011010011000110101001
000001110111110000100
010000110000010010011
110111000100100001010
101010110111010000010
100111110000100010101
101011000100110100100
100110001010110010001
000100100101010001011
110000111001110010001
111000010000000100011
001001011001010110010
111001000000100110010
110101010000000110011
110011000111100001001
100011100100111100100
101110010000000101101
000101011111011000001
100000011100000010110
000011011101110000110
011110010101100010001
010110010001100001100
001110000110010011010
010000110111110110000
100000100010001111111
101111000110010000001
010000110101010100110
100010011000101000110
110011000001011011000
010011100000001101110
001001000101100101110
100000010101101011110
000010110010011011110
001110101011000010000
111100100000111010001
101010000001001110110
110100111010001101000
101001111010101100000
000100010110111110000
111000101010010010011
011000011101000001111
011001101110001000000
010011011001000001110
001000000011110001110
011011010100100110001
011001101100010001110
110000101000000001111
101011100001000000011
011100010100010000110
000100011110111011000
110011010010110011000
010001010101001000011
000001110110001111010
111000001011010110100
101001001010001001011
100000010101010111001
111000001101100011100
100010111011010001000
010010101000101001110
011010000111101000100
110001001011110000110
111111000000101010010
010000111111101000100
000011000011111000111
001110000110000010101
000011110100011100001
101011000101011000000
001101110000111000101
011001010011000110001
000010000011001011111
010001111001001011010
101101000011100001101
000111101011100010010
000101010000110101101
101011101100101100000
000100110010011100011
101000010001101101001
100011101010110000001
001111000101100000010
000001110100110101100
101101000100110001110
000010111011011000000
000101000001011010110
101001001101111000100
000010100101001110000
010001100111101010010
001111011000001101000
101100001010010110000
101111001000101100100
000101110100001010000
010000001101010011010
010010110001010100010
010000011100100011111
101111000010101000011
001001110011000110101
010000000111001100011
001010001111000011000
100011110100000000110
100100010010010011110
000000011010011001101
110000100011111000110
001101110100000010010
110011100101000101100
010000000100011001011
000100011110000111001
000101001011011100011
011000110011011000010
100111001000111100100
000001111010001010101
001000100111101100100
000011111101010100000
100000111110101001001
000110000001101110110
010111000010011011000
001101001000011101011
011000110000110001001
110000101000110010001
010010010001100101011
010111000110001100000
111000010100001001010
010010000110111110000
100100101101110100010
010011001110010100110
100010000001011101111
101000101100011000100
000000011111010100100
111010100110010010100
101001110000000011110
010000100101111010011
011011101000011100100
010100001100001001001
000110111010010000110
011001011110011000100
010110000100011011001
111000110010001001001
111110001001001100100
000110000110110011110
110111010100010001000
001101010110110000001
001110010010011110000
011010011110100010000
010011101001000001111
001100110010010001011
101101110000001101000
110000100001110111010
111000100000111011000
000110001011010001101
001011111000101001001
011001010010001000110
000100110000011011110
011010010010011000100
110110000011100100001
011010000110001001010
101110001001100000010
010010011100011111000
000101000011001010101
001111001000001100101
100000110001011110010
011001000100101101000
110000110011011101000
000111001101001001100
111001101000001100000
000100100100110101101
111010000000001001100
000011011100011001001
010011111100110000010
001000000011110101100
110011010010010010101
111110100101000000011
011100010011000000010
111100101100001011000
011001001010001001100
110011010001001001010
101010110010110001001
001100100111100110100
010011011000010110001
000101101100010100101
111000011000110110100
100010000110011010101
010000110101101001100
101101100010110110000
110000000111011101000
110001001011110000101
001101001011001001100
100100110101111000001
101000101001000100110
101000001010001111000
011101100000001011001
001001000011010001111
100011001010001110010
010110100000111001001
100011010010000111010
000000100110100001111
100000010000111011011
010000101101001000111
011100100000111000000
001010101001010001110
111100001100001101100
000010010011010111010
101000010001100100111
111010101100010001010
011001100011100110000
001011111101100010000
100010111001011001100
010101000001101000011
101001100100001000100
011100101100101010010
001110000001000110111
011100101010011000000
010011101111000001000
101010000011110101000
000001110000101101111
100111010001000001001
010100010001010111000
100010000000101001101
110111010000001110000
000101000100100110101
110101001011010000110
000111011010010001001
010010100110101001100
100001100000111100110
010010101100001010001
100111000001110000011
010010111011001101000
010100111001110001000
010100110000011001101
001101100001101001110
100010111011010101000
111000111010010100010
100101010110111010000
110000010000011011101
100111111000010100001
001100010111011000000
100101111001000011001
110111001001100010000
110100011110000010101
000100100001100111001
110000110100011100001
000110010110001010111
010001001001111001110
100101110011110010000
010010110101001110000
000100010000111101110
000011001100010110010
101111010100001100010
100100010101101011100
001110110010110001100
010000010000010111101
011000110000001111110
001101000011100100101
100011001100010110110
100110101001010001010
111000100000110110100
111110110001001000010
100001001111001000001
111110001001001001100
010001111010010101000
100010100011110011010
011001111001000001001
001110001010001011011
100001101011010101001
110001011111000010100
001011000011010110110
000011100100010110001
100000101011110011001
001010100001011100110
101111000101100001000
001011000000111001100
010011100001010011011
001100111000100111001
100111010010010111000
110101001001000101010
001010010000101010100
100010000011101010101
011011010110000001000
011110110000000101101
101010110010001001100
