99
7 1 2 7 9 11 16 22
9 0 6 8 13 38 49 70 74 76
7 0 3 4 14 29 31 32
3 2 18 27
5 2 5 10 67 69
2 4 39
5 1 46 56 71 89
1 0
4 1 19 20 25
5 0 24 28 43 45
4 4 12 15 23
2 0 50
2 10 42
3 1 40 41
2 2 17
2 10 21
1 0
3 14 68 88
6 3 35 59 61 65 97
2 8 30
4 8 34 37 95
4 15 48 75 77
1 0
2 10 33
3 9 26 87
3 8 52 53
3 24 58 64
2 3 57
3 9 36 86
1 2
2 19 47
3 2 54 84
2 2 55
2 23 63
2 20 44
2 18 60
2 28 91
1 20
1 1
1 5
3 13 62 90
1 13
1 12
1 9
1 34
2 9 98
3 6 51 72
1 30
1 21
1 1
1 11
1 46
1 25
1 25
2 31 94
1 32
1 6
2 27 93
1 26
2 18 79
1 35
2 18 78
2 40 66
1 33
1 26
1 18
1 62
1 4
1 17
1 4
1 1
2 6 85
4 46 73 80 82
2 72 83
1 1
2 21 92
1 1
2 21 81
1 61
2 59 96
1 72
1 77
1 72
1 73
1 31
1 71
1 28
1 24
1 17
1 6
1 40
1 36
1 75
1 57
1 54
1 20
1 79
1 18
1 45
