99
9 1 2 3 5 15 34 47 53 80
5 0 21 22 31 48
6 0 4 6 13 18 44
6 0 7 8 14 33 72
3 2 16 19
3 0 62 91
1 2
4 3 9 11 26
4 3 10 12 70
2 7 71
2 8 55
2 7 25
2 8 65
6 2 17 37 46 69 86
2 3 43
3 0 61 66
2 4 27
4 13 32 39 60
5 2 20 36 50 76
4 4 24 35 56
2 18 28
2 1 23
2 1 38
2 21 41
3 19 40 97
3 11 29 30
4 7 75 77 94
1 16
1 20
2 25 85
1 25
2 1 64
3 17 42 98
1 3
1 0
1 19
2 18 59
3 13 54 57
1 22
2 17 49
2 24 63
2 23 96
1 32
3 14 45 52
3 2 67 83
1 43
2 13 89
1 0
3 1 58 74
2 39 51
1 18
1 49
2 43 68
3 0 78 84
1 37
1 10
1 19
1 37
1 48
1 36
1 17
1 15
1 5
3 40 79 88
2 31 87
1 12
1 15
1 44
2 52 73
1 13
1 8
2 9 92
1 3
1 68
1 48
1 26
1 18
2 26 81
1 53
1 63
1 0
2 77 82
2 81 93
1 44
1 53
1 29
1 13
1 64
2 63 95
2 46 90
1 89
1 5
1 71
1 82
1 26
1 88
1 41
1 24
1 32
