100
7 1 2 7 12 20 23 45
3 0 5 14
3 0 3 4
4 2 36 38 50
9 2 6 8 9 10 11 43 66 90
3 1 51 88
6 4 13 17 78 84 93
2 0 29
2 4 33
3 4 46 56
4 4 25 27 37
2 4 19
1 0
4 6 15 21 34
4 1 16 30 99
4 13 41 63 94
2 14 18
2 6 24
4 16 22 28 89
2 11 96
4 0 44 55 69
3 13 26 76
1 18
4 0 31 39 40
3 17 52 81
1 10
2 21 67
2 10 53
1 18
3 7 32 65
2 14 49
3 23 47 98
3 29 35 57
1 8
2 13 70
4 32 42 54 71
2 3 62
2 10 58
1 3
1 23
1 23
1 15
1 35
1 4
2 20 48
1 0
1 9
1 31
1 44
1 30
1 3
1 5
1 24
1 27
2 35 59
1 20
3 9 61 80
3 32 60 85
1 37
1 54
1 57
1 56
1 36
3 15 64 92
3 63 68 74
2 29 87
2 4 83
1 26
1 64
1 20
2 34 73
2 35 72
2 71 75
2 70 95
1 64
1 72
2 21 77
2 76 79
1 6
2 77 86
2 56 82
1 24
2 80 97
2 66 91
1 6
1 57
1 79
1 65
1 5
1 18
1 4
1 83
1 63
1 6
1 15
1 73
1 19
1 82
1 31
1 14
