100
7 1 2 10 11 17 68 87
2 0 30
8 0 3 7 8 13 15 16 86
5 2 4 9 50 60
6 3 5 6 27 64 98
3 4 26 31
4 4 14 81 89
4 2 33 56 85
4 2 42 51 84
4 3 12 21 70
4 0 19 23 53
2 0 24
3 9 47 58
3 2 69 73
3 6 32 45
4 2 20 22 88
3 2 18 72
1 0
5 16 25 29 39 61
1 10
1 15
2 9 52
2 15 28
2 10 62
3 11 40 83
2 18 36
2 5 34
1 4
2 22 43
4 18 38 49 78
5 1 35 37 46 82
1 5
1 14
2 7 59
2 26 66
1 30
1 25
2 30 54
2 29 65
2 18 48
3 24 41 55
3 40 63 90
2 8 44
1 28
4 42 71 76 99
1 14
1 30
1 12
3 39 57 74
1 29
1 3
1 8
1 21
1 10
1 37
3 40 91 92
1 7
1 48
1 12
2 33 79
1 3
1 18
2 23 96
1 41
1 4
2 38 67
1 34
1 65
1 0
1 13
1 9
2 44 80
2 16 97
1 13
2 48 75
2 74 77
1 44
1 75
2 29 93
1 59
1 71
1 6
1 30
1 24
2 8 95
1 7
1 2
2 0 94
1 15
1 6
1 41
1 55
1 55
1 78
1 87
1 84
1 62
1 72
1 4
1 44
