250
2 1 2
1 0
2 0 3
2 2 4
2 3 5
3 4 6 67
2 5 7
4 6 8 40 115
2 7 9
3 8 10 178
2 9 11
2 10 12
2 11 13
3 12 14 28
3 13 15 29
4 14 16 18 85
4 15 17 22 26
3 16 74 225
3 15 19 53
2 18 20
2 19 21
2 20 51
2 16 23
2 22 24
2 23 25
2 24 31
3 16 27 30
1 26
1 13
1 14
1 26
2 25 32
2 31 33
5 32 34 112 180 244
2 33 35
3 34 36 79
2 35 37
3 36 38 89
2 37 39
2 38 44
2 7 41
2 40 42
2 41 43
1 42
2 39 45
2 44 46
2 45 47
3 46 48 73
2 47 49
3 48 50 64
1 49
2 21 52
3 51 55 60
2 18 54
1 53
2 52 56
2 55 57
2 56 58
3 57 59 61
2 58 78
3 52 62 107
1 58
3 60 63 66
4 62 68 76 123
2 49 65
1 64
2 62 133
2 5 70
3 63 69 81
1 68
3 67 71 87
4 70 72 96 172
2 71 161
2 47 171
3 17 75 77
2 74 82
2 63 88
1 74
1 59
2 35 80
1 79
1 68
2 75 83
3 82 84 86
1 83
1 15
2 83 109
1 70
2 76 119
3 37 90 101
2 89 91
2 90 92
2 91 93
2 92 94
2 93 95
3 94 97 176
1 71
2 95 98
2 97 99
2 98 100
2 99 103
2 89 102
1 101
2 100 104
2 103 105
2 104 106
2 105 116
2 60 108
1 107
2 86 110
2 109 111
1 110
2 33 113
2 112 114
1 113
1 7
2 106 117
2 116 118
3 117 124 135
3 88 120 242
2 119 121
2 120 122
1 121
1 63
2 118 125
2 124 126
4 125 127 132 142
2 126 128
2 127 129
5 128 130 131 177 204
1 129
1 129
1 126
2 66 134
1 133
2 118 136
3 135 137 147
2 136 138
2 137 139
2 138 140
3 139 141 144
1 140
2 126 143
2 142 154
2 140 145
2 144 146
1 145
2 136 148
2 147 149
2 148 150
2 149 151
3 150 152 226
2 151 153
3 152 155 157
1 143
2 153 156
1 155
4 153 158 160 200
2 157 159
1 158
1 157
3 72 162 247
4 161 163 164 199
1 162
2 162 165
2 164 166
2 165 167
2 166 168
2 167 169
2 168 170
2 169 173
1 73
1 71
3 170 174 184
2 173 175
1 174
1 95
1 129
2 9 179
1 178
2 33 181
2 180 182
2 181 183
1 182
2 173 185
2 184 186
2 185 187
2 186 188
2 187 189
2 188 190
2 189 191
2 190 192
2 191 193
2 192 194
2 193 195
2 194 196
3 195 197 209
2 196 198
1 197
1 162
2 157 201
2 200 202
2 201 203
1 202
3 129 205 227
3 204 206 230
3 205 207 221
3 206 208 210
2 207 233
2 196 213
2 207 211
2 210 212
1 211
2 209 214
2 213 215
3 214 216 236
2 215 217
2 216 218
2 217 219
3 218 220 239
1 219
2 206 222
2 221 223
2 222 224
2 223 231
1 17
1 151
3 204 228 229
1 227
2 227 243
1 205
2 224 232
1 231
2 208 234
2 233 235
1 234
2 215 237
2 236 238
2 237 240
1 219
2 238 241
1 240
1 119
1 229
2 33 245
2 244 246
1 245
2 161 248
2 247 249
1 248
