250
1 1
2 0 2
2 1 3
2 2 4
3 3 5 118
3 4 6 200
2 5 7
2 6 8
2 7 9
2 8 10
2 9 11
3 10 12 159
3 11 13 14
1 12
3 12 15 186
2 14 16
3 15 17 40
3 16 18 146
3 17 19 20
1 18
2 18 21
2 20 22
2 21 23
2 22 24
2 23 25
2 24 26
3 25 27 50
2 26 28
2 27 29
2 28 30
2 29 31
3 30 32 42
2 31 33
2 32 34
2 33 35
2 34 36
3 35 37 66
2 36 38
4 37 39 41 58
1 38
1 16
1 38
2 31 43
3 42 44 47
2 43 45
4 44 46 49 84
2 45 56
2 43 48
1 47
1 45
2 26 51
2 50 52
2 51 53
5 52 54 86 94 128
2 53 55
2 54 61
2 46 57
1 56
4 38 59 62 163
2 58 60
2 59 71
2 55 67
2 58 63
2 62 64
4 63 65 69 73
2 64 68
1 36
1 61
4 65 72 78 176
2 64 70
1 69
1 60
2 68 150
2 64 74
2 73 75
3 74 76 115
2 75 77
3 76 85 125
3 68 79 82
3 78 80 81
1 79
1 79
2 78 83
1 82
1 45
2 77 89
2 53 87
2 86 88
2 87 111
2 85 90
2 89 91
2 90 92
2 91 93
1 92
2 53 95
3 94 96 129
2 95 97
3 96 98 100
2 97 99
1 98
2 97 101
3 100 102 134
3 101 103 238
2 102 104
2 103 105
2 104 106
2 105 107
3 106 108 110
3 107 109 153
1 108
1 107
2 88 112
2 111 113
2 112 114
1 113
2 75 116
3 115 117 123
1 116
2 4 119
2 118 120
2 119 121
2 120 122
1 121
2 116 124
1 123
2 77 126
2 125 127
1 126
1 53
2 95 130
3 129 131 143
2 130 132
4 131 133 151 160
1 132
3 101 135 136
2 134 162
4 134 137 141 142
3 136 138 182
2 137 139
3 138 140 179
1 139
2 136 169
2 136 201
2 130 144
2 143 145
1 144
3 17 147 155
2 146 148
3 147 149 156
1 148
2 72 158
2 132 152
1 151
2 108 154
1 153
1 146
2 148 157
1 156
2 150 247
1 11
3 132 161 198
1 160
1 135
3 58 164 171
2 163 165
2 164 166
2 165 167
2 166 168
2 167 214
3 141 170 224
1 169
2 163 172
2 171 173
3 172 174 177
2 173 175
1 174
1 68
2 173 178
1 177
2 139 180
2 179 181
1 180
2 137 183
2 182 184
2 183 185
2 184 222
2 14 187
3 186 188 189
2 187 213
2 187 190
4 189 191 197 215
2 190 192
4 191 193 194 195
2 192 241
1 192
2 192 196
1 195
2 190 199
1 160
1 197
1 5
3 142 202 208
2 201 203
2 202 204
2 203 205
3 204 206 207
1 205
1 205
2 201 209
2 208 210
2 209 211
2 210 212
1 211
1 188
1 168
3 190 216 217
1 215
2 215 218
2 217 219
2 218 220
2 219 221
1 220
3 185 223 237
1 222
2 169 225
2 224 226
2 225 227
3 226 228 240
2 227 229
2 228 230
2 229 231
2 230 232
2 231 233
2 232 234
2 233 235
2 234 236
1 235
1 222
2 102 239
1 238
1 227
2 193 242
2 241 243
2 242 244
2 243 245
2 244 246
1 245
2 158 248
2 247 249
1 248
