250
2 1 2
1 0
2 0 3
3 2 4 5
1 3
2 3 6
2 5 7
3 6 8 9
1 7
2 7 10
2 9 11
2 10 12
2 11 13
2 12 14
2 13 15
2 14 16
2 15 17
2 16 18
2 17 19
2 18 20
2 19 21
2 20 22
2 21 23
3 22 24 25
1 23
2 23 26
2 25 27
2 26 28
2 27 29
2 28 30
2 29 31
2 30 32
2 31 33
2 32 34
2 33 35
2 34 36
3 35 37 38
1 36
2 36 39
2 38 40
3 39 41 42
1 40
2 40 43
2 42 44
2 43 45
2 44 46
2 45 47
2 46 48
2 47 49
2 48 50
2 49 51
2 50 52
2 51 53
2 52 54
2 53 55
2 54 56
2 55 57
2 56 58
2 57 59
2 58 60
2 59 61
2 60 62
3 61 63 64
1 62
3 62 65 67
2 64 66
1 65
2 64 68
2 67 69
2 68 70
2 69 71
2 70 72
2 71 73
2 72 74
2 73 75
2 74 76
2 75 77
2 76 78
2 77 79
2 78 80
2 79 81
2 80 82
2 81 83
2 82 84
2 83 85
2 84 86
2 85 87
2 86 88
2 87 89
2 88 90
2 89 91
2 90 92
2 91 93
3 92 94 95
1 93
2 93 96
2 95 97
2 96 98
2 97 99
2 98 100
2 99 101
2 100 102
2 101 103
2 102 104
2 103 105
2 104 106
2 105 107
2 106 108
2 107 109
2 108 110
3 109 111 112
1 110
2 110 113
2 112 114
2 113 115
3 114 116 117
1 115
2 115 118
2 117 119
2 118 120
2 119 121
3 120 122 124
2 121 123
1 122
2 121 125
2 124 126
2 125 127
2 126 128
2 127 129
2 128 130
3 129 131 133
2 130 132
2 131 135
2 130 134
1 133
2 132 136
2 135 137
2 136 138
2 137 139
2 138 140
2 139 141
2 140 142
2 141 143
2 142 144
3 143 145 146
1 144
2 144 147
2 146 148
2 147 149
2 148 150
2 149 151
2 150 152
3 151 153 154
2 152 193
2 152 155
2 154 156
2 155 157
2 156 158
2 157 159
3 158 160 161
1 159
2 159 162
4 161 163 164 170
1 162
3 162 165 166
1 164
2 164 167
2 166 168
2 167 169
1 168
3 162 171 173
2 170 172
2 171 174
1 170
2 172 175
2 174 176
2 175 177
2 176 178
2 177 179
2 178 180
2 179 181
2 180 182
2 181 183
2 182 184
2 183 185
2 184 186
3 185 187 188
2 186 189
1 186
2 187 190
2 189 191
2 190 192
1 191
2 153 194
2 193 195
2 194 196
2 195 197
2 196 198
3 197 199 200
1 198
2 198 201
2 200 202
2 201 203
2 202 204
2 203 205
2 204 206
2 205 207
2 206 208
2 207 209
2 208 210
2 209 211
2 210 212
2 211 213
2 212 214
2 213 215
2 214 216
2 215 217
2 216 218
2 217 219
2 218 220
2 219 221
2 220 222
2 221 223
3 222 224 227
2 223 225
2 224 226
1 225
2 223 228
2 227 229
2 228 230
2 229 231
2 230 232
2 231 233
2 232 234
2 233 235
2 234 236
2 235 237
2 236 238
2 237 239
2 238 240
2 239 241
2 240 242
2 241 243
2 242 244
2 243 245
2 244 246
2 245 247
2 246 248
2 247 249
1 248
