250
2 1 3
2 0 2
1 1
2 0 4
2 3 5
2 4 6
2 5 7
2 6 8
2 7 9
2 8 10
2 9 11
2 10 12
2 11 13
2 12 14
2 13 15
2 14 16
2 15 17
2 16 18
2 17 19
2 18 20
2 19 21
2 20 22
2 21 23
2 22 24
3 23 25 26
1 24
2 24 27
2 26 28
2 27 29
2 28 30
2 29 31
2 30 32
2 31 33
2 32 34
2 33 35
2 34 36
2 35 37
3 36 38 39
1 37
2 37 40
2 39 41
2 40 42
2 41 43
2 42 44
3 43 45 46
1 44
2 44 47
2 46 48
2 47 49
2 48 50
2 49 51
2 50 52
2 51 53
2 52 54
2 53 55
2 54 56
2 55 57
2 56 58
2 57 59
2 58 60
2 59 61
2 60 62
2 61 63
2 62 64
2 63 65
2 64 66
3 65 67 68
1 66
2 66 69
2 68 70
2 69 71
3 70 72 74
3 71 73 75
1 72
1 71
2 72 76
2 75 77
2 76 78
2 77 79
2 78 80
2 79 81
2 80 82
2 81 83
2 82 84
2 83 85
2 84 86
2 85 87
2 86 88
2 87 89
2 88 90
2 89 91
2 90 92
2 91 93
2 92 94
2 93 95
2 94 96
2 95 97
2 96 98
2 97 99
2 98 100
2 99 101
2 100 102
2 101 103
2 102 104
3 103 105 109
3 104 106 107
1 105
2 105 108
1 107
2 104 110
2 109 111
2 110 112
2 111 113
2 112 114
2 113 115
2 114 116
2 115 117
2 116 118
2 117 119
2 118 120
2 119 121
2 120 122
3 121 123 135
3 122 124 125
1 123
2 123 126
2 125 127
3 126 128 129
1 127
2 127 130
2 129 131
2 130 132
2 131 133
2 132 134
1 133
2 122 136
2 135 137
2 136 138
2 137 139
2 138 140
2 139 141
3 140 142 146
2 141 143
2 142 144
2 143 145
1 144
2 141 147
2 146 148
2 147 149
2 148 150
3 149 151 152
2 150 155
2 150 153
2 152 154
1 153
2 151 156
2 155 157
2 156 158
3 157 159 160
1 158
2 158 161
2 160 162
2 161 163
2 162 164
3 163 165 167
2 164 166
1 165
2 164 168
2 167 169
2 168 170
2 169 171
2 170 172
2 171 173
2 172 174
2 173 175
3 174 176 180
2 175 177
2 176 178
2 177 179
1 178
3 175 181 182
1 180
2 180 183
2 182 184
2 183 185
2 184 186
2 185 187
2 186 188
2 187 189
2 188 190
2 189 191
2 190 192
2 191 193
2 192 194
2 193 195
2 194 196
2 195 197
2 196 198
2 197 199
2 198 200
2 199 201
2 200 202
2 201 203
2 202 204
2 203 205
2 204 206
2 205 207
3 206 208 215
2 207 209
2 208 210
2 209 211
2 210 212
2 211 213
3 212 214 235
1 213
2 207 216
2 215 217
3 216 218 220
2 217 219
1 218
2 217 221
2 220 222
2 221 223
2 222 224
2 223 225
3 224 226 229
2 225 227
2 226 228
1 227
2 225 230
2 229 231
2 230 232
2 231 233
2 232 234
1 233
2 213 236
2 235 237
2 236 238
2 237 239
2 238 240
3 239 241 242
1 240
2 240 243
2 242 244
2 243 245
2 244 246
2 245 247
2 246 248
2 247 249
1 248
