250
3 1 2 3
1 0
1 0
2 0 4
2 3 5
2 4 6
2 5 7
2 6 8
2 7 9
2 8 10
2 9 11
2 10 12
2 11 13
2 12 14
2 13 15
2 14 16
2 15 17
3 16 18 22
2 17 19
2 18 20
2 19 21
1 20
2 17 23
2 22 24
2 23 25
2 24 26
2 25 27
2 26 28
2 27 29
2 28 30
2 29 31
2 30 32
2 31 33
2 32 34
2 33 35
2 34 36
2 35 37
2 36 38
2 37 39
2 38 40
2 39 41
2 40 42
3 41 43 44
2 42 45
1 42
2 43 46
2 45 47
2 46 48
2 47 49
2 48 50
2 49 51
2 50 52
2 51 53
2 52 54
2 53 55
2 54 56
2 55 57
2 56 58
2 57 59
2 58 60
2 59 61
2 60 62
2 61 63
2 62 64
2 63 65
2 64 66
2 65 67
2 66 68
2 67 69
2 68 70
2 69 71
3 70 72 73
1 71
2 71 74
2 73 75
2 74 76
2 75 77
2 76 78
2 77 79
2 78 80
2 79 81
2 80 82
3 81 83 84
1 82
2 82 85
2 84 86
2 85 87
2 86 88
2 87 89
3 88 90 92
2 89 91
1 90
2 89 93
2 92 94
2 93 95
2 94 96
2 95 97
3 96 98 100
2 97 99
1 98
2 97 101
2 100 102
2 101 103
2 102 104
2 103 105
2 104 106
2 105 107
2 106 108
2 107 109
2 108 110
2 109 111
2 110 112
2 111 113
2 112 114
2 113 115
3 114 116 117
1 115
2 115 118
2 117 119
2 118 120
2 119 121
2 120 122
2 121 123
2 122 124
2 123 125
2 124 126
2 125 127
2 126 128
2 127 129
2 128 130
2 129 131
2 130 132
2 131 133
2 132 134
2 133 135
2 134 136
2 135 137
2 136 138
2 137 139
2 138 140
2 139 141
3 140 142 145
2 141 143
2 142 144
2 143 147
2 141 146
1 145
2 144 148
2 147 149
2 148 150
3 149 151 152
1 150
2 150 153
2 152 154
2 153 155
2 154 156
2 155 157
2 156 158
3 157 159 160
1 158
2 158 161
3 160 162 238
3 161 163 164
1 162
3 162 165 166
1 164
2 164 167
2 166 168
3 167 169 170
1 168
2 168 171
3 170 172 173
1 171
2 171 174
2 173 175
2 174 176
2 175 177
2 176 178
2 177 179
3 178 180 182
2 179 181
1 180
2 179 183
3 182 184 185
1 183
2 183 186
2 185 187
2 186 188
3 187 189 192
2 188 190
3 189 191 196
1 190
3 188 193 194
1 192
2 192 195
2 194 197
1 190
2 195 198
2 197 199
2 198 200
2 199 201
2 200 202
2 201 203
2 202 204
3 203 205 206
1 204
2 204 207
2 206 208
2 207 209
2 208 210
2 209 211
2 210 212
2 211 213
2 212 214
2 213 215
2 214 216
2 215 217
2 216 218
3 217 219 224
2 218 220
2 219 221
2 220 222
2 221 223
1 222
2 218 225
3 224 226 229
2 225 227
2 226 228
1 227
2 225 230
2 229 231
3 230 232 233
2 231 234
1 231
2 232 235
2 234 236
2 235 237
1 236
3 161 239 240
1 238
2 238 241
2 240 242
2 241 243
3 242 244 245
1 243
2 243 246
2 245 247
2 246 248
2 247 249
1 248
