2627
9 473 1574 33 1779 1666 2012 2541 1659 2194
2 2527 2454
1 1347
2 884 1711
1 908
4 1896 1514 518 521
2 2012 2021
3 165 58 37
3 1747 1657 2239
2 1703 2520
1 599
1 1489
1 2171
2 33 1756
5 1936 2595 427 1969 821
1 1363
3 2119 1882 1681
2 1150 1247
1 723
1 221
4 1420 1485 372 1396
2 2271 1494
1 2598
4 1779 1444 378 464
3 1211 181 475
2 2559 1795
1 842
1 1250
4 115 683 1821 1917
2 70 270
1 349
1 2407
3 869 733 945
7 0 2330 2208 2473 245 13 135
2 2517 2001
5 2288 1777 1104 1915 2435
1 2418
1 7
2 1346 2510
7 1346 177 2314 848 995 463 612
1 424
1 1160
3 1027 354 1558
1 1038
2 1100 682
7 1235 409 361 648 1240 1628 251
8 1574 2255 1235 1837 2304 1301 1061 2189
1 1225
1 2150
1 2598
4 1786 1762 2498 613
2 472 2378
2 883 1318
3 239 1435 2354
1 576
2 1487 1006
1 437
2 2405 1475
2 7 2352
1 2420
3 1757 1785 1327
1 1046
1 1141
2 695 2621
2 841 2216
1 480
3 1151 287 395
1 2568
2 1697 1946
1 2004
4 1637 1058 29 1322
2 328 1774
3 944 2351 1536
7 2508 1296 500 2166 970 2442 1865
2 1988 632
4 1532 924 1171 1338
1 953
3 1878 2019 1609
2 1173 1122
1 230
1 166
2 1637 525
2 2247 1241
2 454 1929
1 763
3 887 1993 1555
2 1455 902
5 2080 1531 1016 2033 218
7 691 1298 1164 1130 2291 238 819
1 1595
2 483 2061
1 2482
1 1107
2 1244 1459
1 178
1 1305
4 2247 1498 405 504
2 2450 1790
1 1685
2 2274 446
2 818 2135
1 1709
1 1696
3 1698 624 1421
1 431
4 1030 2467 911 955
3 2592 1552 1055
1 507
2 1706 189
2 2487 1119
4 2278 1571 1710 1956
1 2238
1 1148
5 1679 1319 2211 892 833
1 1905
5 138 28 1002 629 1195
1 2033
1 1734
1 1779
2 1278 1465
1 2550
3 1088 1802 979
4 1967 2418 2429 1215
1 1708
1 892
2 2197 784
2 505 2509
5 328 2466 1255 403 2270
1 483
1 870
4 2346 293 2348 169
2 1100 1851
2 1204 1528
2 1487 1101
3 326 864 1064
1 33
3 2105 552 1994
1 1642
8 1789 1936 1306 115 835 830 449 1382
3 1531 974 611
1 848
1 951
1 1427
5 1235 2105 1374 431 346
3 975 1846 1910
1 1979
1 1083
1 454
2 2044 2242
1 1055
3 2507 2024 558
4 1740 908 1093 990
2 2269 1608
3 1574 1859 1504
3 1848 1388 1372
1 2495
1 1622
2 1380 842
1 2174
3 918 1386 366
2 1164 2280
8 2278 2508 2108 1588 1131 973 2005 880
3 1767 2620 652
2 774 2292
1 2514
9 473 328 2394 2592 1767 1482 7 1118 2360
2 1005 80
1 2474
3 2507 751 1168
1 130
1 626
1 2302
1 662
3 1141 1490 1688
2 684 2246
2 1938 548
2 1386 376
7 39 2247 1707 1349 2240 269 2582
2 1546 94
2 2255 2220
1 808
3 24 1185 1935
1 1514
1 2547
4 662 2413 530 1991
2 797 1934
1 2343
3 1532 2193 1460
1 603
1 108
3 774 1986 1594
1 2514
6 2255 914 1108 330 2419 1672
2 1676 1720
1 2012
1 2543
2 1766 1992
1 1519
1 2398
1 1092
2 2471 1599
2 2318 415
1 573
1 2560
1 1149
1 1751
2 453 1344
1 1502
4 1588 1153 381 2587
1 645
4 2508 1102 1332 318
1 2613
1 1494
2 591 1639
1 875
1 1026
5 1235 626 2031 1905 1057
2 2515 1838
1 87
1 419
3 473 763 421
3 1069 783 19
2 1164 2561
1 1276
2 1019 1263
1 1505
1 1520
1 2117
2 2592 1893
2 512 2444
2 2493 79
2 546 2253
1 1852
2 1040 234
1 233
1 1801
6 2047 1740 1501 1204 456 912
4 1127 2174 2400 386
2 88 775
4 818 2539 53 1605
1 516
1 284
3 2304 1743 638
2 2055 329
2 1380 1516
3 33 577 656
3 1296 2204 260
1 1796
3 1588 1560 2371
2 1088 711
1 2041
1 45
1 1560
4 1830 1121 2553 341
1 1257
1 2115
1 765
2 1541 1871
3 2374 543 1189
1 829
1 246
4 1741 1780 594 915
1 648
1 1123
1 361
3 1042 320 534
3 1089 1092 600
1 1468
2 1747 1221
2 177 2179
1 29
1 1228
2 798 2530
1 1167
1 576
1 1107
1 1017
6 473 2080 754 555 792 786
1 1566
3 1804 2130 758
2 2390 367
1 1829
1 1837
1 1854
2 1715 241
1 2130
1 2098
1 66
1 2099
1 904
1 384
2 456 2198
2 754 1904
3 130 2281 2243
1 516
1 1127
3 989 1815 710
2 1349 362
1 1853
1 1839
1 1848
1 2555
1 1150
2 1900 1051
4 1900 2004 1529 1154
1 2463
3 925 2468 2016
5 2278 390 1181 1687 1112
1 2390
1 1861
1 2028
3 801 371 536
1 2522
1 907
4 1298 883 1686 503
1 837
1 1047
1 2333
1 210
2 327 1864
3 265 435 2503
1 1748
2 1995 1020
1 1181
1 2552
2 2438 2176
4 1936 781 134 529
3 1749 319 735
8 165 1879 127 1654 1621 2223 71 1987
1 243
4 192 512 425 582
1 1111
2 835 2569
2 398 1590
1 354
1 787
2 801 2260
1 1694
2 1727 2023
1 1875
4 2394 2543 1691 1031
1 253
2 365 501
3 1104 2293 963
1 1963
3 1878 1114 1623
1 143
5 1741 947 398 1676 2356
1 1665
4 469 30 1839 2375
2 667 745
2 2087 2254
1 1155
1 1102
2 42 334
7 1741 1420 2507 1548 1801 2020 967
1 843
4 1967 773 1381 2158
1 2472
2 1779 2380
1 2403
4 45 1593 1228 264
1 297
2 1471 567
1 1541
7 691 811 818 1285 1949 342 1906
1 159
1 280
1 801
1 1627
1 398
2 311 466
2 20 2449
2 507 1011
1 1783
1 2043
1 176
1 717
2 23 2470
1 2597
2 1446 986
1 208
3 1131 706 1428
3 1513 808 2485
2 983 290
1 1058
1 237
2 1108 461
2 973 2068
1 1132
2 307 2309
1 2278
1 1412
2 777 527
2 2099 2533
1 66
1 1255
1 2169
5 347 2144 1696 333 370
1 566
1 2291
2 1735 1367
3 2271 505 1050
3 127 2201 1169
1 1244
1 96
1 441
2 422 1354
7 1879 909 2087 1271 1341 1259 487
5 45 1524 2337 1314 1365
1 2421
1 1012
1 1298
2 930 1445
1 623
1 201
2 2259 984
1 597
1 1081
3 1492 894 219
2 604 916
1 220
3 2156 407 694
3 1346 2368 1018
5 2508 1087 2519 40 1939
2 330 960
4 1216 1466 590 1210
1 14
1 1035
1 1689
1 1522
3 143 104 433
6 2486 1373 660 2562 2049 1983
1 431
1 1202
2 320 2200
1 1558
3 2244 1754 56
1 1392
2 1779 2110
1 984
3 972 406 2335
1 460
1 593
1 1960
1 1357
1 99
1 1491
1 1252
1 138
1 2216
1 1388
1 893
3 1936 206 2002
5 604 2101 83 1856 147
1 662
2 236 291
1 2353
2 1208 829
1 1413
3 1679 1734 442
1 387
1 1704
2 39 1845
1 23
1 2048
2 371 1321
1 792
2 2257 905
6 2275 1083 349 650 1426 1908
1 1825
3 546 2572 2074
4 1585 2062 51 2339
12 0 2278 1741 165 277 1326 2341 1086 1208 220 1233 2279
2 968 1530
1 24
1 1965
2 1709 2224
6 2278 1750 1211 2440 2043 1730
2 2026 2083
2 719 65
3 739 1024 875
1 2091
5 1134 925 2234 90 128
2 1509 1379
1 2552
3 837 1094 1242
1 408
1 1482
2 1883 1481
1 2213
1 1458
2 1283 2050
4 1400 2455 1065 535
1 2499
2 2547 867
2 1967 2163
2 2196 1039
1 1830
4 2288 2346 2600 2310
3 73 1894 1931
1 342
1 1634
1 314
1 96
2 402 126
3 857 1507 1368
4 620 107 373 2538
1 1420
3 1513 1163 2445
2 2550 1632
1 1750
3 330 229 1998
1 518
2 2501 1036
1 619
5 1928 820 1026 294 240
1 2269
2 5 513
1 2203
1 1014
1 5
1 2369
2 918 845
3 1400 812 2340
1 81
4 887 645 931 1116
1 393
1 1159
1 326
1 184
1 1089
1 1884
5 1749 684 2161 1984 614
1 265
1 493
1 311
1 1174
2 2221 1370
1 1705
1 1903
2 2271 692
1 929
2 258 1433
1 1100
1 2343
3 940 471 231
1 938
2 175 1699
1 2140
1 1596
4 1455 2405 1570 2591
3 136 888 2488
1 1456
4 1131 1537 1144 996
3 277 2147 2590
1 1879
1 1360
2 150 595
1 1500
1 1271
4 1083 836 1363 2570
1 2539
4 2258 2524 988 1604
1 1842
1 1320
5 2278 2547 2286 1964 399
1 363
2 2592 1248
2 2331 1070
1 1729
1 1043
1 1110
2 2144 202
1 1199
2 1441 1345
3 765 54 274
1 245
1 846
2 906 769
1 2498
2 1767 2578
1 330
1 1463
2 2576 1907
2 2013 1291
1 1058
1 1725
1 1507
1 2175
2 426 2544
4 947 1870 213 2497
4 1977 1697 2202 2370
2 699 443
2 261 1827
1 558
1 2465
3 1167 417 698
2 2000 2404
2 2114 10
1 266
2 2112 634
2 925 732
3 691 728 188
6 940 454 677 2150 420 2159
2 2525 2329
2 1262 863
2 1492 2308
2 1298 1640
2 1175 1586
2 623 1826
1 139
1 39
1 50
1 533
1 1896
1 1219
1 1326
3 1250 1046 714
4 2247 2000 1610 515
5 2394 507 2303 672 943
2 929 1431
4 2288 748 2355 817
5 1959 610 414 938 1115
2 103 757
1 1233
3 216 895 170
4 1633 889 2300 1511
1 2330
2 115 2566
2 1309 2395
1 1135
1 74
1 2039
1 601
1 2087
1 852
2 1878 1769
1 242
1 1614
1 2133
1 2318
1 1600
2 1959 1268
1 2524
3 526 2178 209
1 1552
1 1457
4 45 719 1260 262
1 909
2 469 1294
1 1518
1 162
2 2482 1891
1 1302
3 1120 2422 1724
1 245
2 1102 1001
1 1740
1 969
2 432 1489
1 663
4 857 184 172 455
2 1453 661
1 1566
1 2595
1 937
3 1439 350 1568
1 1818
1 1289
1 2268
2 1252 1782
2 620 1895
2 2604 2612
1 802
1 1635
1 691
4 604 727 2041 1966
1 1678
1 2392
1 1019
2 911 2149
1 44
2 28 2237
3 533 174 738
1 2025
3 1726 1685 1336
1 2387
1 2419
3 1464 2318 2537
3 1837 2550 2579
9 2278 88 365 1410 2558 603 2053 1737 676
1 541
1 1216
1 422
3 2105 63 2358
1 2512
1 1943
1 597
5 1296 2464 1402 593 741
1 2558
1 1232
1 1977
5 2330 1414 890 1565 1925
1 2090
1 1118
2 382 999
1 927
4 1089 2597 1289 2123
1 1633
2 296 1814
2 249 1746
1 1805
1 1405
2 618 1792
1 1410
2 794 2391
2 1979 377
2 1298 2296
2 648 480
3 2515 2359 2082
3 1073 1272 1032
3 917 2030 2268
3 2314 18 2423
1 1819
2 2028 1288
1 781
2 677 1722
2 603 2580
1 1319
1 2017
1 1311
1 602
3 32 1776 1425
1 1069
1 327
3 2099 844 2248
3 1531 1706 1591
1 684
5 857 481 2081 802 854
2 2466 2420
1 699
1 1236
3 914 1330 813
2 2117 2205
1 350
2 1030 779
1 2129
3 622 2221 1701
1 2231
1 1621
1 168
1 1466
2 2059 1922
4 277 1875 2532 292
2 1804 939
1 1380
1 624
2 279 796
1 925
1 1894
1 2072
3 2047 1518 1607
2 220 84
1 2215
5 1040 2028 576 1282 256
1 1737
1 1124
3 1584 2323 1629
1 579
1 2281
1 889
1 2305
2 357 1651
6 1095 2245 190 1945 163 1700
1 238
1 1883
3 2385 393 1180
2 877 2350
1 746
2 1200 2102
4 326 1305 1502 726
2 1852 1080
2 221 2607
1 125
2 1086 1811
1 277
3 1589 335 966
1 2377
1 2006
1 2626
2 1618 1021
3 277 2126 467
2 1108 839
5 2255 2275 948 716 806
1 1755
1 758
3 2440 185 1781
3 2166 977 272
2 2337 1474
3 1513 2471 1547
5 1095 311 336 368 1222
2 739 674
1 2222
2 2553 942
1 1664
2 794 1401
5 2466 1025 2172 2606 1970
2 383 180
1 840
2 2108 1281
7 365 2271 2119 1469 1320 2319 2416
1 524
1 743
1 1656
1 2024
1 1016
1 622
5 365 239 2014 100 1398
1 88
3 516 1274 828
1 14
1 923
3 1740 1045 1384
1 1984
1 1447
1 2173
2 2442 2602
1 820
2 458 259
2 138 1840
1 1422
1 1192
1 113
2 1855 1249
4 138 2433 332 1561
2 561 901
5 1326 1585 315 486 2093
1 1546
3 793 2556 1166
2 2430 809
2 1750 64
2 157 26
2 1357 356
2 736 1708
1 523
2 1441 578
2 989 1889
3 39 1257 140
1 1637
3 2305 971 1143
1 1385
3 1373 636 1352
7 1089 1262 2186 2197 1566 1219 1630
1 739
1 2623
1 2430
6 1250 739 1357 662 1692 506
1 1077
1 2374
1 1923
1 1364
1 1274
1 606
2 134 1542
1 2048
5 1040 1088 1569 1037 1576
2 495 1918
1 1153
4 2346 32 1081 2349
2 2234 129
1 891
1 1296
1 2532
3 1749 1273 2364
3 481 214 1097
3 1163 1497 1461
5 1740 1861 778 2287 1742
1 1362
1 1927
2 161 1284
1 1164
1 1525
3 314 52 1223
3 1194 3 2452
1 2460
1 983
4 1298 526 85 2446
1 552
3 627 2608 771
3 703 2241 1432
3 1894 1759 871
2 113 124
3 2315 1109 452
1 419
2 626 1056
1 1530
1 962
1 1715
1 1229
2 1749 2235
1 836
1 86
1 1177
2 2355 289
1 468
3 2467 1107 579
2 1142 313
2 151 4
6 408 2328 1675 1600 1068 649
1 2151
4 105 1592 681 2490
1 236
3 2385 1019 1853
8 192 2217 1358 2583 1450 743 1911 2505
1 261
1 420
4 947 722 2229 1269
7 1967 159 2059 1867 1854 2613 523
1 2304
1 1549
1 1172
1 2467
2 2053 822
3 75 1650 1812
4 483 306 602 759
1 1270
3 1666 707 1581
1 955
3 2047 621 542
2 1736 413
1 526
1 1087
1 2124
1 1631
1 2286
2 2108 2387
2 1150 666
2 623 547
1 755
6 1346 604 546 1957 1462 958
2 2406 2125
1 804
1 620
3 1346 1333 72
1 32
2 2226 2139
5 347 917 591 2526 1646
4 794 2099 1664 1941
3 1172 2491 1117
1 1109
4 1451 1360 141 2575
5 2480 2414 1519 1595 1411
2 1841 76
1 1571
3 105 2536 928
1 2414
1 2606
1 940
4 1796 2472 1733 2479
1 425
1 2471
2 2418 897
1 343
1 1197
1 1571
1 787
1 355
6 1900 1441 1509 474 1758 1873
2 1773 659
4 73 2165 1522 1317
1 850
2 2525 441
3 161 2369 388
2 139 1231
2 2108 144
1 2361
2 798 1545
1 1042
1 121
2 1136 1394
1 1588
1 2394
4 1726 2133 384 886
2 416 440
4 2258 2088 2560 1810
1 380
1 1455
2 563 993
4 2304 296 847 1723
1 151
1 2562
2 1553 2476
1 988
1 1874
1 39
1 554
1 1703
1 1171
1 706
1 1346
1 657
3 115 2151 1044
2 1833 1071
1 1037
2 1153 166
1 55
1 1230
1 2608
1 2147
1 1951
1 373
2 1675 411
1 2328
2 1703 520
1 1786
2 87 816
3 2384 1418 276
1 423
3 913 224 680
1 322
1 791
2 1854 2064
1 1418
3 481 1392 2383
4 807 1456 2294 2417
2 516 215
4 1127 42 1738 1165
1 1880
2 1047 1858
9 1741 2385 105 2006 2156 1142 1760 746 2616
1 340
1 721
1 1785
1 1139
2 1614 428
1 514
2 866 1004
2 2223 43
1 497
6 1439 2486 866 765 2495 233
1 2525
3 1298 265 978
3 1485 571 1483
1 1002
1 823
2 618 61
3 2506 1029 316
1 1393
1 1342
1 402
1 303
1 2365
1 1479
1 2055
2 106 149
1 895
1 216
3 70 586 385
1 1492
1 1369
1 46
1 1666
1 1797
1 134
2 493 1579
1 1658
3 1235 1855 2555
1 909
4 1736 221 2514 734
1 569
1 1003
1 2462
4 1534 721 2011 1510
1 1800
2 2258 2299
2 1780 1170
2 1768 858
2 2480 1467
3 1086 2106 2347
1 782
2 869 418
1 1565
4 469 561 1557 146
1 1091
1 1387
5 473 1079 785 1449 2027
3 424 1980 932
4 866 249 121 1190
9 1789 2047 853 1928 708 1757 266 2171 531
4 1244 1261 1135 1714
3 1216 1899 1084
2 266 199
2 151 2320
2 486 2100
9 1741 1346 1900 2258 774 801 2060 2226 1105
1 1450
1 875
3 2119 2317 1184
2 2368 2439
5 1455 131 44 2085 544
2 133 2610
3 210 657 353
1 2057
4 35 343 2564 1312
1 1095
2 2099 2577
3 906 275 92
5 192 2138 793 387 1916
2 893 950
2 1453 572
2 1557 331
1 307
1 1430
2 345 1526
1 623
1 526
1 949
2 165 705
1 109
3 2385 655 1808
1 253
1 78
2 1172 263
2 1707 767
2 2254 1921
1 2421
7 1439 1786 1027 237 2298 295 1813
1 2209
1 1890
4 88 2527 2379 2344
4 161 554 382 2411
2 2552 389
2 1410 1404
5 1532 1694 483 1768 2589
2 1090 631
4 1167 980 1486 2230
1 1844
1 2350
2 2140 1034
2 1501 2107
3 1654 173 62
4 1030 907 1972 2128
1 850
2 554 1161
1 1224
2 1285 2484
2 1747 1748
2 1373 112
2 1537 204
4 1225 937 17 302
3 2186 66 2551
1 1449
4 208 1005 2175 868
1 304
2 1220 352
1 2006
1 1503
2 2440 2046
3 1262 2306 528
4 2173 1796 1544 41
1 1144
1 1559
4 509 876 1493 1239
5 88 222 160 881 1293
1 1027
1 839
5 1741 1136 597 1981 273
1 168
1 403
1 1076
2 75 998
5 1235 2525 949 1123 921
4 1513 1265 1978 78
2 1664 537
3 2080 2406 609
1 1554
2 1374 903
1 1766
1 1773
1 777
2 307 323
2 2558 1199
1 1973
1 1098
1 181
1 2400
2 2414 1436
2 1315 2504
1 258
1 1088
1 2337
3 1879 2487 832
1 2013
2 1265 884
1 115
1 1207
2 1834 964
1 2262
2 1182 574
2 2004 780
1 2026
2 1216 434
2 1949 1615
4 236 132 2367 2155
1 1422
2 1585 2563
3 2057 1662 1196
2 473 458
1 2422
1 426
5 478 24 1383 2078 1620
1 1928
2 2421 2447
1 2045
1 122
6 1789 1225 426 1091 1202 693
2 1896 1653
1 2406
2 853 616
2 2600 1155
1 268
1 801
1 883
3 2232 1622 1145
4 1216 1150 2492 47
1 1671
2 1938 1611
2 361 271
2 1469 899
2 2269 1007
1 974
2 2515 701
2 473 625
1 1557
9 46 143 45 1172 216 1067 1237 1385 2573
3 2543 742 2345
2 1235 1661
1 1697
1 1163
2 45 1617
1 82
1 486
1 1417
4 2517 1090 93 404
1 2222
1 2462
1 17
1 568
1 834
9 1967 857 1747 1492 1400 618 2412 2469 27
2 2583 2548
4 2547 671 1405 448
2 2245 1731
3 2079 1362 1567
4 127 1669 1316 396
1 1414
3 848 254 1515
1 2384
2 408 1643
1 648
2 1090 1307
4 853 1159 2576 606
2 224 1850
2 2393 1308
4 1173 1194 1725 1393
1 2368
1 1624
2 643 1677
1 917
2 2037 926
4 408 1412 2461 560
1 721
3 874 1923 2529
3 820 862 1976
1 2331
2 2208 223
2 1524 1820
2 1509 119
1 2314
3 1538 2118 2624
1 810
1 765
3 2012 492 2521
1 880
3 365 1146 1948
1 2287
1 2162
2 725 2225
3 708 1624 669
1 2376
1 585
2 2160 1389
1 1164
1 650
1 1900
5 73 699 246 1842 872
3 2261 1353 2401
7 88 887 1042 314 608 718 412
1 1805
1 2346
3 46 2373 1761
2 2269 654
1 1532
1 1722
3 781 1887 95
5 138 1380 2462 1479 1477
1 1261
1 1264
3 1458 630 2097
1 1548
4 2142 1397 1927 731
1 1104
2 2288 2250
2 409 2376
2 2006 1188
2 1255 1378
1 970
1 52
3 113 2501 729
3 811 565 1644
1 466
1 70
1 1954
1 2071
4 1883 1580 1965 1488
4 473 837 1364 617
1 60
2 2474 1888
1 2565
1 743
1 2001
1 210
4 944 1453 2512 2233
3 2183 2386 2113
1 1957
1 686
1 2069
2 75 2141
1 2346
2 1968 1520
2 408 1658
2 2105 1049
1 1760
1 206
1 575
8 1095 39 940 944 423 1387 38 1000
2 1589 2
1 1943
3 177 297 1751
2 2584 2342
2 2541 2282
1 852
2 1297 1645
1 407
1 1754
2 2433 2263
6 857 2114 1968 843 445 1787
5 914 1705 1612 2184 2042
1 2142
3 951 557 2362
1 2217
2 1254 878
2 561 15
3 1326 2045 861
1 409
2 1926 2402
1 401
1 506
3 2156 2177 1060
1 538
1 2453
1 154
5 432 2056 852 1148 2322
3 143 1829 1177
1 1497
1 1592
1 1684
1 1316
1 484
4 1306 157 244 756
2 357 1739
1 138
2 1211 2036
1 823
2 1235 851
4 159 176 1996 1962
2 1346 1085
2 154 451
1 1292
1 1435
1 2609
2 1024 438
2 1265 1048
1 980
1 1949
1 20
3 1311 1627 2181
1 818
1 1761
3 1250 493 524
1 806
1 699
1 2611
1 1133
2 1252 713
1 1679
1 1528
1 1834
1 1646
7 691 1773 2427 2095 1133 1755 715
1 952
2 1271 392
2 1584 459
3 703 2013 1256
1 2173
1 1481
2 2393 1243
2 1017 1023
1 1733
5 355 20 2478 1656 508
1 103
3 1741 1205 831
3 1830 1721 2535
1 2271
1 733
1 469
4 1938 1429 1671 142
1 382
2 1427 1506
3 2466 2594 1113
1 621
1 890
1 543
1 1707
2 53 1390
1 1187
1 1964
1 1757
5 1574 1040 1127 1878 667
2 2309 2614
5 968 1732 846 575 2357
1 1948
3 1837 1973 1763
1 23
1 413
2 2390 380
2 2238 825
1 1727
2 1086 1152
3 914 2377 1096
3 1879 951 2567
1 1482
3 1333 1110 663
1 1513
6 2258 1100 551 86 987 2207
2 1025 553
3 1879 1554 647
4 2275 1309 491 1753
1 93
1 187
1 876
1 940
2 1564 583
3 1786 689 2398
1 119
2 426 752
1 1078
2 2611 267
4 811 1229 2615 1695
1 2412
2 2059 363
1 1989
3 1534 2334 2077
1 799
1 57
3 1698 1809 1775
1 1306
1 1513
3 1306 1690 1053
1 1647
2 489 1416
3 165 488 1452
1 1043
2 2333 2434
3 20 1043 2195
2 1136 2546
4 1492 133 55 2003
1 1325
2 660 11
2 173 1744
3 2088 1642 447
6 1250 2244 1487 419 607 1059
1 1163
2 21 212
2 2387 2622
1 1769
2 876 1375
2 96 2025
1 2513
2 2480 559
4 236 2559 1803 1140
2 781 207
3 2583 1649 1157
1 153
3 1875 1596 225
1 1429
2 506 588
1 2208
4 968 1278 484 1683
1 1073
1 627
1 2026
7 1900 1173 509 800 383 1478 1454
2 5 182
1 1257
1 244
1 1988
2 762 651
2 952 197
2 1340 226
3 2341 2523 1843
2 970 430
1 2197
5 409 2336 1841 1277 1603
2 2197 882
2 1114 2489
1 1977
2 132 1407
2 304 2154
2 474 896
3 87 737 139
8 1967 1134 2506 75 1735 187 1678 1303
1 1744
4 2506 1073 1473 2267
1 2143
1 72
2 554 1149
3 1736 1280 1872
1 2184
1 1804
4 2565 257 1752 364
1 864
1 2427
2 1160 2218
1 977
3 1967 178 838
1 800
4 355 2568 2040 1310
2 2460 920
2 2204 2148
1 2020
3 106 2188 646
3 1735 992 2494
2 1457 1176
1 85
1 2182
3 1083 1111 1234
2 42 436
2 2524 1162
2 248 252
1 835
1 2060
1 1623
3 2341 1463 2249
2 703 1082
3 853 278 664
1 1254
1 667
3 866 2160 1783
1 551
4 110 1670 965 954
1 2019
2 2453 2477
8 0 46 1439 1736 1920 1989 153 2054
1 2178
1 866
1 1941
1 1670
1 1065
2 1325 2415
1 927
1 1726
1 2561
3 2486 768 1413
5 837 472 2333 1206 1847
1 609
4 2037 2098 1953 1869
6 161 2480 208 2026 248 981
5 2592 2057 787 1347 1877
1 333
1 737
3 911 1668 1376
4 361 1655 2038 2458
2 190 1674
2 952 89
2 1505 550
2 2523 1919
1 2277
1 200
2 909 642
1 1669
1 1878
1 1524
1 563
1 239
1 2600
1 762
1 152
1 77
2 619 2058
1 1227
2 1358 1886
1 2274
3 2626 1035 639
1 1203
1 2208
1 1240
2 1705 791
1 1968
1 1211
3 328 2475 750
2 1224 156
2 345 1563
2 1289 1267
1 2620
1 1822
2 1397 369
2 45 1771
1 768
1 853
3 2597 1903 934
1 510
3 2255 627 709
2 2304 502
2 1978 675
1 2467
4 2275 70 81 849
1 2336
1 213
1 608
2 1741 2157
2 1491 137
1 1259
1 1320
1 1353
2 947 1409
2 1829 1480
2 2315 2437
2 1503 2528
2 924 1729
2 773 2121
1 2548
1 1217
4 328 1141 2474 2091
3 1593 1819 2327
2 1420 814
1 8
2 1341 1066
1 0
3 1989 2623 1719
1 1237
1 1207
1 2448
4 948 805 1174 2554
2 2492 348
4 0 2232 927 1062
1 2567
2 1592 2363
3 1255 1876 1601
3 1571 1578 2127
2 1427 1226
1 192
1 2364
1 1594
4 909 2481 1012 1902
2 347 193
1 1268
2 1532 678
6 2255 113 460 1727 1406 1912
1 1774
1 16
1 1878
1 1509
2 1796 1377
3 686 2066 98
1 314
1 307
1 173
2 2473 429
1 1479
3 340 2071 1863
3 857 2438 1791
1 1968
4 1134 1766 2361 337
1 1469
2 398 102
3 592 68 1238
4 2565 1476 103 1764
1 548
1 774
1 748
1 2478
4 2269 9 1014 997
2 2275 462
3 1358 1618 539
3 737 108 1772
4 177 2073 1124 1434
2 844 123
3 2328 477 101
1 110
1 3
1 2557
2 2205 2431
1 1090
3 2112 284 898
2 2080 2285
1 2491
1 2112
1 1660
1 193
1 1423
2 727 1304
1 989
1 655
3 1265 2076 587
4 1741 686 983 1582
3 1679 338 1448
1 2473
2 1650 570
1 478
1 1253
1 1441
2 959 1419
3 460 2443 117
4 1532 1553 401 2388
4 1574 1069 1538 930
2 691 766
3 1027 2008 1881
1 1381
6 236 877 151 823 1924 658
11 473 1967 1095 1030 347 355 1726 1167 261 1422 1641
1 877
2 242 1990
2 1490 1533
1 1762
1 711
6 1250 2515 1147 2453 8 268
3 1147 321 2425
5 2385 533 874 327 900
5 478 841 2213 2625 511
2 1349 205
1 1541
1 1458
2 437 1355
2 1410 795
1 13
3 1089 60 1438
1 968
1 891
3 1030 1343 2311
2 1301 1399
2 50 1745
1 1443
1 1698
1 2095
4 1694 196 1860 1178
4 165 162 1880 581
3 1134 1077 1798
2 637 1496
1 2408
1 1628
1 1706
4 1410 1852 969 1179
2 71 1680
1 1476
1 733
3 35 2421 2493
1 1861
5 0 23 359 439 118
3 261 1076 1806
1 797
1 671
2 1569 374
2 2150 2326
2 60 1033
6 1127 1464 50 2609 1015 1898
1 1357
2 1882 2441
8 2278 1089 138 1216 2393 2183 2596 2389
1 97
1 1692
1 714
2 2062 2601
1 2081
1 25
4 1160 959 1684 247
3 2460 2516 1063
1 1768
1 1967
2 2427 1074
2 355 235
2 121 2067
2 1501 2381
4 2047 279 755 1540
3 2117 1299 712
1 1780
3 2055 2190 2451
1 1120
2 1476 1950
1 985
1 785
1 924
1 1127
1 710
1 296
1 2217
1 2084
2 2172 668
2 1655 724
1 1277
1 28
2 2394 1626
1 2053
1 2138
2 1867 470
1 610
1 594
1 2487
3 1374 1647 281
5 2517 253 1423 1960 498
1 2091
1 2255
4 2393 1003 2321 2122
3 2486 1197 1408
1 2079
1 2285
5 46 2565 690 1443 282
1 217
2 349 299
1 830
2 1524 953
2 1296 564
1 1521
2 2547 1137
1 463
2 144 1901
1 1585
4 2208 154 2129 300
1 2064
1 1263
1 131
4 1773 782 1944 232
3 913 1954 298
3 918 1022 283
2 1067 834
1 454
1 2506
1 1029
1 153
1 1766
4 877 2140 1778 309
1 2319
1 1691
1 319
1 73
1 2351
4 918 2079 1825 2424
1 2337
1 1587
3 591 2203 2574
1 257
1 1538
1 968
2 2094 994
3 754 1505 339
2 1669 2428
1 1589
6 1439 345 637 77 1682 1602
7 328 408 1451 1192 1457 1890 556
2 1767 1028
1 1738
2 16 1788
4 2259 1325 489 776
2 2303 532
2 1932 2585
1 1612
1 1305
2 1328 2015
2 847 2409
2 1879 1129
1 653
1 1969
2 228 2065
3 500 891 760
1 672
5 2486 5 1217 2407 615
1 2196
1 1786
1 1091
7 1095 1513 968 304 303 1295 2432
1 1846
1 1675
2 1631 540
1 292
2 216 114
1 365
1 584
1 469
1 2094
1 144
1 914
1 1679
1 2325
1 2456
2 35 2272
1 1108
1 28
1 867
1 1597
5 1574 2305 2289 2152 1958
1 1125
1 753
2 1273 860
1 1740
1 703
2 1943 1366
2 1311 879
6 1089 516 2039 2115 2277 1212
1 83
2 1931 2399
2 500 1930
2 2508 1885
1 2037
1 185
1 181
5 138 14 326 453 2410
1 2059
4 2341 1427 175 1227
1 424
1 2317
2 948 1577
1 2385
5 2173 2257 1926 1348 697
2 1852 2228
1 774
1 68
1 2226
2 1285 1442
3 365 1203 1395
1 1809
2 2223 1010
1 2024
1 1587
2 1853 1323
1 2040
1 110
3 940 2365 1335
1 1920
3 2108 623 643
2 1830 444
1 2101
1 1386
3 1978 2382 344
2 566 1437
2 1325 476
1 677
10 1741 1250 918 1532 2269 122 357 1546 496 1799
4 1357 1340 1619 1693
2 14 1892
1 807
1 2393
1 1142
2 1443 1183
1 1993
1 2165
1 1274
4 2047 592 1527 702
4 1173 1963 1635 2168
3 2559 717 145
3 1087 2325 2251
1 1167
1 2295
1 432
2 533 824
1 2480
2 190 2185
1 328
3 2595 74 1517
3 1574 1660 1472
1 1743
1 184
1 196
2 85 1974
1 136
2 2108 322
2 1386 2192
1 2088
1 512
1 2596
3 619 598 2283
2 34 1331
1 453
1 1487
3 304 1200 69
1 161
5 1030 2392 1315 1156 789
2 2119 2511
1 1738
1 2193
1 2120
1 1073
4 0 1283 6 194
3 1414 585 1193
1 818
1 1888
1 306
3 2459 2070 730
3 2595 2450 2586
2 77 1572
2 355 1551
1 6
1 2257
1 338
3 150 815 1952
2 1498 685
4 1588 479 1512 1201
1 1086
4 765 725 310 2137
1 2142
1 722
2 216 2500
1 2336
2 87 116
3 2166 2236 2075
1 2261
1 1383
5 2314 1587 2072 1270 1933
1 1593
3 1928 2222 633
2 1548 1955
2 677 250
1 1358
2 478 375
4 2245 2302 148 2618
2 1364 1214
1 1158
7 1089 236 1977 1804 762 929 2588
4 2427 2430 465 865
1 432
1 492
1 2260
1 2541
3 691 923 1823
1 1574
6 2304 2459 1807 2463 243 1054
1 1373
3 1589 1207 1103
1 1610
5 918 2142 1471 753 1937
2 1095 1562
1 90
2 472 1793
1 2245
2 1022 1849
1 1893
2 1685 2426
1 1802
1 388
2 2073 1337
1 2017
2 1691 1324
3 2037 2212 761
3 1707 2069 2090
1 471
1 2034
1 1725
1 1473
2 1211 2605
3 1867 1254 1835
5 277 87 1175 1716 2482
2 739 1794
1 720
1 479
2 2361 1817
1 1100
2 2156 2307
4 408 351 2196 635
3 985 1491 1997
3 2186 2295 2276
2 2073 704
3 1654 482 1831
1 2289
2 837 2324
3 2464 1874 1909
2 1410 1765
1 2170
1 1309
2 1587 286
5 948 736 1106 394 288
1 1094
2 454 1961
1 780
1 2309
1 2516
4 143 136 695 1342
1 1079
1 1140
6 161 1959 936 975 1995 810
1 2415
1 439
1 2379
4 2558 1715 601 1718
1 1334
2 1357 599
3 1928 2215 255
1 2177
4 2217 744 1805 227
2 1280 2496
5 811 16 1098 2007 2593
3 2542 2522 2010
1 1651
1 1833
1 708
2 2558 933
1 941
1 792
1 1670
1 1142
2 1848 747
3 279 2167 285
1 2330
1 2234
2 983 640
1 2229
1 100
1 2201
1 2028
3 1108 2384 1824
1 946
3 1861 1139 549
1 1338
4 2059 1311 2029 1359
3 2173 2456 1535
2 398 573
1 2172
1 2373
2 555 1009
1 1550
1 681
3 604 1784 48
2 1002 910
1 1920
1 2527
1 1529
1 1204
5 1030 1369 422 2086 2210
1 1641
1 357
1 604
2 1569 1292
2 533 2619
2 2609 1287
1 496
1 2214
2 970 1975
4 73 798 2034 2180
1 2130
1 1978
2 2385 397
2 2519 2096
2 1089 12
3 807 1818 2145
7 2517 1160 826 1943 2143 2604 1415
3 237 2465 158
2 1153 589
1 325
2 1369 2116
2 645 1575
1 269
1 2166
1 1397
2 2330 1556
2 1789 1334
2 1358 1539
1 1986
4 853 1151 2089 2531
1 2455
1 1552
1 46
2 1807 2332
1 2288
1 1996
2 187 2009
1 0
1 1485
3 2087 497 1897
4 853 1525 125 1523
1 291
1 2211
1 435
2 403 2136
2 592 2545
2 1870 519
2 246 1550
2 744 1713
1 2359
1 1455
5 33 1848 1508 1276 1616
3 2278 2227 1128
1 2156
2 113 2199
2 2072 2312
2 1750 490
3 2517 2448 2164
2 2115 764
2 64 450
6 914 2259 2117 2390 1816 1361
1 1544
1 2515
1 179
3 748 538 2256
3 2039 1245 803
3 328 1951 1038
1 477
1 1288
3 1095 946 1947
2 2209 2502
1 1944
2 917 2134
1 1136
2 2259 749
2 1666 1224
1 1333
3 483 870 2132
1 900
1 2034
1 683
3 2314 1447 111
1 8
3 177 2599 2252
1 890
1 148
1 293
4 1492 2261 437 2581
4 774 2044 1253 2063
2 174 2264
4 177 96 619 82
1 736
1 1564
1 1313
1 1980
1 2240
1 231
2 351 1125
9 46 2517 192 794 1679 1633 2331 1832 179
1 2221
3 1943 468 2022
5 1095 1455 985 563 1075
4 2217 1883 416 2231
2 336 2051
3 2244 1297 2035
2 2374 1198
1 1356
1 2246
1 2506
1 2314
1 1534
2 722 670
6 1967 1703 152 1302 1230 517
1 127
5 811 402 21 541 1424
1 1915
1 2445
3 2288 99 1613
6 794 469 1637 1458 2598 1704
1 2089
2 1928 1598
11 473 691 1789 161 566 478 110 307 2209 2343 391
1 473
1 160
2 293 770
1 1351
1 2000
1 2565
2 1716 1836
2 566 935
2 877 1286
8 2394 499 35 622 2552 2274 1313 2191
2 1920 2092
1 2438
2 88 400
1 163
2 343 2372
1 1025
2 2089 1982
1 718
1 2481
1 1127
1 1075
1 627
1 2597
2 2044 171
3 620 1884 2338
6 46 2055 989 242 1634 919
3 1920 850 772
1 1159
1 2086
1 607
3 390 1440 2103
1 499
1 1760
1 2212
1 2536
6 39 2037 2238 723 2266 1279
3 2467 893 1648
1 2469
2 1098 1940
3 689 201 641
2 811 1862
1 1093
1 1833
1 1373
1 768
1 2093
2 1980 1913
1 1784
1 1655
4 909 1709 2584 1013
1 605
6 33 703 2374 2182 628 2131
3 2255 569 1275
1 2190
3 1585 1484 317
1 1473
1 441
3 1524 2032 1638
4 409 799 1191 1868
1 2303
1 472
1 524
4 473 1938 1521 1564
1 1350
3 2278 186 545
1 1130
1 1236
5 499 869 130 1300 1339
1 1079
1 130
1 869
2 778 1138
2 72 1866
1 58
2 2567 457
1 53
3 622 904 2436
1 347
1 1441
1 695
2 720 2206
1 165
3 1694 2084 976
1 1360
1 1668
2 874 1673
2 1957 1052
1 2526
1 1204
3 423 1099 1266
2 973 522
1 592
1 248
1 2293
2 1301 2146
4 2330 258 2262 859
1 349
2 1314 1290
2 1450 788
1 51
2 1130 2111
1 359
1 1803
1 1963
1 1024
3 2138 1017 1258
8 1030 1120 1749 913 777 2499 2169 1942
1 1334
3 936 1495 687
1 1735
1 1789
4 2217 1446 280 308
1 716
2 2006 679
5 1789 1833 1417 1264 1971
7 165 2288 340 620 2626 1822 982
1 630
1 2584
1 2466
2 1464 198
1 1930
2 237 1186
1 1297
1 1366
2 2499 360
1 598
2 551 57
3 1175 941 1218
2 1896 31
2 2539 1770
1 1889
1 1936
1 1131
2 1250 1470
1 184
3 952 1187 956
2 1580 2109
1 811
1 1025
4 122 962 2603 36
2 192 688
2 740 59
4 1777 1213 410 1126
2 655 1209
1 723
1 1867
1 1748
1 2066
4 1410 2048 1800 1543
1 1876
1 122
3 2048 840 856
1 1713
1 1900
2 835 1356
1 1484
1 35
1 2355
1 1648
3 1692 325 2290
1 1099
3 478 797 1158
1 1788
2 73 827
1 1734
1 229
2 509 2273
1 887
2 1213 2518
2 2214 1663
1 372
3 2018 97 2483
1 1807
1 884
3 1747 1573 1371
1 1
2 493 2187
2 2143 1914
1 2600
1 1593
4 2055 2460 2017 2557
4 2459 1797 1549 885
1 1271
3 1306 1072 1246
2 2055 305
2 699 2094
2 2174 596
5 127 807 740 1430 2397
5 105 2315 906 1636 922
1 306
2 1250 2316
1 378
3 800 200 961
2 959 358
3 33 1689 1728
3 1654 1328 167
1 1621
1 992
1 1573
2 1420 1702
1 959
6 1588 952 2542 1500 1078 1985
3 1675 2513 2297
3 2080 653 91
1 2450
1 1146
1 383
5 1040 432 1896 1584 1834
3 1192 109 1828
1 552
1 1526
1 911
2 949 1717
2 1225 1665
2 1777 230
1 1553
3 1040 2611 155
1 2118
1 591
2 50 580
3 2385 2403 494
1 2031
3 1319 514 2571
1 2227
1 320
1 1188
1 914
5 1532 1534 1047 2265 1857
4 355 150 168 2534
5 161 73 424 210 1932
1 126
1 38
1 2007
2 1333 696
2 2481 1499
3 1069 164 191
5 1747 217 720 2219 1232
2 1797 2104
6 2255 2173 1830 1244 34 2214
1 2447
2 424 2170
1 9
1 1283
2 2120 312
2 1521 1597
3 563 1559 644
4 1172 972 605 1041
2 947 2366
3 1130 1 2153
1 1649
1 1273
1 272
1 2186
3 754 2549 873
1 394
1 2507
1 1423
2 955 2313
1 689
1 507
3 239 2408 562
1 2556
3 0 1351 2052
2 2480 2120
3 340 1236 195
1 590
1 2202
1 1486
5 566 1252 495 1844 183
2 1251 1652
1 2532
3 690 510 120
1 1151
4 2288 1132 324 485
2 253 804
1 1664
2 1067 301
2 839 2540
2 2459 1712
5 691 2112 1182 2124 700
3 1501 1979 25
2 985 203
2 222 1583
2 432 991
1 1206
1 1104
5 1837 1698 1541 2284 1329
1 629
3 1451 2353 1667
2 1548 67
1 332
1 561
1 2501
1 471
1 1235
1 1870
1 951
3 1262 584 2617
1 1106
1 581
1 690
1 728
1 2244
1 177
3 914 1503 1251
3 2328 1350 2396
1 1885
1 2018
1 208
1 2047
1 1134
1 555
1 551
5 165 1589 106 228 568
1 2119
1 1430
4 14 2018 1988 665
2 1789 1999
4 708 1631 379 2301
3 2275 49 22
1 2240
4 499 1220 2457 1606
1 1793
1 827
1 2418
2 2173 673
1 2078
2 807 957
1 783
2 889 1008
3 1786 2162 1391
1 1101
3 2495 1468 1403
1 673
2 918 211
1 1440
1 1469
1 1030
1 2576
1 2044
1 2161
2 162 1625
1 63
1 1495
2 1660 855
1 1280
1 1750
3 2394 1614 790
