616
10 112 271 42 7 207 108 565 234 471 182
2 243 31
4 566 339 50 135
1 36
1 337
1 287
1 359
6 0 519 506 492 204 34
1 161
2 476 117
1 136
2 275 298
3 292 581 177
1 446
1 320
1 330
4 555 615 266 459
3 122 407 494
2 304 326
1 198
1 42
2 216 94
1 125
1 365
1 109
1 575
3 118 278 336
3 125 55 313
1 362
3 230 169 463
2 172 367
1 1
1 486
1 513
1 7
1 597
4 239 397 3 503
3 605 189 166
4 89 402 129 469
3 549 258 448
1 559
1 235
8 0 199 575 125 408 454 312 20
3 343 531 435
1 585
1 381
1 102
3 271 237 150
2 84 545
2 232 71
1 2
3 172 168 372
1 168
3 93 482 322
4 100 130 262 325
2 27 460
2 544 141
2 183 226
1 528
1 275
1 304
3 251 434 334
5 213 544 614 116 601
1 276
2 614 196
3 456 521 538
2 566 269
4 230 109 556 209
2 81 584
1 345
2 486 123
1 49
1 99
4 292 79 350 246
1 425
1 520
1 172
1 296
1 353
4 73 498 346 457
1 190
2 314 68
1 531
2 388 331
3 239 48 113
3 203 115 178
2 517 431
3 90 324 107
1 194
6 112 272 161 38 93 375
5 277 227 87 377 140
2 227 395
1 585
4 89 53 523 328
1 21
1 512
1 605
1 126
1 264
2 576 72
5 112 54 321 608 535
1 388
3 348 194 46
2 498 131
1 495
1 593
1 368
2 87 240
2 0 578
3 67 24 315
2 552 396
2 272 507
10 0 89 213 304 100 590 191 349 550 451
1 84
1 562
2 85 380
1 62
2 9 484
2 456 26
1 515
1 536
2 489 252
3 198 17 241
1 70
1 227
5 42 330 27 146 22
2 207 97
1 407
1 136
3 38 468 419
4 54 370 193 568
1 103
2 213 283
2 191 274
4 362 373 476 233
1 2
3 198 10 128
1 299
3 207 306 569
4 271 292 277 534
1 90
1 56
1 340
1 474
4 207 365 289 394
1 368
2 125 525
1 384
1 428
1 356
1 47
1 213
3 348 345 522
2 332 282
2 304 170
3 190 211 580
1 461
4 199 425 353 586
1 243
2 169 553
2 590 502
8 89 362 216 172 546 223 542 8
1 230
1 492
5 272 332 388 436 355
1 576
1 37
2 262 391
2 51 52
3 29 159 455
2 154 317
2 271 427
5 161 51 30 302 76
1 602
2 519 309
1 493
1 335
1 12
1 85
3 227 487 250
1 235
1 408
1 0
2 539 57
1 426
1 229
2 615 301
3 555 323 510
1 539
2 37 244
3 590 155 80
4 112 421 133 416
1 225
2 130 351
2 102 88
1 242
1 64
1 223
5 575 122 136 374 19
7 42 605 157 251 549 358 381
3 477 504 382
1 549
1 397
2 243 85
3 7 311 257
1 442
1 444
7 0 218 243 144 138 126 589
1 222
1 67
2 362 591
1 155
1 517
6 112 566 62 561 132 151
3 388 369 259
1 290
4 161 21 532 524
1 245
4 207 299 398 238
1 411
1 425
2 519 609
2 404 208
2 161 197
1 370
4 271 235 428 192
1 57
5 90 281 179 91 124
1 403
2 421 185
6 292 29 67 536 444 162
1 256
3 304 49 465
1 134
3 0 439 413
3 225 41 180
1 325
2 47 603
1 218
4 537 36 84 447
1 107
2 122 595
3 602 359 195
5 207 203 308 1 158
1 189
3 340 533 217
1 73
1 468
1 421
1 417
1 179
5 199 61 294 255 437
1 121
1 386
2 461 488
2 251 462
2 397 231
1 204
2 39 316
1 214
1 554
1 431
3 54 167 430
1 511
2 347 98
2 590 490
2 16 467
1 517
1 420
1 66
1 581
9 0 139 300 555 348 225 47 171 470
4 89 164 111 352
1 456
1 133
3 515 11 59
2 537 63
5 139 90 576 376 558
1 26
1 489
2 508 443
4 227 347 479 405
1 153
1 132
3 420 560 612
1 587
1 310
2 434 5
1 521
1 144
2 308 215
1 312
7 139 554 230 73 12 562 594
1 610
2 251 442
2 598 570
2 565 77
1 504
1 11
3 218 318 137
5 271 456 511 360 527
1 186
2 172 354
1 565
6 112 517 232 154 18 60
1 522
2 138 415
2 528 400
3 243 290 518
1 174
2 441 286
2 204 424
2 42 291
1 27
3 605 572 81
1 109
1 258
1 170
1 299
1 506
2 340 14
2 100 564
1 53
2 187 583
2 87 366
2 54 236
1 18
1 588
1 93
1 537
3 125 607 15
1 83
3 164 153 446
1 560
2 61 478
2 476 176
1 26
2 402 4
1 450
2 2 344
4 614 245 320 142
2 511 530
3 414 357 540
3 517 441 43
1 339
3 152 401 69
2 79 548
2 281 264
5 271 152 102 452 481
2 112 491
1 73
1 193
1 272
2 157 78
1 302
1 164
2 436 149
2 342 480
1 199
2 242 6
1 300
1 519
5 161 134 453 210 28
1 402
1 524
2 144 23
1 324
2 30 418
3 544 106 145
1 214
3 130 512 224
1 555
1 51
5 134 515 508 596 496
1 198
1 89
2 277 526
2 90 449
1 606
1 612
1 115
2 199 45
1 200
1 493
2 472 147
1 440
2 475 253
1 544
4 164 214 83 101
1 447
1 591
1 167
1 454
1 550
1 144
1 91
1 110
3 36 256 202
2 218 473
2 549 499
1 307
2 345 438
4 38 598 337 363
3 493 440 228
3 506 222 466
1 281
1 441
2 17 127
2 42 181
2 555 582
1 452
2 604 219
1 561
1 234
4 602 342 593 567
1 306
1 191
2 587 249
1 367
1 129
4 544 284 585 268
3 191 229 248
1 572
1 575
1 311
3 157 220 74
2 472 184
1 171
2 225 148
1 532
1 262
2 86 261
1 598
1 558
2 61 287
1 43
2 164 356
1 251
1 401
1 234
2 403 385
4 343 310 406 529
2 294 205
1 280
2 230 206
1 572
2 332 13
2 239 389
1 39
1 377
3 578 551 338
1 112
2 348 410
4 362 552 528 577
3 42 485 392
1 169
5 300 118 65 559 273
1 79
1 604
1 16
1 55
3 566 254 156
1 255
1 29
2 515 516
1 232
1 404
1 266
2 129 247
1 38
1 271
1 0
4 605 384 426 501
1 398
2 562 143
2 492 386
4 134 9 335 483
2 544 200
1 334
2 281 543
1 357
1 348
2 53 613
1 476
1 117
2 454 509
5 566 602 539 70 32
2 179 579
1 254
4 555 121 520 279
1 265
1 349
4 7 475 588 163
5 566 505 403 175 383
1 17
2 506 104
1 373
2 604 592
3 79 103 563
1 399
1 523
1 472
1 160
1 36
2 200 297
1 493
4 7 404 495 319
1 111
2 373 280
1 485
1 187
3 300 341 263
2 370 95
2 536 33
1 556
4 373 275 464 119
1 464
5 304 343 86 267 212
1 308
5 7 604 174 221 361
2 489 75
2 65 288
2 152 305
3 93 597 500
2 216 364
1 146
1 376
1 300
3 453 307 58
1 441
1 341
2 43 82
2 216 429
2 245 611
1 139
1 100
3 230 513 120
5 605 239 547 276 329
1 65
3 486 183 188
1 342
1 614
1 161
1 479
6 62 420 477 368 56 387
1 48
1 161
2 537 574
1 346
4 199 39 399 201
2 112 393
1 450
3 453 110 599
1 159
3 292 260 557
6 271 16 489 187 409 371
2 67 514
1 554
2 277 433
2 456 40
2 284 333
3 213 606 412
3 292 474 114
1 498
1 321
3 0 296 303
6 213 486 493 2 461 66
1 414
1 130
1 138
1 295
1 615
4 314 445 610 422
1 605
1 547
4 42 198 423 25
3 277 99 165
1 453
2 108 450
1 487
1 155
2 12 270
1 409
1 323
1 68
3 420 92 44
1 157
3 615 417 285
2 492 327
1 207
4 112 190 265 160
2 210 390
1 497
2 414 105
1 292
1 241
2 373 600
2 523 35
3 402 295 432
1 552
1 596
1 62
4 486 414 242 173
1 237
4 519 497 411 458
7 199 537 314 472 37 573 96
2 561 378
1 330
1 100
1 221
2 572 293
1 533
2 284 379
1 482
4 62 340 64 541
4 16 587 186 571
