1473
10 385 51 94 1258 1095 1288 1317 829 516 299
5 835 1023 751 985 89
1 1149
1 587
2 950 1184
4 51 428 1228 857
1 890
5 1137 1300 219 62 841
2 384 1104
1 1033
4 1176 700 1243 936
1 621
4 510 980 696 1237
4 1258 536 224 1120
2 1430 1030
1 390
3 599 1281 1269
1 852
2 708 1399
1 563
4 1094 707 1201 591
3 724 949 853
1 306
1 586
2 1274 357
2 616 192
3 1197 833 394
4 1022 1091 482 1096
4 714 1286 1244 963
1 974
2 813 958
1 949
2 1106 1205
3 509 524 1097
3 604 817 1470
3 125 1004 1427
4 1294 905 907 382
2 1044 1039
1 957
1 1171
1 1358
2 872 1276
1 350
1 606
2 373 618
1 813
1 1429
2 717 913
1 388
4 219 1365 440 909
1 1397
9 0 1137 569 165 989 5 506 503 1380
4 791 1141 340 162
2 432 611
1 579
2 796 886
1 986
1 1238
5 1439 661 678 600 1418
1 351
2 878 931
1 1317
2 7 473
2 716 573
2 658 450
2 1073 160
1 634
1 1424
1 76
1 1355
1 961
2 267 1447
1 262
1 363
1 106
1 361
3 1358 642 68
1 881
1 458
2 835 1068
2 265 166
1 351
1 605
1 638
1 540
1 1414
3 895 955 1114
3 599 604 593
2 1311 1065
1 1
2 291 965
1 790
1 765
1 573
8 0 884 1294 344 991 741 1455 198
3 947 380 806
2 872 663
3 1131 1292 588
1 1170
1 1354
2 585 1267
1 401
1 1197
1 1132
1 1060
1 473
3 1172 74 346
2 923 448
2 533 289
1 894
1 788
2 1355 1166
2 440 1344
1 695
1 814
5 125 301 351 229 942
2 949 1437
1 561
1 557
2 849 534
1 252
1 250
2 144 827
1 144
3 1132 785 1085
7 714 775 115 262 1135 35 975
2 585 1070
1 1289
1 1100
1 445
1 714
2 196 1402
3 1023 1060 458
8 385 1386 529 452 1027 1079 1381 919
1 1270
2 1335 1466
1 1012
1 1445
1 1057
1 1028
1 946
1 939
5 1262 1358 594 777 1080
1 1023
3 796 122 123
2 470 310
1 565
4 1106 917 1463 802
1 986
3 1064 461 698
1 510
2 690 171
2 536 671
1 817
1 995
1 914
1 1041
2 193 1364
3 578 882 941
2 644 453
1 65
1 290
1 52
1 503
1 690
6 51 1041 854 1002 1160 518
1 80
2 1008 861
2 1303 998
1 521
2 510 713
1 151
3 1270 402 653
6 578 1262 1214 567 1331 811
3 459 977 684
1 872
1 978
1 478
1 744
1 787
3 616 1086 1273
2 1010 967
2 1041 1147
2 784 927
1 581
1 622
1 1075
1 915
1 793
1 1411
1 897
1 560
1 25
2 884 157
1 331
2 962 1103
5 1095 1031 131 972 272
1 1356
1 94
2 404 632
1 835
2 969 1370
1 1058
1 730
1 1471
3 567 804 1221
1 716
1 1150
1 364
1 859
4 704 1382 903 1056
1 532
2 1021 371
2 1388 1296
1 321
1 258
3 1091 699 383
4 1424 1274 915 924
1 1353
5 7 49 893 757 334
3 891 576 1024
1 405
2 905 1242
2 417 531
1 13
1 704
3 1262 1246 1321
1 294
3 529 716 1245
2 115 552
4 1294 798 753 365
1 352
1 827
1 311
1 1204
1 809
1 1457
3 661 605 435
5 1131 1357 1316 695 1025
1 1188
1 750
2 729 575
1 677
1 1099
3 417 408 929
1 1219
3 578 364 1222
2 1012 1361
2 1007 1468
1 1354
2 1168 121
2 893 725
2 798 120
1 1224
2 490 662
1 510
1 648
5 468 1149 303 1124 1208
2 1429 215
2 302 973
1 1246
2 1014 1116
3 125 961 72
1 1061
2 1028 938
3 791 80 809
2 1110 1293
4 993 541 434 71
1 291
1 878
2 1304 692
1 950
1 196
4 884 472 634 1192
1 596
1 701
2 1196 492
1 559
2 850 1387
1 428
1 376
3 1311 1047 629
1 1308
2 893 377
1 1382
1 1227
2 652 1453
1 1291
2 1105 960
1 108
2 428 161
4 1164 750 90 268
1 389
2 565 395
3 946 956 227
2 704 705
2 1317 1257
1 1314
1 381
1 0
4 1351 1412 470 574
2 115 1167
3 993 259 543
3 257 1052 592
2 463 733
2 606 582
2 1371 22
4 1149 690 715 427
1 952
1 646
1 145
2 723 233
1 593
1 917
1 1229
2 493 745
1 1146
1 890
1 1431
1 442
1 938
3 1023 1146 214
2 1169 1122
2 945 519
2 1389 706
1 683
2 922 851
1 1013
6 791 1172 921 1081 1278 528
1 1152
1 984
3 783 194 871
1 1164
1 891
2 219 828
2 914 1326
2 750 1334
1 900
2 452 1037
1 735
1 52
1 1100
1 661
1 1059
6 94 1169 954 866 1465 1174
4 359 622 376 981
1 106
1 404
1 1078
2 793 612
2 1455 42
3 115 81 59
2 1438 231
1 574
1 775
1 985
1 480
1 24
1 1264
5 652 345 891 480 1275
1 1131
3 717 1397 75
1 1331
2 764 73
3 246 880 208
1 230
1 847
2 832 971
1 726
1 791
3 722 1154 1123
1 212
1 1303
3 652 1226 44
1 822
1 426
3 345 280 378
1 283
1 376
1 863
2 95 911
2 767 298
1 36
1 216
3 1022 8 630
9 0 714 463 133 1449 495 549 1212 1069
2 530 660
1 1362
2 452 48
2 1215 292
2 914 15
1 420
2 551 1206
4 788 819 546 449
1 26
1 293
2 1215 1238
2 1038 1049
1 710
1 1013
1 785
2 746 101
2 172 1313
2 993 1198
3 784 199 347
3 565 481 221
1 677
1 669
2 244 1089
1 1064
1 946
1 1255
2 943 877
3 1008 1015 1107
2 783 935
1 1442
2 1356 837
4 1449 532 244 223
1 1245
1 529
2 921 391
3 714 526 712
1 442
1 1414
1 636
2 1316 762
2 561 375
1 307
3 5 290 279
5 991 1270 475 1340 720
1 902
2 714 1297
3 1044 53 815
1 899
3 267 1422 1108
1 237
1 1137
3 1244 558 1277
2 1014 1375
1 1144
3 49 112 778
1 1335
3 658 422 319
4 1214 730 789 1328
1 962
2 1092 129
1 707
2 506 912
1 107
1 393
1 64
2 644 1306
5 133 832 388 338 1190
2 159 485
3 1197 589 1211
1 483
2 741 953
1 1214
2 132 78
3 1449 174 937
1 673
2 149 1330
1 1228
8 385 510 791 722 1021 304 1075 859
3 1286 1215 902
1 1002
1 715
2 954 1345
6 578 508 257 1171 1045 926
1 832
3 300 145 1320
1 970
3 273 807 1018
2 62 105
3 1234 1309 601
3 429 1458 694
1 1386
1 767
2 1164 177
1 1262
3 359 1168 356
2 405 1233
2 27 786
3 1351 752 455
1 922
1 453
1 958
3 906 1322 892
1 783
2 599 1367
6 1258 1139 1117 1355 254 654
2 521 1318
1 276
3 1244 646 315
1 1216
5 385 555 1232 816 1136
2 884 968
1 933
1 1027
1 1196
1 811
1 1324
1 580
3 51 666 163
1 812
4 1095 616 1438 1001
4 51 1395 447 670
1 751
5 468 1424 1442 563 647
4 724 33 1179 1363
9 463 1131 993 644 12 673 255 170 150
1 880
1 1090
3 1121 984 675
1 1464
1 1270
2 0 603
1 554
2 165 1248
1 323
1 662
3 529 491 169
2 1084 945
2 894 1134
1 33
1 528
2 421 1436
1 1027
2 328 525
7 133 732 793 228 521 1372 419
3 1347 386 874
1 223
3 417 1241 211
3 596 108 1290
1 119
2 1048 932
2 13 152
1 1422
1 546
3 1132 729 1289
2 969 84
2 267 609
1 1192
1 302
1 719
1 865
2 393 538
1 906
1 1067
3 385 686 657
1 686
3 1262 392 1433
1 229
1 1232
3 918 1067 517
4 495 803 1185 1036
1 708
3 1256 635 118
2 437 1175
2 1081 277
2 1137 191
4 826 1354 426 117
2 1149 1063
4 508 1111 1307 19
1 625
5 1386 648 405 293 146
3 1442 830 1016
3 173 205 1359
1 732
6 51 946 899 709 771 623
1 1127
1 1312
2 1226 703
2 63 93
2 300 353
1 241
2 220 760
1 1350
8 714 468 1176 173 658 246 158 852
2 1268 54
2 595 502
2 952 184
1 305
2 1395 637
1 1212
4 1133 1398 100 126
3 989 1312 23
2 1111 3
1 97
2 454 1461
1 878
1 20
1 303
2 87 312
3 142 740 643
3 1449 580 1285
4 1197 533 970 274
1 661
1 1121
4 1247 87 16 489
1 58
1 474
2 1244 689
1 516
4 87 34 1310 858
2 237 82
6 1137 1347 962 305 43 1450
1 1009
2 716 1302
2 541 1127
1 786
1 53
1 349
2 1336 1113
1 1102
1 1400
4 505 1256 180 25
1 1408
1 44
1 1201
1 930
3 993 669 11
5 345 1188 770 185 1373
1 569
2 1353 641
4 796 1090 1263 564
2 1357 1005
1 821
1 1204
1 281
1 384
3 1169 1469 1426
1 199
1 1337
2 273 66
2 557 1055
5 989 914 1338 424 650
1 583
2 897 83
1 1386
1 1462
1 624
1 76
1 594
5 510 1034 159 952 451
1 1267
3 493 309 1407
1 508
4 565 1249 1471 256
1 1469
1 636
1 666
7 791 359 796 373 1121 286 748
1 172
1 490
1 679
1 997
1 549
3 578 442 64
1 1045
1 386
4 58 237 342 597
2 254 520
1 96
1 1293
2 1317 925
2 503 651
1 907
1 1092
2 621 407
1 506
1 152
1 731
3 510 810 460
3 986 1203 823
1 513
2 1288 1261
3 1084 406 242
2 58 1194
3 1100 865 655
2 1171 885
1 1001
1 1193
2 831 325
1 174
1 1229
2 549 550
1 775
1 1379
1 602
3 307 151 164
1 1395
1 270
1 1412
1 475
2 238 113
2 12 1377
2 1338 846
1 149
1 216
2 10 772
4 884 1012 275 834
3 714 1064 1400
1 572
6 1258 1100 210 295 744 225
1 295
1 324
2 20 446
3 734 18 556
3 569 951 1224
2 918 398
1 917
1 421
1 170
9 385 578 28 125 1028 702 421 431 130
2 307 466
4 228 63 608 206
3 947 361 47
2 1176 1191
2 1172 544
1 429
3 1247 1350 1239
3 463 767 370
4 1164 1196 311 1148
6 946 509 21 764 1337 862
1 251
2 737 368
1 1292
1 905
2 539 241
3 443 930 203
2 812 672
7 529 1164 1010 974 1204 754 568
1 304
5 775 821 708 1303 1308
2 873 339
1 1113
3 832 726 888
1 1094
1 1389
2 594 776
4 94 890 456 1082
1 869
1 1038
2 704 178
1 315
2 1013 401
2 1258 1187
1 652
3 818 1444 898
3 291 336 240
3 1 873 507
1 483
1 230
1 732
1 850
2 1350 904
2 219 1343
1 1188
1 1073
1 576
1 1472
1 425
1 1247
2 724 363
3 808 92 1217
3 899 948 768
4 722 1414 381 477
2 766 988
1 1412
2 622 1144
3 569 836 1299
1 700
1 1410
1 961
6 125 734 969 1009 687 354
1 740
2 142 1440
1 440
2 796 1074
1 1079
4 1300 950 782 1159
2 781 1032
4 1357 331 414 488
3 1286 404 183
2 124 400
2 482 610
3 1135 1057 179
4 1258 393 110 1423
1 443
3 878 91 800
8 463 652 328 265 52 1252 369 844
1 964
5 529 808 349 1213 188
2 901 928
1 1322
6 652 625 144 55 779 1323
1 816
3 230 252 848
1 1135
2 790 1419
1 918
1 147
3 555 1189 1333
1 205
1 1169
1 95
2 472 1087
4 793 1264 765 1102
2 265 235
2 673 987
2 173 500
3 1041 731 504
4 943 30 45 910
3 1048 896 114
1 432
2 495 797
2 34 153
5 1155 1048 749 1219 868
2 393 999
1 1125
5 734 1042 1314 627 1360
3 1013 995 374
1 674
1 1251
2 1365 860
5 1449 561 1472 1279 1428
2 122 232
1 334
3 0 1150 1271
2 566 1173
3 1041 683 1332
4 452 737 367 469
1 26
1 701
6 884 1 1132 79 1006 200
2 771 875
1 416
1 1064
1 1141
1 1472
2 7 1225
1 957
1 950
1 791
1 972
1 697
2 1234 366
1 798
2 951 119
3 991 278 755
1 326
2 578 17
1 21
4 165 901 1119 1210
1 1279
1 1336
1 5
1 604
2 463 209
1 825
1 167
1 724
2 933 379
1 1015
2 679 545
2 344 1062
1 951
1 818
2 1288 742
1 943
1 331
4 1044 41 96 175
3 751 735 992
1 530
1 836
1 1081
2 412 1153
5 1258 790 590 60 269
1 1043
2 364 511
4 1137 1092 1315 77
1 158
2 1091 1403
7 94 701 835 273 193 496 1000
1 680
1 55
1 1197
1 737
1 1053
3 741 6 317
4 359 220 1393 333
1 487
4 219 283 251 1383
3 1155 523 109
5 1133 1058 1255 86 1200
1 814
3 1058 638 190
1 749
3 569 766 433
2 1249 337
3 854 794 1282
2 464 430
1 210
1 756
3 36 222 728
5 1172 1394 487 1231 547
2 36 667
1 1232
1 49
1 813
1 380
1 447
1 47
4 636 335 390 155
2 217 187
1 1341
3 147 711 313
4 1021 554 710 801
1 133
4 921 1388 1404 1207
4 328 920 1325 420
3 1439 326 484
2 1286 107
1 217
1 665
1 468
1 183
1 794
1 244
2 730 620
1 60
1 535
3 974 863 497
1 1398
1 414
1 10
2 459 1143
2 264 320
2 1176 141
1 1343
1 158
1 115
4 1041 813 412 870
1 983
3 522 323 1369
6 569 724 957 294 140 410
4 1131 717 95 1099
2 766 1283
3 21 116 31
4 781 4 271 843
3 709 849 867
3 644 581 308
1 456
2 344 467
2 86 1035
2 294 1448
3 946 38 842
2 30 486
2 1160 1378
1 288
3 262 70 774
4 606 1431 195 444
1 28
2 1183 792
1 90
1 1044
1 181
1 496
4 775 201 540 1236
2 596 471
1 367
2 196 845
1 259
3 732 933 29
1 125
2 1384 1128
2 174 1163
3 1009 176 1115
1 1118
1 12
2 345 1441
1 1066
2 1090 944
2 513 330
2 1 355
4 1362 674 148 56
1 810
1 768
4 51 636 586 1341
1 1077
6 94 429 1336 850 1457 1452
1 873
6 510 1351 267 621 302 403
1 1276
2 822 154
1 1294
2 1117 656
1 168
2 819 1054
1 884
2 505 681
3 165 1161 465
1 1424
1 35
1 626
2 835 1020
3 1386 248 1408
6 1300 1362 413 167 1216 1101
4 775 978 1391 607
3 732 181 1109
1 1012
4 701 136 247 1011
5 1140 822 746 399 327
4 1117 261 438 1396
2 413 864
1 566
1 1226
1 472
2 1424 1413
1 1006
3 463 918 212
5 1131 27 1209 384 1152
5 1 132 321 1352 143
1 220
1 238
1 1398
4 133 527 1083 498
5 714 1110 1329 264 139
2 1300 1454
1 14
2 196 1250
1 782
2 1442 9
2 644 1265
1 955
1 555
1 338
3 1137 397 743
1 37
1 1162
6 165 943 812 831 182 156
1 821
2 1105 879
5 1100 872 432 37 966
2 468 659
1 1381
2 281 1266
4 818 814 535 1129
1 397
1 1131
1 1465
1 303
2 1356 889
1 999
1 635
1 210
2 787 138
4 895 1105 897 202
2 1455 343
2 132 104
3 1106 1180 263
2 866 1349
1 562
4 702 149 409 838
1 88
2 1462 982
2 554 548
1 79
1 385
1 126
1 1272
1 1310
3 1209 65 759
1 779
3 463 186 1151
1 1247
3 1169 1339 990
2 1255 348
2 133 780
1 142
3 328 559 876
1 741
2 1027 1145
4 1386 1094 522 677
1 124
1 180
1 807
1 1462
1 408
3 625 983 512
4 27 216 883 1186
3 881 445 668
1 1357
4 1084 20 738 1443
6 0 1197 1247 505 196 1430
1 27
1 33
1 1117
2 947 243
6 704 1044 1356 679 128 341
1 1008
2 808 614
1 195
1 8
4 1058 288 1043 1385
4 1140 147 1061 32
1 413
1 434
1 1010
2 1028 266
2 563 587
1 1264
2 613 736
1 86
1 978
2 261 1390
5 490 1014 997 1125 1098
3 1234 1459 979
1 854
1 13
3 652 513 598
1 322
1 370
2 257 1421
2 1117 820
2 1325 1416
2 609 570
1 976
1 1048
1 1287
9 510 1133 1022 238 947 1272 97 360 1050
5 835 539 124 1425 103
6 1131 1140 895 585 1229 1410
1 523
4 125 787 1406 799
1 495
8 51 7 606 881 1462 1038 560 436
1 1274
3 490 1389 1230
4 1133 1013 1106 1183
2 52 839
1 1439
1 937
2 770 439
1 1083
2 321 316
1 182
1 723
4 257 307 562 2
2 829 207
1 1075
2 1022 329
1 877
1 370
4 1197 818 894 1434
1 1215
1 1179
1 1203
1 781
2 165 959
2 1002 1319
2 1309 1040
1 977
5 732 723 291 478 332
1 1234
1 111
2 301 1280
2 480 250
6 344 1234 631 1077 322 805
2 1255 98
5 468 1311 1177 680 39
5 328 906 719 106 1460
1 830
1 344
1 558
5 578 10 939 718 1199
2 1171 1305
1 1314
2 509 1157
1 1061
1 1444
1 1213
4 1140 964 1291 1417
1 4
1 555
1 1091
2 747 1366
4 622 1429 758 239
2 803 1376
1 452
1 718
2 273 542
2 1351 682
2 678 1446
1 1283
3 723 276 499
7 1095 1155 26 596 454 887 102
1 403
1 1176
1 895
2 20 619
1 1434
2 674 1158
3 732 234 628
1 32
1 392
1 920
1 257
4 1022 1073 1324 1260
1 854
1 454
2 385 584
3 793 1435 1182
3 173 443 457
4 464 396 389 1156
2 1008 494
1 765
1 1243
2 818 245
1 1263
1 205
1 246
2 1355 1445
2 709 253
1 841
3 373 572 1017
3 1382 285 1301
2 5 462
4 1133 314 1287 685
1 1139
1 906
3 495 553 908
1 481
5 1169 474 1118 847 1165
1 1338
1 969
1 12
2 396 57
1 721
1 1247
2 532 1353
1 222
3 10 1254 1218
5 28 493 437 602 1374
2 228 418
2 226 260
6 1095 599 721 1076 1240 763
1 518
2 648 900
1 1031
2 1272 824
2 791 1379
1 1340
1 1243
4 895 1170 1078 411
2 616 557
1 296
7 0 490 704 788 878 13 747
2 1442 1348
1 1209
1 676
6 173 142 551 226 1411 479
2 625 1220
4 808 1335 358 1112
1 1034
1 1047
2 100 645
3 1274 579 1409
1 16
4 429 172 515 134
1 829
3 1131 1251 1071
1 180
4 217 1268 24 1138
1 359
2 41 994
1 437
1 328
2 826 855
1 1167
1 16
1 901
2 948 1195
1 1467
1 595
4 28 464 784 923
2 1229 1130
3 0 676 869
2 539 127
1 533
2 1183 287
2 97 727
2 266 664
6 94 36 1439 230 1304 996
1 1425
1 213
1 431
1 1394
1 771
4 7 1008 781 1029
1 1227
1 608
3 734 168 372
3 1294 270 1342
1 1177
1 451
1 563
2 734 282
3 474 1162 1451
2 604 1072
3 1171 281 88
2 586 571
1 402
3 821 1178 297
2 881 1456
2 238 425
4 0 296 665 61
1 491
1 1161
1 470
1 226
2 487 795
1 796
2 1209 501
2 921 1126
1 335
1 1388
1 443
2 1028 1346
1 461
3 173 362 1415
1 831
1 803
1 336
3 1264 135 441
4 991 613 856 1401
2 724 633
3 636 697 1235
1 1077
2 429 1253
2 989 916
1 1304
2 757 940
1 112
1 467
1 1329
3 606 530 1464
1 1259
1 1062
3 721 756 577
4 993 300 483 1193
1 1023
3 1241 624 218
3 561 249 99
4 490 1223 111 69
4 1100 416 1053 197
5 238 783 626 1420 1093
4 142 76 1467 40
1 567
1 821
1 247
3 1008 986 387
1 509
1 157
2 49 825
1 1187
1 489
1 1459
1 945
2 201 1405
2 1439 306
1 529
1 622
1 1244
1 438
1 1189
1 696
1 959
2 1252 688
1 51
2 133 1046
3 210 1227 284
1 893
2 1438 976
1 1105
6 133 1084 565 1007 639 476
1 278
3 920 213 1327
3 1139 324 739
1 1116
1 1009
1 1460
1 891
2 906 1298
3 506 583 691
1 1014
2 361 50
3 585 1026 934
1 18
2 702 615
1 1336
1 131
1 883
1 920
1 1370
1 1135
1 646
2 1007 617
1 1268
2 1133 773
2 1262 189
3 300 769 693
1 1019
3 767 423 85
1 1331
1 1126
1 1183
1 58
1 800
1 1357
1 1124
2 434 537
1 788
5 508 217 1019 67 1003
2 1132 1295
1 631
1 35
1 826
3 1188 258 46
2 1095 14
2 962 318
1 1438
1 551
2 1155 1202
1 1213
1 526
1 116
4 505 1384 352 1432
5 1294 58 922 1371 1142
1 777
1 981
5 508 566 1033 1259 415
1 1094
2 749 1181
2 1223 137
1 1194
1 71
1 956
5 385 417 826 459 595
1 606
1 1309
1 991
1 286
1 1029
3 94 350 1059
1 1315
2 991 236
1 475
2 1118 1368
2 1172 1392
1 589
4 1137 1066 1088 640
1 147
2 1347 514
2 344 1051
1 135
2 1358 1284
1 248
2 631 649
1 34
2 648 204
3 826 761 840
