4108
11 433 988 753 925 1433 2094 3356 3480 1401 2218 230
1 9
2 3823 331
1 1225
3 1418 564 2841
7 2750 2287 1064 3123 2600 2439 705
4 3453 3027 297 3152
3 2103 2138 2665
3 2457 1806 442
2 1367 1
1 397
6 2769 168 570 1736 196 3486
2 431 2523
3 2527 524 2704
2 2046 1027
3 1722 3528 1499
1 944
1 138
1 1716
1 3387
1 1264
1 2363
1 310
2 2701 1926
1 1874
1 2544
1 998
1 3208
1 3985
1 2438
2 900 308
1 643
1 1219
1 3175
1 1791
2 1760 2898
6 1672 1595 1225 2729 2193 2337
1 1513
1 727
1 3012
1 1362
2 1950 1619
2 343 178
1 4014
1 3546
2 1395 1195
1 1899
1 2010
2 1231 3428
4 3142 115 2281 3235
6 1367 3952 1925 3239 1289 183
1 469
1 926
2 1064 1173
1 1255
1 399
2 1003 2997
3 3986 926 1296
2 988 2312
3 2457 2788 2191
2 237 3105
2 3654 653
2 290 2331
4 2107 2062 2007 1492
4 1758 2519 3416 1412
2 2498 3536
3 122 3406 2826
2 125 1567
3 414 963 3279
7 205 1760 3509 1641 777 715 3632
2 1719 2669
1 2899
5 4101 3217 786 2480 738
1 379
1 2044
1 272
2 1836 340
4 4033 3454 2374 3700
6 2010 3890 3859 2575 2399 3519
3 2056 3884 305
1 2634
1 1282
1 1620
2 827 818
1 1433
2 2036 3301
3 2803 880 1750
1 1072
1 2909
1 1936
1 1046
1 3949
2 2226 3931
1 3521
3 268 3612 3538
1 3774
1 1394
2 2552 3159
2 3487 3332
1 4082
1 3574
1 196
2 3179 1781
1 3464
1 2374
2 1495 3939
1 2288
4 1925 1896 1971 2597
1 1925
1 3173
1 1992
2 995 1224
3 3584 3317 3424
3 1140 498 4061
3 4049 2559 706
6 49 3358 2643 1075 591 354
5 1116 431 1237 934 3516
4 174 702 920 1815
2 2643 1134
1 573
1 4048
1 1346
4 2702 66 1558 3645
1 3458
1 2844
3 831 67 553
2 4070 2825
1 1749
1 1349
2 418 2140
2 1706 1898
3 2546 695 1411
1 4034
3 2422 2495 2895
1 3906
4 794 563 2736 655
2 700 2142
2 866 890
2 2698 17
1 730
2 3437 363
2 4021 2592
2 3844 466
2 3783 3771
1 3049
3 430 3205 815
1 725
1 3142
1 2520
2 1563 2776
1 3426
2 2769 2603
1 4058
2 2076 686
2 422 3759
1 2899
2 3926 4054
1 336
1 2366
2 794 1314
2 952 180
1 2768
1 3091
1 1734
2 2479 2770
1 1037
2 1015 731
1 723
5 11 642 806 611 2535
2 2334 3656
3 1433 1313 2042
1 2609
2 2957 1160
3 2727 282 2651
6 1019 1245 2674 117 1584 643
2 3991 3711
1 3383
1 3796
1 42
2 3626 3089
1 160
1 3903
2 2732 3393
2 50 1234
1 1666
2 779 1514
1 2431
1 1474
5 2378 3866 3280 3165 669
1 3429
1 2495
1 783
3 3958 1623 3847
2 3044 3994
2 1955 370
1 1507
2 11 101
3 2930 1189 1145
1 4062
1 2802
1 3240
1 1230
1 2143
1 866
3 2452 2001 3812
7 2850 3485 69 1301 1005 3318 829
1 3830
2 2987 3629
1 846
1 268
1 2499
4 1788 3687 3150 1938
8 2791 1219 1758 1030 2288 2809 1874 1207
2 3423 2801
5 753 745 740 476 386
2 1010 1866
6 995 3773 3897 2335 2561 1423
1 1564
2 1302 1462
1 2519
1 2943
1 3339
2 1476 1378
1 4098
1 3518
1 1376
1 282
1 2866
3 3875 3114 3869
1 1000
1 0
1 2242
1 3573
6 1911 1070 3780 1550 4002 3949
1 2999
2 350 1157
1 704
4 1302 60 2222 685
11 433 1019 1834 2791 3819 831 3487 3508 4106 1611 1525
1 2729
3 671 2041 381
1 1822
1 894
1 1811
1 2091
4 1802 3119 2323 2742
1 3326
5 1313 272 1973 1625 1968
1 2056
1 3225
1 3307
1 416
2 3861 3914
1 567
1 1926
1 2979
2 3421 2014
1 4100
1 2819
3 3372 2119 878
2 1019 408
9 4059 3026 1856 2184 3646 3179 2169 1092 2017
1 4095
1 1671
9 433 804 1116 2844 1214 868 1992 1535 3961
1 3975
1 2744
4 2526 3042 2206 3291
4 2044 94 672 209
1 830
1 1302
1 2678
4 247 322 1618 75
2 962 1127
2 3271 1312
5 3986 418 2653 1512 3677
4 2804 3809 3049 812
2 959 409
1 3887
4 1451 2264 1726 2291
1 959
3 652 585 4037
4 173 951 2703 226
1 529
1 1426
1 1218
1 1717
3 1636 3865 1060
1 2815
1 332
3 1546 62 1344
4 745 1397 3189 1095
1 3238
1 458
1 2526
4 1957 855 2313 1012
2 1038 1556
1 6
1 657
8 1504 1662 1753 623 3145 2889 2975 1298
2 1932 3655
2 3101 1964
2 2446 664
7 433 727 3690 1996 3050 3417 3638
1 3343
1 79
1 1561
2 992 876
1 30
8 988 3100 1206 428 2583 3126 2090 2279
2 3275 22
1 2934
1 2893
1 3941
1 2994
2 2189 1333
2 2815 3075
1 2780
1 2428
3 2406 419 1680
1 1594
2 3783 2585
2 272 1141
4 3697 3138 2327 3274
3 1475 1895 2811
1 2727
1 3100
2 1728 864
1 3778
1 2509
2 3646 3544
1 2
5 3671 1191 1703 289 2421
1 960
2 659 2282
2 1146 2096
2 3798 157
5 1245 2891 1597 3747 676
3 2452 391 2818
3 882 2386 3136
1 76
1 2213
2 1788 2318
2 3513 42
1 733
1 1943
3 3055 1182 1967
2 1451 582
2 3790 1222
1 1362
4 1066 2392 235 1720
2 3647 2564
1 1987
1 2845
1 115
1 1972
1 2567
2 2010 3038
2 1900 1616
1 534
1 1070
1 3657
1 3567
1 140
1 2538
3 3622 2442 496
1 991
1 1986
2 1974 1591
1 3231
1 194
1 1008
1 4069
5 903 1197 2307 2589 3449
1 2486
3 859 3347 3230
2 3977 1178
1 3840
1 3448
2 3858 73
2 1790 3818
4 240 4044 1698 2311
1 2076
2 2121 1766
1 2232
2 1075 3251
2 214 3333
1 975
1 2545
1 2960
2 2200 3693
2 338 3552
2 2091 723
2 2370 3924
2 2183 1757
1 3055
2 925 1270
3 414 1686 10
1 1681
3 453 1919 55
2 2743 2253
1 1725
1 3387
1 1391
1 721
2 745 620
6 727 3051 3683 759 3025 2022
1 722
1 260
1 277
1 3186
4 3654 2872 618 1890
1 1016
2 2844 3972
4 3508 68 397 929
3 3676 694 1405
3 3780 251 1884
1 681
3 275 3674 129
2 319 2163
1 1780
2 3646 1799
5 3261 3326 154 2566 3910
1 833
2 2486 3470
2 1581 1283
2 2629 708
2 1930 2833
4 309 3412 2371 2644
1 3002
4 486 512 145 2361
4 116 1163 12 1258
1 3504
8 0 238 264 2840 2850 3654 303 3338
2 1823 1664
1 977
1 2234
2 945 4093
1 1746
1 3997
3 2999 4040 2179
1 619
1 8
1 3102
2 1585 3180
1 824
2 1519 3084
1 1159
2 2405 1679
1 2924
1 1864
2 2968 3264
1 3723
4 3485 399 1554 1541
1 1372
1 2938
2 2287 667
3 3012 3095 3022
5 2744 2957 3836 293 3149
1 3619
1 2737
1 3268
2 2409 4032
1 740
1 2165
3 3079 2937 1691
1 142
1 2763
1 3546
2 1263 51
1 2537
3 3495 668 1485
1 772
1 1950
3 2376 3561 2601
1 809
2 214 1315
1 1582
1 2053
1 814
1 2698
2 3598 919
1 1753
1 2271
1 1650
1 1940
6 1873 430 1561 2808 2185 2870
1 3047
1 3408
3 2961 552 3715
1 628
1 4050
1 536
1 3137
2 2314 1009
1 4102
1 365
4 3600 2409 1408 2309
1 113
1 1187
1 675
2 3380 3752
4 3855 1523 1859 836
1 1511
5 2376 1476 2263 1958 1400
1 829
1 883
1 518
2 811 1960
5 3654 3423 3800 1253 1212
1 1539
1 3487
4 430 1011 2204 2379
1 4043
1 2016
2 4070 3596
1 896
1 3342
4 3840 3602 2139 507
1 3288
1 531
1 2303
1 683
1 1446
2 13 787
2 2583 2921
1 3380
2 3919 1718
3 2635 3307 3891
3 3272 283 3086
1 1143
3 2269 1238 520
2 3948 3198
3 626 3673 3287
3 988 809 359
4 1867 3104 3583 1366
3 2127 492 718
1 701
3 3272 3410 3551
2 2527 2828
2 3012 1383
3 831 2983 2486
1 3233
1 679
2 1090 3841
1 754
2 2983 2568
3 2462 3913 3753
1 3158
2 2433 4022
4 2769 2460 3599 1707
2 2264 1773
3 489 1712 3404
2 125 3987
1 1064
1 1408
2 1124 1078
1 3751
1 1011
1 606
1 1545
3 903 2188 3336
1 1620
3 135 747 599
1 4
1 3856
1 1872
5 1987 3020 911 253 3156
1 3292
1 3050
5 11 4045 1849 687 1831
2 1754 3481
1 2880
3 2860 1685 119
1 2930
1 2733
1 3897
1 881
1 3068
2 3819 1520
1 1940
1 2472
2 347 1536
2 2207 2128
1 979
1 281
1 2845
2 2016 2484
1 2498
3 2815 3557 4000
2 1144 2043
1 115
1 2207
2 3874 1254
1 1856
1 1246
1 3750
1 4047
1 1519
1 563
2 681 1158
3 1372 3900 1615
1 3543
1 1662
1 2478
1 1730
6 1867 699 3120 3254 2518 559
1 3676
1 1139
5 3600 4102 3778 3707 4080
1 3318
2 168 2375
1 1702
2 2159 1247
1 3202
1 2476
2 3444 2150
1 1272
4 411 2960 3614 2820
3 2545 441 3125
2 405 865
1 1388
3 623 2161 3373
4 299 622 741 2548
5 3750 2635 3431 3535 3573
4 2046 1362 1046 1293
4 2860 1129 533 2627
1 2492
6 2410 2959 2034 2487 728 490
1 3466
2 1010 2273
1 1223
1 2251
1 2765
2 1144 3154
1 4101
1 3728
1 2138
1 3459
1 3316
2 2661 1772
1 1219
4 168 2514 1839 1516
2 174 31
3 3102 649 1905
1 1957
5 3657 3861 1631 1542 1910
2 864 950
1 2766
2 644 1953
1 3455
1 1471
7 671 2594 1495 3618 281 2666 2980
2 61 2579
1 1728
1 135
1 3272
2 1755 298
1 2451
4 2288 334 3597 2932
5 3142 1093 1317 3172 2347
1 888
1 1542
1 3545
1 302
1 3148
1 2589
1 456
1 471
1 188
4 779 2632 3578 1833
7 2840 652 1445 240 1140 1395 4077
1 268
3 3102 960 3660
1 3479
2 2492 500
1 337
2 1082 3915
2 2464 1427
5 3202 3269 3390 543 1039
1 3675
4 3232 600 3651 417
1 2756
3 1876 3131 522
3 1935 3499 3009
1 237
1 153
2 570 4020
2 2386 2922
2 4096 1082
1 2280
3 2091 2775 3743
1 1506
1 3815
2 415 3469
1 131
1 1021
4 2594 1563 2668 2532
3 4059 1860 856
2 606 2254
3 2769 2930 136
3 3270 4097 537
1 117
1 945
5 3927 3092 2228 4082 236
1 5
1 114
1 2627
1 426
4 1996 1090 3953 2912
1 2809
1 805
1 4096
2 3047 2432
2 3311 4072
2 69 3971
4 893 3271 2474 3761
1 861
1 536
1 1327
1 2380
4 2810 1569 2849 404
3 1655 2071 407
2 392 167
3 3485 2239 1213
2 2616 146
1 858
5 303 406 821 1065 38
1 628
2 1310 2607
2 1245 139
2 166 1496
1 2651
3 3844 2082 344
1 2781
1 3822
1 2600
1 3993
1 72
5 3925 3992 2894 3857 2052
3 214 4064 463
2 623 1286
1 1714
1 2394
2 4069 3128
5 214 291 894 405 3782
1 3228
1 563
2 776 2890
4 3261 2506 3763 1322
1 1317
2 3579 2541
2 3292 887
12 0 4059 2410 2452 4049 214 3453 3275 1067 3314 1008 3161
2 3233 545
1 3667
1 3555
1 1785
4 2383 3342 1746 2687
3 406 3186 2456
1 1267
1 2335
1 2872
1 1932
1 2150
3 1316 2503 844
1 3454
1 1415
1 3995
1 1001
5 3791 2988 3497 1888 2652
1 831
2 990 472
2 3190 2617
1 873
1 3309
3 1030 748 2657
3 69 3868 1294
1 1360
6 1899 670 185 1426 1311 1837
1 3600
2 3998 3182
1 2896
2 3472 191
2 4016 1571
2 3146 2567
2 72 2883
1 524
1 1151
4 3927 2189 2033 986
3 2287 2614 840
3 4045 2401 3285
1 2387
2 1732 2012
5 3690 3905 135 159 912
1 942
4 2693 3665 4042 1094
1 3064
3 2844 2540 2842
1 2459
1 2741
3 2265 1257 3978
1 3523
1 1889
7 264 1504 1327 1987 2949 3232 2896
2 1987 711
1 168
5 1987 3339 2143 2764 1530
3 3981 2178 3816
2 534 475
4 3790 3324 3620 2116
5 1946 3948 3290 508 1403
1 276
1 3201
6 1019 2878 1249 4091 1790 479
1 145
1 2565
1 3605
1 83
2 3491 2289
2 1662 3846
4 727 3289 2512 3310
5 1911 1007 1449 1914 3004
1 3791
3 1065 918 445
1 834
1 2778
3 3654 83 3024
1 2463
3 205 505 1285
3 1197 269 2098
7 238 1867 541 125 3397 1805 771
1 838
3 2769 2829 423
3 869 3376 825
1 1382
1 502
1 2139
2 1736 832
1 2872
1 790
4 2349 2308 2005 1810
2 2957 3438
1 952
1 765
1 1519
2 1849 208
3 2010 3881 1800
2 1228 2785
1 2486
1 1896
1 3435
2 1518 3834
1 1129
3 2844 1522 1993
2 295 2714
2 698 3547
1 1696
3 3602 726 1023
4 1933 3426 375 3343
1 2913
4 903 3892 717 1610
3 1737 975 3838
1 3865
3 327 647 1510
1 620
3 3466 137 203
2 3530 1814
3 264 1006 2285
3 2526 834 3922
1 3331
2 1272 3650
1 3425
2 3298 774
1 3023
3 4062 985 3609
1 307
1 2880
1 259
2 1551 3512
1 86
3 1372 577 1949
5 2410 339 2525 3737 3252
3 1957 3459 506
1 1914
1 1364
1 1445
1 752
2 982 661
1 1416
1 137
1 1726
1 1873
6 2850 1933 716 1066 1714 2881
3 745 242 2641
1 1493
3 3779 516 2199
4 3232 2050 3903 1117
2 3239 902
1 1576
2 1340 30
2 1805 1543
1 898
8 925 3927 373 861 1654 561 3133 1998
1 1835
1 3962
1 2773
1 3732
1 1548
2 1219 1604
2 1695 937
2 567 1156
1 794
1 3006
1 1952
2 3855 3808
3 3646 1934 3432
2 1205 3300
2 824 2715
1 481
2 117 2749
1 931
1 1965
1 1925
2 2616 2940
10 0 3750 903 1627 2887 396 2504 3706 3652 1384
2 57 52
1 2172
2 3941 1705
1 414
1 2744
2 1599 921
3 1090 1004 2434
6 3142 1911 1259 1749 1771 1742
3 116 2645 1961
1 3587
1 2653
1 910
2 1624 1956
2 2681 2861
1 3582
1 1199
2 1728 795
1 3564
3 1010 4019 16
3 3530 437 703
1 3995
1 3317
2 3957 3409
1 3568
1 647
2 282 1474
3 2994 160 843
5 2378 1813 1340 2939 3710
1 2020
1 1690
1 3163
1 1918
1 2504
4 1268 1920 277 280
2 673 333
1 2262
4 2422 1518 273 3606
2 68 1780
2 1529 2394
1 2384
4 1228 3856 3906 2095
1 4070
2 3218 2814
4 3750 3122 1829 2171
1 3223
1 2286
2 3641 2247
1 3678
1 3062
2 862 387
1 3639
3 3405 3191 435
2 1743 2391
3 2791 3636 584
1 3651
2 3265 1389
3 1070 888 1256
1 2682
2 4002 2923
1 875
1 789
2 2979 2093
10 0 3142 3444 309 3991 2107 1579 534 58 4075
1 3262
2 3030 772
2 3928 366
3 3123 1205 307
1 2180
1 3292
6 1504 216 1950 3260 111 2377
3 2768 1288 1798
1 2306
6 1529 1836 3489 3594 3023 26
1 1434
2 3907 229
4 2804 3518 3288 769
1 3079
2 2913 56
1 932
2 205 3749
3 868 1583 1909
3 822 1143 3350
2 753 371
1 494
5 3383 215 944 630 3474
2 512 558
2 295 2032
1 2976
1 3861
4 1123 166 3352 1589
3 1747 3799 412
3 3394 3511 1211
1 1122
10 238 174 1102 1728 814 2860 3491 2479 260 2341
1 2081
2 3879 696
1 2243
1 858
1 2208
2 3489 1942
1 1466
1 14
2 3760 2712
1 3203
5 212 3874 776 3242 1054
1 3594
3 3600 3171 4055
3 2462 1136 2006
1 2750
1 3155
4 3206 3319 3113 3066
2 1758 165
3 1129 296 3368
1 679
1 2621
1 2478
4 3356 3946 2679 1580
1 1456
1 2784
2 3491 2710
2 625 90
1 1561
1 1802
1 1175
1 4065
1 2501
1 3050
1 1630
2 1030 2667
1 1546
1 3701
3 2845 3521 1614
2 3879 3672
1 3815
1 287
1 3227
1 2494
2 2313 3169
5 5 2492 2499 53 554
4 727 824 3876 2177
3 893 2230 350
4 753 3658 2168 3894
3 2944 2493 3686
2 2281 2713
6 233 2702 1251 2207 982 360
1 2067
2 3591 87
1 3477
3 2573 2911 2445
3 115 385 3461
2 3122 3989
1 1632
1 556
3 1116 1645 1429
3 1885 2854 2031
3 2935 3821 1325
2 689 677
1 3056
1 1436
1 1656
1 2260
1 2351
4 4008 3457 3398 4028
1 1888
3 709 932 544
3 3579 3255 2085
1 261
3 660 3436 3377
2 796 2197
1 291
1 3100
2 1867 1370
1 2414
2 3272 1470
1 3907
1 3491
4 1019 2010 2917 3842
3 1191 3361 3482
1 3945
1 3883
1 2076
1 3406
1 2793
1 3255
1 2176
2 2452 2660
3 1295 2208 3542
1 3813
4 3298 2159 1497 3467
3 3190 2217 2953
8 264 3657 116 1268 3678 3513 1079 3909
2 897 4071
2 3120 2622
2 1677 2397
1 2896
1 2624
4 1728 3643 1018 1592
5 1722 1015 3945 3029 2241
4 2478 3490 556 1621
1 3826
1 1370
1 273
2 1345 3794
3 626 1038 853
2 3069 2839
1 2681
1 3153
1 2796
1 118
2 1672 1665
1 1033
1 2909
1 2309
2 1715 608
4 671 113 3572 1489
2 322 3776
1 4049
3 1007 3555 530
3 2725 590 634
1 197
3 1337 335 3514
2 3874 2024
1 4019
4 3692 3724 1916 1970
3 1351 2202 1181
3 2198 788 3684
1 3932
2 2466 2210
3 2999 1469 4089
1 2237
1 911
1 235
1 600
3 2288 3592 447
1 172
1 1805
3 2878 3579 3044
3 431 3458 3477
1 1282
2 2029 2398
2 2094 3439
1 1418
1 3268
1 3203
1 2525
2 3018 1886
2 1804 4026
1 53
1 2094
2 2225 1049
1 3448
4 3190 1952 3827 3340
1 376
1 2545
2 2957 2966
1 1150
1 346
1 1527
1 3600
1 3587
3 3504 1278 3001
3 2933 3153 499
1 3742
1 197
1 2045
3 332 1103 1534
2 3430 2950
2 3248 2164
1 2290
1 45
2 3100 2846
5 373 3955 830 2351 3365
3 1539 3498 2642
2 3453 941
2 1945 3282
1 4106
1 1946
1 3691
3 3309 3714 3277
3 992 917 2945
3 309 3503 1651
1 212
2 1736 2919
2 3582 2115
2 1935 3071
1 1017
1 509
1 724
3 264 2616 3402
1 1512
1 2942
7 3444 3363 3250 3622 2534 3375 1540
2 3263 285
7 212 2091 1957 2425 909 641 32
2 3840 3197
3 1937 2366 3273
1 348
4 3228 1549 2079 631
1 111
3 36 3 1768
2 1249 3321
1 3992
7 2383 2526 966 2629 848 3980 2146
1 3110
2 2855 201
6 4049 2236 2689 2852 48 1744
1 4042
1 3922
1 183
2 2699 2180
1 2518
2 116 1811
2 531 2069
2 3224 3580
1 3454
1 2573
1 3982
2 2029 1576
1 2779
7 174 337 3875 2248 1562 1624 730
5 1476 3702 595 2654 3013
1 613
1 3497
4 814 1226 3736 3211
2 3975 2664
3 1070 2296 2449
1 1500
1 509
1 593
2 3728 54
1 982
1 801
1 431
7 933 2933 3744 2968 2491 2084 2469
2 1562 1902
1 1380
1 1497
4 3292 1941 469 3850
2 2964 20
1 2219
2 2148 3728
3 4008 760 1786
4 1116 959 3877 3076
1 1389
1 396
1 2917
3 2850 871 617
2 1413 3354
1 2869
1 2228
2 3269 1825
1 3083
3 1186 2741 2900
1 3827
1 3126
1 2586
3 2010 81 1164
1 425
1 4042
1 829
1 741
1 2309
1 996
3 50 2360 1406
1 2985
1 3212
1 3886
1 625
1 777
3 3450 1112 1642
1 57
2 1869 1924
1 299
1 1434
1 3740
3 205 2221 2246
6 1529 3012 237 218 1983 270
1 3759
1 1848
1 1554
1 1770
1 1351
2 3890 1502
1 1802
2 1456 729
1 779
1 274
6 170 247 3962 3081 1824 3817
1 159
1 476
4 1946 765 3465 3515
2 660 750
1 3085
2 2405 2726
2 2987 3452
1 3770
1 749
1 3449
2 3932 4051
1 1081
1 1754
5 804 1873 2815 1551 719
2 2230 2549
1 1632
3 3986 3993 3882
1 3798
1 2089
1 315
4 3723 3492 2195 2224
1 1500
1 2904
4 3309 4024 1146 2910
1 1724
1 1386
5 953 4014 900 2591 3328
1 3506
1 1776
1 2939
1 290
4 2509 2915 1128 3923
3 1671 3302 121
1 2982
1 2558
3 1495 2113 128
1 3940
6 3303 1398 1150 2112 4081 1307
1 2630
1 3265
1 1965
1 2239
1 3942
1 2100
3 1733 2902 1840
1 2949
2 3138 778
3 1722 2793 1713
3 625 349 40
1 3466
4 2860 3369 1690 885
1 2961
3 535 2126 3249
7 2840 50 2804 2364 3202 3664 9
1 3958
2 2172 4099
3 1097 1126 3046
2 1917 1842
5 3952 601 881 1478 454
1 1969
2 2538 3623
1 2021
3 3970 1789 225
3 2183 3006 3367
1 222
1 2055
2 2286 1261
1 3044
4 4096 1724 835 1420
1 540
1 925
2 2769 1637
3 1631 3774 1339
3 2517 2437 3549
2 2587 621
2 981 1269
2 3949 2497
2 2149 403
2 3744 3115
1 2090
2 2422 96
3 671 45 2416
1 3412
1 291
2 1351 2381
2 1739 2753
1 504
3 0 1740 1871
1 2328
1 811
3 3223 3849 1903
1 415
1 1289
2 2500 2345
3 497 2626 555
1 3138
1 3797
1 131
2 64 1684
3 2262 1273 1977
5 2044 2763 4047 2958 3766
3 1885 1659 767
2 3104 889
1 3591
4 1876 4 3207 1167
1 2121
1 1382
2 2538 2536
1 2703
2 216 3107
1 1894
1 1790
2 779 284
1 678
1 2920
1 1079
2 4076 3127
1 2732
2 3760 4068
6 0 170 1935 2269 2686 84
4 1519 999 2403 1299
2 3509 3988
2 2267 1084
1 2349
4 1900 3256 2100 3837
1 2597
1 3210
2 2632 4004
1 3959
2 2653 2343
2 1597 2884
6 671 4070 1609 2134 3278 886
2 2514 523
1 3271
1 2892
1 822
1 2577
5 2537 279 347 2324 2329
2 3110 2003
1 4007
1 2073
1 2630
4 2265 1310 2771 1043
2 1761 1857
1 2847
1 2491
1 2418
1 2409
1 218
3 3941 3088 3054
1 1686
1 3509
3 2988 1872 1026
2 2594 2114
1 3813
1 1154
2 1099 2011
4 1483 1841 651 3601
3 2386 1521 2124
2 1920 3019
2 951 187
3 3582 2972 324
6 504 1246 2986 222 2733 3174
2 2338 1557
1 1372
1 2822
1 1745
2 2930 2389
1 2336
7 1899 3757 2156 1471 3158 3574 3471
1 3195
1 471
2 3792 2002
1 3111
1 2167
1 1140
3 1595 2472 4087
1 3704
1 63
4 3305 2431 895 1851
1 3943
5 652 4016 1932 1349 105
1 731
2 1114 1262
1 3389
2 15 1532
3 3583 1252 1335
1 4045
1 1308
1 2371
8 804 995 299 3981 3103 1517 3039 1769
1 3261
2 2682 692
2 2917 195
1 3394
2 2425 1673
1 864
3 2522 2270 503
2 275 1215
3 1813 3619 37
1 185
1 3735
1 642
3 1504 3611 2258
2 962 852
6 1662 2699 1434 446 845 598
1 579
1 1472
2 854 4107
4 502 1764 2984 3765
1 3507
1 238
1 3688
3 3329 1183 3644
2 1933 2707
6 3819 1302 998 4095 964 3257
1 807
2 3687 3327
1 1499
3 3582 1835 3093
2 1191 2580
1 264
1 582
1 2049
6 1911 3791 3986 1633 2593 1793
4 1662 1936 1198 510
1 1217
1 453
3 646 1739 662
1 901
1 2748
2 1987 560
3 1864 290 1055
1 2575
4 2034 1743 1590 908
3 1223 2066 2326
3 233 2737 3200
5 1327 1696 3675 2587 879
1 2139
3 3760 3204 1573
2 453 1305
1 3275
1 296
1 1477
1 122
1 2946
1 2946
3 486 306 1047
3 1245 1260 3334
2 697 149
2 1761 217
2 3322 3974
1 1583
2 67 2300
1 1659
1 721
4 3897 2530 2501 3033
2 784 2009
3 3958 2738 3094
1 1553
1 2848
1 3207
2 1243 899
2 3957 2025
1 2804
4 988 2599 2847 1767
1 1042
2 4096 425
5 2364 2444 2260 1601 477
2 1006 1566
3 174 3731 1723
3 2946 444 3973
2 1841 2531
2 4040 3688
1 2805
1 1015
1 1548
1 368
1 1122
1 3866
2 3164 320
4 36 2630 1945 1490
1 2005
3 337 3085 1444
1 2600
3 3370 931 1661
1 2854
1 1582
1 2062
2 2976 3577
1 909
1 2838
1 3583
1 2817
1 2416
3 1445 3148 1778
2 861 2108
2 238 3140
1 1978
1 3413
2 1057 4046
2 601 2868
1 358
3 3676 3059 2160
2 272 1638
1 41
4 1873 3704 562 82
1 1124
1 1832
1 192
3 1245 938 1927
1 247
1 2514
6 925 2982 1812 2724 3116 2424
1 1788
2 2810 2637
3 4007 1053 2075
3 646 3745 1386
4 1867 3263 1077 1329
3 1538 1734 2936
1 3768
3 1920 2754 2274
3 3657 287 3998
1 1385
1 1618
2 2167 2596
1 4057
3 69 3947 3473
1 1295
1 1911
1 1887
1 1079
2 3578 2340
1 1945
2 3724 3035
2 3074 2190
4 3925 3069 1847 484
2 1206 2477
2 2172 2992
1 1952
1 903
4 3861 2511 722 3556
2 3123 1085
1 2903
1 2621
2 1415 1568
2 3836 2111
1 1599
6 299 1519 1539 820 1697 603
1 2188
1 434
1 1135
2 3293 184
1 1834
1 3470
1 1910
1 2956
3 2184 1346 263
6 1802 36 2406 3175 1135 3000
1 1509
1 3565
2 2702 2774
1 2053
5 1933 1864 1827 1119 2194
1 3663
1 448
1 319
2 2504 398
2 3339 2369
1 2268
1 1412
1 573
2 397 1464
1 2520
1 1778
2 3320 2578
2 1364 955
1 465
2 4096 2073
1 3621
2 2787 3798
3 2056 2892 910
4 1551 2262 857 2706
2 1662 3134
1 381
1 3642
1 2364
2 2131 3371
2 3913 612
2 332 1922
1 3870
1 928
3 1836 130 2485
1 550
2 3532 3185
1 3673
3 3472 3463 3121
1 2255
2 552 2646
1 1361
4 893 2621 2023 742
5 2840 2572 2223 2862 1139
2 1911 18
3 2802 2016 286
1 527
2 3271 70
1 350
1 3478
7 3223 1123 3190 15 1361 2063 2072
1 1584
3 1382 1338 2201
2 2050 401
2 279 891
1 1736
7 1019 3303 327 1122 3641 942 654
1 3363
2 3584 605
1 2963
4 2844 3210 3554 793
3 3789 1358 4048
2 1633 163
1 3824
4 11 1208 838 1727
3 3495 862 2105
1 2046
2 1542 1399
2 1401 2673
2 2176 2187
2 933 2154
2 1548 978
1 1231
2 3791 1480
2 758 438
4 3261 1016 2231 4031
1 3014
6 933 2074 2976 3003 127 2220
1 86
1 2891
2 3678 3733
4 299 3941 3070 482
3 3582 571 1326
3 2804 2823 657
1 2000
1 394
3 212 64 1037
1 2455
5 69 3443 1940 35 3954
3 2791 1457 1564
1 3144
1 2084
2 1523 2938
1 3165
1 383
1 1579
1 1225
1 1504
3 3683 3181 1306
3 933 1865 2411
1 640
1 551
1 2249
2 3397 3839
3 2609 4035 1342
2 3380 3531
2 1609 1688
1 3060
2 963 420
1 102
2 2408 2354
1 2907
1 3390
2 3314 757
1 1267
1 3916
10 2791 2693 211 4033 2422 2067 1963 1819 342 1628
1 1376
3 814 380 1425
3 3695 3060 34
1 2225
1 1538
1 2613
1 2572
1 2887
1 2358
1 996
1 421
1 847
1 2411
6 2410 1672 2735 245 1048 1309
1 1836
3 2917 1172 1951
3 831 901 1161
2 8 2897
1 3729
1 2226
2 3557 3106
1 841
2 1237 243
5 1627 3709 2947 2544 2695
4 953 1513 4025 2655
1 867
1 117
1 2487
1 2633
1 3822
3 1788 3061 2590
1 3202
2 2021 2882
2 2845 241
2 3492 434
1 1313
1 1276
1 2324
4 1677 4084 1848 2238
1 2370
1 969
1 3181
1 570
3 2452 3188 1622
1 670
9 238 2750 2545 2744 3823 2682 2306 3967 1667
2 1533 904
6 998 2946 1706 1803 76 3078
1 779
1 3147
2 642 2284
1 1358
2 1471 1586
1 1371
1 2130
1 1986
1 3821
1 3460
1 1650
2 1827 1304
3 570 846 2516
1 3940
1 1493
2 3131 3976
2 3744 2083
2 2988 3593
1 3025
4 261 3248 2779 594
1 1457
1 2594
1 502
4 698 2909 3848 3037
4 2094 3396 2276 3603
1 4107
2 2701 2692
5 1677 1546 2634 3845 450
3 1771 3259 2650
1 215
7 831 606 535 1097 1632 4090 3488
1 2772
2 3363 1297
1 2228
1 1401
2 1466 566
7 1327 486 3740 2517 1620 3767 892
2 212 24
3 2378 2838 2683
4 1925 1418 683 2918
1 2813
2 1974 2837
1 2288
1 3558
2 3026 1976
1 2184
1 3010
1 416
6 2488 1080 2546 1415 2176 2628
1 1171
5 2982 3270 3792 3348 1644
2 770 1089
4 3878 2520 803 2618
2 411 2556
2 3436 2974
2 3223 2429
1 2648
2 2044 1424
2 324 3445
3 107 2436 850
1 3846
1 130
5 3142 1483 779 2979 46
5 2488 2396 1438 358 3950
2 3163 3566
1 1260
1 1404
1 3720
1 644
1 2234
1 3489
1 1916
1 1006
2 646 1669
8 933 2488 1538 233 3298 822 1716 1643
1 2410
1 3211
2 822 884
1 3964
2 1149 1908
2 2823 1371
2 3451 957
2 399 3854
3 959 1635 1473
1 3744
2 1703 3007
1 3260
1 1297
6 50 1876 107 3018 108 923
2 23 254
1 1624
1 2442
1 3164
2 2144 427
2 4033 3908
3 1495 300 763
5 893 1677 859 1528 2065
2 916 3762
6 1433 3008 3329 684 1210 2786
4 1539 4043 3349 89
4 2635 1221 2055 3415
1 211
2 3875 2831
3 1760 485 580
2 1263 2824
2 1025 3286
3 2506 3437 345
1 2000
3 1595 1200 1647
6 3878 811 3030 1316 3879 1202
1 3548
3 3897 3964 4073
1 881
6 995 2810 3695 3591 41 473
1 1804
3 1177 1653 914
1 649
1 3833
2 2232 194
1 938
5 1219 295 883 2993 645
2 504 3751
1 3735
1 508
1 934
1 3903
2 1788 3173
1 301
3 2406 922 1354
1 3001
1 346
1 247
2 3996 1373
1 1149
2 107 2463
2 2062 355
3 247 2367 3627
3 3163 1878 368
1 2881
1 1881
1 1413
3 3051 2147 1612
1 2004
2 2156 2794
1 3327
1 3148
1 1302
1 2801
1 3753
3 3797 367 1844
8 804 2964 807 567 805 1545 2302 352
1 2041
1 3649
1 3366
1 3756
2 264 110
2 854 3221
1 2764
1 2947
6 303 709 3201 2317 2280 2026
1 2605
1 903
2 3188 3843
3 2049 1944 1756
2 204 2092
1 1486
1 1452
2 2530 1979
2 841 1596
1 1033
1 63
1 3884
1 1571
6 1102 78 847 1282 357 47
1 1470
1 793
1 2958
1 256
1 3114
4 1717 3083 587 514
1 261
3 3819 3815 3929
2 4076 4018
2 3723 954
3 4095 1821 1375
1 406
2 1714 2677
1 1147
1 1577
1 1996
1 3324
2 2392 3072
5 3927 1243 1165 2985 3705
1 2981
1 1080
1 1012
1 789
3 628 1548 2380
1 2236
2 3729 85
1 2151
1 3959
1 2333
2 3671 4074
3 240 2903 1988
1 170
1 590
5 3487 1414 268 74 1894
2 3201 1190
6 2410 2752 2127 625 14 1738
1 3554
2 2506 4003
3 3823 2000 1537
3 897 3959 1725
1 2902
1 739
3 2968 1676 478
1 3018
2 1937 1379
4 3139 1695 79 248
1 3998
1 2276
1 2954
2 2223 2135
1 3281
3 63 1972 1602
2 1722 3462
1 2305
1 1933
2 1549 3422
3 1788 3772 1071
2 2947 2990
1 1238
1 3194
2 722 2322
1 1722
2 1692 1454
2 1749 4027
1 1630
4 3779 1106 153 382
2 2509 2465
1 4084
1 1223
2 3208 3395
2 2476 1020
2 733 2372
1 1853
2 1259 1763
1 1091
1 3862
1 3966
1 2894
2 3081 1332
2 309 1393
6 1219 3305 691 392 3052 244
1 2001
1 987
6 0 2821 3293 1861 1166 1174
1 966
1 335
1 2778
1 830
1 2969
2 1438 1357
1 2315
1 3372
3 4095 7 3067
1 3698
1 1737
1 2399
3 988 63 3429
1 1610
2 2270 3956
1 3263
1 1660
1 1351
1 1349
1 1467
1 1209
1 810
1 3278
2 3383 3717
2 259 4038
1 2785
3 3026 383 1419
1 2827
1 2928
1 1472
2 2269 2489
2 1366 3496
4 2046 3419 536 4086
1 583
2 2982 3124
3 2750 2294 1843
2 2586 1701
1 2791
3 3408 2681 3226
1 1445
1 2060
1 2483
2 2913 3016
2 7 637
3 518 1552 837
1 129
1 2476
1 136
3 807 4065 202
3 3271 1930 3245
1 3080
1 1228
1 1978
5 3779 1266 2731 3360 3244
2 3637 1391
2 616 764
2 2226 2037
3 2248 3501 3344
1 2540
1 1742
1 3179
3 1483 1980 3936
1 2169
1 3397
2 1114 613
1 1617
1 622
2 3370 2625
2 419 4060
1 1193
2 3248 464
1 2294
4 3981 2443 1639 1488
1 1067
3 261 3507 2157
1 3535
1 969
4 3952 1369 1652 927
1 3709
1 3865
2 3311 3284
3 1885 1741 1110
1 1065
1 808
1 440
2 1235 993
1 2634
1 3535
6 3582 2787 1377 394 3615 4023
4 261 1671 3129 1882
1 486
2 2298 4036
2 1741 3625
2 561 1663
2 789 315
1 1649
1 59
1 3919
1 36
2 1677 3716
1 1334
1 2662
1 1094
3 2488 1151 2806
1 896
2 2378 390
1 1724
1 1150
1 3790
1 512
1 3763
2 267 3631
4 1070 3331 583 592
2 1112 1024
1 3620
1 1153
1 2640
1 3963
2 3797 341
1 3508
1 3415
2 2263 3966
1 1115
2 0 3889
3 3996 1265 2250
1 1749
3 1301 3447 3345
1 237
3 1715 3308 2060
1 1334
4 3861 2998 1175 1792
4 2364 2151 92 1808
1 2986
3 704 1870 1275
2 2892 3357
4 1066 1328 3718 2873
1 1747
4 3223 1955 384 3787
1 3658
4 3370 3928 436 1906
1 3890
4 1231 3883 3387 2035
3 2933 1155 2505
1 1827
2 724 1355
2 3730 2709
1 1123
2 2819 231
2 3440 1022
1 2718
2 3195 2415
2 1301 2663
1 972
4 1245 2152 2510 2697
2 2862 1774
1 2219
2 2823 632
2 3129 2330
1 400
2 699 3912
3 2933 3146 1711
1 4044
1 3933
1 1517
1 3142
3 1582 2778 1086
1 2566
3 1696 1413 961
4 504 2216 3933 2266
3 279 551 3196
6 3875 2994 1456 801 2875 3493
1 2263
3 3411 1436 3595
2 3736 1683
5 1433 531 2125 2797 3863
2 1511 2109
2 3012 483
1 3655
1 630
1 1635
1 3823
3 1861 2822 2058
1 3579
2 3416 2608
1 309
2 1996 690
2 49 1069
2 334 2365
4 2537 3919 3830 2550
1 1839
2 868 3802
3 3687 1380 971
4 5 3380 790 456
5 212 659 1159 1879 106
1 819
2 3495 1194
1 279
2 2446 2678
1 4016
3 2130 2756 2166
2 3056 3312
2 1251 3663
1 3654
2 3690 2186
2 3079 2555
1 1567
1 3324
1 1987
3 3290 3616 521
2 4104 2694
2 3654 2064
2 1834 997
3 373 3144 4009
2 841 3824
3 497 1138 1287
1 3027
1 381
1 58
3 295 1063 2447
3 2810 494 2969
3 3487 3494 2101
1 3097
2 1996 3193
1 342
1 3226
1 3363
1 2492
1 2071
1 245
3 1451 3476 1826
2 2629 2705
1 1549
2 323 2470
2 4095 1402
1 1451
1 2252
1 62
1 2530
3 3991 2893 2039
4 3489 169 2542 2723
2 216 761
2 2854 1482
1 36
2 2944 1477
1 2620
1 1646
1 1019
1 3977
1 1443
1 3782
1 1407
1 2630
1 660
1 2406
4 3102 841 1437 3214
1 3431
2 1197 1087
1 3485
2 3667 3725
1 1782
1 3430
2 3640 3253
1 3224
2 2982 1797
3 4084 2886 2832
2 1289 2604
2 430 2528
1 2831
2 3275 21
5 1367 1582 2226 1700 2859
1 2282
2 1221 158
1 1973
2 2410 2721
1 1682
3 2949 393 1828
2 428 1503
1 2082
1 3511
2 77 104
1 611
6 2750 504 3139 3322 474 3569
1 995
7 4059 953 188 2200 1875 3091 3141
1 512
2 2034 720
2 1398 2459
1 3614
6 3958 1228 758 3062 2732 3241
2 3594 965
1 3611
4 339 1472 688 2758
3 2854 3662 792
1 2626
1 1481
1 2850
1 978
2 350 2028
2 3003 3184
2 964 743
1 3634
2 1900 3316
1 1119
1 1165
2 78 2106
1 2998
1 791
1 3446
1 1434
1 3160
4 2821 448 1319 2925
5 1672 319 1965 2901 2348
1 3306
2 3443 1782
3 497 1461 462
8 753 1802 628 2046 882 3055 2368 1912
2 1771 1801
2 3723 4067
2 3030 3192
3 3780 2475 1098
1 2245
2 1395 1608
1 3524
2 2487 1460
3 4016 3262 2565
1 3438
1 332
5 1788 962 133 1394 3911
1 3560
1 1627
4 1219 1509 4011 3721
2 2935 3699
1 4029
4 3780 318 2765 3589
1 1892
1 3829
3 1493 3475 186
1 713
3 3969 549 2962
1 932
1 3518
2 1896 3533
1 1387
2 2744 29
1 5
2 2934 4015
1 3692
2 365 1928
2 2167 3691
3 1582 3222 3216
1 1074
3 2586 2292 302
1 2313
1 2464
1 1251
1 3355
3 3426 2941 658
6 753 1832 204 338 1111 3427
1 2916
1 3347
2 2852 1759
1 759
5 2964 59 8 3028 3951
1 3411
2 2381 799
2 550 3276
1 2885
4 3100 547 1033 3871
2 1971 828
4 4059 678 2996 2448
1 2077
3 3201 1153 2612
3 3272 3041 3679
1 3671
1 1259
1 2327
1 3188
2 1490 581
1 3618
2 716 3537
1 2414
4 2802 2081 615 2141
1 1651
4 2750 1124 1041 604
2 1019 164
1 72
1 3276
1 3869
2 3900 2136
1 587
2 1706 3835
4 541 424 374 849
3 628 2418 1816
6 1911 1885 3370 1900 2198 3529
1 2125
1 3069
3 1259 3748 1459
4 1064 675 627 2321
1 1068
2 4030 1062
2 133 190
1 3504
1 1390
3 3101 65 588
2 1064 210
3 2821 3219 1407
2 1570 1051
1 3120
1 765
3 925 1681 958
1 2237
4 749 1943 2048 2807
1 3952
1 2637
5 3952 2077 1345 2658 329
1 2248
3 1655 3565 2639
2 821 3434
2 3643 3384
3 642 1446 1626
1 3800
1 1849
3 1873 1387 3414
3 606 3099 1236
3 64 3698 219
3 1889 1687 148
1 3295
3 3030 1511 2610
1 12
1 3920
4 882 1170 2817 3930
5 1228 869 267 3860 294
4 3657 13 539 2799
1 2361
1 2679
3 1570 2004 2332
1 1586
1 697
1 3800
2 1217 3588
1 168
2 1421 3294
6 3272 1451 2283 3742 3926 470
4 3760 1421 1374 364
1 2599
3 798 4083 2153
1 751
1 2334
3 3878 2863 3722
2 1812 25
5 1834 4094 619 388 1179
3 1885 2552 131
1 3934
1 623
1 1328
1 2283
1 3254
4 2546 97 3313 3873
1 2968
1 3509
1 2299
2 1890 2856
1 3043
2 4035 1348
2 114 3043
3 2949 2874 2800
2 216 3010
1 3537
1 3770
1 351
2 2419 816
2 422 2261
2 785 356
1 546
1 3775
1 4096
1 3405
5 1715 3789 2573 3132 1795
3 2572 1074 1241
1 3729
3 78 1547 2843
1 3146
2 2589 1450
1 1689
1 653
1 1534
1 3947
1 3073
3 309 525 3653
1 4043
1 321
5 4033 2446 2131 1281 3234
2 1551 1388
1 3348
3 373 2577 666
1 1819
1 1340
1 141
3 1538 3520 2951
5 652 3548 697 1467 1858
1 3674
1 1639
2 107 1439
1 2599
3 1579 2598 2539
4 5 3425 1598 736
1 474
1 3298
1 151
1 2360
2 2854 1997
1 3026
1 729
1 2278
5 2961 1776 3097 3756 171
1 2522
1 3390
1 2466
2 2961 1794
1 790
2 3617 2777
3 1214 725 924
1 773
1 1889
1 4058
2 3878 2339
4 1714 2926 1040 1658
1 1118
1 3170
2 3307 1121
1 2162
2 1408 2388
2 626 707
1 1885
3 1228 2325 426
5 1595 1455 2346 2755 1352
1 2791
3 670 3755 1441
2 3770 1817
4 1864 80 3032 2181
5 624 1937 528 3233 3916
1 2666
2 1629 2508
1 3981
1 2511
2 2889 2211
1 894
1 1198
3 115 118 3229
1 428
2 934 2906
1 1712
1 2693
3 4002 3213 1893
1 3781
1 1865
2 173 732
1 770
3 275 1443 936
2 1246 2876
2 1813 2691
1 4104
1 776
2 2509 3243
1 3123
1 1111
4 2750 2757 3472 640
2 3457 2196
1 2246
1 1250
1 7
2 652 2636
1 1054
2 697 3621
1 70
1 3702
1 3202
1 3119
1 1740
4 174 4096 4008 3775
1 3239
1 3881
1 2023
2 2292 271
2 1042 2529
1 3754
4 2133 3068 939 1131
5 1834 3446 2803 1506 983
1 1875
1 3265
1 3596
1 1433
1 758
1 3905
4 1231 2869 3550 3510
1 2829
1 2655
1 1863
7 1788 3261 796 3779 3206 2879 2647
1 2304
1 1812
1 4040
1 2248
5 2916 2970 138 3814 480
3 1519 1235 4052
1 3358
4 2752 3587 23 1863
3 1070 122 1675
2 282 1422
1 13
2 2325 3559
1 1696
1 1528
1 4051
1 2240
1 1045
1 3104
1 1028
1 1069
2 855 3392
1 918
1 3377
1 2810
2 3239 2244
1 3711
1 3584
1 2368
1 3205
1 2334
1 1627
4 3223 1144 3421 4005
1 1319
5 4059 3855 173 3581 325
3 4088 3057 3898
3 36 239 3364
1 3860
1 2148
3 2383 182 1431
2 1476 575
1 3032
3 1802 2740 3237
2 135 3176
2 1550 460
2 1572 3793
1 3665
3 2735 2943 3167
2 1278 800
1 245
2 3479 400
5 1834 458 2438 930 266
1 3385
1 2888
1 3369
2 3020 1544
1 920
10 1834 5 2376 3723 2661 2478 2130 2866 3886 1034
1 3370
3 2046 2701 3385
1 1399
1 1635
2 2630 3098
2 2294 682
4 2661 3430 3647 3831
1 2386
1 3901
1 2944
1 3088
3 3875 3502 3921
2 1414 467
2 807 1994
2 2428 633
2 3637 648
1 3805
3 3791 996 161
8 4059 3223 11 700 550 833 1385 151
1 164
1 1456
2 3675 1868
2 3480 906
1 1675
2 691 3147
1 149
1 2615
3 2260 826 2097
2 1856 1244
3 3322 317 3810
3 3303 734 3590
1 3427
1 4101
2 4024 1044
2 848 2120
1 1935
6 2183 3957 1694 3160 3157 3077
1 59
1 3708
2 3096 3965
9 238 1788 212 3925 3530 1761 979 2631 2132
1 2878
2 1361 1108
2 1980 3746
1 3699
2 4016 1133
2 2269 3820
1 3925
2 2527 3703
1 2560
2 213 1984
4 3723 1717 2476 199
2 2682 86
7 1367 1001 1755 276 2977 1578 3788
2 3383 1588
2 2198 3388
1 2506
1 486
2 212 710
5 1950 2314 721 1629 2717
1 324
1 3279
2 2944 1877
1 968
6 1327 3450 589 316 2963 288
1 3022
2 2525 1607
1 338
3 4102 2242 258
1 618
6 2094 2500 2405 3822 3435 4012
2 2276 1479
3 1755 1917 2251
1 1941
1 126
1 66
3 3217 3983 2122
1 539
2 833 2690
1 4064
2 1939 2362
1 2359
1 427
1 3592
1 3298
1 3146
1 1878
2 1875 1605
1 1130
9 433 1367 3958 671 3840 1715 2888 4030 3642
1 4
1 798
1 2575
7 264 3309 854 1732 798 413 124
5 3925 1057 1822 353 586
1 1196
2 1579 1458
3 3491 3634 1574
1 721
8 433 205 893 3495 2999 3996 1272 2390
1 4009
2 1231 2455
1 3129
6 1080 3940 2387 2605 2336 1600
2 3096 1230
1 2556
1 3587
1 3266
1 2364
5 1019 626 1364 573 3888
1 939
2 1715 2249
2 2543 3540
1 3622
2 3946 3832
2 2750 227
1 3809
1 1615
2 2689 1274
1 486
1 3664
5 411 3708 3017 839 762
1 2230
1 2560
1 2265
1 2654
1 3646
5 814 1162 3729 3862 2792
1 2693
3 3740 572 877
2 893 1975
1 1821
1 786
1 1444
2 3374 2461
1 2359
5 925 3295 3571 3266 1796
5 2840 3598 4062 3306 2746
2 299 2640
1 748
4 337 3224 1751 3297
3 1695 2229 1448
2 2333 312
3 739 2088 3118
1 133
3 804 1120 782
1 1806
1 35
3 3811 155 71
1 1278
1 2406
2 1358 2051
2 2041 1657
2 3997 1336
1 3904
1 2645
2 4025 1783
1 2968
3 1860 88 1137
1 1337
1 1074
1 709
4 3692 1003 2137 860
1 3195
1 1345
4 3026 2698 3034 2453
4 1102 1804 1507 1271
1 1876
1 1208
2 3967 1428
1 525
1 688
1 984
2 3441 449
1 2405
2 2621 3901
2 3826 4092
2 4070 2123
1 3991
4 700 197 1481 574
1 3521
1 659
6 1259 3970 2255 1187 2237 2971
3 2983 2440 311
4 3298 1081 2426 4029
1 1633
2 465 3576
2 1764 455
2 953 1343
1 924
2 2451 3726
2 3687 1216
2 2740 220
5 3819 2338 1068 2813 2760
1 1205
4 1836 1585 1559 1560
3 1812 2068 1995
1 3770
6 804 3605 3770 2560 2370 1359
1 1192
1 2593
1 3925
1 1115
2 3444 2059
2 3431 3460
2 3875 1670
5 458 842 1180 172 3517
2 1414 2013
4 628 3640 3769 3694
2 618 389
6 3819 2609 4078 489 2613 1365
1 2433
2 2815 1731
4 1987 2457 3990 1264
1 3026
1 1180
1 4084
5 1259 2053 451 2553 2908
2 2314 2099
1 2698
1 2933
3 1475 3240 3456
1 3096
1 1891
1 299
3 1749 1603 1013
2 2804 3727
1 3859
4 1899 3920 987 255
1 652
2 3308 2030
6 1627 1887 2129 3917 2358 1347
3 541 2934 546
1 1523
2 2029 1290
5 1476 3626 3532 3386 2227
3 3026 207 1320
4 770 1854 1466 3604
1 3566
1 2068
1 3483
1 1652
1 1957
4 2265 952 3719 314
1 4008
1 2464
1 56
3 2225 3701 2400
5 2850 440 1154 234 3575
1 1672
2 1186 1966
2 3145 429
3 1749 2393 3825
1 822
2 3123 3806
2 1377 913
1 1922
2 1935 3584
1 684
2 2561 1883
1 3396
5 1302 540 457 2271 39
1 1246
2 3242 1748
1 3747
1 2137
2 2872 3073
4 1925 1171 3567 2054
1 1473
2 567 2748
1 3326
2 457 2816
2 998 874
1 827
2 406 1855
7 261 2916 2121 2987 1881 2965 2606
3 6 3212 2310
1 2457
1 1123
4 1946 2522 990 2413
1 3198
2 2634 2734
1 1570
1 2916
1 1648
1 4007
1 1860
1 357
2 1504 3867
1 4063
1 2467
3 267 3564 3168
2 2559 2557
3 1162 193 1381
1 3864
1 1370
3 3925 713 487
1 3122
2 276 144
3 303 1052 569
3 406 1978 3963
1 2091
1 3135
1 1463
4 2410 346 3712 395
4 4070 3079 2295 1083
1 2728
2 4014 4013
1 1617
2 1791 1779
1 1819
2 2383 974
2 3145 3130
2 3448 797
1 3860
1 1036
1 2103
2 2681 578
3 1650 1130 2490
1 1753
1 1210
1 2028
2 3017 2582
2 3804 1649
1 316
1 1268
1 2787
1 1836
4 3056 465 2299 1002
2 3664 2145
2 1313 2089
1 3378
2 2016 1277
1 446
3 1597 3166 1318
1 529
1 3981
2 1463 2761
1 179
1 3996
2 2378 162
4 704 3829 3666 3918
1 1533
1 1572
3 457 3484 3661
4 3380 2855 2790 2973
2 2609 2316
1 2755
1 2518
6 309 2462 3796 1096 1196 326
3 3757 2498 301
5 3444 2349 673 644 443
2 1504 3805
3 535 1416 2711
1 60
1 1809
1 1423
2 4044 3585
1 3657
3 3874 1452 1229
2 3530 1487
1 3455
1 1036
2 228 2015
1 1392
1 1627
1 4000
1 2894
2 245 2672
4 606 1118 3732 2502
1 1710
3 969 1076 3048
5 5 992 3005 1656 2659
1 2129
1 619
2 309 1280
1 1430
1 744
3 2184 2252 2853
1 3063
2 683 1852
2 2572 3389
1 903
1 1697
2 3740 3053
1 339
2 3204 493
3 323 1360 1409
3 2376 2056 3448
1 1611
1 2378
7 988 933 1899 49 660 2259 147
1 3811
2 2307 1762
3 299 3063 3002
4 2255 785 2836 2576
2 2775 1838
3 1609 665 1982
1 458
1 211
1 3840
1 6
2 1187 1132
1 634
2 3480 1035
1 567
1 2787
2 1483 548
1 97
2 2787 2404
1 753
2 3605 3979
5 3878 3228 1974 1901 956
3 3878 1594 1929
2 188 1765
1 3085
1 2740
1 3042
1 1063
5 3986 3997 3813 3628 2623
3 1032 3610 3639
1 660
2 1963 109
1 1476
3 1672 4079 33
1 2736
1 3329
1 3508
4 261 3442 102 2155
1 444
2 1770 1830
1 781
1 3819
1 2393
1 1708
2 759 410
1 3465
3 1832 1999 2471
1 291
4 1722 1177 1115 773
1 977
1 2413
1 2317
2 3504 2070
4 3322 2245 1484 2914
1 2264
1 1220
2 532 3031
2 3905 3999
1 1550
4 1996 2466 2045 813
6 1367 679 2671 614 3523 1820
3 3383 1029 1169
4 1553 3546 3137 3764
2 145 2722
2 2693 1036
3 1418 1575 3960
3 3295 2080 27
1 3771
3 1732 3870 1440
2 1249 1913
2 3027 1291
1 2648
1 2349
2 3674 3560
1 2444
3 72 2827 4100
2 3416 968
2 2500 4010
1 3857
1 1993
1 2444
8 2769 3600 1722 2725 2232 1892 1404 970
3 2891 1239 2357
2 3548 249
2 2133 2319
2 3545 1061
3 3163 1223 746
1 2643
1 375
3 3796 369 3299
4 804 897 681 3337
3 2635 754 542
1 2586
1 49
1 3626
1 2735
2 3969 292
5 50 3394 898 2718 2675
2 2972 200
1 2383
2 1030 3014
1 2658
1 2148
1 2144
1 3678
1 3707
4 1856 1193 2165 4103
1 1366
4 1217 3811 3902 4056
1 385
1 882
1 2356
2 606 2551
2 1091 1109
2 1438 3543
1 1529
1 3902
2 1865 3607
4 995 3783 1923 3525
6 2693 749 3504 422 1747 1505
2 2419 989
3 1632 1218 2110
1 451
4 3443 981 1353 2684
2 2887 2858
1 3897
4 3941 3934 461 1168
2 679 1276
3 1887 701 3685
5 716 2144 1719 274 1447
8 3654 3671 2537 538 529 1099 2467 656
1 1221
1 323
5 753 310 2363 3586 1555
2 2460 2481
1 1204
2 1445 2117
2 68 2812
3 188 3558 3669
2 3984 2061
1 1200
1 3501
1 2175
1 791
1 1942
1 533
2 1001 519
2 821 3464
4 811 3637 2303 3649
1 267
5 3485 1263 752 568 994
2 2094 1666
1 2536
4 2887 3208 3858 2521
1 3970
1 2891
6 1911 2935 1114 873 2835 2602
1 3231
1 917
1 85
1 1346
3 1728 1351 2781
1 3772
3 2091 1493 3795
2 2888 2407
3 528 2624 250
2 2223 2981
5 2844 1337 3479 1204 775
1 821
3 3363 714 2175
1 2295
1 2552
2 753 1785
1 3643
2 2396 639
2 112 947
3 205 3413 610
1 1036
2 3443 1689
1 1226
4 2376 3195 2780 1565
1 3419
3 810 2301 2027
1 3883
3 422 246 3021
2 1531 1981
1 1340
3 1935 1527 3177
1 3444
2 2207 870
1 98
1 386
1 1562
1 3489
1 561
1 3232
2 433 3382
5 807 4069 1682 3713 221
1 1177
1 3608
2 758 517
2 859 304
1 2152
1 2221
1 3723
2 375 2454
2 1887 2588
1 1936
1 1007
1 3616
1 1015
1 4055
1 1273
2 3433 2450
3 0 1042 3937
1 2229
3 115 3982 2700
1 3793
1 2148
2 1103 3754
1 3689
6 1217 3311 2320 1869 3420 1729
1 2729
1 1197
2 3502 1990
1 1377
1 1038
3 1364 2747 3541
5 2488 2234 1599 2162 2751
1 1701
5 3991 259 3433 3872 2102
1 622
3 3692 3455 2885
2 1217 3741
1 834
2 1093 2716
2 4033 3082
1 4097
5 2287 3096 1777 501 526
1 3513
1 3338
6 3791 1010 2805 3203 2118 176
1 2513
3 2752 2745 3853
1 2986
3 2236 19 402
1 2806
2 3132 1498
3 679 1784 2611
1 3411
1 2714
1 182
4 3239 1017 3807 1508
1 2080
3 1861 3907 3011
4 831 3411 1775 2158
1 1088
1 3932
1 3437
1 3476
1 1214
1 3713
1 552
3 3890 977 2571
2 66 1107
1 3990
5 3444 2133 3667 488 3633
1 948
2 538 3995
4 3397 2267 2458 3391
4 428 3730 1396 3896
2 3318 1613
1 2517
2 1937 2215
3 64 3218 2278
2 303 3851
1 3856
3 2127 3777 3323
1 3363
2 2725 256
1 2066
4 509 213 3944 3681
1 112
2 2600 872
5 859 3608 2451 150 4041
2 2452 2782
1 48
2 2107 189
4 2757 1192 4098 2355
3 624 2955 2350
1 916
2 3372 3355
1 2512
2 2821 851
2 1093 1891
3 1943 140 3400
2 842 2420
1 1166
2 4007 2243
2 3740 2924
1 3179
4 1760 3265 3320 2408
8 988 3878 1217 3408 3102 3330 616 2954
1 1895
2 2682 2402
1 2221
4 3139 3064 1176 378
2 373 1323
2 2815 1295
3 4101 1918 4017
1 1320
3 753 6 1199
3 77 766 1240
3 3374 3112 650
1 2972
2 1088 2662
2 1163 123
2 883 638
2 2955 1846
1 1075
1 2063
1 1710
2 3289 103
2 1316 3187
4 3783 866 1363 629
1 1114
1 3708
1 694
2 424 1668
1 1483
3 2661 1710 783
1 1641
1 1010
1 2431
2 2324 3401
2 1163 1073
4 3958 3932 3826 1721
3 3309 2743 674
4 0 3155 4034 2773
1 571
1 1103
2 3958 2991
2 3095 3739
5 205 3292 453 724 2352
1 11
7 238 3697 2044 98 2315 511 3534
1 1867
5 998 2334 1025 3335 1907
2 1124 3784
5 1019 2848 819 1045 1101
2 1334 1823
1 2265
1 2315
5 2850 1737 3975 471 2290
1 2126
2 770 1248
1 1198
1 684
1 3780
3 2152 3942 3283
3 2762 3366 3668
2 1206 3786
5 3261 1186 3194 432 2496
1 3878
2 4094 1341
2 2169 1524
4 238 414 2214 3178
4 69 2554 1435 1465
1 2689
2 1017 2373
1 879
4 1116 343 3381 3758
1 1146
1 1316
1 116
1 2957
3 1001 224 2435
1 78
1 2593
3 1057 93 2931
1 3640
2 3202 802
2 4049 2417
1 3260
1 3718
2 3836 3659
2 15 3803
1 2488
5 2791 945 3111 867 3563
1 1777
2 2986 1708
1 2436
1 3487
3 624 2182 2170
1 65
2 2474 2562
1 94
1 3602
1 2863
1 3369
1 1112
2 3256 602
1 330
3 3687 3227 663
3 3204 468 44
1 856
4 2594 3225 1947 3852
1 1387
1 2689
1 538
1 391
1 4102
2 1732 2047
2 1143 756
1 1655
2 589 1809
2 3280 1880
1 2705
2 3215 2423
1 474
1 3721
1 3530
2 3042 943
3 2511 3904 1674
2 1901 2989
2 3018 362
2 3892 949
1 2376
1 3927
1 2887
1 1140
2 624 232
2 1483 100
1 2999
1 2937
1 1603
2 670 1646
4 1162 1091 751 2277
1 1239
1 2727
8 3750 2183 4101 1475 1533 1754 1209 940
3 535 1500 1606
4 3008 112 1730 2720
1 3108
1 3275
4 2701 2857 935 1185
1 2534
2 2428 3895
1 2781
3 1950 1072 1417
2 1159 2834
1 1854
3 998 2384 1031
1 2267
2 515 2685
1 659
3 2888 3969 481
1 550
8 3223 497 609 1032 3844 1184 3689 780
1 1471
3 518 858 3539
1 1861
1 2988
3 2949 3162 817
1 962
1 3259
3 3426 3738 3341
1 875
2 3171 3670
2 1517 2385
1 94
2 3833 3801
2 618 2382
1 2183
2 2303 3351
2 3671 2615
2 652 2473
2 1513 459
2 810 2209
2 2668 1693
3 1217 365 2864
1 1374
1 3724
1 2187
3 2986 3236 179
1 1973
1 3170
1 207
1 3670
1 2206
1 69
1 3408
2 2848 2395
1 3900
1 979
3 3290 2149 2766
1 303
2 3171 976
4 2959 4021 2356 3522
2 1728 972
2 2840 1699
3 1122 2513 3315
1 1527
1 122
5 261 916 330 421 2877
3 2757 351 3680
1 3980
2 3290 1989
1 871
2 681 980
1 925
1 2583
8 433 3272 411 827 509 61 2305 2297
2 300 2272
1 169
7 1116 646 2527 1636 3833 361 3109
2 1067 2233
1 3527
1 673
1 3095
1 2387
2 2296 1678
3 1367 3080 2871
3 796 4053 2739
1 3092
3 3408 2353 755
1 3502
1 3280
2 3610 3630
5 3272 332 3617 2040 2468
1 1058
2 533 1709
3 418 3215 2595
3 1551 2772 680
4 3823 415 1617 607
1 275
5 1116 3246 1752 973 4105
1 2467
1 3647
1 3423
1 3757
2 406 1770
1 1151
1 3270
1 1068
6 211 1531 2286 3545 2942 3893
2 1587 1526
2 3600 3362
5 303 794 2298 4058 4063
2 2443 1203
7 3819 1149 3374 2913 4104 4057 2441
1 390
1 2959
2 1950 1791
1 4049
2 3487 323
2 2519 2104
2 2426 2795
1 77
2 2998 1056
2 1246 2670
1 2799
2 1620 1491
1 2029
1 925
2 609 3247
3 2872 3468 2789
2 1812 2173
1 953
2 175 2719
1 3055
2 3339 3403
1 1204
1 489
1 2194
1 2118
2 2230 3526
1 2994
2 3957 1904
2 2425 3562
1 2543
7 2750 2802 1334 2412 2020 3346 452
3 1149 1648 3624
1 2353
1 2941
1 2977
3 1266 1255 636
4 2878 2036 2574 1807
2 3412 2240
1 1584
2 3120 907
1 1752
1 4040
3 3883 1515 1959
2 1249 2268
1 882
1 3608
1 3484
5 1873 3441 2880 3135 1300
1 3375
2 2537 1188
1 691
4 1259 1853 1392 1921
3 1631 3781 3935
1 2794
2 337 3015
1 2491
1 1005
6 925 3582 624 969 4088 596
2 1958 557
1 501
2 547 1985
2 3361 2680
1 2632
2 2609 1991
3 1483 3101 3682
1 3513
2 154 1303
6 3952 1553 2538 1432 1028 3968
1 716
1 1934
3 749 3977 2205
1 3204
1 1523
1 1414
2 1873 4066
2 3859 1634
1 2959
5 2949 1321 2948 2633 2563
2 143 3209
2 2067 3304
4 216 4076 3985 4001
2 1386 95
2 2674 2569
1 1141
2 3419 3899
2 609 328
4 2693 2148 2076 896
5 233 2428 2414 416 3500
2 3745 2649
2 745 2344
4 3260 3466 143 321
1 3490
1 4025
1 3503
1 2232
1 2804
2 2572 1733
4 3958 810 348 2203
7 1538 3383 770 2768 3984 1745 823
2 1887 1486
2 2738 3359
1 1128
1 3305
3 3100 3231 177
4 3970 1410 1986 2213
3 1694 336 1331
1 1016
3 509 2515 2533
1 3613
1 2285
1 3528
2 3948 3074
2 3103 2767
1 3005
1 3394
1 915
2 276 2867
1 2780
3 3250 2899 3143
1 204
3 3170 1468 1113
1 2698
3 2018 693 1059
1 808
1 1313
1 380
8 238 1529 3692 2961 2944 2018 579 3183
1 2797
2 1081 1845
3 2821 1818 735
5 1834 3676 2049 2 2275
2 2308 1735
1 3003
3 3478 2927 1125
2 1177 1279
1 4059
2 3092 2430
2 2283 206
1 2757
1 2865
3 3657 3613 1954
1 852
1 2485
3 458 1660 3527
1 1438
1 862
1 1775
5 2840 518 377 1220 3151
1 544
1 1102
1 1999
3 3600 733 142
1 1864
2 820 1897
1 192
1 1860
1 1404
1 1263
1 3417
1 3548
1 3385
1 1919
3 2727 502 915
3 966 565 3418
2 739 3220
2 3295 379
3 78 3768 2978
3 2526 2730 3065
5 646 1655 2225 252 1014
2 2878 2086
1 2269
2 4094 3045
3 287 2174 863
2 188 1593
1 3039
1 777
2 228 2482
2 3210 1704
1 2462
1 3372
1 2552
4 1030 593 3110 1147
6 1245 2265 2762 228 1939 2956
1 1065
1 1268
8 3444 1946 3163 2543 1889 3164 2620 3505
3 1946 1021 1058
1 3945
2 847 2676
2 1330 3938
4 2236 3735 3325 1105
2 79 2008
1 3986
2 2750 1292
2 3962 278
1 2860
1 2218
4 78 3405 1308 2235
1 528
2 861 3568
1 3687
1 1067
1 3589
1 3412
5 216 1570 1948 3267 576
1 2728
1 3777
3 601 2483 3635
2 2926 2759
2 3250 3258
3 897 1962 181
2 3565 2905
3 794 3199 2688
2 966 134
3 3396 1000 1100
1 1931
1 1116
1 422
1 2422
1 2254
2 547 1702
1 252
1 677
2 2635 1787
2 2982 4050
1 3092
3 2283 527 2192
2 2979 2524
1 2762
2 869 1233
1 1345
1 393
7 2791 739 2845 1650 3047 2798 2952
2 2537 156
5 903 704 2029 789 3570
2 2234 991
1 2018
1 2525
1 92
4 3478 1324 1152 3399
2 2263 2257
2 3268 2547
1 3745
1 2156
1 3356
1 3882
1 105
3 2854 1350 1850
5 1753 3268 1463 928 313
2 3501 1356
2 3990 1494
1 3423
3 1123 3880 1104
2 1042 2865
2 1641 2581
4 811 3804 532 4006
3 233 1390 91
1 1900
1 2457
6 50 1372 3760 2509 2172 2507
1 709
1 1760
2 1197 4039
1 2109
4 2787 1577 3720 948
9 2840 2383 3478 3790 4007 1572 192 3483 1368
3 2050 2038 1442
1 3207
1 264
3 1313 3887 905
2 3051 2212
2 1948 1915
1 2790
2 2216 2087
2 1834 2920
1 3760
3 3598 2433 3238
4 2933 3797 1376 3296
1 715
1 413
1 1585
1 1565
3 3495 1250 265
1 1852
3 3763 376 2342
1 801
1 3162
2 1228 3648
5 1504 2167 808 3087 2638
2 3358 1242
1 2827
2 3791 3281
2 3773 28
6 1538 275 3170 1330 57 3885
1 553
1 1435
1 1076
3 2964 3943 3407
5 988 3372 2333 175 2929
2 739 1227
2 1330 737
1 193
3 3410 946 768
4 2850 2219 1969 3090
3 3170 2904 439
3 1636 781 2057
1 3199
2 589 3117
1 3773
3 233 2648 984
1 2048
1 1441
1 2725
1 3948
5 3958 3440 1630 3036 1453
4 2674 1088 1267 2995
2 2307 2851
1 3219
1 2425
1 2821
1 3058
3 1340 3058 43
1 2440
5 1495 2419 784 2796 2293
1 3451
1 2019
2 944 1148
1 687
2 3640 141
1 549
1 2183
2 1337 2784
3 1813 2907 3785
1 1172
1 2074
1 1088
2 2935 2427
2 2840 2494
1 1747
1 462
5 1788 2586 3378 77 1931
2 3480 132
2 1776 2558
1 2186
1 281
1 2119
1 3955
4 440 1587 2696 3734
1 3426
3 796 1284 1232
3 1936 513 2584
3 381 3108 2256
3 570 791 1501
1 1614
2 1414 597
2 1733 120
6 753 1231 114 3524 3696 1142
2 3917 491
2 1324 2708
1 2699
1 3665
1 156
2 1032 3353
1 3250
2 3692 1640
3 3690 2619 152
9 753 2769 261 2378 2727 698 2464 4085 3828
1 2163
1 113
3 2888 875 198
2 3690 3040
2 740 2830
2 2143 1050
1 3767
1 2412
1 1432
3 3339 744 372
6 1445 3056 515 2928 126 967
1 1117
1 714
1 1948
1 2040
1 988
3 3773 2019 1430
1 671
1 2961
1 3175
1 609
1 1351
2 704 99
1 2540
4 1827 2359 2078 2967
1 4059
1 2127
1 1490
2 3750 2728
1 1154
1 1867
1 814
1 2927
1 437
3 2545 3864 3506
5 1529 2103 2328 2021 262
7 2674 1382 1581 689 1692 712 2570
2 701 3379
2 3430 223
1 1369
2 3217 257
5 3582 72 3451 2783 635
4 609 2819 495 3553
1 3248
3 3692 2304 2656
1 3678
2 238 1201
2 1522 1862
