2914
11 710 2485 99 1623 573 281 130 378 45 2173 396
5 2781 1218 1830 2388 1395
3 1132 1520 1094
1 2321
1 1020
1 958
2 2069 282
3 1603 1892 1806
1 2639
1 489
2 113 909
1 2100
1 95
4 302 1206 765 925
1 1211
2 859 393
3 1219 916 2033
2 938 796
3 2571 547 1468
1 156
1 254
8 710 2718 2030 1020 1796 247 1569 772
3 2439 358 274
2 1811 1602
2 1167 2788
1 1040
1 303
1 219
1 607
6 802 1237 938 1716 2724 2840
1 2716
2 449 1967
1 1079
1 2625
2 555 133
1 651
2 2104 2899
2 2309 2311
2 708 1908
5 1614 1139 1825 1118 978
1 1608
1 2780
4 472 526 56 60
2 1739 206
1 1690
3 0 124 260
1 2475
1 2261
3 961 1124 2507
3 93 2051 2844
1 2742
1 1670
3 2245 1794 2869
4 1631 2537 468 2056
2 441 236
3 1536 1576 2750
2 42 1214
1 164
1 2185
1 145
1 42
1 820
1 317
3 2530 1391 1904
3 190 2812 1568
2 2013 2625
3 2782 2533 2094
2 2686 1805
1 2330
1 1203
3 2338 1277 1030
2 2792 535
2 1443 1437
2 2539 1557
1 2684
1 439
1 80
1 2334
1 2128
4 2082 576 1662 270
2 1385 76
3 1037 513 2565
2 2675 1409
1 1808
2 2544 1051
1 1848
1 1056
1 2773
1 1997
2 1686 1566
1 1213
1 920
1 2245
5 1427 49 1543 1447 1748
1 1764
3 2133 1049 12
4 1820 1369 2740 278
2 2547 1341
1 413
12 0 307 253 1132 2792 2208 2261 1280 745 2443 1419 1315
1 648
1 683
1 2416
2 2543 1728
2 2180 2816
1 989
1 453
1 228
1 1096
7 2069 2303 1894 195 2525 2178 2062
1 1649
1 187
1 466
3 2767 10 1260
1 892
3 582 1117 2244
3 1757 1910 1474
2 753 1374
3 2774 669 1936
1 861
1 161
1 1946
3 2828 1071 1620
1 1161
2 45 1715
3 173 2469 1837
3 2488 2716 1591
1 2860
1 2203
3 2639 996 2165
4 0 1079 2757 1412
1 2019
1 1175
1 34
1 2114
1 1329
1 2810
1 1554
1 1370
2 187 2293
6 1427 1850 843 1078 1617 2250
1 1544
2 2129 964
2 1950 1499
2 2659 1066
4 418 2477 1473 59
1 1247
6 307 920 1596 2595 720 714
3 2141 2623 310
2 1773 402
1 1040
2 1617 2256
1 2749
1 568
2 1199 2174
2 689 2137
2 1700 19
1 2839
1 325
1 1786
3 927 1229 2722
4 2640 1337 2838 120
2 1045 1988
2 2092 2768
2 1999 57
3 1863 250 936
1 1056
2 1497 2131
1 2737
1 967
8 1799 1210 1969 422 1733 717 1563 665
1 1600
4 833 1283 2232 333
8 253 2017 1903 125 785 1582 2083 285
1 1084
1 1696
1 570
1 1491
1 2539
1 2045
4 2162 493 2432 622
1 807
1 1352
2 2592 2398
2 380 2200
1 1587
3 1502 2636 2580
4 1216 139 111 268
1 1465
1 1291
3 495 64 2124
1 782
1 355
3 1676 1134 2493
5 1210 793 2889 653 952
2 109 230
3 565 404 381
2 684 2466
2 2133 2290
5 1960 1095 2528 408 1476
3 816 2671 2712
2 2231 1239
2 1063 1005
1 1343
3 2782 287 1120
4 2187 2012 2371 1887
1 43
1 569
1 2908
1 1225
6 2484 293 2220 2793 1546 2029
4 1200 1491 891 790
1 1899
2 2377 2700
1 745
1 992
3 2420 2449 1039
3 293 1343 2229
1 2108
2 2400 27
4 2420 1230 1539 2217
1 2526
1 2627
1 2166
3 2687 1460 1765
1 786
3 961 261 2263
2 1963 810
2 2017 107
2 623 1475
1 195
3 254 1299 2404
2 430 2760
1 2114
2 1049 1783
3 2484 1937 2653
1 54
2 2689 2584
1 336
2 745 2756
1 1983
2 288 1986
2 1540 2096
2 1544 2237
1 1891
3 607 2441 2317
5 2781 1659 2319 675 2777
3 21 1483 499
1 330
1 2883
2 165 774
2 1339 2120
3 621 2791 2318
9 99 173 2110 2247 1980 941 2136 1165 1301
9 710 2630 1201 679 781 1407 231 20 1917
4 954 2036 2450 1075
1 1472
2 2063 1400
1 1238
1 2190
1 45
2 226 2472
1 2512
4 2543 480 2736 2906
1 2123
3 288 740 977
2 2038 1896
2 941 1444
1 187
1 1210
1 79
2 764 2291
1 707
1 1495
2 22 1196
2 471 1490
1 870
1 324
1 96
1 1292
2 1863 410
6 0 2660 2695 1704 727 1870
1 6
3 1603 801 2871
1 656
1 173
2 2639 1253
2 204 815
4 679 241 265 1860
2 662 2563
1 1889
1 1837
1 2443
3 210 217 968
1 618
2 448 349
1 1064
1 2846
3 314 2617 2401
2 1920 322
3 1035 1367 2243
1 2050
6 2792 1841 13 919 1610 1510
2 2337 26
1 1024
1 1939
1 1540
6 99 929 147 2063 1245 1327
1 893
2 2220 2099
1 148
2 1379 1087
4 2571 1198 741 2445
2 1587 2070
3 1189 298 825
1 2508
1 1798
2 360 62
2 999 2032
1 480
1 927
1 1237
1 299
2 2891 585
2 2403 277
3 2513 666 158
2 691 2452
2 1768 2119
2 633 2779
1 1344
2 1813 248
6 2133 430 1379 1959 1822 561
3 2873 2010 979
1 172
2 1506 357
1 471
2 2031 238
1 1463
1 2571
2 2792 558
1 1919
1 2423
1 1190
1 2108
1 2151
1 1641
3 2202 1204 2818
1 1350
1 2579
1 295
1 1733
2 383 2463
3 930 1786 1454
1 1541
6 992 1058 2385 1886 814 1261
2 1841 192
1 1578
1 334
3 22 1055 2437
1 2673
3 1426 317 1286
1 2512
4 2113 1963 1839 583
2 795 2157
1 2793
3 1670 1686 2144
1 2878
1 1978
3 1369 1692 2863
1 1179
1 829
1 1704
2 707 2000
3 1842 782 1867
1 1906
3 958 754 1352
1 918
1 2072
3 0 1901 1241
1 2298
3 2514 184 2667
1 196
1 2627
4 2133 351 1693 1858
1 1396
1 831
2 2015 617
2 1063 2881
2 679 1164
2 1981 514
1 531
1 2528
2 453 1634
1 15
1 1045
3 1138 2021 2832
1 0
2 444 1226
1 589
1 1716
2 2492 2127
1 1284
1 149
1 2156
2 196 863
4 2792 2185 1872 2414
1 2322
1 2308
2 199 1333
2 1047 784
1 280
2 550 2734
1 1652
4 954 773 98 2713
2 1267 1119
2 2849 462
1 455
2 2247 836
8 2485 2828 2294 496 145 2513 2085 997
2 688 2911
1 2729
4 2883 1835 1821 2719
4 170 1060 2503 2252
2 517 485
2 1058 1329
5 2017 1017 1063 905 1859
1 1752
3 1028 2624 1442
2 2823 1234
2 981 1647
4 331 2864 232 2328
1 1677
1 1701
1 535
1 2034
2 2296 2576
2 1587 1593
1 1654
1 1531
4 1464 739 1589 75
1 1010
3 2808 54 719
1 2826
2 1534 2068
4 2521 2823 397 1242
1 2911
3 1216 1429 2847
2 689 481
3 710 295 722
4 1440 1202 31 2578
2 1945 2134
1 2857
1 1610
4 2247 106 392 1307
1 2178
3 1178 2148 416
3 2627 989 2260
4 1599 1158 1033 2161
1 2628
2 926 2682
1 1275
1 2114
2 415 1935
1 789
1 1742
1 741
2 2211 112
1 475
2 53 1493
1 1721
2 531 2679
4 1894 1344 275 335
5 2071 42 859 1630 865
1 1651
1 1541
3 2059 1135 467
4 976 738 1893 2440
1 2595
1 500
3 1116 2549 2905
2 263 319
1 447
1 1580
1 1586
3 2274 1804 671
1 423
1 1351
1 2088
2 2910 625
3 1132 2589 9
1 1746
1 2519
1 1382
3 180 2451 2562
1 901
7 961 190 1392 2587 1833 857 1727
4 418 1502 1300 1628
1 811
1 565
1 247
2 557 478
1 2643
1 2051
3 1981 544 1324
2 618 1240
1 1669
1 766
1 2303
1 522
1 1939
6 2323 2338 1279 694 1457 2307
1 1668
2 1846 2055
2 81 2553
1 389
7 2238 607 2156 2059 1445 975 1682
1 2873
2 2743 423
1 2591
2 1245 2602
3 1258 2391 812
1 1358
2 1246 508
1 2211
2 1035 1089
1 1576
3 42 789 677
1 1475
2 2271 2731
1 2205
1 834
6 1078 1540 470 1836 2125 390
1 2352
2 1872 1366
1 1535
3 71 2168 433
1 2604
4 2763 2543 1681 762
1 2532
2 1710 1862
1 1280
4 2547 878 982 2542
2 2702 636
4 2050 2184 2265 2669
2 503 2212
1 1362
1 1596
2 18 2098
1 1116
1 2576
3 2405 970 411
1 2092
6 1773 1167 1426 2693 1529 1112
1 1246
1 2651
3 2368 34 2487
1 1563
5 2110 2861 500 1304 800
1 339
2 1313 725
1 1850
1 331
1 1035
1 1832
2 1519 2902
4 1138 196 2461 498
1 1707
1 1506
3 2207 153 2140
3 2477 1655 207
2 2883 176
1 1631
1 1809
8 0 1382 1200 1443 1588 1056 1973 2417
3 1915 1482 2480
1 2385
2 79 1347
2 2588 849
1 632
1 2505
1 1660
1 2899
4 2264 1189 827 115
1 362
1 1726
1 323
1 2790
3 2321 656 2141
1 2611
2 1035 398
1 1777
2 1156 2609
1 2010
1 2172
1 735
2 892 2236
1 2390
2 1454 1133
1 1165
4 2071 735 1956 1110
1 1245
2 2087 2215
2 1670 2103
1 2506
1 2816
1 1516
1 1791
4 515 245 1791 28
1 2904
1 2477
1 1156
1 1538
4 1116 2198 2772 1466
1 2651
1 2737
1 2262
3 1733 2060 834
1 386
7 1561 1915 2309 1451 504 294 2101
1 1306
1 2548
5 2774 1612 252 1913 2664
1 180
2 2616 229
1 2085
1 488
1 2280
1 2242
2 2152 1438
1 2710
1 2078
1 2684
2 2031 578
4 2420 2588 328 1885
1 1560
2 1841 2618
1 542
1 1430
1 2720
1 1636
2 2019 2214
3 1433 1883 1729
5 833 688 1213 1357 2730
2 2007 1897
1 2743
1 2733
1 2830
1 1264
3 2439 100 2546
1 2886
1 1709
2 2729 35
2 780 2353
2 194 1223
1 1693
1 2583
3 587 1863 284
1 2344
2 2514 950
1 937
2 2201 1571
2 708 1777
3 2017 289 1629
1 2620
1 741
1 170
2 325 2406
1 1388
1 1539
2 118 2856
1 2626
2 484 1048
3 1659 712 1504
3 908 2160 1949
2 1047 1792
2 246 2907
1 1377
1 526
1 1299
7 254 1028 2555 288 2765 388 1122
1 945
2 848 711
1 2274
7 2763 2521 1877 1587 1875 1934 101
5 2784 981 1364 197 1173
2 1809 2824
1 2444
1 1997
4 642 874 419 1453
4 2271 155 1481 447
1 1537
3 2849 2689 326
4 2274 2407 2002 933
1 2201
1 510
1 2412
1 895
1 754
1 2085
2 843 2862
1 1847
2 1431 1452
1 1021
1 2547
3 2017 1847 2015
1 2177
1 2294
4 2829 767 372 272
3 1981 661 38
1 2226
11 0 1799 254 21 2071 1960 945 1641 1021 1246 448
1 681
1 672
1 2566
2 147 808
1 780
1 2447
2 170 1042
2 1809 998
1 441
2 147 2177
1 1564
1 448
1 1955
1 917
1 559
1 908
2 281 1815
2 2235 1187
1 2297
1 2176
1 2400
1 970
2 1760 2427
2 1027 1067
2 599 594
4 2280 2670 2895 2572
1 2149
3 476 1697 1305
1 439
2 265 2380
3 312 664 465
1 2410
1 1460
1 2323
3 99 239 214
1 2457
1 2084
1 930
1 2660
2 1969 2701
1 2141
1 963
5 2208 958 2626 117 2755
2 375 697
3 1809 1842 1057
2 1726 2594
1 1419
1 2724
2 2607 1159
3 2596 985 988
1 1100
1 537
2 960 797
4 2660 1516 271 2358
2 13 1664
2 1178 506
1 707
1 2171
1 2866
1 2418
1 1574
1 21
3 413 1579 2752
1 250
1 2434
1 1470
1 1487
1 783
2 2283 2707
3 2485 652 715
3 254 2369 1689
2 373 191
3 1726 2749 778
1 409
1 173
4 1280 1891 2042 225
1 2871
1 2541
2 526 463
1 211
1 973
3 1056 1455 2190
2 194 1104
1 1801
3 1773 363 2868
1 17
1 763
1 2219
1 2608
1 557
3 283 1551 1102
5 2342 29 841 1297 1638
1 2399
1 2719
3 2676 1351 1054
2 1612 2335
2 2499 181
1 714
1 2153
1 227
3 1137 2423 497
1 520
2 1134 1976
1 354
1 287
4 2294 200 1420 2411
2 1600 2661
1 1346
3 1651 2349 2822
2 1210 61
1 1979
1 2414
2 882 902
1 1661
1 314
1 2399
1 582
1 2670
5 2030 1116 2248 957 370
1 2018
2 2866 385
2 2549 2035
8 1427 2280 642 172 2292 2684 1111 1378
2 616 530
1 2221
1 417
1 2292
4 1710 2673 840 2360
2 1623 2527
1 838
2 802 2442
2 1430 2855
8 140 1064 2050 699 1761 2337 1249 1584
1 1565
1 2053
1 994
4 1263 1993 1962 1014
3 2082 2462 681
2 577 1951
2 1661 2711
1 1659
4 1773 2415 1558 1311
1 1624
1 1304
1 1960
1 1392
1 495
2 1516 917
2 472 15
1 1713
3 2485 119 1723
1 2355
2 404 2374
1 2505
1 472
2 927 953
1 2658
1 1277
1 1071
4 1200 1185 1964 276
2 1322 2762
2 2191 2009
6 1519 1651 2668 1696 1265 2251
3 688 2412 1619
1 1379
1 1052
1 2507
2 541 1943
3 2156 1310 1678
2 2693 2429
1 2387
2 1052 823
1 2595
3 1219 2607 1580
1 2180
2 2660 1428
1 1609
2 1960 2305
1 1357
1 920
2 211 1592
3 2180 595 114
2 1681 308
1 1971
3 1983 1811 696
2 2502 1410
2 2352 2093
1 2104
1 1414
1 2439
4 1813 1465 494 2413
1 823
1 2373
1 2027
1 425
4 929 2076 1881 1494
2 1219 2368
4 1597 673 726 1581
1 10
1 945
3 2220 2540 2145
3 2136 2327 2483
1 1012
1 2260
2 1146 2831
2 16 1930
2 858 724
2 2281 376
3 302 1497 1749
5 147 1721 2559 890 91
2 1487 1424
1 2854
1 2478
1 2687
1 13
4 1787 1631 459 973
5 2691 1123 160 866 320
1 2476
5 307 954 906 2130 1043
5 976 352 2064 2552 748
1 1771
1 1667
1 692
2 2385 2739
1 1516
1 165
5 2630 2211 2013 659 2026
4 29 1450 1996 17
1 1374
1 2470
3 253 267 1046
2 1245 1778
1 2208
1 1776
5 710 1225 680 1538 910
1 1708
1 2646
1 2815
1 2728
1 658
3 1670 1211 1136
1 194
1 866
5 929 1781 413 255 2249
2 2469 1817
1 1969
3 829 2028 2709
4 753 375 1770 5
1 1206
4 2592 1772 763 2186
7 1132 495 48 1810 226 2476 2004
4 1382 2092 1989 1779
3 1170 1669 752
1 142
1 1882
4 2857 2811 2074 1082
2 2861 169
1 293
1 2006
3 550 732 1583
1 2095
1 2591
2 926 791
1 1797
2 515 1254
7 2596 2767 930 2829 476 1604 1484
1 265
1 39
1 332
1 1202
3 684 1472 429
1 541
1 2728
2 2306 2454
1 760
1 2349
2 2884 2304
1 760
3 456 1731 105
1 2420
1 2573
6 1623 354 1609 1505 1080 215
1 1894
3 2248 2199 846
1 1109
1 129
1 418
1 718
5 1132 2873 318 1313 1224
1 2388
2 2591 2139
3 2069 2197 1262
1 1411
1 2455
1 202
2 1095 1421
1 1759
4 1506 1554 2517 2347
1 2798
2 2371 440
1 2202
3 1167 913 2632
1 2828
1 847
1 2287
2 1233 1933
3 425 2890 2356
1 2513
3 2053 2496 2435
6 21 1757 1035 1952 1456 4
3 710 2678 702
1 2264
1 2624
2 2630 304
3 1168 2240 2122
1 2269
2 2207 734
5 679 2514 1464 427 1264
1 1363
1 70
1 1599
1 2696
2 457 1740
1 2853
6 1020 300 589 1332 524 562
2 2754 2459
3 1346 81 1276
1 1823
1 216
3 2378 150 25
1 2224
1 717
1 929
2 1213 2340
5 1820 394 1065 162 1486
2 941 2775
4 2063 674 409 2786
1 671
3 95 234 2511
1 2064
1 84
5 2187 882 2146 876 1942
2 1599 1289
1 805
2 358 2681
5 573 792 1396 86 166
2 755 1235
3 354 1560 424
2 2473 1208
2 422 1250
1 1950
1 2616
4 425 202 387 1998
6 843 2027 1178 1199 2123 296
1 1045
1 144
1 734
1 1346
1 1688
1 1396
3 122 2315 869
1 1831
4 2853 2216 2769 2744
1 1794
1 255
1 2555
2 2696 1876
4 140 531 2316 2383
3 130 2390 32
1 992
1 1872
1 966
1 1535
2 1588 174
1 1191
1 2355
1 311
1 2826
1 524
1 1558
1 1228
1 1501
1 2723
1 2
4 199 1713 1006 2348
5 1382 1820 1801 2387 108
1 1168
3 2175 2399 2088
1 1884
2 2198 761
1 2814
1 801
2 1658 2641
1 793
1 1811
1 2668
1 1675
2 2807 2872
2 2377 995
1 599
2 833 1471
1 552
1 1683
1 2585
1 1836
5 829 479 612 548 2836
2 115 1180
1 39
1 414
1 204
1 2310
1 679
4 927 2038 2814 2287
3 48 1865 1698
1 2274
2 1911 2061
1 1391
4 2810 2224 1348 1744
1 2098
1 2151
3 1443 1807 1408
7 99 961 2675 999 489 2 1800
1 597
3 193 813 1819
1 475
1 951
4 2264 2389 811 2351
5 2630 2658 565 395 1267
3 39 1694 1325
1 1940
1 2820
1 1991
1 1514
1 2442
2 2717 2593
2 2804 915
1 2604
5 2696 1536 2418 2434 1205
1 1668
3 1399 2339 2648
1 2845
1 1784
3 1696 2111 1176
1 2083
1 2784
3 2110 591 610
1 1738
3 457 1361 2268
1 759
1 1717
4 2676 2590 2865 123
3 2355 2430 2255
1 1821
1 388
3 253 2801 598
2 1796 1512
3 552 1012 24
4 1695 1025 1097 2456
1 1531
3 2627 963 1957
1 2702
1 1757
1 684
1 2630
2 1190 132
1 1153
1 2728
4 1064 455 766 1929
6 2630 2774 2405 1506 2849 369
1 1117
2 2024 1912
1 2710
1 1673
1 1621
2 870 2149
4 1969 2640 2539 1203
1 728
2 2319 2834
5 582 314 2223 1849 1398
4 1980 1175 2721 342
2 1615 1085
1 1529
1 1316
1 2367
1 1537
1 274
1 2071
3 312 2753 1422
3 1064 154 1843
4 573 211 870 1907
2 254 2113
3 449 1601 980
2 1186 69
3 346 2635 2614
1 1148
3 13 1946 959
1 2041
1 1059
2 2389 1657
7 170 2592 2201 194 1487 820 269
2 951 14
2 2784 2500
3 642 1044 90
1 56
2 1825 1741
6 1427 1652 187 446 2376 2322
1 2053
2 1 2204
9 2485 2321 2142 884 1809 907 2191 16 1879
2 2352 2320
1 1855
2 1330 2109
1 653
1 999
4 945 2728 1658 209
1 397
7 2110 1981 2591 2018 2723 2242 1648
2 2436 1091
2 160 2331
3 220 2545 2205
1 2835
1 2736
3 2316 1016 1927
1 428
1 1057
1 1786
6 29 2782 2077 1667 321 2481
3 1997 2657 258
2 201 1702
1 504
2 378 1446
1 444
1 1297
1 2066
4 307 519 942 600
4 710 522 1256 553
2 1252 146
1 2598
2 843 2796
1 1060
1 1567
5 2201 2352 1925 1247 1550
1 286
1 975
1 2623
2 1246 1478
2 2213 2246
3 2520 520 2564
1 1608
1 113
1 354
1 1002
4 1539 847 1627 1518
2 1028 647
1 873
1 2161
3 1138 414 1273
2 2520 2225
1 2874
1 1436
1 2218
1 1536
1 1267
1 1713
2 1799 460
1 1037
2 70 868
1 1915
2 510 1434
4 99 786 2001 540
1 1320
3 2303 1864 1705
3 172 1671 2898
2 1392 401
2 1761 1803
1 360
1 1945
2 2063 2683
1 1053
2 1894 2258
2 2223 189
2 2100 279
1 1763
1 1958
1 1936
2 2556 2665
2 802 1243
1 1530
2 231 678
2 496 2025
2 253 2382
2 2301 1404
1 2363
2 557 854
1 738
2 1481 619
1 453
1 2064
1 2173
1 879
1 852
1 1373
3 999 559 1646
1 2754
1 99
2 2201 1193
1 1621
1 1621
1 1611
2 1877 1281
1 2666
3 2383 871 2460
2 2864 2381
1 503
1 1139
1 1913
2 307 1718
1 1348
2 424 135
3 1695 1222 2273
1 2297
3 1035 2344 2346
1 408
1 2875
1 2880
1 2548
2 161 2422
1 1892
3 2800 251 2715
1 2615
1 97
1 1429
2 217 203
2 471 329
1 1934
4 2792 1037 1068 818
1 576
2 1128 1328
1 2738
2 1993 347
3 805 2043 486
2 375 182
1 2424
1 2141
1 2362
1 2017
3 642 2284 889
4 2718 2877 1556 521
4 1670 1363 2087 2606
1 2514
1 1158
3 1370 2703 545
4 1359 1501 1432 1029
2 684 2276
1 2175
1 533
1 300
3 1623 1665 1882
3 96 368 2510
3 1572 1362 138
1 1549
1 2752
3 2520 2754 1312
2 117 939
1 1843
1 2552
2 2499 676
1 833
3 331 311 875
1 1903
1 1737
7 573 1096 962 1920 2807 492 2458
2 1850 1403
1 2804
3 2555 80 2732
1 1593
1 2559
2 2619 667
1 2105
1 2867
2 63 1127
4 495 2300 856 1284
5 2053 1688 2766 2365 2649
1 2787
1 1
3 1056 384 1070
2 1983 2003
1 1189
4 2514 1541 1150 2052
1 257
1 2862
2 1427 1966
1 1383
1 1302
1 2811
1 1598
1 254
1 1131
2 82 2147
1 896
2 2224 1003
1 130
1 2524
3 2405 899 1924
4 1599 2397 2875 1851
3 1809 1709 1625
2 2442 2654
1 1887
2 99 757
1 816
1 1006
1 1198
1 2315
2 921 1439
2 2178 1869
3 552 360 1489
10 1799 140 833 1216 1695 93 1402 2384 1975 2567
1 886
3 446 1342 1577
5 2133 2436 842 1767 637
2 2630 701
1 1363
3 1695 2207 641
2 1279 2313
1 2626
3 1781 1888 1270
1 72
1 628
1 1424
3 1572 1990 449
3 2695 1994 2058
1 427
4 573 1131 72 2570
1 267
3 515 2586 1559
1 1241
1 93
1 2805
2 2341 1758
2 938 2821
3 618 1514 1780
1 701
1 688
3 352 597 1507
1 792
1 1020
2 510 2806
4 2828 1726 1899 2672
1 1842
2 224 743
1 2461
1 2059
2 1909 337
4 1028 439 2107 1916
2 901 188
1 612
1 2536
1 18
1 2461
2 2113 776
1 1111
3 981 256 2692
1 145
1 116
2 229 527
1 199
1 2854
1 1256
1 2753
1 2207
3 689 1306 2647
1 574
2 247 2778
1 976
1 2044
1 1045
4 1210 921 2516 777
1 2410
2 1426 2913
1 275
3 211 177 2182
1 2720
1 468
2 906 1838
5 2696 2608 1690 2839 273
1 1822
2 919 167
2 2072 2118
1 143
1 2910
3 1363 1854 1092
3 496 186 2295
1 2439
1 672
2 992 2102
4 1179 1008 334 567
1 1454
1 2536
1 2327
2 302 1782
1 1804
1 1166
2 1871 2299
2 1451 1143
2 2066 2705
4 764 858 605 935
1 1846
1 1263
9 1623 873 1787 2571 2479 2057 564 1653 2336
1 2
1 2232
1 1628
3 1696 1921 2603
1 1824
1 2031
1 2691
1 2223
1 1674
2 552 1192
3 2702 2506 1298
3 2685 438 1169
5 1651 2530 1649 2121 1622
2 2030 2569
3 2024 443 1575
3 2113 1083 534
4 1148 55 1687 1272
3 2853 1195 690
3 945 611 2912
4 220 1263 668 1948
5 531 1884 1797 242 306
4 1399 1600 353 474
1 2462
3 93 2395 1562
4 2488 243 1971 141
1 2468
2 210 1848
1 2130
1 1900
2 1801 1371
1 1252
1 801
1 1651
2 1973 2495
3 1008 2874 137
1 2148
2 1358 1856
1 73
3 852 1090 2037
1 1445
2 1058 634
5 2485 618 2100 1674 2837
1 1543
2 170 556
2 2187 721
3 1877 1768 844
1 89
2 2555 1251
2 64 2550
2 21 2438
1 2676
1 660
5 2485 1440 2241 1370 1995
1 2205
2 1937 771
1 1534
2 55 525
1 1429
2 2684 356
2 773 2332
3 884 2172 482
1 908
2 173 1928
1 970
1 843
1 1868
3 1903 2787 483
4 683 436 313 185
3 573 1813 1084
2 439 2357
1 2024
1 126
1 891
2 436 1386
1 2877
1 1781
5 147 2341 2066 2554 546
4 1623 2616 1603 908
2 2342 1406
6 2420 457 1415 1053 1737 1031
3 1541 817 171
1 1202
1 23
5 1597 283 7 2474 2312
1 976
1 1919
1 1990
1 2450
4 2208 1676 40 1259
3 992 887 2656
2 302 452
3 2436 2306 1319
3 621 806 2803
2 1624 2446
4 2485 39 1871 2448
6 1969 2274 2175 2022 1191 2497
1 2498
2 140 151
1 1687
1 874
1 122
6 2294 2743 1318 1184 1317 1747
1 1532
9 0 1519 1597 2691 992 1368 2281 2502 839
3 2544 1613 853
1 1416
1 2436
2 1263 1637
2 496 1522
1 662
2 472 2194
3 926 53 571
2 2300 1725
1 2220
1 392
1 2032
2 1884 639
1 1627
1 802
1 1970
2 2792 2272
5 710 2748 345 2694 2366
1 2185
1 2597
2 2626 1714
1 2656
1 1313
1 429
1 1227
2 1532 110
1 1875
6 873 2784 1532 819 1552 473
5 1216 1997 1846 2410 412
1 1519
2 2112 437
2 569 2370
1 2265
1 1209
2 1225 1103
4 246 672 1775 851
2 2298 580
5 2596 1700 850 2297 824
2 79 2014
1 2175
1 765
3 1368 1855 2044
1 1681
3 1237 932 1878
3 2211 1149 511
2 963 505
6 2718 1359 365 951 602 51
1 1283
2 1946 2813
2 2670 1183
2 1561 1528
3 2294 2704 1107
3 1608 193 1992
2 2012 431
1 879
2 2633 1703
2 2136 2433
4 537 893 2615 1666
1 515
2 2405 1113
3 2063 2611 2699
2 1973 2794
3 365 89 2522
2 1536 1618
4 1393 1742 1968 1069
1 781
3 1495 44 2535
1 1850
1 368
2 383 654
2 1139 2650
5 1427 1433 1168 1330 2759
4 873 1523 1153 175
1 738
1 1124
1 2160
4 1661 2604 2659 156
2 2677 432
1 1239
1 1679
3 281 371 1753
1 1282
2 2072 1932
2 2513 566
3 1850 2112 946
2 1416 650
5 2687 2819 838 2605 539
2 1960 1840
2 2485 2783
3 1095 1274 860
2 1644 2802
1 124
2 29 399
2 2218 1160
1 1327
1 1981
1 1746
4 920 2400 469 2228
1 2280
1 861
2 1807 2324
1 1632
4 1458 783 756 584
1 495
1 103
1 641
1 2829
2 989 2885
1 2082
3 170 616 350
1 2038
1 1891
1 2247
2 1599 1381
3 2321 2362 1157
2 2678 43
1 1033
1 1215
2 1688 464
1 2130
1 1128
2 2820 2253
3 2773 1720 490
1 1621
1 93
1 919
1 1921
1 2305
3 2877 2105 426
1 1704
1 2740
1 1785
2 2202 2408
4 1020 2283 116 1172
1 1449
2 2006 1007
2 2521 733
4 843 2820 1285 2421
1 1833
2 2596 1293
3 2668 94 2048
1 224
3 2205 2519 2645
2 1430 2206
2 1565 327
1 1977
2 958 2859
2 2023 931
1 960
6 2420 2271 552 852 795 149
1 2069
3 1659 2770 2047
2 2549 944
2 661 590
1 942
1 962
1 1451
5 954 2677 2231 1436 1595
1 1510
1 234
2 2605 1152
4 2708 2151 1831 1755
4 352 1236 2908 159
5 1519 2045 926 1953 2882
4 2660 2046 2610 2195
1 2057
1 2020
3 607 2747 606
1 674
1 2166
2 52 1074
1 2770
4 21 2848 1166 2054
3 1540 2620 974
2 2651 316
11 710 1427 170 2420 2069 2238 2544 2104 1808 1275 2568
1 1132
5 1096 2355 2556 1549 794
1 1828
1 1285
2 484 1511
2 67 2674
1 7
2 1131 1724
3 1799 1844 83
6 1219 755 685 1416 718 572
1 961
3 895 23 1105
2 2835 2892
3 1588 901 330
2 2415 2464
1 727
1 2378
1 955
1 1938
1 1134
7 1096 1045 96 2886 2262 1940 2326
2 421 1163
2 331 1496
2 2740 1038
2 2420 1524
3 39 1215 2080
1 2521
1 1868
2 2171 1802
1 2764
2 1 2746
2 1785 1072
2 2861 563
3 495 1762 2286
1 2030
1 421
2 531 1115
2 125 291
1 1494
2 362 2758
1 1711
4 302 2737 635 355
3 755 373 1459
2 1199 1375
1 1808
3 2596 2419 2181
3 1652 512 1517
4 704 2505 1979 700
2 1546 85
1 1189
7 140 2133 1708 2835 1383 560 1691
1 1415
1 2240
1 2042
1 1501
2 1665 1221
1 1556
3 2774 2230 2557
1 383
1 425
1 288
5 2280 2162 2072 2904 2478
1 539
3 656 165 280
1 1282
2 1124 2409
1 2316
1 373
3 2203 1585 1827
1 1425
1 281
3 1614 1939 1513
3 405 533 1081
1 1903
1 2337
3 683 1650 2345
1 1077
3 683 1565 1320
1 1667
2 1219 2350
1 2168
2 906 1972
2 1368 965
1 641
4 1540 2629 1636 1099
1 633
3 354 2534 2154
2 205 1418
1 1436
2 2316 290
1 2889
3 786 244 1735
2 7 1338
1 476
4 109 471 1290 993
1 2852
1 266
1 643
3 1952 2583 2909
2 1458 212
2 2022 1548
2 378 2219
1 2110
5 173 1873 1586 1380 1954
1 63
1 2575
2 2112 374
1 1200
1 38
4 2628 1463 2680 2278
1 116
3 2808 1126 2372
1 1181
2 621 1326
1 1980
3 618 574 1278
1 1464
1 254
2 2089 2222
3 2077 1605 340
2 1382 299
2 1523 1750
1 2419
1 2765
1 1414
2 1252 2566
1 2618
1 1233
1 1582
1 1178
1 916
2 2743 2086
1 1706
1 1016
2 683 1345
1 462
2 118 1295
2 235 1574
2 2260 1818
3 1871 509 305
2 1820 1140
1 2765
1 1052
1 878
1 2633
3 2342 450 1287
3 1206 1672 121
1 2110
1 1539
1 673
3 2484 143 1061
1 849
3 1020 1898 2163
1 1787
1 1903
2 2418 723
1 599
1 1170
2 2685 1294
2 331 2830
7 710 2676 199 888 1711 855 2612
1 2812
2 847 2529
4 362 227 2364 2642
1 870
2 2176 2289
1 1402
1 31
1 1688
6 170 1615 1186 750 2697 956
2 2819 1639
3 1544 2879 894
1 1881
3 573 1553 1685
1 2349
1 1427
1 813
3 2890 2666 1769
2 2766 367
2 1847 821
3 253 1190 1914
6 1227 503 708 389 2860 1719
1 2390
5 2303 895 2644 1397 240
1 2586
1 2100
1 241
2 2559 2465
1 162
1 962
3 1440 2867 1606
2 2532 1142
1 1676
3 847 1350 2282
2 1441 2726
1 1572
3 938 2631 2825
4 1652 1238 687 88
1 1063
4 2030 2773 164 2798
1 372
1 1280
2 692 2515
1 1397
1 961
1 2387
6 2342 2377 2639 2135 1759 969
2 2883 643
2 2201 2598
1 872
2 332 592
3 2484 2081 2150
2 205 1677
2 937 65
1 1662
3 704 2710 386
1 2492
6 173 425 704 662 228 1356
3 1227 2363 830
3 2748 640 131
2 2678 1790
1 395
2 1615 1900
2 2819 1771
4 2793 1534 1181 1590
1 1300
1 937
6 1064 2218 2499 2084 904 2379
1 957
1 210
8 21 829 2651 1999 1533 2128 2526 1834
5 2247 632 336 2426 1525
2 318 1635
1 16
2 2325 434
1 832
1 255
1 1558
3 1123 266 1734
1 2389
2 2220 2663
2 2877 1207
2 786 1853
1 1351
2 1665 1485
4 1787 2845 179 2637
2 1788 2903
1 1775
1 1764
1 2133
3 843 543 301
2 49 502
1 1399
6 2596 1393 2708 1019 845 1217
1 1796
1 512
1 53
3 1519 1789 2132
1 1441
3 515 475 1462
1 616
1 1126
2 109 2876
5 307 1684 1047 1288 257
4 930 1050 2153 1308
1 2606
3 1596 1515 1244
1 2890
1 443
5 1799 109 1002 6 1774
1 313
7 710 2484 2781 472 599 2512 1197
4 1861 1706 1498 377
1 2782
1 966
1 2675
2 906 2235
3 1237 1919 2269
2 2793 630
1 2383
1 1825
2 2011 2638
5 2247 2627 848 79 1732
2 173 1154
2 2027 747
3 418 624 698
1 1931
2 1359 601
2 1098 487
4 2608 2579 1918 2581
1 2688
1 2197
3 962 163 551
1 897
1 66
2 2230 971
1 242
1 2431
2 547 1129
2 309 2613
4 1561 1292 1985 11
1 618
1 1505
1 602
6 1799 2808 2714 36 2266 898
2 1752 1389
1 2667
2 1464 2795
3 2241 218 343
1 1222
7 253 1227 557 1156 2501 1902 1947
1 1153
3 1708 1654 1906
5 1201 362 1535 1470 2538
4 2264 233 461 134
1 2152
1 2644
1 2138
1 1498
1 327
1 251
1 1532
1 1025
2 1064 264
1 190
1 531
1 2897
1 400
2 2030 78
2 2781 142
4 929 2910 1743 1547
1 167
1 2057
7 1850 331 1430 383 95 198 2049
1 450
3 2006 2343 2601
3 253 912 1680
1 155
2 2797 2117
2 1001 2314
1 568
4 587 148 751 1354
5 1219 2687 2323 2166 2573
1 2766
1 365
1 911
2 1052 2227
1 1409
2 455 1555
2 1185 737
1 2011
3 1785 344 1130
4 2405 2325 628 2115
2 2064 809
1 1886
1 2590
3 515 879 403
1 363
1 2220
1 2745
2 673 1699
2 457 1266
2 1861 180
1 1952
1 2808
1 129
3 2142 223 1793
1 2291
2 535 1880
1 2675
1 2556
4 2180 2896 1828 768
2 1580 593
2 0 1309
1 154
4 1615 1098 1365 1663
3 2677 1965 730
2 720 705
3 109 1425 454
1 2629
5 2271 2171 892 104 885
1 1845
1 1491
1 2890
2 543 2310
4 405 2805 1642 58
1 960
8 2630 2264 205 1052 2373 2745 1564 2809
2 2443 2599
1 2629
2 792 259
2 1219 872
1 2838
1 2902
1 1630
1 1788
1 2791
2 1002 2091
2 612 1100
1 994
1 184
7 1210 1252 2532 660 2008 1316 693
6 2592 2857 346 1756 2354 1011
4 2845 1868 128 2494
1 1218
4 1230 529 1766 1573
1 1767
5 1433 568 1027 1480 2425
6 99 753 1608 2439 2741 943
2 2781 2558
1 2281
4 937 1668 466 523
1 544
2 2292 1257
1 640
1 601
1 1073
1 220
4 2027 1717 2541 1271
2 1901 798
6 210 309 911 2040 1633 2158
3 2763 2735 835
1 1918
3 1189 1291 1527
3 1128 1411 1041
1 1268
2 2532 709
1 2146
1 1721
2 217 2888
2 1857 2095
2 1781 201
2 172 1521
1 2407
1 2797
2 2076 728
1 595
2 243 2761
3 1799 515 2633
1 2741
2 1025 1852
2 1572 2108
2 1227 627
1 300
1 115
3 2548 52 92
1 1257
6 253 2082 2031 453 417 1736
3 829 994 2508
1 954
1 140
1 873
1 422
1 1745
1 2829
1 1162
1 151
1 2784
1 1290
1 2270
3 456 1938 914
3 99 2686 47
3 1820 615 2827
1 226
5 2187 582 1137 2114 1022
2 543 1656
2 2104 2482
1 2729
1 1158
2 2077 1026
2 2501 2259
5 1773 2180 689 2655 528
1 1640
1 1330
5 1615 692 484 1125 682
1 2365
1 1364
1 2516
1 1909
2 2718 2403
5 833 1861 736 1722 626
5 1623 2688 918 2210 2789
1 1993
2 1757 779
1 1357
1 2489
1 1833
2 1123 1015
1 2819
1 1965
1 198
2 271 2167
5 833 2213 837 2826 2785
1 139
6 418 1621 1675 816 2455 706
1 1502
2 2591 435
3 1661 1331 729
3 2323 1660 379
1 1513
2 1392 1632
2 2367 1302
1 2848
6 109 1983 1282 2536 507 2690
1 987
2 888 1751
2 1611 984
1 510
2 2829 407
3 618 2702 37
2 2184 1121
1 37
1 1603
1 1434
1 2139
3 1071 2375 1423
4 1078 1233 1889 1866
1 245
1 252
2 246 1188
1 1220
6 1219 587 2548 1738 2727 3
2 1216 406
6 2142 510 2729 2298 2475 744
1 1724
3 2152 2034 2359
1 1820
2 912 1509
1 430
1 2698
2 2592 68
1 1229
1 1579
1 2369
2 2616 77
1 806
1 1519
3 843 303 1874
3 510 70 2776
1 1150
1 1044
2 1596 1449
6 2718 802 2006 2431 1945 1598
1 2135
2 1332 657
1 1875
1 1332
1 1008
1 1095
3 819 986 1974
1 1879
1 1137
4 1252 897 1220 532
1 652
1 2202
4 1801 1162 1086 862
1 1017
1 1589
1 764
1 2325
1 838
1 2557
2 1738 1355
2 2018 1303
1 1963
2 1393 2275
1 1641
3 2378 2301 1194
2 907 555
2 781 2333
1 1655
2 205 1010
1 1911
2 2187 903
1 863
1 2315
1 1216
3 2006 213 1109
5 2545 2367 1040 1816 2900
1 2027
1 740
1 1323
1 1301
3 1078 1322 2079
1 1427
3 354 934 575
1 2735
3 1096 881 2005
2 1 1000
4 1137 2416 1209 2039
3 1079 1982 596
2 520 2662
1 2763
1 2695
1 2500
2 1543 2491
1 2721
1 1415
1 183
3 1098 826 803
3 1721 219 731
1 298
1 2479
2 2279 324
1 231
5 1179 550 2152 1414 1683
1 666
3 692 2733 2233
1 1756
1 1865
3 1652 742 1488
1 816
2 874 695
1 901
2 405 822
2 852 1814
2 2389 102
1 573
3 1148 1955 770
2 1845 1922
8 1799 220 1599 1773 633 216 1824 990
1 1761
1 1337
2 811 341
2 2544 1353
1 2207
1 2031
1 733
1 2545
1 880
1 1162
4 2342 2815 2643 2097
1 180
1 1680
2 1148 775
1 1019
4 1430 1611 1228 1626
1 358
1 1569
5 2208 22 648 1503 900
1 476
1 245
3 841 1417 1144
3 99 2188 292
2 2479 686
1 312
1 1613
2 2655 716
1 1614
1 216
2 255 1607
1 493
1 326
1 2683
1 984
2 2294 1004
1 1168
2 2852 746
1 1382
1 1036
1 1322
3 565 1469 1461
2 848 1542
1 351
1 1814
1 1987
1 197
1 2738
2 2807 1545
2 125 955
2 2484 940
1 2485
1 261
2 2479 1059
2 1603 2600
2 2323 46
2 961 928
3 145 569 609
2 1861 923
4 1519 2473 2444 2402
1 574
1 1237
1 2266
1 912
6 2071 210 2011 235 1950 2470
11 0 1219 2853 418 1561 1572 1614 861 780 1712 2471
1 2718
1 555
3 2853 1544 126
2 2686 2285
2 2896 2751
1 2395
3 2873 400 2016
2 193 2634
1 2203
1 1553
1 1019
1 1615
2 2708 1616
3 2027 807 1377
2 1212 2394
2 2110 2270
3 1623 896 2887
2 422 2725
1 2703
3 1847 579 864
2 1530 603
2 48 877
2 2248 315
1 2579
1 1369
1 1049
3 2071 262 361
4 418 325 1707 1018
5 1028 1399 380 658 1360
1 2002
2 1487 2277
1 1008
1 2872
2 1766 491
4 2668 1258 1373 1268
4 683 444 1760 1826
1 1686
1 2839
2 2880 1413
1 109
2 2030 221
1 839
2 199 391
1 1962
3 1532 63 2706
2 2828 2901
4 2201 2226 1991 538
1 66
1 1886
1 1690
3 2303 1508 1467
2 53 2878
1 2113
3 1186 73 178
2 911 2841
2 2218 788
1 541
4 537 263 2884 103
6 1799 2547 1624 84 2424 2858
5 1230 2378 2866 2846 2428
1 648
4 2544 541 97 703
4 2321 2245 620 1336
3 479 832 1776
1 1568
1 2764
2 930 1376
1 513
1 1596
4 679 1385 1076 1567
3 1801 1296 2170
2 1857 2361
1 2209
3 920 1987 1387
1 2633
1 2676
1 493
1 289
1 1258
1 81
2 1925 713
1 1427
1 1799
1 1533
1 1443
4 1519 312 18 338
1 736
2 2142 991
1 2608
2 2655 1905
2 435 549
1 2714
1 449
3 2089 2509 348
1 186
1 2089
1 2871
2 1898 655
1 237
2 2741 1114
2 1445 1984
1 495
2 633 577
1 489
2 1161 2155
5 1227 2296 1001 972 518
6 1210 2202 2628 960 183 2330
1 1145
1 756
3 147 883 477
7 2853 976 2053 1661 1845 760 1763
2 2812 1643
2 2008 1248
1 2188
1 2474
1 2135
1 519
1 1523
3 1700 1147 536
3 1710 1784 2893
2 1359 2065
2 884 759
4 1495 2089 799 2574
1 591
1 1788
2 1684 588
1 1960
1 2099
1 1204
2 1681 1340
5 1597 623 2685 2334 1062
1 298
2 635 1926
2 2676 1388
2 1797 663
1 2862
1 2903
2 148 1255
2 427 1023
2 65 33
4 753 1644 1435 670
5 2082 456 1170 382 222
3 2592 1909 458
3 1884 2179 2189
9 254 1179 2187 1138 937 1431 2852 1024 1174
1 1996
1 1012
4 2238 1679 1944 2560
1 2493
1 1204
1 186
1 2045
1 2081
4 2006 129 286 8
2 1186 161
1 1103
1 1963
2 2431 501
2 1983 2116
1 1766
2 2886 947
1 1481
1 1150
1 1393
1 1694
5 2030 1798 2891 613 554
1 2757
1 235
1 1417
3 2271 2575 2447
2 1609 1645
1 1238
2 1138 867
3 1700 144 2799
6 281 1788 764 886 749 2817
1 817
1 2391
1 2040
1 621
1 1296
2 1977 1321
2 380 2106
4 873 2520 1764 1106
1 543
3 736 1673 828
1 200
1 1458
2 838 359
1 1805
5 1132 82 2169 2880 2075
7 1960 2810 1161 805 2619 2561 1570
3 1781 2176 1701
3 1021 1739 2020
2 470 2842
2 1909 2833
1 1055
1 459
2 1288 2453
5 833 2854 1578 74 631
3 2616 1531 1958
3 2261 67 2489
5 2142 1710 2717 224 924
2 2281 2090
2 691 237
1 2303
4 1623 927 2800 1526
1 1472
2 552 880
1 1641
3 281 1441 2393
6 2718 1148 1495 2738 1077 1032
1 1969
2 2843 2329
1 1684
1 213
1 750
4 2309 1530 542 1171
2 1362 2504
1 1675
1 1515
1 2530
1 779
3 2053 1785 2498
1 957
3 2015 1182 629
1 850
1 200
1 413
3 2104 2897 2577
1 1339
2 126 30
2 2687 1145
7 21 2342 2696 1670 1358 2279 2486
2 421 804
3 2811 638 1492
2 1190 2396
1 160
2 1227 1093
2 29 758
1 2503
1 1994
2 2321 2742
4 1225 1177 983 949
4 2323 651 2267 420
1 642
1 528
1 1385
2 2407 645
1 411
2 2221 2386
2 263 1232
3 1841 614 168
3 2696 1349 2467
1 934
3 96 1823 1754
3 2208 2585 2239
2 2727 50
4 1621 517 1931 644
1 1073
2 2187 2159
1 1830
1 1791
3 1641 2019 2850
2 783 152
1 55
1 2490
2 773 1372
2 1198 1479
3 1373 1036 1314
1 753
1 239
2 130 2652
1 1839
1 1695
1 232
1 2237
1 871
6 2853 2883 683 537 2221 2392
3 2845 2551 1829
3 679 1923 1941
3 1393 1978 2143
3 976 2870 113
1 163
2 1073 2771
2 1775 1795
1 2769
1 612
3 1999 1746 87
4 1179 621 1857 118
1 1046
1 2338
1 246
1 1483
1 328
2 2792 41
5 2071 246 1 2209 2129
4 1237 204 66 2073
1 1712
5 1651 684 1212 2257 1155
1 2292
1 1047
2 1586 1394
1 24
1 2281
2 2848 586
2 252 2196
8 99 302 71 1346 405 1640 339 2780
4 210 2024 2078 364
1 1685
1 2107
1 1249
3 2854 2138 2234
2 1999 1009
1 2659
2 2691 1339
1 1165
1 1714
1 1612
3 2828 1146 1384
2 2185 1448
1 1457
3 1382 1108 2468
4 2104 1911 441 2164
1 2187
3 2676 1128 136
3 966 2720 1405
3 64 2597 1961
1 1672
2 1123 1101
2 2431 948
2 104 604
1 2660
1 346
4 1710 2023 1970 2288
3 1761 1745 1141
1 1450
1 819
2 444 428
1 685
1 1996
3 2292 1088 442
1 2262
6 418 1458 122 2804 2531 1013
5 976 707 2308 1730 2254
2 1959 646
1 915
1 395
1 2680
1 1188
3 1850 1812 1231
1 1116
1 1561
2 161 2192
3 1495 157 2523
1 29
1 2540
1 2679
3 2857 2698 2894
1 49
4 2045 2203 2764 1151
2 2545 297
1 446
3 1796 2790 2302
3 1179 691 415
1 2748
1 2865
3 2630 2457 1895
7 2485 2596 2763 2488 1073 1537 1034
4 2684 2797 1477 922
1 842
1 669
4 2202 966 2843 451
1 2544
1 1770
2 1981 127
3 557 1832 967
3 699 1401 2621
1 368
2 430 1323
2 1161 2851
3 2545 831 769
2 1990 1390
1 795
1 52
1 2767
3 283 787 2582
2 1108 2518
4 999 2492 332 516
2 1554 1269
2 1415 1334
1 2062
4 1358 1752 2041 1594
2 2537 366
1 1971
3 2675 2524 1335
1 387
1 1787
5 2763 421 570 2007 249
2 2543 987
1 1731
3 1820 2646 649
1 2502
1 2229
2 194 1890
4 1017 1977 2067 2183
2 2651 323
1 1812
1 2605
1 2843
1 736
2 2171 2490
2 2714 2126
1 1283
2 36 581
1 2378
1 2531
2 564 2193
2 2046 2622
2 1861 608
1 479
1 263
1 675
2 1786 208
1 1898
3 2130 488 1500
2 419 445
1 1538
1 1489
