4355
10 2946 3613 4303 3145 3945 681 1532 2742 1981 901
1 3526
1 2526
1 71
3 2484 409 1966
1 848
1 567
2 2666 3547
1 3865
4 1665 3051 701 2776
3 2049 1986 2420
1 4072
2 2680 1091
1 3947
1 169
3 1485 2600 3282
1 4209
3 3536 1072 1942
2 1980 3410
1 3296
4 4066 1601 807 498
1 3850
1 2908
3 3963 2706 767
1 4172
2 4281 1976
1 1456
3 451 3598 3812
2 885 1988
2 3221 2222
1 2928
1 2448
1 3113
2 3771 1717
1 1631
4 2901 3847 2404 3843
1 317
5 3767 3970 641 4101 3464
3 182 2861 2885
1 435
3 3816 62 2693
1 711
3 1747 2159 930
1 1325
1 485
1 241
1 2571
1 1426
3 2529 3190 2750
3 52 1843 1070
2 267 1136
3 1017 1030 2192
4 2018 49 3820 367
2 423 1902
5 3728 3795 3364 109 1614
3 1186 2778 4179
1 466
2 1352 262
2 4216 2060
5 626 4212 2153 86 537
4 122 2289 686 2650
1 2105
2 40 2909
2 461 3071
1 870
5 4072 3719 680 3586 2022
3 913 642 758
2 469 949
1 415
1 582
2 731 787
2 1494 3
1 4138
2 3669 1301
1 1188
1 3432
2 2207 3932
2 4324 753
1 1526
2 406 3535
1 1719
1 1292
2 3894 2978
1 1378
1 3332
2 1479 1844
2 59 2413
3 2916 727 1031
2 2048 3667
1 1986
1 1888
1 3395
6 722 2793 2480 577 2171 803
2 4245 1138
4 1911 4164 3520 4218
3 1315 3962 3889
1 3123
2 706 489
1 4240
4 3358 269 3678 316
1 2658
1 4229
1 803
4 1273 551 4197 554
2 3708 147
1 141
1 3506
1 832
5 2795 3456 1521 2219 1648
2 54 357
1 1622
1 1482
4 2564 3035 4198 220
2 2493 346
1 4194
3 3131 509 4354
1 3018
1 4078
4 2795 548 920 3665
3 2709 2344 3328
1 1269
1 883
5 2826 60 2908 2984 2585
2 4115 1149
3 3276 3741 2324
1 1625
6 3945 2423 3334 1868 4122 881
3 686 4188 467
1 363
3 383 763 977
1 2160
1 1407
1 2825
3 3786 1860 1870
2 2600 3723
1 3147
1 1043
2 250 1327
2 3285 916
1 141
1 1721
3 4099 105 139
1 2207
1 3508
2 2793 2401
1 416
3 2826 3041 2382
1 104
1 2269
1 3350
4 4303 2448 226 2538
3 2323 2415 1715
1 1204
1 1046
3 3251 775 1013
1 701
1 1352
1 639
1 3275
2 396 1626
2 405 3620
1 2901
1 877
4 840 706 468 2534
1 2732
1 2595
1 3565
2 228 3657
1 908
2 3413 14
1 3232
2 1572 2036
2 1191 948
1 1940
1 479
2 3875 3998
2 3051 289
2 3441 1959
1 582
8 1485 1318 2996 327 2975 2559 2346 1570
1 2110
2 3850 3324
3 2393 38 394
2 1940 819
1 3351
1 3451
1 453
3 1985 2419 3846
1 2545
1 1334
4 281 2337 2155 3814
2 3810 2091
4 4214 2658 4285 3776
3 329 4055 1827
1 817
1 2276
2 3024 1316
5 2826 3189 1682 2536 2469
3 1652 2755 1331
2 730 3230
2 344 3182
3 3670 3518 3893
2 994 1905
1 1539
1 2907
1 1714
3 2169 1417 1646
1 2599
1 1787
2 1277 1393
1 217
1 3096
1 1353
2 3323 3825
3 2398 2951 1076
1 1645
3 2853 1421 339
2 601 210
2 2213 550
3 1161 2930 2822
1 112
1 4189
1 1927
1 2752
1 4164
5 1731 401 1876 658 1923
2 150 1487
3 3647 3112 2855
3 2831 167 3575
1 958
6 4325 863 740 3921 4078 3799
2 1839 2960
1 3625
2 540 4151
1 1941
2 503 4098
1 2873
2 1561 3517
3 4099 2363 2453
2 3292 744
3 275 2998 1529
2 1287 45
1 2099
1 3826
1 830
3 3379 1272 875
1 2076
2 3184 2953
1 367
1 2925
5 2243 137 1465 308 2906
2 696 3878
2 480 2792
1 2422
2 341 2333
2 3200 1146
2 2266 1348
3 2218 4035 4147
1 2761
3 4145 415 3072
4 1191 3087 4046 2429
1 2347
1 57
2 1432 3806
3 2758 1339 4266
1 3765
3 3065 2968 1678
4 3874 2611 50 733
2 2707 3935
4 99 1901 782 3558
1 450
1 2801
1 3046
3 2763 2133 1428
1 1980
5 3767 3042 2041 240 297
1 2204
7 1318 2051 580 2656 3561 764 3337
1 720
10 541 4146 4325 3767 3433 1469 676 3086 4353 2292
1 3886
4 541 190 1597 2073
1 1485
1 3290
1 2862
3 2165 2313 1230
1 1300
1 3705
1 3629
1 176
1 3388
1 2278
1 1243
1 459
1 962
2 848 4015
1 675
2 275 1806
2 2486 3385
1 1912
2 1364 613
2 1510 2326
4 885 1299 4210 3763
2 602 3079
2 4120 4207
1 2768
2 1525 570
1 2962
2 250 1415
1 681
1 828
3 2438 3722 2914
5 1909 3407 4125 1119 2072
1 1273
1 3374
2 1868 3253
2 99 3313
2 2728 36
1 3035
3 3137 1425 2850
1 2867
4 4012 1480 1931 742
4 2890 2236 1782 752
4 3963 1535 2026 1099
4 2692 3805 2214 791
1 3193
1 3774
3 179 1724 1095
2 1995 4149
3 3046 193 2308
3 959 3395 774
2 423 1078
1 707
2 739 3365
1 2049
1 1864
2 2337 2358
1 4120
1 3965
1 216
1 4121
4 1801 3630 254 3070
1 3054
1 3370
3 3656 200 1102
1 772
1 113
1 4310
5 681 3774 2849 454 2622
2 3651 2959
2 3839 3055
1 371
6 480 1191 398 1232 1655 1203
1 3703
1 1575
1 4173
1 2431
1 109
6 3504 3687 503 4260 3369 1268
1 2655
1 4116
1 3834
3 1234 3880 1830
3 3585 128 647
3 2720 539 1002
1 444
1 4276
2 52 248
3 3533 1565 400
2 479 1573
2 3632 1153
3 1025 1877 351
1 3035
1 4176
5 4089 2709 745 3895 2567
1 4016
1 538
2 4221 4074
1 3142
1 689
1 1762
5 1485 3628 2348 3632 3139
1 4210
4 2715 2053 129 1278
1 3326
2 2363 2924
1 994
1 1853
1 3732
1 1363
1 2573
1 1577
2 3168 2047
1 2075
1 182
2 541 3634
5 1761 1511 708 159 4341
2 1665 3698
4 352 2071 3649 3423
3 860 1579 3864
1 368
3 225 571 3166
1 3693
2 1474 1779
2 2110 3930
3 997 160 3781
5 4146 4180 79 3136 695
4 2937 2089 1328 3215
1 3200
2 4 1990
1 3077
1 3729
1 1583
1 3012
2 2717 4316
3 259 68 2362
2 2670 145
1 896
2 3983 3154
2 2892 815
1 3659
3 1611 4077 3956
1 2341
4 4089 816 53 331
2 3373 1958
1 778
1 4072
2 1572 926
2 2564 4069
1 2117
2 730 1938
3 1651 2542 2891
1 2211
1 3144
1 3474
2 3830 39
2 1471 546
1 566
2 4169 3060
1 2842
3 2996 2099 1489
2 1682 1060
4 976 2052 2375 1346
1 1688
2 1220 365
1 2616
1 3170
2 1441 3436
1 1921
1 4254
9 1906 2763 1264 2075 3420 1277 2262 2624 270
5 1906 27 2730 2718 2116
1 755
2 1483 186
2 348 4139
1 3905
2 524 1811
1 2323
1 3527
2 3370 293
1 2454
4 1654 63 2114 1814
3 1087 2339 4305
1 1088
2 2526 4075
1 4273
3 2962 3378 56
1 127
1 163
4 2012 2336 67 1310
2 3142 1069
1 4159
1 2298
1 2618
1 2103
1 3961
1 2233
1 2908
1 2418
5 3220 4003 3389 369 174
6 3507 3345 352 1307 252 527
3 1410 2472 1436
1 4264
1 1554
2 1198 713
4 1209 2962 2152 44
1 539
2 2780 907
1 2647
1 97
5 1208 2057 3130 1110 1543
1 702
2 1038 4038
3 1688 1725 1602
2 3188 2437
1 2701
1 2830
1 718
1 20
4 2218 2786 2353 726
1 1647
1 3767
1 1239
4 358 235 2781 3675
1 729
1 3460
3 3611 3258 3867
1 2508
3 976 1533 938
2 115 2846
1 4166
1 1854
1 2188
1 4317
1 3648
1 2000
1 2962
1 2212
1 2968
1 3771
1 3063
2 3736 2430
1 4007
1 2493
3 2288 456 2735
2 4040 3405
1 4260
1 480
1 658
1 1238
1 2262
1 2597
1 3198
1 2450
1 3801
2 3035 1632
2 3370 811
1 59
5 2030 1311 817 1517 376
2 364 486
4 3102 233 3080 2815
9 1512 279 2864 3564 611 612 4099 281 395
4 2281 3623 800 1816
1 3687
1 4342
1 810
1 436
2 1764 1294
3 118 3902 622
2 3507 685
1 218
5 103 3778 1700 2432 3877
3 3802 795 2328
5 2135 2034 4352 3056 1063
2 103 1036
2 1949 2416
2 3257 3314
1 1422
1 1497
1 3092
1 2116
1 3854
2 2646 2587
3 4255 1483 2473
1 3155
1 1707
2 4099 437
3 2996 6 3582
1 3641
3 1209 2900 4030
1 306
2 401 3134
4 810 3910 1828 4330
1 669
2 2075 1578
3 4071 1583 3764
2 1470 1051
3 92 3307 1874
2 717 2422
1 1184
3 277 1345 2411
2 3042 2652
10 2946 3536 3205 2691 1921 2520 2801 178 1333 69
2 4108 1653
1 3386
1 2721
1 1758
3 3937 2644 2917
1 921
5 3198 3585 2302 2523 2255
1 606
5 2793 3951 3726 842 3743
3 1046 2452 2496
1 1575
2 990 665
1 2385
1 1128
1 3722
1 2589
1 1386
1 2943
3 1407 217 3232
2 3821 303
1 3971
3 2464 2990 3294
1 3015
6 3318 2092 1502 3338 1643 590
3 3199 1478 4177
4 2347 4221 978 1663
1 3323
1 3670
5 541 3146 2976 4081 2832
5 541 4255 3360 2077 3468
1 300
1 1826
4 1695 4045 2852 2816
2 1277 933
2 3407 3603
1 2889
2 1994 3709
1 3106
5 1315 3669 1662 3641 4004
1 548
2 813 2694
3 1273 2265 1057
2 3801 1035
6 4146 59 3171 677 922 4258
1 4215
2 3651 4026
2 2989 2734
1 2029
1 1893
1 3023
5 4072 786 669 3881 1298
2 3519 4181
3 3959 3465 3711
1 1398
1 4243
2 2299 1633
3 2488 1885 157
1 1732
4 37 1028 3288 2164
1 66
1 2571
2 1223 3512
1 4106
2 3625 4299
1 363
2 3784 2531
1 2338
1 3569
1 1488
2 3563 1699
1 871
1 2034
1 2630
4 3963 818 1218 1181
2 4309 715
2 225 528
2 2752 2957
1 3030
1 3973
1 4326
4 2691 1707 4272 2474
5 2393 4310 2667 3850 3228
1 594
2 1901 998
1 4300
4 2406 1950 1468 4347
3 633 1378 573
2 2777 2461
2 1198 1505
1 3741
1 706
2 1276 1951
4 2806 913 1768 296
4 279 4345 3941 2354
3 626 2277 1693
3 2254 892 1222
1 4099
2 65 2586
7 0 2806 2572 348 1846 309 3899
2 3199 1103
2 1227 1936
3 4140 1641 3947
1 549
3 60 127 3361
1 2606
2 2008 3321
2 3147 379
1 1928
3 1618 719 2723
2 3819 2417
1 1155
2 2317 1946
1 406
2 994 251
1 1858
1 3778
1 1370
1 1918
3 9 155 2557
4 1186 3123 770 491
2 2406 1129
1 2054
3 3076 1667 1818
3 163 97 673
3 4310 2619 332
3 396 3344 1501
2 2730 2950
2 1062 3297
5 3732 2406 3839 3270 41
2 1292 3180
1 484
3 3363 1571 2634
1 657
2 3703 2994
3 2811 578 4236
2 2016 497
2 691 874
2 2016 278
1 2627
6 2232 92 1471 2279 1585 1913
2 3212 1167
1 2448
1 4145
2 499 2172
2 87 1690
1 2434
4 3719 2926 1462 504
4 2118 430 199 3354
5 2647 3323 70 2470 3254
6 3145 1912 2879 3293 3376 3357
1 267
1 1147
1 4006
4 3945 3886 932 1506
2 1142 2794
1 1948
2 3589 333
3 230 3221 2854
2 3739 1466
1 321
1 4059
3 239 3305 3375
4 374 2651 3430 3646
1 3960
1 2327
1 3504
2 1947 1637
5 3145 1759 4025 2676 2598
3 1927 2233 980
2 322 849
1 77
5 3393 4245 1861 2736 4182
2 816 452
1 946
1 1819
1 66
3 2228 4199 3457
1 2492
1 3219
1 1668
1 129
1 277
1 4077
1 4052
1 23
1 2801
3 4125 3447 1369
2 702 2210
1 1508
3 3189 2010 345
1 4349
1 330
1 154
2 1033 3964
1 1433
2 3047 425
1 3493
1 3719
2 2100 4168
1 269
1 2736
2 4286 1344
2 3164 4049
2 633 2808
2 70 3153
1 1979
1 1320
1 1140
2 324 3699
1 3914
1 2301
2 1999 2240
2 552 3156
1 2823
1 3573
1 1955
2 2688 1461
2 542 2305
3 3608 1450 1195
1 3387
2 92 102
1 1024
1 3930
1 991
2 20 1822
3 1281 2527 3828
2 1303 1493
5 2691 572 3960 545 1895
1 536
1 4243
3 4325 1024 623
1 3053
1 419
4 423 3441 755 4070
2 538 194
4 656 4242 4238 1430
2 183 3554
2 2134 1993
1 1457
2 3999 1914
1 3670
2 1744 1703
1 1611
2 3083 1616
1 1425
2 3334 310
2 2566 2355
4 1799 1386 1922 244
1 4235
2 3137 107
4 3100 4117 3531 3073
1 1884
1 2559
2 2920 2349
1 1743
1 3164
3 1879 1998 1564
4 2720 163 2385 887
1 1342
2 591 2977
1 1361
1 1834
1 3083
1 2223
1 2486
4 4278 295 5 3549
1 752
4 3205 3995 1832 3677
1 2167
1 4316
4 1949 3265 4163 882
1 4143
1 1994
6 1909 3868 3379 2450 1115 1143
2 4128 974
1 2011
1 3567
6 1418 3198 399 3289 1144 2919
1 3074
1 1947
5 230 1023 2442 1610 1358
1 3585
1 3056
2 1441 1972
2 4234 1591
1 2651
2 4197 1004
3 2708 2513 64
4 1151 1014 653 2031
1 1209
2 3022 3913
1 719
1 245
1 4185
3 2390 3448 162
2 3008 3515
2 2614 2062
2 3914 2739
1 126
1 853
4 1234 2626 3269 121
1 1909
7 1512 1080 3373 2269 302 28 3695
4 2708 1290 1743 2082
1 840
1 2342
1 2520
1 1025
3 3856 2819 2964
2 678 3578
3 1345 1650 4050
1 1473
2 2576 1197
3 965 1403 417
2 3642 1075
2 4077 910
2 3546 3529
5 3937 1151 1540 1765 3252
3 0 3954 2866
1 1290
1 1218
1 2296
3 3407 2296 2609
3 4118 2196 2716
1 487
2 4128 168
1 1315
1 898
2 4243 3920
3 1227 2761 1113
3 675 66 2379
1 2213
3 3528 3961 1059
1 138
1 2731
1 3961
1 3011
1 118
3 1338 4086 588
2 626 4178
2 2901 3026
1 1090
1 1039
1 427
1 3820
1 1363
1 1307
2 42 3612
1 3507
3 736 3092 1134
1 616
2 2926 3480
1 3497
1 3507
1 3344
1 508
2 3728 2779
2 1043 3896
1 3555
2 4324 3706
1 2687
1 2974
1 4350
2 2034 756
1 3320
1 172
1 67
1 3136
2 3567 4102
1 1194
1 1885
1 3886
1 2808
2 1491 1755
1 2500
2 2701 229
6 4138 330 3567 2782 1523 3117
1 1446
1 1494
2 2389 294
2 2205 989
1 2443
3 3906 896 1464
1 4018
1 2011
4 1166 2230 1803 4010
1 1096
1 3662
2 3237 2770
1 2026
1 3996
1 857
1 3048
4 3199 442 508 3362
1 129
1 608
5 3581 2150 1300 4017 1537
1 751
1 2171
1 4012
1 2290
1 1536
1 2153
1 2321
1 2140
2 3191 2805
1 963
3 3837 594 1587
4 2228 4041 1751 806
1 3010
1 1672
5 2836 696 2070 202 386
1 1801
2 2819 2827
4 3739 405 1353 4292
1 666
2 2626 1541
3 3687 3020 1498
1 2171
1 364
4 2510 3481 1334 1766
2 869 2456
3 2185 3573 3892
1 2724
1 1747
4 3656 2398 3511 4256
1 2516
1 3377
2 3083 1736
2 3477 2226
2 154 2640
3 871 4076 2428
1 1187
1 2739
4 1502 51 3927 2365
1 4272
2 2434 2270
2 4342 3424
2 4352 4044
1 3891
3 863 3209 1671
3 813 1544 804
3 3276 371 890
1 2781
2 2984 3542
2 641 1249
1 2916
2 51 2069
1 87
3 2389 1248 2653
4 4290 776 1831 4091
1 1649
1 625
1 554
1 4294
3 2806 492 3537
2 1285 925
1 1643
1 4064
4 3345 2285 2124 1185
4 3871 940 2081 136
1 3774
1 1485
4 1792 592 153 2629
1 4164
1 1509
1 1081
1 1840
1 576
1 2972
1 3725
2 1639 3479
1 2793
1 3426
1 624
2 2905 4011
1 915
1 441
1 2832
5 1948 710 2011 2645 1926
1 553
1 2055
1 1957
2 3202 4166
1 1674
1 2405
1 470
1 49
2 1911 3583
2 17 3213
1 2523
1 3465
1 897
1 214
1 1304
1 331
1 3347
1 885
4 1981 1399 1332 1049
2 1791 2820
3 2075 3445 1813
1 2900
1 3816
4 1674 2853 2830 3392
4 3251 1882 462 2497
4 4146 1927 2970 463
1 1726
3 3198 4259 924
1 12
4 1479 1758 3673 3574
2 2169 2695
1 2756
2 327 4217
3 4145 969 3211
1 1678
1 1851
1 323
5 3762 3022 3661 3296 1238
1 3760
1 344
1 682
1 2583
1 2322
2 4302 2284
5 1303 2037 3929 1319 2244
1 3098
1 3033
2 490 4237
1 2982
2 2780 3766
1 912
7 1485 1474 3284 1280 1147 4019 2888
2 856 1778
1 1846
2 2018 3098
6 2614 1999 4349 4173 3836 1795
2 312 1738
1 2269
1 3347
1 2061
1 3265
1 2966
1 2913
1 3476
2 3306 1615
3 1685 596 2552
1 703
1 4302
1 2774
1 2612
3 3330 4009 2475
1 932
1 2667
1 50
3 1687 3572 1684
1 93
1 2568
2 2106 790
2 2793 2463
3 3377 737 1296
1 856
3 860 3596 4133
1 1400
1 255
2 1114 734
1 2092
1 123
1 2259
4 900 871 1400 3897
1 1267
1 370
1 2084
2 1761 693
1 3856
1 3445
1 2375
1 3870
6 2864 4138 4302 2529 2684 3397
5 3611 219 4172 3952 2512
1 3511
1 1542
2 3351 2193
1 1379
4 2937 968 1366 2122
1 723
1 3263
1 1594
2 3471 3615
1 2806
1 1299
1 2420
2 3749 3227
1 1515
1 1701
1 1922
1 3870
1 3818
1 2415
1 656
2 3009 1763
2 3504 4112
2 3367 579
2 1042 1746
5 3656 55 702 3241 3543
2 3663 1015
3 1989 3992 74
2 3905 3039
1 2811
5 352 260 172 2972 2282
1 2728
3 4328 2489 2058
3 4257 952 2146
1 801
2 2077 3278
1 895
3 1276 671 484
1 2968
1 4156
1 1931
1 3843
1 352
2 1470 152
1 1929
3 3744 1947 2235
2 1798 2283
7 2946 490 1433 2566 1701 3712 4002
7 2185 3318 485 3083 569 2942 872
3 2638 3176 3494
2 3339 3879
1 3840
1 2955
2 3433 1965
1 3496
2 4009 2580
2 1940 2812
2 656 903
2 2037 1943
2 3291 444
3 2232 4120 2862
1 678
3 3142 644 1856
1 2427
1 4109
1 3408
5 3587 4062 912 683 3295
3 2767 4235 1568
1 4260
1 285
2 2647 1490
2 352 2661
1 2863
5 2149 883 2949 362 3058
2 3456 3754
1 3208
2 3408 3721
2 1100 529
2 3705 502
3 3563 1455 1783
1 1623
1 4297
2 2506 292
1 2114
1 3051
2 3161 1640
1 1828
1 1032
2 1028 2834
2 3189 1513
2 3749 4150
1 2133
1 3363
4 3302 2526 3527 3159
2 3220 3866
2 4325 3455
1 2421
1 1659
5 2488 1839 3668 1414 3968
1 1804
3 1730 1785 2865
1 1404
1 2778
5 450 1338 1413 2407 2177
1 3762
1 1396
2 2206 1152
1 358
2 4202 120
5 3493 2845 2905 2777 1519
2 3689 1566
2 245 1739
6 3458 103 1611 624 313 4298
1 3481
2 3187 3858
3 1906 1198 674
3 450 209 616
2 383 3485
1 3567
4 1114 1732 4020 1629
7 4297 2018 808 1491 3901 2991 3240
2 1471 1787
2 2348 3931
4 2806 3689 3490 2628
3 4084 1039 2001
1 2854
3 3289 241 2168
1 3642
1 1803
4 886 2479 2388 902
2 3660 2828
3 2299 712 81
2 2584 1340
1 547
2 3493 3730
1 1142
1 2611
1 633
3 302 3688 1172
3 979 2711 286
1 73
1 3664
7 3611 1107 3476 3934 809 1620 2848
3 1525 1077 2799
1 1780
1 3212
5 480 3870 929 2184 1781
1 3839
1 4015
1 469
2 538 3500
1 4263
1 2870
1 2024
6 1485 621 2579 95 909 1552
1 196
1 3265
7 179 277 3220 3826 3784 3541 1854
3 1107 1422 3225
2 3061 789
1 1785
1 3629
2 1531 1477
2 1759 3266
3 3611 2657 43
1 2593
2 137 2824
2 407 1664
1 3425
1 3137
3 198 3794 1336
2 1081 3694
2 582 4184
3 1003 1542 189
1 3418
1 1331
1 3906
4 1264 2550 921 3872
2 264 2935
1 1293
1 1371
2 2703 841
1 1956
1 784
5 580 893 1675 4185 2408
1 442
1 2068
1 256
1 1695
2 1585 4241
2 3301 4348
4 1687 3047 57 156
2 997 212
1 4340
1 3450
2 1605 2345
1 1549
1 863
1 2488
1 3587
2 4045 843
1 2276
5 4325 2831 2685 389 928
2 4281 300
1 3014
3 1166 2549 3138
2 2895 2181
2 3871 1963
1 769
2 3556 699
4 4160 1398 1341 3196
1 2044
4 3874 4274 3110 2343
1 1595
1 2530
1 1680
2 3661 1592
2 669 83
5 3358 3048 1567 2272 1165
3 2478 2140 3327
1 3143
1 3338
1 3995
2 1399 2258
1 3611
3 830 1404 599
1 2225
2 3184 3550
2 3970 2726
2 1968 2074
2 2421 4000
2 3131 3785
1 209
2 4116 4142
1 3619
6 2232 3351 3856 1441 3482 1266
1 3528
2 1371 636
3 1081 1384 1878
2 1151 1145
1 2101
1 1635
1 896
2 1386 1262
1 3571
1 4219
6 3205 3965 601 4253 3539 131
1 2034
1 1624
3 3292 481 3841
1 2588
1 3386
1 1264
2 1259 2603
1 308
1 2442
2 206 1819
6 3536 860 2012 2717 1531 3524
2 3862 1974
2 4274 1838
2 216 1969
2 1319 557
1 1968
1 3093
3 319 3887 827
2 3306 47
1 3595
1 273
1 2157
1 818
2 1804 2642
6 2563 3816 1955 263 2544 2494
6 1208 4296 3745 777 3943 3976
1 2648
2 3065 1907
1 481
2 4176 1580
3 3498 3382 2672
3 2278 2126 2575
3 3146 3765 1983
3 1396 866 447
3 2506 2966 2654
1 4344
2 2170 1551
1 4281
2 3705 960
1 3279
2 2963 3751
4 4255 3449 3151 3938
2 801 1735
1 2564
1 1896
4 3245 3152 1526 3733
2 2442 3640
1 1240
9 4303 3504 2135 2836 1790 3431 1685 3217 26
2 1876 821
1 1490
1 2493
2 4198 3158
1 799
2 729 4028
1 1944
2 965 3610
3 250 2154 3655
1 741
1 1945
2 668 1793
3 279 1985 3595
4 2996 2892 576 1204
5 722 4066 1282 3791 436
5 2390 3274 3983 2588 2109
3 3353 4094 894
5 1114 3802 4047 403 3388
1 4191
1 1660
1 1323
2 607 2502
4 1949 1092 1824 85
3 321 1773 1871
1 3792
3 2550 1577 111
2 563 453
1 4066
10 2946 179 381 1114 1315 4214 15 1045 2903 282
2 4335 3160
1 226
2 3498 651
2 440 1636
3 1231 3969 1458
4 1281 956 2162 3325
1 3010
1 809
3 3871 71 961
1 2770
1 3556
5 3351 558 3882 2200 3950
1 1000
3 1625 2439 1534
1 2521
1 708
5 606 1017 2291 3317 2673
1 2165
1 3217
1 671
1 736
1 3059
2 1687 771
3 2063 1562 1048
4 4287 4108 301 4085
2 396 3402
10 2232 541 1906 2901 885 1665 2288 1659 2329 2237
2 1250 3737
1 4071
2 3598 1175
1 2657
1 538
3 3323 2178 3514
1 1270
2 4300 4219
2 108 3107
3 4350 3312 3861
1 959
1 2207
3 3042 1304 306
2 1453 78
1 1949
1 3076
1 240
1 4201
3 1418 1323 1894
5 0 3462 3865 3105 3352
1 508
1 1499
3 323 4048 3308
2 3299 984
1 979
1 3473
2 2563 203
4 900 2103 3097 4154
1 999
2 1334 1163
1 490
2 1024 2757
1 2502
1 4216
1 2771
3 3874 1589 2352
2 3444 1357
1 3360
1 1444
1 1315
1 2194
4 2670 3099 1713 483
1 2670
1 1720
3 2030 4029 3396
1 2463
1 1859
2 2566 2508
3 2626 237 4225
1 1509
1 3623
1 839
2 368 2983
1 1271
4 1379 2206 3530 2331
1 1228
2 3525 2969
1 179
1 714
7 2937 4281 1911 171 3218 427 3394
1 369
1 3082
5 4118 4294 3606 354 593
1 3992
2 1482 391
1 574
2 399 3018
1 1437
1 1848
2 3439 2617
2 575 412
2 3901 2356
4 722 3161 1350 2215
1 3604
2 990 2725
2 2204 3068
2 1548 3684
1 2130
1 867
1 1377
2 3334 3049
2 2061 1169
2 2320 1374
1 3311
2 281 3944
1 1747
1 3122
4 1618 4336 3915 3782
3 20 1896 2669
1 493
2 4206 1733
1 3475
3 2715 1356 4322
1 2036
2 3965 3053
1 3044
1 3682
1 863
5 1273 421 2920 2596 825
1 3922
1 2618
1 54
1 1127
1 826
2 4194 2881
5 2946 1600 691 1904 3103
2 3425 1992
1 1303
1 2948
2 2520 110
4 2572 1864 2842 1241
3 4191 1409 3859
4 2572 2165 1499 125
1 159
1 3146
1 4176
1 1280
7 2135 1792 3243 1945 1823 2259 1679
3 3367 34 2896
1 535
1 638
1 4339
2 3619 1402
1 1489
1 749
1 2071
5 2051 2728 1054 3486 3488
1 1246
2 684 2539
1 2134
2 606 1040
1 4138
3 2054 215 2594
1 206
2 2302 500
1 108
5 4145 2254 3224 1875 1034
1 893
4 2481 431 4276 3773
7 2030 3393 3170 198 1941 4326 1855
1 583
7 2564 2911 4137 461 4141 3534 3577
1 352
1 1700
2 3760 1723
2 3487 4267
3 1512 2303 1258
4 1665 3063 2297 1476
1 3199
3 621 3340 3016
1 608
1 1328
6 1512 2243 9 1660 397 4073
5 2864 2666 1865 3193 2945
1 705
4 1730 3040 4231 762
1 1883
1 1731
1 1023
3 1945 993 2577
1 4282
6 2796 1086 3746 1892 2698 1067
2 1345 2821
1 3330
1 3446
2 266 1097
1 1630
2 2214 1376
1 3560
3 197 441 3359
1 4193
1 1137
3 1456 1128 3510
2 4294 2187
5 3613 2228 1352 1137 1508
6 1906 1944 2169 493 3427 443
1 3121
1 727
1 3599
1 2564
1 677
1 4310
7 3358 4145 2890 3821 615 1919 1349
1 3651
2 3519 1770
1 2037
1 652
3 551 3074 1656
3 1208 4229 1176
1 2390
1 824
2 3613 3387
1 2851
1 4271
2 663 565
2 3056 3163
1 3348
1 3984
1 3422
1 4114
2 1554 3283
5 3504 205 3875 3452 2705
1 151
2 3565 2377
1 33
1 3353
2 1792 80
2 4317 1556
3 2289 140 2503
3 3408 4148 3985
1 1657
3 327 3521 3590
3 493 1859 3453
2 3710 1089
1 2859
2 1912 3096
1 3431
6 3611 3412 1668 1261 4265 2014
5 3237 2692 225 2266 1670
3 1280 2431 640
1 1603
3 4084 2927 3059
1 1450
1 1011
1 2216
1 1119
1 1272
2 2124 4167
1 3652
1 2016
3 886 1900 837
2 2801 824
1 1782
1 1185
5 3237 42 3033 1007 1598
1 3320
5 2135 3786 2105 1956 3129
1 3282
2 991 1973
1 2336
1 2584
1 4129
2 956 3343
1 3492
1 3026
3 1092 3738 586
3 750 1324 2445
1 3195
5 1989 396 2464 1155 4162
2 2110 380
1 1182
2 3054 547
2 900 2245
1 1003
2 3102 3315
2 675 2875
1 2798
2 1697 2561
1 4265
1 3952
2 1480 1960
1 3589
2 3274 3390
1 2050
1 1868
1 1115
2 403 3126
2 2481 1305
1 1307
3 322 4056 1745
1 1240
1 3944
2 1261 1321
2 3837 3259
3 1282 2838 208
4 2299 3192 2131 4239
1 3643
5 1456 4084 3353 2204 3186
4 1921 2541 1082 3162
5 1630 1046 2851 1851 1719
1 1468
1 2173
1 1118
1 2787
4 1801 4323 3275 3683
2 2753 1207
7 4303 1909 1845 3100 830 2798 1808
1 3793
7 1948 3937 1797 341 3260 3467 995
1 3904
2 968 1289
3 2055 1260 1431
1 3671
1 297
2 2796 3244
1 1799
1 3513
1 1893
1 456
1 1943
1 1083
1 461
2 3572 2351
1 542
2 1927 1858
1 705
2 1417 757
1 2755
1 3291
1 807
2 1630 4060
3 1479 3081 3256
1 2337
4 3311 4206 3459 614
1 193
2 572 1247
1 4321
1 362
2 1033 2592
2 850 2988
1 3719
2 4251 844
3 2667 3576 1967
1 2506
2 4141 3635
1 1420
2 1259 231
5 2811 1869 3813 1050 4053
1 3833
1 3841
3 49 2741 3234
1 85
5 1799 2055 3739 2971 3720
2 681 1116
1 1968
2 2905 1581
1 2600
1 4344
3 1792 3290 1098
1 2118
2 2976 387
2 1318 511
1 1652
1 1223
1 3695
2 1817 697
3 1725 1559 1903
2 133 2997
2 754 3025
1 2926
1 2000
2 1623 335
1 1666
1 4062
1 3064
3 126 315 1777
4 1840 2084 3332 2967
1 133
1 1480
1 3663
1 3161
1 577
2 1649 2239
3 225 1457 2020
2 371 2682
1 1399
4 2864 839 2298 3127
2 4269 3273
1 4125
3 1087 2076 2746
2 2521 1669
2 4158 834
2 639 953
1 4328
1 4064
3 2293 2859 90
1 4304
2 2092 2156
2 4145 3594
2 1674 2136
3 3983 631 1810
1 1531
1 810
2 1601 1452
1 3302
1 2222
1 2279
2 1743 3955
3 269 666 3636
2 53 2514
1 1859
3 1618 3032 2182
1 202
8 1512 450 4072 1688 451 1276 2615 3740
1 1435
3 2568 2231 3772
6 1799 856 312 3137 4127 884
1 2196
4 1572 94 1071 2173
4 732 3250 1728 299
2 722 3662
1 822
1 3393
1 3448
1 2053
6 2691 3046 2170 2112 2899 700
2 1695 3978
1 3041
7 582 2418 3292 1791 3854 3021 448
2 830 1177
1 225
1 2263
1 3959
1 1062
4 1088 1817 751 222
3 3922 4208 690
2 3131 1205
1 2929
2 321 1201
1 3238
1 2576
1 3122
1 4195
1 683
1 3201
1 430
1 2478
4 4022 173 183 1217
4 1652 2590 3780 234
2 17 3940
2 1219 1812
3 1688 2438 1463
4 1630 1672 2043 1467
2 694 3911
3 1206 749 862
7 2946 1801 3291 1062 3238 738 2671
6 2763 1479 853 555 3753 1527
1 668
1 674
1 4345
1 3563
1 2098
4 1432 4213 798 2936
2 1749 1343
2 2767 1065
1 424
1 177
1 1773
1 2218
3 3000 3432 2840
1 1368
2 2478 3214
2 1214 2015
1 4
1 1835
5 2149 3771 1423 1390 1847
1 1421
1 2809
1 3469
1 866
1 1751
1 1419
1 4042
1 25
1 2457
1 4267
3 3487 2395 788
4 4176 2066 18 274
2 0 1081
1 3881
1 1440
1 2281
2 1469 187
3 10 89 2229
1 2480
2 28 3052
5 3291 1761 2207 1188 2633
2 409 3523
1 2765
1 1619
1 820
3 2811 619 855
2 2933 328
2 2268 3304
2 2929 3400
1 839
4 1118 3744 2521 794
4 2348 2621 1863 515
1 1285
1 3412
1 4246
3 2225 2319 4186
1 2890
1 4217
1 4256
2 3906 688
1 3427
2 772 2847
3 1062 858 967
3 1418 469 3648
2 3132 2918
1 1730
1 1965
6 2030 4328 2565 718 720 1742
1 2519
5 1281 52 1117 3015 3474
3 3965 2166 2889
1 1876
1 3295
2 65 2446
1 2899
2 3708 1314
1 2565
2 323 972
1 4003
1 3990
2 2079 630
8 3205 1652 3716 2016 538 1557 3262 2938
1 871
1 2157
1 4194
5 553 4109 1408 946 654
1 3816
2 171 1606
3 1107 1219 1698
1 2878
1 3784
1 2550
4 275 2301 2311 2143
1 2363
1 1945
3 2520 2898 1372
1 3292
1 2949
2 392 2111
3 2049 2205 88
7 3613 2715 3330 2048 10 2857 334
2 3660 1776
5 277 3024 1639 2107 2674
3 442 3506 3409
4 383 3904 3034 1917
4 3076 1645 3062 704
5 1845 1804 2492 1064 3411
1 3097
3 490 3257 2525
1 1193
1 3682
1 58
4 3200 1594 3717 1122
1 879
4 3587 1509 3124 2203
1 2099
1 3432
3 1980 2436 2769
1 2573
2 3865 1347
1 1030
2 994 2396
3 398 2161 1638
1 312
2 281 4111
1 1390
6 450 2317 1083 2680 574 393
2 1882 246
3 612 1196 3848
3 2493 3647 3122
3 4255 2029 3356
1 2581
1 1043
1 886
2 3847 2610
3 1869 1154 2961
1 3141
3 2768 2745 2350
1 2096
3 3407 3525 2104
2 407 2369
4 3533 3374 3990 4161
1 191
5 606 2293 1890 3967 1148
1 2692
1 4275
1 2954
2 4124 2087
1 3608
2 2185 1954
3 440 2064 242
6 3504 3065 781 2860 3604 3333
2 2786 1401
2 3462 2342
2 1540 474
2 2088 2459
3 1749 61 2700
2 3137 1140
3 2051 3830 3777
1 3319
1 1472
4 3274 404 1762 180
1 2047
3 1918 2679 3788
1 2653
2 461 1244
1 3483
2 451 560
2 2864 429
5 4140 730 2870 1852 2402
1 3951
1 3063
1 2563
1 1166
1 3586
2 1042 1740
2 2218 4301
1 1439
4 2289 2144 3326 3748
1 2477
1 4306
2 3832 1590
2 1788 2547
1 3305
2 273 1252
3 2864 820 1642
7 1456 1630 553 1749 3660 3817 2803
2 1892 3175
2 4175 2558
1 3902
1 3262
2 1380 987
1 3528
1 3309
1 2041
2 2127 2540
1 4041
1 1194
1 2641
2 3589 3501
6 2488 1234 1968 2280 2195 2774
2 979 3792
1 2243
2 485 4096
3 59 2939 985
2 1465 3857
1 190
1 1890
3 3834 2032 1429
2 2588 3247
3 42 4107 3006
2 2565 130
1 2071
2 1491 3638
1 3395
1 641
3 1625 285 1503
1 2019
2 2399 851
1 1287
5 1688 206 4224 1093 2595
4 1918 1444 3069 2710
3 92 981 1001
1 726
2 1911 1794
2 2393 2883
1 2838
1 3121
1 1264
1 1518
1 2317
1 4089
1 1367
1 1904
1 3891
1 1307
10 3656 2390 1209 4324 4287 2753 1005 2098 3391 2637
2 4230 3946
2 1686 2814
3 2742 512 2759
1 3296
1 3024
2 3726 3277
1 51
1 1164
2 2636 1553
3 2149 3403 3704
2 906 1910
2 2643 3654
1 4206
1 3274
2 1497 2874
1 4079
1 2445
1 2063
3 1790 1588 276
2 2048 963
3 1567 1267 3966
5 1989 76 4295 1524 142
1 3778
3 4325 2925 4033
1 770
2 3663 432
2 2688 517
4 3420 218 4136 914
3 324 1680 3002
1 1585
2 4042 1737
2 4214 4318
6 2890 499 3367 257 2125 1961
2 108 2368
1 2323
1 3756
2 29 1898
2 2685 846
1 3421
4 3291 2004 2965 1387
1 1012
4 2765 4106 4254 2409
7 1687 3555 3408 991 759 3769 3752
1 1986
1 968
2 1908 3618
9 2946 1512 3458 1396 722 3533 1221 4309 3569
2 751 476
2 3237 2897
1 1206
2 322 2789
1 1512
1 2708
1 1875
1 794
1 3086
1 2443
5 1665 250 2597 2804 2151
2 1107 3242
1 1765
1 2620
1 3832
1 3250
1 2479
1 3449
2 2280 3734
1 4233
1 3003
3 1649 678 2756
1 589
1 3827
1 2520
1 1384
2 1630 1150
1 3964
1 3284
2 450 530
2 4007 1924
1 4124
3 624 3155 2460
2 1731 256
2 2744 3988
3 2510 1996 3204
5 885 3111 148 2627 1120
1 1019
1 3784
1 1379
1 3302
1 3479
1 4082
3 2763 195 1362
1 677
5 3507 3832 1439 291 3876
3 722 3316 1899
4 2149 2251 2300 2944
5 3458 542 3425 1984 2392
1 1191
2 1207 2340
1 1106
2 1042 4335
1 3228
1 2685
4 1512 4116 524 3004
5 60 2127 1721 2940 2309
2 2484 983
2 1502 4039
1 279
5 2092 1888 3413 3957 3593
1 4189
1 3806
2 905 904
1 1660
2 1879 472
5 3821 1788 1292 638 2394
1 2280
2 2041 793
3 589 1647 3495
1 1659
1 3697
1 800
2 3469 2887
1 3189
1 329
1 2289
1 4107
1 2041
1 2590
1 285
1 2398
1 4116
1 4134
4 2075 3477 694 2179
1 3072
2 2004 3919
4 3716 1595 2421 3174
3 3921 3173 986
3 3528 4215 1105
4 3710 151 457 2220
1 124
1 3297
1 301
2 2438 747
1 552
1 1512
1 3499
1 1567
2 3691 2458
1 254
1 4118
1 3989
3 469 1752 2384
3 190 336 1825
3 2462 4059 649
1 462
1 2283
2 3847 422
2 2102 888
1 1373
2 119 3484
1 1356
1 179
4 3767 608 2573 261
3 381 2000 1283
1 836
1 2086
1 1815
1 1548
1 499
1 676
1 829
1 1584
2 3834 2686
1 336
1 3481
1 4114
2 2423 4209
1 415
3 238 385 2042
1 3786
1 1017
1 3262
1 3680
1 2219
1 2089
1 3297
2 3000 2802
1 2550
1 3453
2 2836 3437
2 442 1158
1 3880
1 1716
1 3664
1 913
2 3742 3908
1 2513
1 146
1 3937
1 2336
3 840 595 3823
1 3728
1 4226
1 1290
5 2715 3837 1032 3631 962
6 2185 2647 1472 877 3556 1702
1 3110
1 2281
7 3458 3064 664 182 3508 2721 2174
1 2299
1 1979
1 2070
2 3048 3233
4 1008 214 2556 2314
3 3205 2167 2613
1 3901
1 144
1 2118
2 2901 3309
2 35 3949
2 4137 1068
4 711 668 703 3679
1 1264
1 1345
1 2227
1 2684
3 580 4115 3261
1 3937
1 86
2 3250 2466
2 151 1180
2 555 3101
1 692
5 1921 2933 3306 478 3135
1 187
2 10 1173
3 2320 1391 1257
2 578 253
4 126 2702 2361 3066
1 4273
1 2744
1 3924
2 2825 1224
1 1014
1 260
1 521
2 1732 356
2 551 4037
1 2452
4 3064 1019 3239 728
1 3477
2 2066 2762
1 494
4 1944 2327 311 2555
1 1499
1 3970
1 3681
3 863 1454 1416
4 3431 4195 2242 964
2 2542 2660
2 1759 2202
1 2022
1 2847
3 150 724 31
1 3390
3 856 4008 533
2 3608 2528
2 592 2433
1 238
3 3516 460 3368
1 3393
1 1004
3 3431 4327 1977
1 2332
1 2104
1 2265
1 670
4 4137 2338 2677 3091
2 1141 1558
2 1761 604
2 2527 2775
1 2414
1 4323
4 3493 4340 2551 2829
1 197
2 731 2844
1 4234
1 481
2 563 4100
1 663
1 1133
3 4003 3113 3724
3 4310 3301 2128
4 4302 1380 1964 1939
3 1290 4205 2249
5 92 3030 3212 4314 1987
6 4325 1651 3370 4031 1780 2675
1 3493
1 3983
4 4297 4 2290 3248
2 2590 3803
4 4034 3471 298 847
1 2740
10 3613 3656 3358 3507 4128 2149 1259 639 3862 1359
1 1193
1 3209
1 4224
2 2055 760
6 3009 2078 4344 113 1459 523
1 1432
1 4113
1 592
1 1087
1 3909
1 4081
3 3010 3473 957
1 2852
2 1478 1545
1 1721
1 3224
1 3945
5 4281 1442 3652 1243 1836
1 3839
2 1560 507
1 3894
5 4089 1003 4190 2268 3172
1 4160
1 1161
3 870 3114 2381
1 1902
1 2709
2 2845 1009
2 2911 3591
1 3187
2 2730 2017
5 582 889 2044 1622 2257
4 1999 3366 1883 1500
3 3826 4333 3371
2 589 1073
2 4071 3617
1 2057
3 1254 464 2
3 808 2465 3676
1 2451
5 1160 48 3756 2606 3809
2 3003 1375
1 648
1 4297
1 3785
1 163
1 3404
2 197 3844
1 4335
1 150
2 1641 3804
1 2144
1 1791
2 431 2444
2 3555 2873
1 1432
2 3318 188
1 4153
1 2131
1 2845
1 1366
4 1338 1482 2372 2040
1 2468
1 1128
1 4006
1 2666
1 2438
2 2398 4262
1 701
1 2137
3 179 2593 835
1 4202
1 1770
2 3746 3553
6 4146 1432 3922 4251 1539 2121
7 3656 1654 112 3971 428 1692 1451
4 2016 3444 2160 2025
4 1208 4129 1560 829
1 374
3 3945 1908 1139
1 3140
1 3498
3 3563 643 46
6 681 1625 1623 3924 4250 2837
3 2347 2067 390
2 3022 2943
1 1439
3 3199 895 1933
1 1672
2 2702 3890
2 1315 2589
1 1216
2 4113 2080
1 3827
3 4129 1104 3918
3 2597 1293 1753
2 122 3478
1 680
1 562
3 1472 2158 1411
2 2579 598
3 1941 2485 2312
1 2989
1 1831
2 2559 1326
1 1645
2 2169 165
2 1611 2608
3 2243 2584 531
1 750
2 2765 207
3 15 134 1849
1 2840
2 2656 4240
1 1414
2 3139 4131
2 3995 2810
2 2529 687
1 4022
1 2596
1 905
1 2083
4 267 4321 2958 1297
2 4193 1132
1 2399
6 3145 1118 2811 3682 879 3206
2 1906 2922
3 3732 4193 445
1 1582
4 3476 3742 473 1613
2 707 2833
2 3258 2246
2 2000 2880
1 348
2 3581 3095
1 450
1 3852
3 883 1561 999
2 2269 721
1 1284
1 1046
5 4145 3681 3335 3418 655
1 3257
1 4061
2 1989 2787
1 714
2 2720 4339
2 2989 2194
1 2185
4 3587 4317 1210 3057
1 2668
1 1013
2 4212 2147
1 1431
3 3508 2197 3075
2 587 3183
2 1062 3201
3 3168 562 3588
6 2390 731 3663 1231 2732 488
2 3701 1434
2 2778 4051
1 60
3 745 3818 868
1 581
2 1032 2113
1 1442
3 3243 3926 359
3 277 2602 3853
2 1325 1516
3 192 3336 100
1 2662
1 2444
1 1232
4 3318 3697 3903 2659
1 3335
1 4245
2 3910 4334
4 1666 2921 7 2554
3 664 1835 1135
2 2712 2639
1 1601
4 3170 1554 416 1555
1 1948
1 1438
1 1502
1 2051
1 2481
2 750 3718
1 2462
1 3758
1 2112
2 2075 12
2 2962 3187
1 1877
1 3183
3 1160 3008 2410
3 1363 2223 2287
1 2357
2 3448 943
4 3433 2212 799 2733
1 3536
1 2764
5 582 1918 810 663 2856
6 1731 324 3708 3350 3811 2093
1 40
1 623
1 1093
1 3307
1 2712
1 1674
1 3647
1 2105
3 4052 958 495
2 2423 2578
3 3048 1342 2941
1 3038
1 1714
1 23
2 3345 268
4 2826 886 870 2238
4 374 119 3750 2515
1 2170
1 1300
4 3360 3439 2668 2697
2 3040 3986
1 3112
8 2049 3200 2389 383 3891 1605 4196 3435
1 906
3 1418 414 3372
1 451
3 3000 3914 4202
5 3716 840 364 2635 3381
2 2393 585
1 3270
1 691
2 2923 1006
1 1587
1 1389
1 3045
3 1639 317 1192
1 3220
3 451 2519 709
2 3245 917
2 2647 164
1 2688
1 629
1 524
2 754 783
1 3824
2 3791 2904
2 880 1016
2 3810 2487
2 1843 4165
4 0 3469 2188 3348
2 3865 3195
3 3433 2267 2425
2 2086 3685
1 1882
2 3856 3428
1 3672
1 3420
1 48
1 4084
3 2947 659 223
3 2185 1798 3023
2 3790 3466
4 198 2843 1820 3438
2 2254 1094
1 1544
2 3716 264
1 2188
1 4294
2 912 258
1 2436
6 450 1949 3674 273 2276 3939
3 4062 3645 2690
6 2996 4176 2227 3109 2599 1991
3 3012 3144 3532
5 4118 3299 1228 1957 3977
3 4287 2086 305
1 2066
2 971 1495
3 2933 4156 1547
1 4205
2 3284 2948
2 2149 1131
1 2465
1 9
2 1270 670
4 55 2649 1263 2869
1 939
3 3874 487 1112
2 503 1026
2 959 3982
1 3251
1 3143
1 3081
3 499 2101 3797
2 2633 1796
3 3458 3526 4315
1 2236
1 3837
2 2921 4306
1 252
5 92 591 1141 144 1055
1 737
5 3613 108 118 3790 3246
6 3145 1674 3487 1807 3725 3852
1 2879
2 1799 1769
1 1304
2 4346 4283
4 582 1744 271 768
1 2371
1 2135
2 2243 3822
1 988
6 681 1284 675 3810 1038 1171
1 2902
3 786 955 3019
4 3131 4006 3600 1970
1 2605
5 2614 1840 717 1994 1190
1 1217
1 3447
1 2187
1 540
1 615
1 3525
1 3328
3 891 996 3088
1 1082
1 1675
1 219
2 3613 796
1 1327
3 4297 2427 132
8 3358 122 3728 2708 197 4064 2835 146
1 996
1 1291
1 2468
2 1086 496
2 1363 228
2 611 1061
1 2619
1 1249
2 2826 4057
5 1456 994 3807 3761 2374
1 2572
2 1787 2175
1 3555
2 1962 2601
2 4287 3037
2 1623 439
2 2755 3925
1 2470
5 1270 3121 3898 2516 2548
1 509
2 2010 2447
1 1303
3 348 3446 4329
1 319
2 1792 1705
3 615 4061 2501
4 1086 216 3907 3923
2 740 1286
1 227
1 2691
2 2049 3863
1 3244
2 1888 1727
2 2100 2884
1 38
2 1221 284
3 3012 3671 1233
8 541 1160 2937 1666 1879 4124 2134 2117
1 1261
1 901
2 2937 320
1 4022
1 2778
2 2118 1313
1 3965
1 3536
2 2543 236
1 2200
1 1768
1 4336
1 3821
2 3970 2038
3 732 3973 2797
1 2621
1 1617
1 4349
1 2174
1 2860
1 38
1 3330
1 2306
1 1114
2 2019 618
6 1695 2218 322 3650 4291 2005
2 431 4338
4 1470 419 4263 4087
1 3871
1 3331
2 3171 1367
1 1631
1 2234
1 2044
2 1918 2023
3 569 1084 4104
7 1512 4297 923 3563 35 2403 161
2 3395 2807
2 1485 3888
1 2738
4 1270 1058 1848 3559
1 250
2 3824 204
3 122 477 22
1 62
1 4052
5 1654 4012 4114 2517 3692
1 4229
2 3870 1125
1 311
3 2946 3779 3551
4 3205 3347 87 1029
2 587 3570
1 2013
1 860
3 1611 836 3264
2 2666 2791
1 2615
2 3243 2724
1 385
2 2209 249
3 729 934 1862
1 1734
2 3109 30
3 4140 1997 1930
3 219 3031 3415
1 3224
1 3484
5 2418 2771 1995 2982 3017
1 3464
1 1339
1 1955
6 2864 1572 1166 407 4346 2867
1 2030
1 2153
1 2289
1 2703
1 1209
2 2574 600
1 2280
1 1666
12 0 2232 582 3237 1485 1948 3874 1208 1618 4243 3311 2915
4 3318 2752 3377 3984
3 2773 4097 1621
3 1234 4273 2046
1 709
1 214
1 3826
2 247 3845
2 3358 2095
2 3816 1213
1 3649
1 659
1 2611
1 349
1 231
1 2084
5 485 2681 466 516 307
3 3408 1448 4132
1 891
3 2225 4313 3831
2 1442 1124
1 1869
3 266 518 1199
1 1569
2 1088 3693
2 1845 3768
2 1191 1052
1 3244
3 3682 4153 944
2 179 3450
3 611 4304 1853
1 842
1 82
2 3736 3605
1 3897
1 4188
2 2933 1111
1 1565
4 122 4230 1027 3997
1 4290
1 3349
1 3064
1 1832
4 3682 2636 629 2591
2 604 3538
1 1281
2 4323 3840
1 3318
1 716
1 3190
6 179 2765 1470 440 567 3416
1 1860
1 240
1 3042
6 3131 2719 1962 3014 2371 3178
1 3346
1 2214
3 4297 2530 2253
1 2288
1 3099
1 2159
1 4137
2 2684 878
6 3145 3493 2493 3749 3142 1182
4 3373 2500 1492 992
2 3801 919
5 3728 3245 2863 2766 413
1 3366
2 3000 1365
2 2018 605
1 1662
1 2933
2 1579 116
1 2808
2 1000 3125
2 1921 3497
5 1100 873 2574 3165 3383
2 2753 632
4 2051 4257 196 2190
1 1861
2 923 1757
1 3306
1 3311
2 3674 4337
3 2480 3319 660
1 2930
2 1904 4284
3 1747 1109 3624
1 2053
4 112 535 372 318
1 4113
2 2841 4144
2 3689 2704
1 1189
2 1668 2713
2 146 1920
5 275 1525 4275 581 2999
1 3366
2 3971 1608
2 4287 2727
4 1918 329 3568 272
3 1352 3842 778
5 1379 4342 2703 2397 975
1 1593
1 4103
3 9 176 1245
1 1988
2 1607 814
3 3834 1764 342
1 350
3 553 1708 865
1 2638
1 1234
2 1734 1507
1 438
3 3184 3729 1320
1 2054
3 1660 520 2120
4 2393 2434 2987 1867
3 2100 266 1435
1 2423
2 3868 3207
1 1588
1 2170
1 341
1 63
2 259 2318
1 833
2 1700 861
1 2643
4 4071 2054 705 1528
2 4140 410
1 3987
1 303
2 540 3835
2 1824 2785
2 3123 1574
4 1209 826 1011 845
2 3650 3509
1 3236
2 279 2241
2 260 3177
1 2819
2 3745 3298
1 3367
1 2462
2 932 559
2 3289 1424
1 3338
1 2623
2 1728 211
2 1540 2056
2 1117 1108
2 1554 3005
3 1799 833 3331
1 2416
5 3131 4290 540 4269 1767
1 1618
1 3260
1 1532
2 3672 620
1 1521
1 4067
2 2765 2928
2 1373 2391
2 2269 3422
2 227 2714
2 2476 32
1 2513
1 3954
1 3951
1 959
2 4022 3758
1 3221
1 3678
3 2845 1689 2176
3 2078 1934 1599
3 702 3082 96
2 2063 4054
1 3020
1 1779
1 1879
1 3761
1 1749
1 490
8 3874 3102 3000 2809 115 1392 1929 3281
2 3231 2013
1 3310
1 571
1 2418
2 406 950
5 1909 319 2106 832 1330
1 1366
2 381 2604
3 3351 2569 3869
2 3476 2085
4 3009 1223 470 378
4 3330 3760 1381 2784
2 2766 433
6 0 3009 2796 2614 732 750
3 611 1440 1627
3 3937 689 135
1 4198
1 3302
1 4285
1 1449
1 1453
1 787
1 418
2 2265 564
1 795
1 3184
1 1460
1 1254
1 1486
3 1585 1246 1873
1 1791
1 1708
3 4290 785 838
1 3022
1 401
1 3188
3 3528 2646 392
1 3172
5 1652 2670 3263 3285 446
3 626 2895 3235
2 2510 3169
2 2321 3972
1 2320
1 2136
1 1210
1 3087
1 3000
1 4024
1 712
1 3241
1 200
2 2644 2683
5 3613 3061 247 1388 3157
1 3836
2 1790 4152
3 2681 1275 2518
3 3481 494 3167
4 197 772 1250 2307
3 48 4024 2995
3 3536 988 4155
2 1788 3419
2 1666 325
1 3486
2 2743 1760
1 1371
1 4280
4 860 589 1090 532
6 3728 976 607 2576 682 1661
6 2715 3963 4034 2061 255 408
2 2645 1937
3 3922 1066 4279
1 3991
1 2268
6 582 2030 1407 2916 850 2399
1 2614
1 3067
2 3854 1236
2 1023 2490
1 4017
1 1096
3 2480 723 1306
1 1072
1 1964
1 407
1 4304
2 1456 1504
2 1572 3713
2 3487 761
5 1318 479 3894 1255 2729
4 740 29 3119 3621
2 3305 3653
2 3970 3755
3 1649 2504 2931
1 1319
3 4062 3320 3637
1 1174
2 664 2286
2 3623 3545
1 199
3 3628 3132 3255
2 601 170
1 2397
1 1843
1 3171
4 3608 3701 3460 3085
8 2946 4089 1731 3581 1747 4032 971 2234
3 1948 3546 1932
1 2434
1 1281
2 1186 3181
1 2244
5 1630 2655 2923 3626 3884
3 1807 2858 2973
3 3012 1453 2731
1 2795
1 2158
1 2484
1 4203
3 1912 2414 2248
6 4052 1087 154 4311 2783 3702
1 900
1 315
1 731
1 3231
1 1824
3 2057 556 2631
2 506 2620
1 1786
2 1801 3104
2 2411 3757
3 2030 2366 2139
4 3170 3824 1168 3287
1 2920
3 853 1123 1317
2 1324 3759
1 3755
1 4048
1 883
2 711 2722
1 3689
1 3339
1 1880
5 1472 2110 1775 4001 2199
2 1797 158
5 3587 1025 4300 124 3571
1 2191
1 1196
3 4114 1447 3829
1 3576
1 3131
2 15 1750
1 1713
4 1114 2773 4187 2261
2 3170 138
1 4101
1 3263
1 641
4 860 1287 3093 3942
2 1851 283
6 1948 1989 2225 4226 1220 1821
5 1921 239 1410 3691 2045
2 732 3979
1 604
2 1227 2021
3 1100 2189 19
3 710 2325 2370
1 3089
3 2767 3629 1536
1 3404
2 2477 1351
5 3628 1254 2273 1897 3149
1 3795
1 1996
3 744 3222 2132
4 2418 1127 1426 3027
2 577 2696
1 1535
3 2403 4264 2142
2 3461 3133
5 2946 1826 1596 4248 3028
1 1522
1 316
1 556
1 1767
2 2279 3566
1 1502
6 1209 606 2947 2662 2545 2993
2 3030 2108
3 3226 1748 947
1 688
1 3688
4 731 1518 213 609
1 181
1 1491
2 2127 384
1 1380
2 119 2818
1 3800
5 2049 3143 1133 2886 1676
3 3100 3975 2894
2 1869 84
1 2100
3 126 828 1593
3 2630 3622 2663
1 2658
1 277
3 606 1382 3094
5 3762 3625 1211 3789 3272
1 1662
3 3905 3440 3714
1 4230
1 1755
2 708 937
6 480 1042 3642 2707 3800 4222
2 3849 3001
4 2916 1079 1121 3658
2 2742 1709
2 4328 2986
2 2692 149
7 1396 3516 1497 3498 3140 1164 184
1 1532
3 1790 1473 1718
1 730
1 4314
1 2079
1 732
8 2488 2826 1695 1379 99 3851 2954 3602
1 1682
3 612 2712 1550
1 686
1 976
3 3736 714 1253
3 54 3414 3470
1 333
3 2521 3043 3013
4 2218 1631 1184 3090
1 2454
2 358 3700
4 2481 459 536 343
1 2522
1 2717
3 885 3010 424
2 2090 314
1 744
1 732
4 2947 1142 1010 4192
1 466
4 856 3905 245 4271
1 4019
1 2720
1 1438
1 3022
1 4352
1 298
3 3581 1412 584
2 1704 802
2 1474 290
2 479 4092
2 1775 2449
1 2185
1 1086
6 1652 754 3801 4189 2455 1915
1 1572
4 330 91 2902 2163
1 1557
2 1160 4200
1 3904
1 3445
1 1997
1 3522
2 1511 3980
1 2195
3 4349 3300 2535
1 525
1 3564
4 312 2088 905 617
5 2228 2963 1722 1237 1226
1 2052
1 18
1 2055
2 1730 2002
2 2293 169
2 3364 3917
1 2930
2 2996 3796
1 3874
2 2630 1335
1 3192
4 450 2213 2749 3643
2 4201 2224
2 3111 1711
1 398
1 1020
3 2281 1619 1329
2 4064 1056
2 1688 2009
1 2747
1 3519
1 745
5 1456 2443 2457 4143 1729
3 1962 75 2065
6 279 3619 2688 1214 2744 3855
1 4296
1 2715
1 447
1 2374
1 2755
2 2712 1582
1 3341
2 816 177
1 3533
1 4175
3 2565 1549 3808
3 1083 1157 3399
2 2849 1677
2 769 2813
3 877 2687 1916
2 1449 2250
2 2975 1355
2 4118 185
1 1714
2 1725 2373
1 3634
1 1256
2 108 1235
1 759
7 2232 2393 1273 4278 2281 2788 3885
1 1826
2 3236 505
4 4278 4007 3310 4013
3 1532 2102 3993
1 3566
2 37 2934
2 635 1074
1 2754
1 1801
1 612
4 2742 1971 2306 4063
1 3364
2 2486 1170
1 3974
2 2500 1538
2 2018 434
2 3960 1604
4 1303 2618 3141 1126
4 2317 4286 1012 2435
1 2585
2 1054 2274
1 934
4 1003 3188 1274 2359
1 1396
2 3712 2115
2 2344 2932
1 1278
2 1639 3194
4 2796 1979 1658 3219
1 1639
1 3744
1 1284
1 4231
2 4034 1756
6 3009 1270 2468 1295 779 2482
1 1210
1 2302
2 4295 1215
2 3021 935
4 3351 1438 1488 2570
2 3644 2330
2 1311 3916
1 2148
1 3692
2 4303 4320
6 1456 358 2100 1714 1183 748
1 3903
2 2052 106
7 2488 480 2278 4040 549 936 931
3 2393 2643 143
1 3084
1 1685
2 1008 1162
1 644
2 4336 1809
1 1518
1 878
4 3351 2454 3672 4018
1 237
2 201 4036
4 4297 1697 634 3429
1 94
2 1724 3557
2 3585 3401
1 1990
1 1418
3 2088 1569 2817
2 2788 1
2 1254 458
7 3732 3736 3168 915 2322 2141 1397
1 899
1 1567
1 833
1 2766
4 2232 2090 368 3442
1 1654
1 79
8 582 3611 1418 4022 17 3191 2689 2872
1 1038
1 2990
2 1407 3731
1 4040
2 1318 4232
1 1027
1 1186
1 4179
1 3229
3 3238 899 3690
2 7 4332
1 4160
1 848
1 1388
1 2915
1 4092
1 2562
1 819
5 2228 3999 2543 2839 941
3 2390 1370 1496
1 3521
1 269
1 2905
2 4012 1681
2 277 3770
1 4350
6 2901 3906 2571 1240 652 1953
4 541 3989 3959 3406
3 3793 1716 166
2 3316 3463
4 959 859 951 1279
1 3046
2 2232 650
1 2917
2 3276 1405
2 1137 1815
3 1005 4103 797
1 1092
1 228
2 1835 3280
1 1654
1 892
1 4246
1 4197
6 3237 979 4093 3386 2623 3592
1 567
1 1071
1 3835
4 589 363 3522 864
2 65 2123
8 4146 3276 1227 2638 2063 4042 4058 1360
1 2646
4 4146 739 2148 1774
1 1724
1 2517
1 3581
1 2293
1 1891
3 1469 1427 4123
1 1144
1 3807
3 27 1515 3838
2 3760 1691
1 2809
1 3762
1 3358
1 617
2 2100 1586
1 2979
1 1575
1 3920
5 4302 3236 801 2451 2097
1 3821
1 1464
8 3536 1303 3762 1730 1161 506 1325 1385
1 930
11 0 2488 1687 2049 2795 4140 3184 1704 3644 2823 4005
1 4089
1 1170
1 4311
1 2524
1 2231
4 3433 3834 1635 1395
1 160
1 3221
1 3335
3 542 3229 1563
1 3033
3 3339 646 232
1 3243
1 3807
4 381 3302 3231 4090
3 3299 1322 288
3 341 4067 3686
1 2389
3 381 370 4331
1 4170
2 395 3454
1 1837
1 1901
1 3226
1 2162
1 3887
1 1454
2 621 568
3 3345 897 1288
2 3420 1789
2 3613 3499
1 2764
1 745
3 2078 227 2699
2 2012 514
2 398 2956
2 2890 3084
4 4052 628 349 1696
2 2506 1741
1 3222
1 2197
1 1465
7 2488 2185 4118 2564 1186 1008 344
1 167
1 3347
2 4278 420
3 2135 2050 1291
2 1100 1377
2 1913 970
4 2647 2211 1872 1187
3 4214 1302 2378
1 118
1 4221
1 88
2 1259 3981
2 621 73
5 4303 823 201 4043 610
2 2863 1805
3 3516 3106 2748
1 1092
4 2763 4157 3029 4014
1 503
1 2527
1 850
3 99 4223 3120
1 2406
2 3951 2367
3 2630 2441 4183
5 2614 2989 2974 2059 1609
1 1797
1 1589
1 2745
1 3630
3 358 1000 543
2 1299 3322
4 1284 3038 1271 3271
1 3546
2 3292 2332
2 2911 3502
2 2970 402
1 1332
2 885 1857
1 3959
2 2662 2304
1 397
1 791
1 3369
2 3236 2648
1 3251
3 4146 716 353
1 2195
4 3868 1239 1446 287
1 942
1 3802
3 2692 2024 104
1 619
5 3874 4350 2323 1726 3912
1 635
2 1208 3483
1 3218
1 3341
1 4307
5 2030 2720 2320 2758 4134
1 2061
1 2676
4 65 729 780 1833
1 1845
1 1237
2 311 597
1 134
1 2476
2 2796 1053
2 591 2191
1 3943
7 2826 3012 3199 54 939 3833 2386
2 3061 411
2 1295 4247
1 3539
6 3945 3528 711 2616 388 4171
1 1453
1 2251
2 4047 3948
4 3528 3363 2979 521
1 1513
1 1758
3 1845 997 741
1 1906
2 124 672
2 2618 2380
1 591
4 1999 1206 3489 4227
3 1433 3089 4135
2 1674 2562
1 3973
1 2127
3 3009 1251 1174
1 2709
1 1448
1 2228
1 1949
1 1235
2 3223 3267
2 2529 2221
1 3261
2 3118 2678
1 3266
4 3143 1657 3599 1101
2 2836 3128
5 3611 1100 3339 3601 1265
1 302
1 575
2 1440 265
1 1112
6 279 37 275 2347 4113 501
1 2971
1 2228
1 3561
3 1968 33 519
1 1908
1 1651
3 348 326 1044
1 4200
1 192
2 2107 3815
3 551 2208 698
1 2915
1 1941
1 405
2 1600 4023
1 4213
4 1318 648 2039 2271
2 1392 2533
3 1749 133 2364
1 3921
1 2112
1 3339
2 2795 2754
2 1471 2738
2 2150 1481
3 4290 3565 1800
1 1331
3 54 4158 3303
1 3416
1 2786
1 4190
1 230
2 3345 3329
4 3393 3011 625 534
4 1474 4249 552 3707
1 2485
1 2539
2 324 4201
2 263 2295
3 2836 3627 3597
1 3444
1 2529
4 2806 2740 191 4288
1 2692
2 27 4119
1 1840
1 190
1 3777
5 1432 40 2955 2035 1085
1 2135
2 2651 1179
2 4064 692
3 52 4211 927
5 1695 2299 602 3609 2877
1 2804
1 2385
3 3263 2907 2737
1 213
4 1318 2522 2952 243
3 4109 2256 2582
1 808
1 3279
2 2107 435
1 2965
3 2278 2130 2247
2 3728 1841
5 3619 3054 2157 2357 361
2 3080 3584
2 1118 3185
4 2389 990 1786 2790
1 3598
4 711 1308 350 2507
2 2992 1212
2 1410 1842
2 3047 4170
2 35 1202
1 2536
1 2953
1 187
3 35 2341 2083
1 2077
2 4012 3346
3 664 181 21
2 3358 4079
2 2796 2625
1 2656
3 1921 3208 561
1 3433
5 1396 891 2747 1156 4308
1 2154
1 1275
1 1624
1 4011
1 1522
3 2488 1419 3994
1 2857
1 399
4 1532 2743 2068 8
1 1255
1 506
3 856 3705 3067
1 3140
4 1307 1178 2913 1159
5 4243 1043 1494 1368 2893
1 1338
2 4317 4065
8 2946 3131 267 3710 1373 2780 1548 3417
2 1714 175
1 2278
1 551
1 251
1 1211
2 362 2376
2 633 1982
1 1497
1 4158
1 3243
1 3458
3 736 954 280
2 1425 3639
1 2903
1 95
1 2578
3 2715 1022 2183
1 1005
1 201
3 3220 82 2509
2 374 4105
1 940
2 1151 2980
1 2845
1 681
1 3949
3 1281 1584 2400
2 548 2138
2 2662 3505
3 2053 3398 1802
4 3379 3341 1189 455
4 3563 965 2008 1337
1 2853
1 2380
2 4096 2498
2 572 2665
1 1946
1 3710
1 873
4 2719 880 792 4220
2 1600 4068
1 3500
1 3414
1 2583
1 2319
2 911 3607
3 230 2321 3787
4 2563 3202 1928 1612
1 2853
2 2572 2426
1 2843
1 2655
1 1017
1 3992
1 1107
2 404 805
1 1283
2 76 4282
1 4255
1 1303
1 268
1 4255
6 1801 900 587 3147 2412 2383
1 1449
1 2763
1 1942
2 676 4351
1 3289
2 1433 3727
2 1597 1784
7 0 3732 126 736 2568 4246 2505
1 2186
2 684 13
1 3735
2 2404 3900
1 1497
4 591 3116 3680 2119
2 1161 1772
1 4058
2 901 3115
1 1900
1 421
1 2293
1 4197
4 3564 635 3696 1925
3 810 3475 746
3 915 918 475
1 95
4 3200 656 323 23
2 776 2260
5 1407 2019 1607 338 2871
1 2206
2 2092 4095
1 1259
1 1490
6 37 4160 3223 1389 2878 2440
3 2564 3044 603
1 3173
3 2879 661 3747
2 4084 3472
2 3331 4027
1 1433
1 2767
1 1919
1 3293
1 3402
1 3668
1 2782
4 1472 1893 418 2483
2 2947 1710
1 1722
1 2713
2 3989 3078
1 2267
4 3564 4175 2335 3987
2 2090 2028
2 4045 3203
3 1188 3928 1576
1 3462
1 3862
3 850 2605 1383
2 4234 973
1 2984
1 175
2 3555 822
1 1391
1 3274
1 1208
3 479 2476 2027
1 621
1 3613
3 2809 735 2553
3 3461 2263 522
1 2450
2 1133 1216
1 968
2 1058 3860
5 2911 321 3849 3560 982
1 3461
1 3674
2 295 1309
2 4180 375
2 979 3210
2 3516 966
2 1114 3380
1 1280
1 4180
5 3536 1940 3118 2868 2607
1 3782
2 3190 3179
1 750
1 628
1 3975
1 1462
1 1557
1 569
2 2481 4204
1 3237
1 2209
4 3200 2486 3492 4268
2 257 4293
1 3518
1 2432
1 492
1 2291
3 3507 525 3540
2 991 2145
3 3587 2216 1975
1 3670
1 1021
3 615 1361 3991
1 260
2 1474 3735
2 1535 3268
1 785
1 893
1 2649
6 4128 3251 3651 2701 766 2910
1 1840
1 3124
1 193
2 1782 4088
3 2835 4080 4228
2 3587 3953
2 2338 743
1 1823
2 2852 2632
4 1227 3226 2764 1866
1 3469
5 2826 1887 3819 3426 1041
1 3873
3 1471 20 1484
2 3630 3108
1 3915
1 428
1 816
6 4138 3076 4191 575 2524 1514
6 1906 65 633 426 4280 11
1 1665
1 377
1 464
1 1014
3 421 898 765
2 230 117
2 3851 2201
1 4057
2 611 2499
2 4187 2275
1 4177
5 1790 1734 1285 3974 2751
1 1510
1 921
1 2892
1 4056
8 3237 374 2510 423 4234 4121 3614 2180
1 3628
1 1033
2 3389 3552
1 3581
1 1473
1 3967
2 2152 3909
1 2948
1 235
5 541 238 141 566 679
1 2473
2 37 3286
1 951
2 3573 3050
1 2900
1 3895
2 2227 645
2 2159 2310
2 1510 583
4 2034 3827 1225 4319
1 4212
1 2073
1 1183
4 3767 2581 2495 3036
4 2911 3279 2360 1712
2 2411 123
4 2288 1394 360 2315
1 833
6 3656 1575 2767 906 3451 2334
1 3812
3 1221 304 337
3 4089 340 4130
1 126
1 3595
3 2864 2096 2264
3 312 769 1881
1 4196
2 1909 4244
6 2488 4052 857 4252 908 4343
3 2566 2583 1754
1 4121
1 2604
1 2963
1 1144
2 3716 2316
1 3745
1 2213
4 1654 2462 2405 3007
5 1160 959 4071 72 1644
1 454
5 3613 2118 684 2929 3077
2 1654 1837
1 1394
2 3431 854
1 3037
7 1695 1096 2630 1649 259 725 1891
9 279 3587 2563 626 1088 406 3589 3703 4270
1 257
2 1722 4312
1 328
1 1251
1 233
1 3186
2 2974 2546
1 1540
1 3191
2 2771 1200
1 3674
3 3795 1884 3883
2 4336 471
4 3970 1371 3548 2511
1 2090
1 1761
2 853 4261
3 94 224 1047
1 2741
2 1066 510
1 1740
1 781
2 4249 438
2 3842 3633
1 3732
3 1161 4307 24
2 1118 355
1 4199
3 3989 3443 2137
5 2765 1980 1437 373 1628
2 607 4083
1 922
2 55 3544
3 406 4016 4021
1 634
1 754
1 3681
1 1333
2 1345 876
1 2004
2 3284 4082
2 127 2981
3 3393 221 2294
2 2510 3798
3 4071 1624 1475
1 3377
3 2616 2612 1683
4 4294 2033 1617 114
2 2443 1935
2 2715 4126
4 103 869 3580 3958
3 112 1460 3148
2 759 4174
2 3397 3775
3 3805 3421 1530
3 2719 1269 2560
2 4212 3249
1 4031
2 2479 2772
3 1826 1603 2198
1 304
1 1928
2 2361 16
2 302 382
1 3820
4 59 2641 4203 4110
2 1955 3783
4 1485 192 3664 2217
2 2322 627
3 4324 58 1546
2 1095 2006
1 94
2 1520 1406
1 3914
3 608 377 3666
1 3345
1 3678
2 2169 2491
1 1561
2 3291 2387
1 3744
1 4057
3 1701 2912 101
3 2984 2186 3342
2 1668 3491
1 3541
2 4251 2252
4 4089 3996 867 2471
2 1228 831
1 717
1 1110
1 818
1 1788
2 2602 98
1 1350
1 818
5 2946 3871 911 812 637
1 4127
3 754 93 2664
3 3945 2003 3579
1 3730
2 3311 4289
2 3802 4169
1 2572
3 2563 4233 1834
1 4128
1 1407
2 2227 449
6 612 1449 563 2079 3936 3933
2 1008 2007
2 3024 1194
1 626
1 1090
3 358 1229 526
1 4163
1 2556
2 2892 1312
2 3309 482
2 1730 1771
1 264
2 1658 1978
1 4034
2 3102 1880
1 4146
2 3379 1706
2 663 1018
3 2949 2424 465
2 1373 1420
2 3042 2094
2 1651 366
1 4340
4 3458 3461 848 3659
1 3202
2 4072 3197
5 1572 2506 1364 1445 25
2 3932 1673
1 2800
1 3032
2 192 3150
2 3477 784
5 2185 1510 2768 2841 3045
1 3810
1 4248
5 3102 1033 3793 3164 2985
1 2890
1 997
1 4035
5 1575 4194 1686 2760 1037
2 2207 3496
2 1433 3434
8 2901 1281 3519 2484 3003 2825 1242 2532
1 1273
1 646
3 3276 1520 667
1 2125
5 1160 3608 2478 1130 1106
6 0 1456 1799 3670 150 3503
3 2976 3216 1889
1 462
2 2791 2129
2 4172 3715
1 3856
2 2232 657
5 664 2477 707 347 1694
2 3251 3616
1 4148
1 2965
2 2480 3355
1 2788
2 414 852
4 2638 1720 3873 513
1 2217
1 4109
1 3503
2 2611 1829
1 1605
3 1797 2992 2467
4 2185 77 4216 942
7 279 230 2481 1363 813 2209 1256
2 1652 662
1 2457
4 2016 1193 3349 1886
1 2849
1 572
1 3632
1 3547
1 2522
1 2665
3 2285 1486 2537
4 1600 3513 4159 2876
1 3029
1 2891
2 2635 1634
3 2468 4277 1354
1 396
3 3048 1020 544
1 4128
3 2493 1850 1443
2 676 1952
2 2937 2800
1 668
1 1351
4 1118 3404 773 2882
4 3710 1522 3562 945
1 3941
3 553 1021 3384
1 279
1 115
