3566
12 2255 537 2781 1052 3067 2870 2670 2918 706 898 2780 2595
3 2300 2066 224
2 2434 183
2 184 1756
2 3146 1042
5 2815 805 256 3069 1116
6 1034 3099 2727 2416 2221 1675
3 2401 3001 3338
2 2169 1155
4 2557 2085 1051 3276
1 1597
5 1106 2439 3052 2512 3360
3 2293 3461 3494
1 780
1 3191
1 1392
1 2952
2 2929 2294
1 2540
3 743 2350 1120
3 503 1655 3302
1 2651
2 2398 1260
1 2372
1 273
5 309 2759 669 622 2209
3 2908 2973 969
2 1136 2492
2 2849 686
1 3150
1 3507
1 3368
1 3199
2 3363 421
2 828 3037
1 2996
2 1091 2573
1 2180
1 1881
2 3114 1139
4 2621 3446 388 797
1 1085
6 390 2329 3179 3089 3312 1357
1 3381
1 1276
1 2734
3 3388 2262 1512
2 2026 1080
4 1084 2020 1662 1259
3 1914 1973 1754
2 2918 3503
2 2909 2499
2 2269 442
1 3045
1 2032
5 2437 1589 2862 266 1107
1 1265
1 897
1 157
1 503
1 3208
1 1602
4 1595 754 467 457
3 2539 3532 1277
2 2430 2802
1 2668
1 917
2 1578 1529
6 1295 642 1549 923 2443 3255
2 906 935
1 927
2 712 3236
1 1979
1 3452
2 1840 922
3 2550 157 1610
1 665
1 1152
1 3012
2 3201 1960
4 1540 3112 2763 981
3 1159 1944 3352
1 3460
2 3442 2537
1 2881
1 1142
1 2619
1 1019
3 3271 816 232
1 252
2 1497 2096
1 3208
1 2053
2 738 3517
1 1872
2 2101 2094
1 1824
2 261 2755
1 2360
2 1091 1888
1 343
4 3136 2431 2921 3143
2 1664 3246
1 1944
1 2293
2 1850 2931
1 2831
2 2468 2839
5 3354 2861 1138 1504 529
1 168
3 2658 1590 730
1 955
2 1285 765
3 1523 965 1884
2 2049 1143
7 1541 2970 837 2056 2052 1478 2405
2 1052 1947
3 1460 1697 2482
1 1600
2 1933 2704
1 1693
1 813
2 495 1725
1 3472
3 2300 379 2440
1 2899
2 1361 2680
1 2165
4 1899 670 3341 2677
2 2851 550
2 1692 803
3 2936 927 850
4 3141 3267 2993 3378
2 1488 1532
5 906 2707 2544 1081 356
1 1252
2 3465 1017
3 2009 1980 1377
2 2967 3150
2 960 301
6 1223 495 890 2358 808 1442
1 791
2 2669 2719
2 3118 2592
1 912
1 562
1 3334
1 2741
2 3151 1475
3 2207 776 1134
2 3034 1648
1 2637
3 2553 400 1762
2 1994 2639
1 2987
1 663
6 1037 2101 1058 3330 2318 2847
2 75 58
4 1136 3510 652 289
1 3022
1 2024
1 2811
1 2188
3 166 1999 1374
1 2526
1 2658
4 2707 2332 163 2244
2 535 1112
4 1365 1854 2032 109
1 2042
1 789
1 1576
3 2744 2517 1055
2 2056 236
3 2741 3169 336
1 439
3 3277 2519 2910
4 1215 1724 1940 2567
1 2489
3 3119 197 453
2 1177 1161
2 312 3241
5 1635 1257 2429 1456 489
1 2
2 2475 3
2 1714 710
2 2065 691
2 859 1912
1 2393
1 2862
3 1852 2710 1760
1 609
1 2064
2 3054 2450
1 2982
4 219 1763 1997 2951
1 3351
3 179 2110 925
1 2389
3 1372 3336 899
1 1975
2 1720 1860
1 1028
1 3256
1 3016
1 2054
3 2446 1832 2027
2 3351 2030
1 1640
1 2417
1 3188
2 640 574
7 1149 2695 2658 2074 1965 2591 3239
1 2970
1 1077
1 2621
3 1850 2168 536
1 3477
3 2426 2058 2772
6 2434 2249 195 2220 675 2123
5 1349 2293 3222 611 982
1 2565
1 3365
2 3355 2724
1 1
2 1284 1922
1 2031
6 2175 1578 736 1640 3225 1823
2 2158 1528
6 1052 2789 2151 2239 1649 2377
2 2698 920
2 255 1432
1 88
2 1207 393
1 3189
1 2196
1 173
1 2936
4 2602 3166 1908 2184
6 2539 2817 1376 248 2943 2678
1 3371
1 3358
2 1203 1272
3 2534 2367 942
1 345
2 2563 2957
3 1137 2738 2914
2 1335 3300
2 239 919
3 2224 2145 3142
3 3067 641 1671
1 2980
3 723 89 3429
1 3241
3 3520 627 825
5 2467 1583 231 1576 2114
2 5 3531
1 641
1 1053
2 1484 2676
1 2714
4 2302 2554 97 2356
1 456
1 1844
1 918
1 2015
2 55 661
1 2202
1 1867
1 1556
2 3437 831
2 1736 498
1 324
3 1171 567 24
1 1484
3 736 1096 510
4 2285 2140 2256 1341
2 1449 804
2 1066 3411
2 2981 2075
2 2552 2751
1 2249
2 1881 3491
2 996 2754
4 3379 3016 1027 424
1 2675
1 2161
1 2973
1 2995
1 158
3 1108 3011 693
2 2105 3396
1 2899
1 3162
3 784 2991 2731
2 709 2613
1 3171
3 3319 1317 1916
2 1655 647
2 1945 2227
1 1252
1 139
1 2404
1 1559
3 3199 3407 3389
3 2410 1608 3309
1 749
1 1558
1 2021
6 1840 25 1798 1252 2640 1800
1 2776
1 2339
2 1030 181
1 1079
2 1623 3376
1 2964
1 3370
1 2444
1 2332
2 2249 3055
2 2476 2779
2 2054 2169
2 2376 2926
1 2726
4 839 811 272 2122
2 2712 1306
2 396 849
1 2314
1 1595
1 1928
1 2601
1 2857
2 3171 2730
1 1333
1 1871
4 3301 1923 1016 818
1 174
6 3431 628 1449 1939 962 2423
1 1509
3 3191 775 1527
1 1854
2 3335 2661
1 471
4 3293 481 3562 100
2 2339 1123
2 2645 244
1 1752
2 2323 3318
2 2397 2894
3 1933 2265 394
1 2309
1 2008
1 2557
1 1935
4 948 1560 2734 2834
1 2010
1 134
1 671
2 3526 1771
2 1365 1711
1 559
1 3459
3 641 1563 419
1 2222
2 2800 659
1 3515
1 3550
3 1349 1046 1626
1 3475
1 911
1 2707
1 989
1 2426
1 1028
2 1480 696
1 3364
1 696
2 2403 2863
2 516 2059
3 124 1961 545
3 568 1434 970
1 754
4 3371 2039 1455 1682
1 1482
1 768
3 3413 1821 2334
1 1974
3 2210 3410 1135
1 40
5 3377 1958 3262 1251 2045
8 2614 2908 42 524 1410 1714 1878 2630
1 715
1 727
1 233
1 349
2 1016 1584
3 3305 326 1765
5 2503 2266 2788 1002 1146
1 3092
1 1920
3 152 3018 2745
2 959 2102
1 1348
4 1720 1240 2462 1646
2 3056 703
2 481 1109
1 1044
5 3146 2011 2531 2637 1101
1 458
2 1355 3193
2 2041 1545
1 810
1 2870
1 524
3 1365 2176 961
2 665 594
1 2519
1 1931
1 2143
1 362
1 1034
1 33
1 817
1 2005
1 284
1 3032
4 2234 735 2203 1627
1 2556
2 2919 1316
1 775
1 1122
2 893 2211
1 2220
2 3473 1328
1 2680
2 2267 1835
1 2457
1 1058
1 1993
6 1417 781 3323 2868 487 175
1 1169
1 2270
1 52
1 771
2 3148 1267
1 1249
1 2246
3 1142 678 2794
2 3428 2835
1 3349
2 839 2902
1 1147
1 2274
2 179 2999
4 2210 3424 1265 2435
1 3357
3 779 3382 262
1 62
3 921 1862 408
2 1868 1195
1 2917
2 2775 1738
1 2615
1 1578
1 571
2 749 541
2 486 639
1 62
1 3062
1 1887
1 3484
2 2916 342
1 2297
1 1481
2 2871 2217
1 2181
1 1016
1 1149
1 2369
2 573 1408
2 2067 2968
3 343 405 2138
1 2587
2 2097 1065
2 1589 2884
1 2601
3 738 466 2111
3 439 576 2882
2 546 1784
1 182
1 589
3 1587 2623 963
1 1210
1 1547
2 1728 3468
4 140 2260 122 3087
1 1453
1 611
1 271
1 2504
2 948 1145
1 2221
2 3428 1198
4 2339 20 59 645
1 2453
2 3004 3466
2 2849 3278
1 2596
1 1508
1 1170
1 275
2 2791 2247
3 2382 2180 3427
2 1597 1202
1 2013
2 2384 2559
4 1365 1681 378 1004
1 1582
2 904 720
1 596
1 1621
1 1444
1 756
1 1355
5 390 2166 1389 1931 413
1 3136
1 2624
1 3151
3 2861 1616 1059
1 108
1 2538
2 1952 884
2 2593 2533
1 3342
1 3004
4 1635 3428 167 1047
2 216 3361
10 0 2129 858 2919 3431 2406 2484 2825 2010 3408
1 2250
1 599
2 3522 623
1 465
2 1958 987
2 3319 1150
2 1253 2421
1 379
4 1899 3072 488 2157
1 3185
1 2151
1 3508
1 129
1 1177
1 2511
2 2261 3516
1 3094
2 2526 1746
4 2079 1540 817 1124
2 2062 3538
1 2789
2 1381 360
1 2295
1 1460
6 1149 1372 1883 3484 2108 145
1 1523
2 1300 1094
1 646
1 2102
2 273 1448
4 643 2009 380 2438
2 1965 3313
1 1312
2 2107 464
1 2828
3 1355 479 842
1 211
1 2974
2 487 1174
1 846
2 2554 976
6 2870 2997 914 3559 590 729
1 1973
1 3560
4 1149 2297 1550 1156
1 1595
1 2520
2 1081 1794
2 2682 666
1 1724
1 2329
5 2249 2237 757 3247 490
2 579 1070
2 1269 1102
1 2722
1 2979
1 415
3 1635 1383 3340
4 687 1556 3207 519
1 892
4 3515 2714 1339 3021
3 1540 1185 539
1 1517
1 2330
1 2737
3 1757 2185 3375
1 776
1 3131
1 3190
1 2538
1 2775
2 875 191
1 2861
3 220 3064 497
4 934 2495 1493 1898
2 3071 1074
1 2280
6 1005 2899 679 1486 2628 1790
1 2252
1 2178
2 918 851
2 2065 629
1 2097
3 3354 1690 2905
2 25 1822
1 540
1 1879
1 1449
4 3191 1477 2583 2579
2 254 2422
5 337 2711 2983 2521 1343
2 619 2876
2 1855 1384
3 2329 2007 2090
3 781 2292 1403
1 2950
1 2347
1 1592
2 2165 2785
1 1366
1 1891
1 466
3 3553 211 2508
4 250 362 2042 257
4 68 2330 1216 958
5 1899 568 2199 3032 3565
3 1108 718 2360
1 503
3 743 2004 565
1 298
3 2789 2343 1919
1 2890
1 1322
1 1632
2 158 2120
1 705
1 3499
1 1923
1 1148
1 2883
1 1399
1 364
5 2853 2929 3353 975 2944
1 266
2 2896 865
5 2387 2021 2349 968 155
2 2843 1577
7 1417 3560 3548 415 1286 3415 76
1 586
3 687 1488 1222
2 837 3006
2 25 2109
3 128 1525 840
2 1196 357
3 1269 1345 3180
4 1900 3022 3070 2296
4 2776 2187 820 2976
2 219 1416
1 3085
1 920
2 447 2865
3 615 2139 986
3 1034 1964 926
2 1741 783
1 2667
6 2970 1076 2410 3423 2546 843
1 3010
1 1020
1 28
4 1323 667 596 1221
1 1667
2 3549 1274
2 1436 2947
1 186
1 2084
1 290
1 2736
6 796 1142 848 2893 3498 856
2 374 376
1 2981
1 1592
2 1881 1262
1 1601
3 1582 1624 1742
1 1647
1 404
2 1401 2716
2 2695 653
3 0 1988 3552
1 3113
1 1379
3 2205 295 2510
1 185
2 2789 2368
3 2129 71 2311
1 2343
1 3521
2 1263 391
1 3556
1 1780
1 644
4 1834 1703 1695 838
1 518
1 2262
4 2129 2446 2932 2179
2 2986 252
2 2431 1334
2 983 3430
2 3484 2167
2 2008 392
3 1459 3536 2723
1 579
1 110
1 3384
1 1049
3 2489 737 3028
1 1502
4 426 2313 2046 1330
3 227 275 1929
2 733 3109
6 2982 93 3263 486 2458 1522
2 1131 3228
1 2215
2 1304 3009
2 1147 1787
5 1207 19 646 1717 2131
1 3272
1 2749
1 3347
1 2441
2 1336 1038
3 2827 465 306
1 1240
2 2182 2148
2 992 1785
1 2644
3 62 2246 381
1 1451
2 2023 522
2 589 3230
1 1473
1 1033
2 1647 866
1 2011
2 3084 3322
1 3155
1 806
1 112
2 2775 1006
1 3166
4 3035 1290 2898 384
1 2796
2 2346 1805
2 3405 443
1 1012
1 1136
1 2252
2 339 429
3 149 604 2449
1 1766
1 1692
3 1998 456 3270
2 3326 13
4 439 2744 632 3321
1 952
1 681
4 2838 2063 294 1213
1 864
5 2840 3319 2520 3171 2771
1 3228
1 2332
2 3053 170
1 1583
3 2285 141 3005
2 2199 1755
2 1460 2869
1 1185
1 3104
8 3444 2467 695 1691 1105 1568 2953 1786
1 40
1 3267
3 2468 1270 3392
1 2171
1 3353
2 1250 2765
1 130
1 277
4 5 3363 1313 3477
3 1085 1308 764
1 2918
2 140 1889
1 1006
3 3548 2552 411
4 324 1320 1535 2848
2 1542 1984
2 2672 121
1 1957
3 923 1348 2961
3 88 1494 3019
2 556 422
1 335
5 1100 1985 1867 1297 2055
1 674
1 960
1 1930
3 1033 897 2978
1 878
1 254
1 1883
3 1147 1273 2142
5 2210 2254 3105 34 872
1 2609
1 3377
1 270
1 1414
1 2052
3 1098 3327 1426
4 1966 2922 1547 1733
1 3043
5 115 3368 3268 1652 668
1 719
5 3444 324 1122 450 2850
2 670 1113
1 982
1 573
1 683
2 1398 1129
2 3146 1380
4 2285 577 3155 1991
1 3437
2 695 2428
1 326
2 131 3253
1 618
2 3026 1866
2 1140 1851
3 1269 2485 2235
1 3528
1 695
1 882
6 537 1595 3371 1207 2205 1601
3 948 187 1533
1 2063
1 3346
4 2041 2729 1490 1538
2 1685 1793
3 886 2304 785
1 662
1 760
1 1720
3 2249 2314 2082
1 3076
1 1100
1 2625
1 828
1 3424
2 1053 2720
5 2398 2936 2451 609 1701
2 1148 3315
1 2478
5 1192 1029 3335 824 3260
2 2722 1992
2 2621 2395
1 1258
4 3505 2616 857 1751
1 1831
1 531
5 1840 2841 1683 2310 1428
3 1034 2413 864
3 3354 1811 3507
1 2792
2 1542 1565
3 140 1495 1121
1 2390
2 983 597
3 1076 431 929
1 3305
1 1972
1 2365
3 823 1236 57
2 0 1802
1 199
1 948
1 1214
1 2240
1 2092
9 2129 1692 1541 1106 2175 2023 518 1079 1680
1 2868
7 1171 2815 134 3100 2501 3131 69
1 2328
1 1661
3 1541 1621 2150
2 3043 3003
3 1100 1585 369
4 1597 1957 2088 144
4 2781 1928 2615 2152
5 579 1831 1952 2044 2357
1 2583
1 1590
2 2852 66
5 2398 618 3499 1191 264
1 248
3 230 3404 677
4 3326 1607 458 1151
2 74 1163
3 68 815 1373
1 1743
1 197
1 680
2 131 70
1 3059
1 893
1 1577
1 2663
1 1998
1 2786
5 3301 612 2530 2035 1658
1 69
1 3025
5 1295 1515 3324 2735 2858
1 1500
1 2295
5 2899 3351 3071 2536 1487
1 2854
1 243
1 1091
1 1977
1 1086
1 2286
1 1477
5 1692 354 859 500 900
2 2319 3406
4 2851 3448 3127 2577
1 1962
3 2300 782 1370
2 2909 2822
1 1615
2 1587 111
2 1052 2464
1 1194
1 642
4 1077 401 2308 2541
4 1665 1718 139 821
1 414
2 337 1791
1 491
1 3534
2 113 2038
1 2623
3 2496 3475 2307
1 663
1 26
1 380
1 1665
3 3190 2225 3296
1 2452
2 2764 1825
2 660 2089
1 578
1 1996
1 1542
1 2085
2 2843 1431
1 80
2 220 841
6 1037 1086 725 3373 892 2396
2 3190 1783
4 1834 3118 2832 1631
1 679
1 542
1 2841
5 1034 1077 3298 2939 371
1 2921
1 1008
3 1654 752 3283
1 3110
3 3024 3156 2359
1 1914
2 3139 283
1 1543
1 1192
6 1720 2067 3356 2987 2619 1911
1 1141
1 1478
2 397 1846
4 1411 1436 3521 1637
1 516
6 1171 615 3190 3306 1243 2655
2 766 809
2 3358 2576
3 1275 3094 991
1 1356
1 2296
1 2817
2 2091 772
1 2424
1 2468
1 1478
3 335 395 476
1 136
3 3151 2805 3002
2 3545 87
3 1899 685 3544
2 2014 1548
1 1869
3 1524 2571 1750
1 1367
3 2919 2691 2924
1 3056
2 284 2022
3 2797 373 202
3 878 1996 3063
5 2695 312 2844 1363 1182
1 2300
1 1042
7 1171 823 3199 2682 3394 2816 759
8 2919 989 6 886 2587 680 420 1388
1 1389
1 1441
11 2255 2234 1720 1323 2041 983 156 1054 1392 2549 1936
1 748
1 3509
1 3126
1 2674
2 4 1032
3 2598 1310 1228
3 2919 2674 406
1 2194
4 367 2026 1187 1767
1 535
3 3542 2837 2425
2 2332 732
1 3393
2 9 2232
10 0 1899 1295 229 1209 116 2845 3381 956 2466
3 1868 874 258
3 1037 1347 1848
1 172
2 1795 2259
2 2668 1241
4 156 2268 3129 437
1 528
1 2176
1 2473
1 2371
1 2394
3 2313 1555 1534
1 483
2 1323 278
1 2210
2 1798 2500
4 2796 2389 3438 1768
1 590
3 2871 1189 1789
1 2695
1 3129
1 613
1 2779
3 683 1612 893
4 989 959 3528 214
1 3412
2 904 313
1 47
3 134 585 1226
2 2441 1438
3 2870 2606 3175
6 1481 1852 1414 48 1586 2003
4 3067 806 1318 41
3 983 1315 945
1 1906
1 3050
1 2175
1 2085
4 2097 99 36 943
1 1614
2 2842 1160
1 564
4 3444 2840 2741 2197
2 275 1516
1 2385
6 2041 3252 2305 834 3224 1896
1 1748
6 3210 819 911 2177 2585 870
1 407
1 591
2 1907 3369
2 1515 2653
3 796 1460 1804
5 904 11 1127 2393 2076
1 55
5 3355 644 290 1581 1808
1 405
1 1986
1 2859
1 167
1 840
3 1313 3345 2878
2 2014 2270
1 5
1 2825
2 1205 1740
2 2457 1483
1 19
1 890
3 839 2471 430
1 344
1 556
1 1671
3 2774 3304 2399
2 1106 1775
1 3529
1 844
1 3434
4 2601 739 1464 2494
1 1539
1 2323
1 149
1 387
4 2224 158 27 773
3 1541 2100 246
3 108 1736 1201
1 39
3 2908 853 2288
2 3523 1000
5 695 2774 447 2736 85
1 114
1 1435
1 500
1 397
6 2985 3136 827 3163 742 451
6 2014 2698 3047 3473 876 656
9 2014 1868 212 562 3114 582 1498 2749 477
1 543
1 921
2 1474 77
1 1450
1 1798
1 8
1 582
1 2343
1 2048
4 2319 81 2472 2892
1 1093
1 180
3 2557 3286 1618
1 922
2 2166 2287
2 1930 3068
1 1227
1 1720
2 2070 2636
3 2266 1673 440
4 1907 3185 1351 509
9 2014 906 1005 3505 1033 1739 273 1962 2087
3 3026 1342 2025
1 3179
1 576
2 1543 2317
3 2234 2037 3492
3 1294 180 551
3 3357 1766 2104
1 2129
1 2568
1 1837
1 1030
2 2531 1536
1 1398
2 599 794
1 2026
1 1046
1 1331
2 1071 1819
1 1718
2 918 2201
5 1868 878 1335 2219 998
1 3541
2 3326 957
1 459
3 3355 671 2562
1 3018
1 502
2 1397 2911
1 3373
1 1138
1 513
2 3400 242
1 3555
4 3301 3523 3384 1118
1 1365
4 858 743 1354 233
1 2070
4 1052 2909 2404 2917
2 1459 492
2 2476 3462
1 1929
2 784 1521
3 3527 2348 901
6 2672 177 2831 2272 1303 1764
2 642 3403
3 3004 2264 2103
1 1497
3 2295 2703 1283
1 3545
2 687 1709
1 667
6 2054 140 2382 2694 2303 2486
1 1899
1 1634
1 1081
2 2136 1166
1 1043
1 1481
1 2511
1 2956
1 3121
1 1985
1 1631
1 2896
1 897
3 1979 3007 2879
2 2382 2928
2 3026 1499
3 403 3012 750
1 1057
1 2795
1 1005
1 3120
3 1691 2988 2481
1 3223
1 2475
1 2932
2 2681 445
6 2129 2601 3008 3305 802 2001
2 389 2231
3 309 300 135
2 2489 544
1 3289
1 2266
2 3035 1319
2 182 2340
2 1486 881
1 48
1 22
1 2534
1 699
3 2165 715 1482
1 3425
2 454 56
1 2344
1 444
1 2236
6 2919 3474 672 1592 854 591
1 799
1 2324
1 242
2 827 3203
1 689
5 2514 3078 3029 1008 2657
2 2257 44
1 63
1 3228
2 3356 1963
1 1690
1 2153
1 3444
1 1219
3 2732 225 1519
2 1542 112
1 665
1 3279
1 2827
1 1337
2 768 2448
3 1736 3057 3280
3 1966 3116 1882
1 3189
4 1543 2620 1177 1735
6 1052 1635 68 937 2065 2681
2 2416 1588
1 819
1 2887
2 3179 3162
2 2995 564
1 2552
4 3008 2284 2509 3426
2 1215 3192
2 1589 741
2 2054 1580
1 325
3 1879 1598 2941
1 806
1 1525
1 1043
2 2335 2935
2 3477 570
4 805 1114 3039 2586
1 1935
1 1086
1 428
1 297
2 1085 2937
1 1256
3 811 2124 2617
1 2901
3 1617 1891 650
7 1037 687 1349 1603 1066 3509 1954
1 3412
1 2703
2 1410 1820
1 1415
1 433
1 1349
1 735
2 2727 1188
2 1643 1668
4 2849 3551 333 1491
1 724
4 1192 1387 247 1447
4 2436 1979 748 1924
2 1758 1289
1 3450
2 598 2803
2 1867 2069
1 276
2 1172 2135
1 628
2 2675 1976
2 672 2098
1 2024
3 1054 2081 3282
2 815 402
8 1323 220 367 3174 2241 1520 2121 1329
1 3405
1 1170
1 2993
1 3540
2 1207 1727
4 1481 573 409 523
4 2853 1381 3295 1009
1 42
1 1870
1 2939
1 3307
3 1372 126 2118
1 2676
1 1030
2 2501 3482
6 2249 168 414 516 359 1206
6 2401 2113 1704 3293 3459 637
2 2487 1024
1 2444
1 1967
1 952
1 1411
4 562 1361 199 3546
1 923
1 163
3 3184 2542 2631
3 239 2212 2366
2 137 2752
1 2735
8 2815 1869 1638 2475 1920 2641 3196 708
1 845
3 1356 559 1956
3 3029 1473 2034
1 595
1 630
1 2638
1 2512
2 1335 3337
1 1034
3 524 2242 1035
1 2684
1 1939
2 1037 15
1 2410
1 3365
2 3353 2582
2 2993 3414
3 2065 1199 2998
5 2444 1950 844 1651 1184
2 1852 658
2 2670 2629
2 2048 704
3 3301 1505 1457
1 632
2 2403 1444
1 3481
2 2981 2706
3 2843 2644 2972
1 479
3 1798 3079 2686
4 390 2053 1326 1975
9 2781 1481 3141 2300 1003 2667 1857 3227 1371
2 2985 2213
2 2849 3540
5 1084 2174 3481 2564 832
3 3067 3184 1327
1 675
6 2514 439 665 2849 1743 1723
2 1494 2141
2 2697 1977
1 3486
1 3444
1 3474
1 2681
1 2175
2 1634 2093
1 834
1 3326
1 885
1 2467
1 3295
1 980
1 231
1 1540
2 380 1902
2 3121 1144
5 1003 1887 2526 690 2373
1 2602
1 1082
1 1635
1 2291
2 3384 1036
1 140
1 2083
3 1404 521 1702
3 1597 2886 3398
1 2629
1 1335
1 567
4 337 1732 277 625
2 2507 1153
2 2100 755
1 3527
2 3434 496
2 2908 2117
1 382
1 182
1 1402
1 2099
4 3465 728 2218 1210
4 1105 117 793 561
1 2978
1 1775
2 2831 2375
2 1131 3095
1 1925
1 2625
1 3183
1 2903
1 1852
1 2182
2 1831 3328
1 3431
2 1382 758
4 2107 2777 1152 1990
1 148
2 1525 1645
3 626 3219 947
3 115 1001 1015
1 1585
2 3298 374
6 1411 1084 1966 1355 1229 473
2 1263 383
1 1119
3 2534 259 274
2 3560 1506
3 615 1258 1873
1 940
3 667 133 2012
1 1535
2 862 2807
1 1333
1 2877
1 612
3 816 1418 1518
2 890 1687
1 1622
3 3532 90 1218
2 1149 3128
1 1239
2 2459 938
1 2845
2 1549 734
1 1671
2 108 2160
1 1402
4 1485 1685 3076 1892
1 2411
2 3123 508
2 2019 338
1 1893
1 2066
1 46
1 3061
1 3198
3 937 1104 2701
1 1096
3 1691 2236 600
1 1494
1 1284
2 1349 3409
1 1213
1 738
4 2198 113 2379 563
4 2434 1023 1557 2635
3 670 1476 1309
2 3191 3074
1 339
1 228
1 67
2 2832 1726
1 1994
1 133
1 859
1 1064
2 811 1489
1 1183
2 3120 2860
1 862
2 2066 1132
5 556 80 599 1433 1875
7 904 115 1137 3125 909 2132 2391
6 3400 1285 812 2271 889 978
4 3035 1294 1175 997
1 3289
1 410
1 3217
2 835 493
1 1021
3 68 1597 1502
1 582
1 2132
2 2666 3495
3 2113 2962 2569
1 2501
1 1064
3 596 269 2208
1 1524
2 3502 307
2 2703 303
3 354 3041 3435
1 2222
2 1654 3238
2 362 3098
1 1719
1 889
2 2922 2033
1 1769
3 796 2688 3181
1 2784
1 2867
1 2672
3 2036 1995 3075
1 2049
1 2014
1 2553
2 255 171
2 664 930
4 227 67 463 3386
1 2844
1 1305
1 1108
5 3043 2453 2995 701 517
3 255 3051 790
1 395
3 911 3117 1479
2 1084 1744
5 2908 491 3460 955 3144
1 1296
3 55 1304 484
2 110 916
1 2312
4 1269 2916 635 698
2 2792 2915
2 2939 2322
6 858 2394 62 328 2855 583
1 2922
5 1549 912 1445 513 10
2 1307 3245
1 3418
4 2970 2690 1752 118
2 858 700
7 2781 2853 2534 2353 3542 1815 61
2 1323 2692
1 3438
1 2759
1 2427
3 921 3370 2002
2 305 3514
1 1707
1 75
3 2129 3256 3317
3 1076 1699 2649
1 2872
2 3046 1092
2 2866 954
2 528 2627
2 2339 1322
1 1162
1 2852
1 3233
2 909 520
2 3520 1496
2 2453 314
2 701 1830
2 3008 1678
1 367
1 426
1 3054
3 3136 2127 2687
3 1811 2386 3458
2 985 1234
2 2431 651
1 2818
4 2614 3233 1425 1225
7 1295 2489 535 3515 182 595 1439
2 2430 3149
1 1003
4 1379 2476 3292 2594
1 2898
3 227 2811 208
1 3284
1 2146
4 3056 3084 1332 2226
1 2853
1 1476
1 403
4 2697 3555 760 702
1 150
1 229
1 2351
2 1398 1670
2 837 1972
2 2301 2275
4 2398 992 1562 2327
2 20 298
1 2429
3 2514 3188 2656
1 934
3 2401 1796 3049
2 1920 2325
2 2570 908
2 48 2798
2 2819 1909
5 1852 2964 102 2547 2479
5 2514 2097 960 971 3285
1 2174
2 3355 688
1 1332
1 2268
1 1651
4 250 1921 1503 1125
1 1938
2 1169 2949
1 2199
1 6
2 3354 3147
1 1714
1 1625
1 3536
1 904
3 516 3294 1946
1 382
2 885 1989
1 2855
3 1506 863 3187
3 1945 2712 3088
1 1495
4 2853 2975 2050 2938
1 1809
2 621 1280
4 796 1245 1517 3500
6 904 3326 3465 948 130 778
3 2234 2522 120
1 2214
2 719 2762
1 3294
1 117
1 2321
1 1612
1 2168
1 875
1 1444
1 719
3 1366 1877 3470
1 2917
1 1945
3 2068 3113 1609
2 1899 3153
1 1221
1 2293
1 359
1 2797
1 1780
3 390 185 1677
1 1774
1 3114
1 743
3 960 2086 1190
2 2673 1564
8 1037 999 1834 403 2718 201 1167 867
1 2600
1 3013
2 1417 2960
2 177 587
1 122
1 1530
1 1354
4 2614 494 3534 2689
1 2886
1 2908
1 3400
3 1449 1844 2823
1 835
1 3359
1 1294
4 1138 1291 271 3501
1 3136
1 461
2 1171 3439
1 1118
2 2987 681
1 701
4 1417 3325 3017 924
1 1586
1 2992
1 555
1 3285
2 2387 1099
1 1864
1 1023
1 882
2 1600 346
1 3262
1 49
1 792
1 3
3 2666 603 1827
2 2817 1337
2 1985 2597
1 190
1 2136
1 152
5 195 2864 2668 1876 2897
1 1215
1 396
2 1178 777
1 1046
1 1069
2 3460 1567
1 3345
1 358
1 2224
1 3231
2 2815 1715
2 1127 1462
1 2256
1 2824
1 3174
1 3207
3 1998 1713 717
1 2515
1 2304
1 984
1 488
1 752
1 796
2 742 2875
1 2454
1 1071
1 615
1 962
1 2007
1 863
1 585
3 2759 1056 2607
1 1659
2 1914 2381
4 309 1409 1068 1154
1 2832
1 309
1 2689
2 898 3310
1 2645
1 1105
1 770
1 2253
1 3163
1 1108
2 2367 1689
1 2460
3 887 1630 2596
1 3298
1 2509
1 3168
1 1602
1 3109
1 3543
1 2909
1 1189
1 1326
2 385 1949
1 622
1 227
3 3550 2178 96
1 974
1 1966
1 1757
1 2353
1 3341
1 1624
3 914 1471 883
1 206
1 1942
4 1720 985 719 2901
1 435
1 3547
2 3177 1181
1 3141
1 3306
5 2210 3400 309 885 74
1 2198
2 2539 3558
1 2628
2 1732 263
1 2821
1 1002
1 3275
1 1054
2 2743 2362
6 2234 3271 2979 216 105 2361
1 853
7 1084 3119 1664 190 2083 1399 1469
1 3505
2 168 340
2 2899 630
2 2690 2077
2 1411 2016
2 3205 2315
1 3428
1 201
2 3306 2238
2 458 2574
1 2195
2 2413 1749
1 2406
1 852
3 819 1340 268
6 1149 1907 1192 1053 459 2047
3 1379 3529 1022
2 3184 1358
2 3056 334
4 2781 2800 2952 94
1 1486
1 2302
1 1540
3 1763 1938 2874
2 1704 2725
1 390
4 2664 1307 2833 624
1 2430
4 2019 282 699 38
1 1292
3 562 2912 826
1 113
1 2502
2 2695 3385
4 1436 2645 469 3506
1 99
1 808
1 2051
2 1322 638
1 1506
2 3307 1510
1 2398
1 2305
1 1098
2 2774 3040
1 612
11 1052 2514 3056 3146 643 128 1020 546 2593 1708 1224
5 2853 2923 673 3034 3234
1 2255
1 1434
1 2480
2 2339 2415
2 3527 2116
2 3148 1087
5 1868 1170 1103 3045 2662
1 238
1 1663
1 2302
1 999
1 187
1 3197
4 2672 49 1797 995
1 2672
1 297
2 2254 2604
3 2918 2565 3266
2 648 2767
3 1379 1660 399
3 1671 2156 3077
1 225
3 335 655 1951
1 1336
2 3512 1465
1 3268
1 3446
3 913 2913 329
2 736 1212
3 2681 1165 822
2 524 417
4 2249 2417 2188 3432
4 2693 2460 349 119
1 2177
3 2658 1314 353
1 1037
4 2520 2229 2904 2523
2 1876 1672
3 337 3170 1391
1 177
1 2833
2 3140 1833
2 2986 2183
2 81 103
5 2982 1686 2502 299 1706
1 1681
1 116
1 3385
1 1821
4 1398 3205 2351 2782
1 1923
2 914 531
1 3331
1 1323
2 2919 2654
1 1381
3 912 3487 814
4 389 2792 542 2006
1 2873
1 79
2 379 3083
2 1171 951
1 1279
2 680 2345
3 212 569 2906
5 1481 835 2796 1292 1826
2 2332 1369
1 3247
1 2828
1 3201
1 2571
2 1652 895
2 49 580
2 2502 386
2 1410 200
1 1344
2 1419 944
1 2564
4 1336 1237 72 2418
3 137 2354 3176
1 2970
1 3448
1 2118
1 812
3 819 1759 1233
3 2840 2563 1110
1 2182
2 706 3563
1 1683
1 1474
1 846
1 879
6 3371 2338 3024 2312 2064 438
4 2614 3504 153 1531
2 1572 2095
2 1029 977
2 195 3048
5 2614 779 1780 2469 932
2 163 3333
1 2490
1 1250
1 1607
1 1084
1 646
2 3163 423
1 1958
2 631 1792
3 3379 727 351
3 568 137 3015
2 537 355
2 407 761
1 1488
2 2436 514
9 2255 1171 1149 1148 2598 2986 1115 1021 1574
4 2353 2663 2363 265
1 1857
1 3132
1 2609
4 2775 1881 3307 1509
1 48
4 663 2504 3362 308
1 1027
4 904 756 2189 2060
3 3436 1346 160
1 1172
3 1046 47 1186
1 206
1 2448
1 2437
1 207
3 2493 3279 226
2 168 54
1 1566
1 1382
2 934 3488
5 2353 2412 1572 3232 2605
2 1176 2186
1 965
3 382 2742 3218
1 3001
5 1037 1098 862 2702 410
2 641 169
2 3263 3103
1 914
1 389
1 735
1 1868
4 2853 1401 1158 2708
3 2261 114 1573
2 1688 2778
3 3481 3393 1890
3 115 2599 833
3 1410 92 2561
6 2815 1223 321 1305 2146 205
1 819
4 115 2540 173 2364
1 2626
2 218 2900
1 378
1 2023
3 2241 2344 2990
2 2781 557
3 784 2992 860
2 1993 192
5 1295 1397 619 186 3215
3 1 1539 1511
3 999 2091 480
4 2601 1707 3543 2172
1 1340
4 3319 1168 3092 1208
1 3461
1 2694
2 2982 2414
2 212 2257
1 279
1 1106
1 1856
1 2642
5 2401 556 2468 2758 2380
1 2412
2 1347 2696
1 868
3 1852 2584 1443
2 2658 692
3 9 1090 979
2 1718 3202
1 1171
1 912
1 975
1 631
3 2067 2430 1012
3 2338 3168 903
1 1425
1 95
1 1995
1 90
4 1665 1091 483 620
1 1345
3 2956 3059 1458
3 1137 1451 2634
3 156 3004 95
2 401 566
1 1217
1 1178
2 2845 291
1 2205
4 2234 1474 571 3447
1 562
1 669
2 197 2622
1 486
1 3546
4 1366 2903 1553 2455
1 255
1 3379
1 1905
1 1454
2 1361 1983
1 2121
1 652
2 1349 2119
1 324
1 219
2 1320 3159
1 2145
2 2695 2887
2 1629 2155
1 2218
8 537 904 1250 722 712 1611 2889 1179
2 3465 3502
1 743
2 1541 1551
1 2889
1 3293
1 1342
3 3029 1227 1761
3 3166 3320 2419
1 481
3 679 2240 3471
1 276
1 1418
1 827
3 3485 2388 418
2 3267 2497
2 249 2125
2 2054 1642
2 2228 2342
1 751
2 2409 2733
1 909
3 229 3334 548
1 913
2 3022 1281
1 2636
1 2127
1 1921
1 546
4 2210 2457 228 2433
1 3271
1 1504
2 2864 286
1 2682
1 2469
2 2297 2420
4 3043 1263 636 127
4 524 3235 1164 2529
1 726
2 216 1700
2 321 8
1 3164
2 2670 800
1 2068
1 2602
4 1414 2286 2809 1666
7 904 227 3189 2496 3557 1089 1424
3 414 3106 1060
2 1100 1934
3 1824 2618 617
2 722 3091
2 512 37
3 2670 2402 475
5 3379 2206 1987 751 1470
1 1943
1 238
1 603
1 2037
1 674
3 1932 2980 162
2 2023 2739
1 3017
1 2242
1 3418
1 2563
2 3560 1045
2 3324 1863
2 3505 235
1 1095
4 3444 1523 1841 3209
4 643 2743 792 1674
1 3097
1 1191
2 2881 267
1 426
1 3089
4 858 709 2346 2106
4 2182 2269 2490 2699
3 2602 149 2223
1 1556
1 25
7 2234 1840 828 454 2158 387 1067
1 431
3 1376 2770 3464
1 1412
3 2682 1694 3107
2 3481 740
1 2516
1 474
3 1459 2748 2128
1 1192
4 219 3359 2528 432
2 6 501
3 3356 363 1561
1 2207
4 2861 1136 249 1772
2 972 3065
1 1643
1 299
3 2864 2147 2965
2 1937 2524
1 2451
1 1251
1 1051
1 3064
10 1037 3444 2434 2210 1850 426 2107 1176 1693 2787
1 854
2 1517 1268
2 589 2665
1 1861
2 229 3110
2 2139 902
4 1349 2061 2556 3287
2 1389 2191
1 3410
1 166
1 3446
2 754 446
1 511
1 2983
8 219 1365 589 3522 1932 868 319 281
2 3306 538
1 2904
3 2659 774 616
2 2397 1806
4 828 1917 3053 2643
13 0 1037 2014 2398 3354 2437 2285 2444 3418 3208 2646 2291 1901
2 276 1776
2 2074 1276
1 2320
1 1056
1 495
4 3099 2049 3383 553
2 46 721
4 2997 2326 2369 3251
2 1217 3399
2 349 3455
3 397 1169 1255
3 2412 435 3453
3 1058 2324 1669
2 2206 52
2 1115 441
3 1542 2274 2812
2 1215 3161
1 3336
2 2271 452
1 1653
1 2613
1 3522
1 3252
1 3053
2 3174 614
1 3271
1 2587
1 2549
3 1302 2737 2603
6 2255 276 2664 846 791 2671
2 2174 946
1 1164
1 1140
1 2462
1 2447
2 2255 1440
2 632 2820
4 220 12 104 1710
1 17
5 3474 1219 2588 939 560
2 673 1010
3 582 2164 472
1 2496
3 3560 3044 3080
5 1411 124 1 952 1031
2 3100 1653
4 3100 261 1910 1874
1 1223
2 864 1782
4 1098 3442 1895 2920
1 3079
1 967
1 959
2 3119 350
2 885 3014
1 712
2 1993 1591
3 735 1064 3443
2 868 327
1 1858
1 3078
1 1175
2 156 3242
3 3026 1159 949
2 2964 2258
2 3418 1698
1 1594
4 2489 347 3013 1133
2 2268 1271
2 1660 3420
2 2263 3511
1 1654
3 3052 3402 907
5 42 631 3530 588 2555
2 642 601
1 3164
5 166 1049 1967 318 788
1 2787
1 385
4 3377 2967 2877 1311
1 3430
3 3271 2828 2372
5 1993 3357 2092 2632 3291
6 2815 503 1617 344 1904 311
1 1257
1 2747
1 2147
3 648 713 1157
2 2061 1266
1 1964
3 2205 770 3539
2 2841 634
2 1214 2740
1 663
1 19
2 1950 1650
2 3029 3380
5 1602 2036 2015 3456 1828
1 1980
1 3166
1 261
1 914
2 140 3524
1 994
2 644 98
1 1850
1 1849
2 2015 3213
1 2056
3 2997 896 3478
1 1376
2 243 1809
1 711
2 2263 478
1 2815
3 2861 2963 1062
2 2337 23
1 1436
1 3169
1 1463
2 2971 322
1 229
2 2553 3204
1 1523
1 2079
1 1797
4 1223 512 1238 3496
1 3304
3 2817 515 2560
2 3557 1097
1 1630
5 2838 663 3405 1748 3265
1 2143
3 1069 3085 198
2 2838 891
1 1541
1 3551
2 1106 188
4 1595 3553 2553 1063
1 880
1 983
4 3252 348 2253 2989
10 2255 2985 2539 875 3485 918 1654 3081 22 1894
1 1126
1 2758
5 2985 1366 2079 7 1659
3 2181 2411 3463
5 2434 1404 2726 377 2543
3 1209 3526 302
1 115
3 537 2600 1865
1 2514
1 3233
2 2838 2149
3 683 305 1393
2 2402 1507
4 2036 2267 2795 2080
3 886 1864 3433
1 2073
1 1904
2 6 1296
2 1932 209
1 1979
1 2137
1 2164
1 544
1 627
1 337
2 2467 1013
1 1048
3 2815 218 372
2 2893 1606
1 848
2 182 1656
5 2091 64 1636 3138 1880
3 101 1632 724
1 2564
1 2158
7 2234 219 3301 3520 2403 1524 2
1 454
4 2666 1336 2971 2013
6 2255 2950 55 2791 2029 2942
1 568
1 11
1 124
3 3441 1082 747
1 2589
2 68 2969
5 2255 1398 2934 1368 317
1 3101
3 722 206 2590
2 2470 2290
2 1290 2028
1 776
1 193
2 875 2230
3 3061 3182 973
4 1582 1623 2866 504
3 3119 2589 1788
1 2113
1 2604
3 2158 1119 436
1 738
3 3114 1500 2548
4 1933 2673 2867 1810
1 3510
2 403 2289
1 3339
1 956
1 3225
1 1052
5 796 255 2819 2424 1429
4 2079 799 107 1014
2 1998 2163
3 3056 2447 3167
2 1122 3258
2 1159 2491
2 3256 1061
1 3311
4 1379 184 3123 1247
4 1638 320 3275 1211
1 2923
2 3339 877
1 1664
3 3520 3145 1903
1 1245
1 117
1 2550
3 537 2813 2679
1 854
1 1223
3 3222 1367 3483
1 2967
7 1635 3148 733 1253 2323 2660 178
2 2206 2000
1 2472
1 27
3 2789 2031 3231
1 1131
2 612 3476
4 2175 967 3397 2298
1 2144
1 3020
1 51
1 1068
3 906 1364 1554
3 1945 1974 1885
3 2923 397 2954
2 2021 499
1 3104
1 3069
2 2602 1450
1 640
2 1302 1813
1 709
3 2693 1230 552
2 11 1386
1 3553
7 1899 1417 1275 1665 2732 1657 2407
2 3222 1781
2 2789 2216
1 172
1 3510
2 176 416
3 786 1937 584
1 628
1 1693
1 1937
1 2229
1 2620
3 1436 555 164
1 3275
1 2220
1 2166
3 934 2626 3269
3 407 1183 3350
1 2842
1 532
7 1602 2982 1484 3151 243 3493 1261
1 2685
2 940 2830
1 83
5 2544 2981 2804 607 530
5 2398 239 63 1842 3518
3 2056 2826 18
1 959
1 1375
1 2403
4 134 2538 3126 3417
1 3305
1 683
1 1664
1 2459
2 1037 2283
3 2883 75 2483
2 2729 3060
3 810 280 1301
4 2394 152 2378 1575
2 261 578
1 2329
2 2241 427
6 3326 2621 2871 9 1162 352
1 3156
1 515
1 2384
1 2053
1 1196
3 1986 245 2193
3 1414 2432 1978
2 1918 221
1 2864
1 177
3 3384 1180 2647
1 1553
3 2841 1661 3102
2 1023 1971
1 2670
1 36
1 1862
1 2836
1 1007
1 950
1 2659
1 626
1 2913
1 3054
1 1395
2 626 915
1 2083
2 1100 3211
1 1313
3 1034 2282 482
1 2295
2 2454 2442
1 2446
1 212
1 143
2 1899 532
1 1638
1 0
2 1811 507
1 1759
3 2014 2764 1043
1 2052
2 2406 1721
6 1250 1131 2068 3436 485 330
6 3056 238 2207 2507 1437 2173
1 2284
3 1917 2456 2746
1 2036
1 1083
1 1795
1 2912
3 2868 829 2018
1 3320
1 3532
1 3381
2 295 2276
7 3444 390 1994 1728 1998 1634 3437
2 913 462
2 882 2930
1 1320
1 2178
2 999 86
3 1294 2525 3535
6 2557 2843 40 3140 880 215
1 2110
2 491 966
2 3072 526
5 2870 3097 871 1466 3178
2 2530 2057
1 1616
2 615 1843
2 1400 1446
1 390
1 1375
1 2338
1 2844
1 2100
1 1524
2 1168 2154
2 407 151
2 3532 1385
1 153
2 309 2977
2 1379 3244
3 3368 3549 2078
1 2254
2 1407 753
3 1887 345 1803
1 2255
1 2568
1 2669
1 1612
1 3530
2 2903 21
1 3232
1 1104
1 1955
1 1005
1 1657
1 1275
5 212 110 1935 2084 165
4 3078 2252 2700 2578
1 2489
1 341
1 1907
2 2015 931
3 2285 1879 2757
1 2237
5 3444 2436 1757 1552 3165
4 1411 3497 3101 682
3 1763 1057 65
3 3473 142 2648
6 0 3355 2181 1400 2171 2572
1 2285
6 3067 1215 1914 813 1571 1915
2 2460 1719
2 1044 1041
4 3428 285 1344 2984
2 259 1362
1 128
1 239
1 2484
2 126 434
4 1295 1930 1249 1423
4 1033 2214 586 2162
1 3117
2 2711 1390
2 3119 2535
1 1409
1 1629
2 1568 3273
2 1728 1801
2 1600 1856
2 1025 2959
3 1603 3311 2880
5 2851 1933 2511 3133 2945
2 1223 2072
7 212 2126 1030 1886 2756 705 1072
1 2081
4 3505 1647 1419 2996
4 1148 2872 230 3288
1 2206
1 2659
1 1515
1 2041
3 1219 1559 1325
1 119
1 3312
1 1406
4 134 166 370 3033
1 2048
1 2997
2 190 2808
2 628 2684
2 1686 325
1 2975
3 598 3342 260
1 3356
1 704
1 3378
1 1720
1 142
1 874
2 3024 3480
3 2743 879 592
1 728
1 223
1 1877
3 2403 3346 323
2 6 1331
1 2983
3 862 2551 3036
1 332
1 294
4 2514 1284 3206 3240
1 2149
2 354 45
2 937 1378
2 1142 694
2 2284 602
1 246
1 2189
1 2348
3 1095 174 147
1 2039
3 2199 2722 1849
4 781 172 3090 3387
1 400
1 2604
2 2851 2341
2 2218 2946
2 1149 745
1 3404
1 280
1 1377
1 3448
1 283
1 97
2 2695 2888
1 2664
3 2079 2400 3173
4 25 1795 3130 1605
2 3056 3248
1 3553
1 1695
1 80
5 2598 2956 3195 974 3111
1 802
1 2797
1 1919
1 2971
1 3373
1 2212
1 786
1 218
1 3027
4 1142 1126 1897 3194
6 3354 2019 3388 766 461 608
3 3148 674 310
2 1474 2786
1 2050
2 320 1075
2 0 3469
8 0 1411 1602 3035 913 1872 2062 3367
1 1950
1 3090
3 3529 2856 1569
1 636
2 2777 933
2 2234 2333
3 397 3401 3257
6 229 648 2493 2516 711 558
1 3548
3 2437 511 2927
3 1958 1593 888
1 3292
1 447
2 2412 1242
4 1966 1069 769 2829
4 2997 1028 2766 1712
1 1662
1 3377
3 1872 364 3390
1 3267
1 64
1 1339
1 2538
1 1018
1 3403
1 1490
1 2710
1 2174
1 3288
2 1640 161
1 2271
1 2484
1 3449
8 906 1379 2054 5 2339 2426 1774 2370
2 1033 3229
5 239 1758 2384 3164 1011
2 3141 1633
2 2467 1663
1 2292
2 2987 1845
1 953
1 1732
2 2903 1777
3 537 3490 1117
2 2540 3332
4 3189 749 2854 1288
3 2337 1969 572
1 2796
1 2536
4 1215 3104 1463 106
3 985 1530 1799
2 1879 1941
1 354
1 448
2 3405 2575
1 1048
8 2919 2851 2387 784 3046 2409 2390 3445
1 107
3 1095 786 1986
4 885 2570 2347 988
3 3560 1093 2532
4 2621 1407 664 980
3 1030 1579 2633
3 1052 2105 1501
1 3349
1 156
1 811
5 1417 1333 506 1413 28
1 839
6 2838 2693 950 2747 129 3264
3 3431 917 1619
7 1602 1900 660 1356 2048 1688 1644
2 2827 941
2 1595 1684
1 2784
2 3146 331
1 937
3 3293 1111 3261
1 1537
6 108 2224 2371 528 3214 610
2 55 189
1 377
5 1763 3472 2228 2161 2566
1 678
2 2453 1615
2 2460 1570
4 439 3416 2609 905
1 793
5 0 579 2625 1083 412
3 2557 1071 474
2 2698 1613
2 3359 1959
1 1876
1 1787
1 629
2 2335 1492
1 1114
1 1237
1 2692
3 3222 2202 84
1 487
3 3146 2550 657
1 484
1 3476
2 1445 1729
2 2126 1298
2 2756 3299
3 2129 2974 2133
2 3474 649
1 3374
1 1159
2 695 2427
1 348
1 3424
3 2923 662 1235
1 1763
2 768 1639
6 615 940 1855 125 3058 292
1 2058
2 1834 1321
1 450
4 2113 2824 2651 1468
2 1937 2251
1 621
1 1965
1 3252
7 390 1587 26 1140 3289 1454 1730
4 1209 51 953 1818
1 176
1 1199
2 1883 2608
2 1928 2580
1 246
1 1593
2 1592 471
3 1209 460 1705
4 0 1918 50 807
9 537 1034 2838 1269 1025 428 1044 1955 3237
1 2305
2 101 990
3 835 1566 1596
4 1900 2503 2896 2477
1 1025
1 3199
1 322
1 2791
1 1238
3 660 17 3564
1 2616
1 105
2 722 1248
1 3383
2 2444 3020
1 1311
3 875 131 237
1 1318
1 1688
3 989 1594 1359
1 3081
1 1307
1 2437
2 239 3220
1 660
1 2693
1 2748
1 690
1 3227
1 1673
3 2437 3358 633
1 195
2 1872 16
2 796 3073
1 2503
1 3052
4 2764 2099 3525 1231
1 245
1 2997
1 2691
1 1723
1 815
1 1553
1 2371
3 1664 2320 315
1 2228
1 3041
4 2335 138 3096 2488
1 480
1 2443
5 115 683 1600 1981 213
3 2436 2376 2768
1 1407
3 26 3272 287
2 2889 575
2 1688 2713
1 674
1 2640
2 823 1461
2 1850 593
2 2188 251
4 2538 1406 279 697
6 2534 738 1945 3177 2073 194
3 628 2728 2248
1 2675
5 2398 2401 1147 3331 1412
4 2014 723 3339 1943
4 999 1741 2821 154
2 1245 3030
1 2397
1 2061
1 294
2 2063 1745
3 132 1396 1352
1 3138
3 1582 1300 288
2 2697 35
6 579 2797 2263 2365 2958 2709
1 1397
1 453
1 3029
2 7 2040
1 1018
1 910
4 2101 1217 505 534
1 791
1 668
1 1237
4 1250 1302 3249 1625
1 741
2 3277 684
1 290
2 1240 78
2 2323 1722
1 2310
1 2009
2 284 204
2 1743 2190
2 400 1197
1 816
2 2934 2498
1 598
4 673 3425 2153 159
1 3200
4 1993 994 2721 3554
2 3047 936
6 3326 2319 1172 852 1239 3422
2 3099 2773
1 733
6 1275 2136 1382 3364 2352 3000
1 2988
1 3323
2 643 425
1 2707
3 1900 150 3154
6 2781 1543 768 3120 3457 1256
1 2729
1 34
1 3130
2 1313 3440
1 1897
2 1560 2966
1 3382
5 3505 1582 2165 910 836
1 2299
2 1907 53
2 2838 1614
3 1148 3545 3025
1 1997
1 1659
2 3249 1088
2 1583 3329
3 11 2328 2955
3 2254 789 2279
4 3298 1628 193 2581
1 319
8 1899 2602 2760 1643 2470 404 1871 1026
1 1291
1 2899
2 2099 928
1 2551
3 3139 2452 1513
2 3097 468
1 1029
2 611 2233
1 2225
1 3388
7 0 2672 3191 250 1415 1085 3372
1 1165
2 5 2506
2 673 3281
2 940 613
2 546 2624
1 2953
1 1526
1 1572
2 1506 869
1 1921
3 1275 2659 2316
2 1409 2306
1 2299
2 2398 2940
1 3222
1 1961
3 1643 3365 762
2 2389 676
1 3562
1 495
1 1686
2 42 2204
2 2744 2783
1 2179
2 2070 398
1 3149
2 1008 554
1 1464
1 2967
3 2625 3062 2200
1 1563
4 6 2261 3027 3451
4 906 2302 2301 3226
2 2667 2445
1 2570
1 2043
3 2831 795 2505
2 828 3395
1 2176
1 2214
1 3317
2 737 1816
2 2239 993
1 2764
2 80 3421
2 1707 707
4 1149 2459 39 1716
1 3441
1 1292
2 1585 2683
4 985 3556 143 3314
5 1852 179 2454 2309 2685
3 3035 1537 1244
3 3210 1435 1232
1 3236
2 2475 1508
1 3366
2 1541 3412
3 2544 3284 1040
2 950 3137
1 1498
2 1058 1073
2 2759 3038
2 906 605
2 3394 2017
2 2693 3152
1 3493
1 3556
5 1147 101 1629 525 1737
1 3127
2 2430 2994
4 3191 3061 996 3221
2 2621 1942
5 1411 132 3550 2818 1838
1 249
1 101
1 1587
1 2480
6 1899 407 4 2883 845 2857
1 1676
4 2489 444 2776 1906
2 1636 3093
2 138 29
4 2534 1018 148 527
1 3133
1 1708
1 3034
2 846 763
2 994 2558
1 3401
1 3515
1 2124
1 3224
1 2272
2 1299 293
4 1147 3486 2005 1807
3 2817 2331 2170
1 2666
4 238 2137 2355 767
1 2470
2 2092 1814
2 174 2374
2 1939 3479
3 786 332 296
1 3268
1 2758
5 1349 3349 2280 1778 3391
1 1083
1 1980
2 2982 1837
1 2625
4 42 1299 1173 3454
1 672
1 1568
1 2452
2 3424 1467
3 1415 1375 1870
2 1170 547
1 3358
1 1685
2 1657 210
4 2175 2827 1293 234
5 1005 3512 972 984 606
6 3067 3139 626 339 1526 14
1 1303
1 409
1 2774
2 2764 3452
1 1379
2 3472 1913
2 3486 1514
5 1033 304 3366 32 2925
2 3262 3023
3 3277 79 1970
1 2086
1 1273
1 2378
2 1950 1858
1 2732
2 596 1779
3 2255 60 91
1 2198
4 3354 1100 3121 3250
1 2585
1 3423
1 2363
1 2861
1 2065
1 3363
2 3295 1546
1 2039
1 1477
1 2943
1 3139
5 220 2881 2487 2515 3082
2 3370 1246
2 1098 3160
2 227 2465
1 3100
2 1411 2948
3 739 787 1278
1 2816
1 757
2 2493 1773
2 2036 2652
3 1634 1620 2408
2 1900 3519
1 2166
2 71 3122
1 2919
1 1562
1 212
1 2732
2 181 253
1 2318
1 3325
1 2641
1 1598
1 102
2 589 1968
1 2760
2 3008 3050
1 3210
1 2263
4 1098 2397 2907 2278
1 850
1 3559
1 68
3 1611 2473 203
1 2788
1 2471
1 3525
1 878
1 2859
3 389 3200 1753
2 738 2043
1 2851
1 2387
1 1918
4 132 2144 798 2801
3 837 3172 1926
1 2530
1 779
5 1850 88 2337 2159 2281
2 2973 744
1 2688
1 3468
3 2476 2527 1847
1 9
4 3319 176 3201 3010
1 506
2 2031 1287
1 1291
1 3070
1 1347
1 992
2 3126 1641
2 1665 1747
1 1162
1 2241
2 2698 2810
3 2908 1544 1254
1 3301
1 2338
2 1638 2793
4 1366 343 2859 2134
2 1681 1696
3 1356 3217 1430
1 972
1 3534
4 989 1480 3054 1812
1 2888
1 247
6 2434 335 1205 934 1402 3290
1 20
1 3502
2 1126 2383
4 1250 396 2545 894
5 1005 2250 3541 1861 1839
3 2019 1893 1360
1 3498
1 305
1 1802
2 2692 2474
2 42 2705
1 569
1 3118
1 876
1 3407
2 1611 3108
1 347
5 786 3277 2070 297 543
2 2137 2610
1 781
1 762
2 439 3031
2 937 2195
2 1743 3243
8 1692 2557 3026 921 1194 3450 780 1427
1 834
1 1471
1 3051
1 156
3 2985 1953 3344
1 2826
1 1999
2 2151 146
2 878 341
2 199 2273
1 1387
1 7
3 2986 2478 2463
1 595
2 128 1829
2 2714 533
1 3413
1 3331
2 1114 1770
2 2726 861
2 3515 746
1 3415
3 3174 2846 449
1 2531
3 940 207 196
1 81
3 660 1395 801
10 2255 3377 108 3210 2775 887 3441 621 1676 3489
5 2670 1108 1196 223 1667
5 999 3449 2222 1279 2715
3 2338 1178 455
4 2950 3186 1007 241
3 2220 2873 1734
1 11
1 536
1 2021
4 805 3527 33 3216
3 3029 3374 375
3 3084 1394 222
2 3199 3124
1 2781
3 837 2642 31
1 1103
3 1607 3223 316
4 858 1993 382 240
1 3067
3 983 1200 2769
2 3364 2891
1 603
1 314
5 3354 389 2335 830 2799
2 132 2717
5 3400 2182 284 2008 2115
1 2352
3 1052 2612 43
2 456 3042
2 2261 2933
4 1205 2568 1441 731
2 1886 1948
1 1578
1 2744
3 2775 46 3066
1 304
1 2800
1 3174
1 799
2 2051 1050
2 1033 3132
1 3105
1 291
1 2496
1 1445
1 2264
6 1840 1542 3379 3413 1203 1731
2 2788 3157
1 2328
2 1216 2806
2 920 2750
4 2387 771 2836 1350
1 949
2 304 3316
1 537
1 1520
2 387 2243
1 278
3 3125 1324 1078
3 3400 385 3343
1 1396
2 665 3348
1 2868
1 2544
4 2255 2321 1599 2192
1 3433
1 2325
1 3112
1 3026
2 683 3212
4 454 873 3183 2895
2 3022 1264
1 1302
1 512
5 535 2675 502 448 1859
1 252
2 725 2336
4 537 337 2852 1472
1 1932
2 2413 3419
3 3472 1453 1130
1 1560
2 2601 2024
3 2614 270 847
2 1069 1604
1 1739
1 3039
3 3354 2441 3115
2 2305 83
1 2313
9 2234 796 2614 1095 2666 839 2198 1421 1282
1 2838
3 40 1927 2245
1 2107
3 950 1982 2753
3 3356 3533 2814
2 3326 1338
1 3099
2 3195 73
1 2267
1 3179
1 2265
1 2353
1 3035
1 1630
2 1366 361
3 1587 1769 82
2 12 2071
1 1211
1 2402
1 2212
4 1692 1459 2130 136
1 505
1 3557
3 494 3508 3274
1 2780
1 1704
1 2139
4 2864 3434 3197 123
3 1148 2669 433
4 1269 2295 2890 1422
2 967 368
2 2495 2885
3 805 1312 217
1 2365
1 3170
1 2721
4 1414 2051 2215 1405
1 1364
1 2487
3 562 726 470
2 2398 2143
3 3163 3198 1420
1 1957
1 2035
1 3354
1 2825
1 282
1 1176
2 2534 3134
1 12
1 1552
1 2382
1 2667
2 695 3308
2 918 654
1 1691
1 1736
3 2130 1558 3303
1 50
1 1994
6 1171 3043 2697 882 2196 1853
1 1887
2 887 30
2 3468 549
2 1323 1039
3 158 2518 2461
1 2326
2 3190 1925
2 3530 3537
1 1608
5 1635 598 3347 3158 365
1 553
1 93
1 2539
1 3234
4 2434 2480 254 1622
2 1003 714
3 2249 540 2277
2 1205 1141
1 2358
2 2956 3259
3 2404 358 3561
4 3363 1214 1905 1452
2 1077 855
3 1869 2784 1128
3 2329 3513 2650
1 256
4 63 1497 2638 2611
1 3449
3 1728 964 3297
1 2620
2 728 1679
1 3513
1 557
1 2346
2 1413 1353
2 3306 1193
3 1602 1048 3547
2 2068 1817
1 1020
3 3047 1019 1220
2 1372 2112
2 3542 1836
3 665 810 2790
2 2642 689
3 3141 1824 366
2 1333 2392
1 706
4 2394 640 2513 2761
1 3024
2 1647 1204
3 3118 716 3135
3 2175 2385 3467
1 1842
2 579 3254
6 665 1485 2299 2842 2194 581
1 3526
2 343 3086
1 1988
1 2929
1 643
