685
9 46 147 236 349 195 426 459 257 271
1 307
5 116 539 439 66 643
1 621
5 349 645 649 348 639
1 29
2 227 157
1 335
1 213
1 574
2 537 442
1 123
1 538
1 251
1 353
1 278
1 142
2 407 339
2 125 533
3 147 412 283
1 209
1 543
3 265 516 180
1 245
5 409 142 63 660 605
1 663
1 612
2 262 369
2 91 618
8 400 541 585 313 282 404 641 5
1 177
1 246
1 325
4 371 450 323 362
5 619 635 554 82 615
1 282
1 437
1 164
2 468 411
1 208
3 137 599 392
1 53
3 617 484 438
6 147 116 175 586 209 197
6 46 603 409 91 537 293
2 504 342
9 0 624 255 44 334 72 472 162 341
1 648
2 116 433
6 642 612 221 345 135 127
4 349 153 491 78
4 213 266 373 95
2 227 128
2 291 41
1 610
3 622 573 144
1 603
1 645
1 614
1 292
2 124 80
3 604 259 497
1 371
2 24 340
1 590
1 638
1 2
1 414
2 255 606
2 599 584
1 525
1 303
5 46 405 359 608 677
3 443 237 370
1 466
1 277
5 84 568 494 502 534
3 504 683 408
1 50
5 597 196 113 524 595
1 60
1 409
2 34 499
1 637
3 493 617 76
3 493 601 377
2 407 215
1 174
1 289
5 378 663 661 435 309
1 626
3 44 28 305
1 153
1 665
4 175 320 274 275
1 51
1 197
1 423
1 585
3 414 579 145
2 651 623
2 349 168
1 568
1 405
1 490
2 137 167
1 512
2 172 445
2 118 138
2 125 578
1 363
1 298
2 418 260
2 79 296
1 603
4 334 505 473 531
7 43 626 48 2 423 658 317
1 250
3 259 108 329
1 426
1 417
2 240 664
2 349 632
2 395 11
3 385 60 557
5 292 18 109 654 210
1 668
1 49
1 52
1 489
1 420
3 378 314 673
2 587 158
1 501
1 610
1 49
1 383
5 597 463 40 105 485
1 108
3 256 303 446
2 555 258
1 196
2 24 16
4 674 382 353 165
1 55
1 99
1 379
9 0 619 43 378 19 183 249 263 397
2 274 218
1 559
1 655
2 240 565
1 179
3 50 467 92
2 405 242
1 292
1 607
3 6 474 549
1 132
2 433 368
1 179
1 544
3 46 247 304
1 374
3 612 190 37
1 143
1 198
1 105
1 101
4 619 381 189 553
3 541 614 513
2 189 272
3 512 107 487
4 349 297 650 367
2 363 87
5 43 94 598 458 178
1 320
3 589 393 30
1 175
3 378 152 160
1 22
1 266
2 618 633
3 147 335 462
1 225
2 466 288
2 250 347
2 604 447
1 479
3 169 171 482
2 164 311
2 266 532
2 525 193
1 192
1 495
3 0 420 229
3 79 662 141
2 43 96
2 232 166
1 299
3 461 376 611
1 420
2 493 577
1 415
1 247
1 330
2 631 563
1 533
2 505 39
3 43 20 556
1 125
1 523
3 450 535 387
5 493 51 371 385 8
1 653
2 86 235
1 385
1 227
1 148
1 574
1 402
5 49 607 644 398 470
2 439 284
1 409
1 591
4 405 184 519 333
3 626 571 270
5 504 475 6 217 52
2 468 328
2 195 651
1 238
1 257
4 612 383 198 427
3 262 655 254
2 520 453
1 215
3 0 500 471
2 73 591
3 601 230 336
1 407
3 504 151 121
1 257
1 154
2 277 678
4 483 291 279 351
2 279 23
2 645 31
2 162 204
1 467
3 147 544 522
3 255 117 186
2 504 13
1 441
1 373
1 233
9 46 642 589 261 250 338 315 68 600
3 541 139 434
3 0 241 231
1 140
2 61 118
1 112
6 255 483 640 634 401 569
4 266 27 233 361
1 147
1 500
2 637 22
5 51 262 358 191 181
2 624 609
1 622
1 418
1 226
1 0
1 171
1 567
3 94 148 582
1 94
1 616
4 657 243 616 75
2 490 15
3 244 245 546
1 502
1 478
2 29 35
1 19
1 222
1 476
1 637
1 428
1 185
2 612 88
1 491
3 244 53 460
5 504 125 59 436 155
1 44
1 450
1 642
1 113
3 173 512 478
3 321 111 327
3 597 326 199
1 476
1 519
1 393
2 139 71
1 162
1 91
1 508
2 432 1
1 540
1 89
2 423 588
1 190
1 571
4 29 587 492 562
2 131 636
2 255 620
1 613
1 116
1 674
1 348
5 94 418 621 176 455
2 334 298
1 601
1 33
1 573
2 385 32
2 299 365
1 298
2 228 332
1 118
2 626 205
2 489 576
1 328
1 225
5 46 115 321 501 344
2 183 7
1 238
1 494
3 255 352 676
1 17
1 63
1 46
1 45
2 682 560
1 334
2 49 451
1 433
1 186
2 4 319
7 0 173 4 50 101 122 419
1 539
1 244
2 338 647
2 143 14
1 458
1 654
1 667
2 444 388
1 266
2 72 547
1 680
1 262
1 33
3 476 174 110
1 416
1 326
1 395
1 173
1 159
1 27
1 73
5 213 33 622 570 62
1 545
2 51 253
2 474 163
1 484
2 200 452
2 85 430
6 147 89 131 179 508 517
4 604 610 580 146
1 662
3 169 488 574
2 143 583
2 232 136
2 488 390
4 213 124 325 216
1 504
1 212
1 357
1 650
1 384
2 585 486
1 40
2 177 302
1 587
3 630 123 366
1 630
1 147
1 221
1 657
6 624 29 555 630 425 526
1 261
4 468 490 422 220
2 601 498
1 29
4 72 225 154 103
1 483
4 589 239 86 17
1 77
5 44 24 510 223 81
1 649
1 38
2 19 552
1 682
4 626 682 99 67
2 568 203
2 645 364
2 631 120
3 320 112 269
1 349
3 195 130 201
1 579
2 402 521
3 116 310 97
1 555
2 400 429
3 0 566 119
1 232
2 488 287
1 425
1 377
2 518 548
4 617 307 528 592
5 48 159 437 545 346
1 256
2 89 440
2 292 671
3 433 36 666
1 42
3 2 222 480
1 435
2 585 252
1 10
3 504 73 514
2 650 357
1 107
1 139
1 187
1 475
1 457
3 33 212 294
1 345
1 376
1 234
1 472
1 320
2 468 638
2 510 449
2 175 354
2 0 627
1 291
3 642 200 507
1 183
2 137 525
1 622
2 601 613
3 505 185 74
2 153 248
6 504 402 456 228 38 530
1 617
1 221
1 236
2 46 454
3 115 667 669
2 157 374
4 227 604 637 448
4 624 363 285 300
2 478 679
3 297 477 281
2 617 188
1 439
1 589
1 189
4 261 244 406 495
2 42 375
1 137
1 391
1 172
3 381 384 428
3 566 331 129
4 402 520 278 104
2 50 290
1 313
7 619 213 84 85 656 202 581
2 76 337
2 483 194
1 580
1 61
1 403
1 82
3 236 509 264
2 334 133
2 76 280
1 586
10 624 227 292 468 443 77 240 251 45 386
3 115 466 208
1 602
1 461
2 378 306
1 500
3 409 457 652
1 518
3 297 172 106
1 170
1 443
2 616 594
1 22
1 378
3 520 431 511
2 225 301
3 490 518 234
1 422
1 249
2 631 211
1 79
4 463 625 192 70
1 400
1 628
2 432 675
1 660
1 468
1 115
1 191
2 18 207
1 76
1 212
1 644
3 44 10 558
2 635 12
3 2 543 350
2 637 308
6 29 631 256 170 561 672
1 635
2 539 21
2 249 161
2 433 372
1 279
1 359
1 431
1 157
1 648
1 683
1 412
1 169
2 34 596
3 400 140 424
1 209
1 124
1 537
2 642 149
1 343
2 541 670
1 313
1 206
1 630
1 151
3 426 489 593
2 656 273
3 76 415 102
1 261
1 371
2 226 312
1 680
2 55 324
3 381 9 219
1 661
1 331
1 202
1 109
2 99 421
2 379 496
1 493
1 274
1 382
1 69
4 29 391 441 98
2 43 503
4 313 680 132 394
1 310
4 255 407 481 177
2 628 64
2 237 224
1 432
1 566
1 515
1 79
1 554
4 603 137 79 299
1 175
2 40 69
1 255
5 85 465 238 403 322
2 630 506
4 44 597 56 114
4 475 61 379 187
1 24
1 68
3 221 629 156
2 72 681
1 267
3 379 54 134
1 200
5 49 232 164 289 26
2 465 316
2 170 58
1 34
3 277 515 276
5 84 42 432 479 469
2 28 182
5 147 493 657 169 34
1 315
2 320 3
4 371 55 268 464
1 100
6 46 504 400 476 267 659
1 525
6 116 674 414 226 330 90
1 459
3 657 590 527
1 607
5 400 602 395 564 396
4 541 523 417 206
1 122
1 182
1 261
3 34 538 542
1 314
5 475 265 540 286 83
2 456 65
1 4
3 261 648 653
1 29
5 255 49 461 559 295
1 2
2 221 536
4 4 246 416 57
1 659
1 352
4 640 550 665 47
2 4 410
4 173 444 668 389
2 229 100
1 510
2 640 214
2 125 355
2 233 150
2 493 567
5 619 277 628 399 684
1 116
2 624 646
2 24 529
2 89 575
2 196 380
2 89 25
1 121
2 648 93
1 437
2 473 356
2 650 126
1 473
1 561
1 436
1 541
1 131
3 626 143 318
1 528
1 338
1 72
1 243
1 477
3 587 360 572
1 608
3 414 343 413
2 77 551
1 657
