1808
10 254 151 114 212 391 1417 771 1278 1676 1655
1 396
8 888 279 303 1782 137 486 826 1140
2 251 760
1 1495
2 914 1164
1 1186
1 810
1 830
2 1124 1046
1 959
1 996
1 1166
1 675
2 461 1455
1 362
2 1024 1033
1 133
1 592
1 1679
1 89
1 417
1 888
2 604 1168
1 1441
1 1784
1 858
1 28
2 651 27
1 319
5 880 529 321 1658 326
2 1386 329
2 739 840
2 428 832
2 389 93
2 439 355
3 653 628 757
2 1083 437
1 414
2 267 911
1 438
1 1556
1 148
3 289 228 1110
1 950
1 1793
5 1225 378 772 1637 1615
1 968
2 427 693
5 1204 361 1611 873 576
1 1613
1 1735
1 1543
1 1503
1 1507
2 303 1720
1 1132
1 586
2 906 1511
2 198 671
1 1409
1 90
2 653 325
1 608
1 1597
1 582
1 191
3 898 682 1755
1 268
2 982 192
2 1466 226
1 529
6 90 169 122 195 996 1246
1 95
1 746
1 878
4 888 145 1731 1285
2 1701 1296
1 379
1 649
1 368
2 480 579
1 437
1 413
3 663 1600 263
6 114 1280 1226 582 1255 164
1 1658
2 415 290
4 1679 359 1022 1260
7 279 1719 197 440 1377 1475 20
4 710 72 609 61
1 1457
1 1341
1 34
4 685 689 230 737
3 242 1238 73
1 169
2 854 1767
2 1434 1218
1 1395
2 217 129
2 1759 1677
1 1696
2 1563 1009
3 1039 762 291
5 812 1496 1196 1558 1744
2 853 1685
4 1466 1654 414 1237
1 1618
3 120 829 1624
1 1603
1 601
2 1549 1773
6 1556 464 564 387 318 1036
9 0 1693 1225 581 85 599 1341 1371 839
3 653 629 1807
1 862
6 753 744 810 1433 1660 541
2 1581 1751
4 704 1795 523 1169
4 212 109 148 841
1 406
2 72 984
5 701 1148 952 869 1162
1 344
1 1210
1 612
1 1594
1 1381
1 100
1 806
1 982
3 449 1750 365
2 200 17
1 1660
1 1676
2 1781 1479
5 2 1013 505 1356 1082
1 697
1 1499
1 1484
4 586 973 1020 1052
1 1543
2 1558 742
1 1183
2 76 278
1 1025
1 1635
2 120 42
2 1201 1191
2 1699 1383
10 0 1556 812 1261 1659 844 267 407 1722 1653
4 1170 1016 1517 160
1 1343
2 903 280
1 1250
1 1223
2 1693 892
1 1751
1 1701
1 152
1 958
1 1379
2 1200 300
1 85
3 835 594 1576
2 371 1072
2 753 946
2 752 1436
4 72 668 556 96
2 1093 804
1 523
4 1774 1491 386 867
1 865
2 1197 937
1 699
1 952
1 204
2 255 1642
1 1515
1 1203
2 1351 1787
3 279 1019 1328
1 1226
1 1386
1 1078
1 557
1 802
2 948 1130
2 486 1081
1 973
3 378 517 66
1 69
2 1588 1533
1 1667
2 72 927
1 1427
5 89 806 949 1512 567
3 498 59 1661
1 898
4 1573 384 133 264
3 564 1515 776
3 1716 1214 1528
1 1217
4 818 572 1038 177
3 1028 658 1037
4 1075 1114 975 1399
4 1368 1080 467 565
1 1266
3 1761 1279 855
1 708
4 403 853 930 1101
7 0 1204 1503 504 120 420 262
5 1466 1027 1083 1438 1190
2 827 738
1 820
2 1418 1180
4 888 713 100 726
1 1038
1 810
6 685 1447 448 320 366 745
2 609 1049
2 906 1304
2 1360 1293
1 225
3 1794 224 1367
1 70
1 981
2 43 634
2 932 1312
2 94 1504
3 980 1198 807
1 1423
1 1199
1 1791
1 366
1 1262
3 653 404 1369
3 667 1419 1514
4 1261 1210 1593 1646
1 337
1 571
6 581 1384 298 95 1390 452
2 1544 447
2 257 1117
3 487 1375 532
3 1591 1687 1161
2 780 288
1 1426
3 1064 259 848
1 607
3 417 3 1040
4 1506 403 1222 549
1 939
10 0 888 710 655 1418 1591 1667 492 1534 1298
5 698 1730 430 178 1456
1 1800
4 1278 773 244 1125
1 1018
3 249 820 1411
1 1356
1 1376
2 212 1729
1 84
1 200
5 1719 1075 646 1078 1451
3 1447 1595 591
4 151 39 1671 1678
5 1225 1343 473 368 68
1 561
4 1384 1365 1354 783
1 586
2 826 1413
1 923
2 1235 1195
2 1506 1769
2 1496 573
4 498 1061 915 526
1 145
6 2 89 487 349 182 1425
1 154
2 570 1473
2 1226 1553
1 1544
1 843
3 1573 785 350
1 1502
1 372
1 247
6 1782 701 725 43 1415 1799
1 87
1 104
1 1785
4 438 1761 1386 1737
4 746 598 796 317
2 987 519
2 1477 1045
1 1503
5 242 733 1762 793 767
1 781
2 163 528
1 1536
1 1464
4 2 916 789 55
2 1707 1708
1 324
4 1635 1029 506 1520
2 407 656
1 1774
1 793
3 1706 675 1614
1 559
3 1654 1145 897
1 486
1 1039
1 1542
1 1668
1 294
4 113 412 1320 1167
4 1573 1694 343 29
2 220 1233
1 30
1 753
2 1774 1062
2 1187 305
1 62
1 30
1 949
2 746 605
1 31
1 342
1 1321
2 1640 1478
1 1196
1 713
3 1392 1649 1144
2 798 1291
2 1599 240
2 572 755
1 1632
2 1384 799
1 922
2 1793 330
2 319 1077
5 1007 381 371 124 1663
1 1749
1 371
1 1516
3 1785 1056 1294
3 279 663 712
1 285
4 1578 1579 1112 809
1 1159
3 898 1426 575
5 1693 1699 1273 1158 766
1 35
2 1392 1330
1 885
2 478 1128
5 88 1797 660 1362 1617
2 1141 1760
5 49 574 569 823 479
3 504 896 15
2 1225 836
3 420 989 741
1 132
2 220 235
2 1544 1387
2 268 80
3 398 1127 1206
3 1225 398 705
3 344 166 346
4 710 1084 1287 287
1 1170
3 464 728 1171
1 443
2 758 913
2 1170 815
4 46 461 191 1430
3 390 1172 78
1 1022
2 344 1373
1 1633
1 1290
2 200 1740
4 1611 1532 734 1057
2 172 1712
3 113 906 1738
2 914 1582
3 1409 1410 34
5 1612 379 1803 858 1100
5 0 653 909 570 1209
1 580
1 1574
1 1579
1 698
2 1486 1
1 727
2 370 369
1 1512
2 442 1339
3 1778 1464 1554
2 674 1764
5 252 211 555 1366 1205
2 237 1422
1 1679
4 623 1437 1409 121
3 151 307 1779
1 1396
1 805
4 1506 607 1557 978
1 463
1 318
3 1572 977 83
2 107 38
3 1693 929 87
1 1595
4 1441 251 1703 21
1 724
1 1114
3 212 364 1509
1 521
2 444 1648
4 1679 1177 621 1055
2 1389 1221
1 1288
2 430 1602
4 769 488 48 1118
4 449 798 33 568
3 1667 1597 1569
3 255 426 748
2 888 849
1 570
1 1549
1 1143
1 883
1 1108
2 37 82
8 888 1604 865 293 878 1695 1469 40
3 1768 35 1035
3 89 474 537
1 702
2 1782 400
3 1801 1223 375
2 1220 422
1 813
2 1658 891
1 243
2 220 936
6 753 428 1613 132 958 931
1 1417
1 1745
1 242
2 1761 1252
1 1039
1 921
1 1419
1 1691
1 1017
5 1716 592 1344 1271 935
1 1064
3 378 14 1350
1 498
3 1785 1681 411
7 113 994 586 1691 374 1087 1401
1 705
3 667 680 828
2 207 1044
1 1186
3 612 754 716
1 590
1 1491
1 674
2 268 1440
2 440 1596
2 487 522
1 658
2 1507 614
5 650 1286 874 358 721
1 361
6 1204 1345 1220 604 81 495
2 629 678
2 529 1452
2 574 1301
4 650 1256 635 1268
1 1124
5 2 702 189 833 313
7 279 559 475 245 1718 1240 1721
3 427 1766 1482
1 701
2 1727 814
1 616
5 254 1757 813 1570 1609
1 801
1 1305
1 480
2 790 1152
2 583 1276
6 812 674 277 198 1267 462
1 628
1 857
1 1262
3 1309 786 1063
1 633
4 212 1416 362 510
5 137 1245 1143 1460 551
2 306 960
1 555
1 1477
2 1177 1155
1 504
2 1083 619
1 1580
1 689
1 1754
1 945
3 1274 907 1664
2 191 627
1 871
1 295
1 812
3 1716 943 421
1 475
2 119 171
1 533
1 1772
1 277
2 1613 1103
1 300
5 30 1781 692 482 71
1 581
1 1097
2 245 1227
4 1067 1002 1086 524
1 604
1 1083
2 1486 1756
2 440 1629
1 909
1 833
5 1716 544 1590 1379 1589
1 117
1 1492
1 1463
3 540 1632 941
1 1013
1 711
1 1485
1 1466
1 252
1 1088
1 505
2 1012 1567
1 1099
1 1244
2 403 507
2 169 1610
2 1357 186
3 1417 1640 673
4 487 769 1696 311
1 1198
2 601 269
1 1645
1 966
5 113 1774 201 1400 606
1 207
1 841
1 197
1 428
2 361 895
3 391 281 432
2 1025 241
3 204 338 1471
1 276
3 361 1794 483
1 353
1 49
1 645
1 827
1 81
2 1637 392
6 114 242 1025 1028 1305 530
4 85 933 1625 65
3 1039 497 1662
1 1093
1 872
5 464 141 1747 271 57
2 803 1232
1 1447
1 1238
2 1265 470
2 266 1753
3 459 763 18
1 1197
2 165 626
1 630
1 1410
2 1149 1380
3 294 1346 1059
5 114 835 1134 1234 774
1 1415
3 1696 561 111
1 846
1 622
3 480 23 534
1 328
1 564
5 410 1544 1702 1435 250
4 1604 1768 1443 63
4 90 948 780 221
1 1368
1 749
5 1496 830 469 1032 126
1 1336
1 477
1 1647
2 1503 491
2 1457 1651
1 788
1 511
1 1141
2 423 1085
2 1575 603
9 914 704 406 1132 982 1772 1074 887 735
1 912
2 1416 1337
1 594
1 517
3 36 499 1122
3 115 1317 481
4 1204 1465 970 595
1 1591
1 1451
2 1368 503
1 228
2 484 1489
1 1797
1 1314
1 1351
1 786
1 1654
1 743
1 1437
2 982 1585
1 1114
2 1064 577
3 265 1186 924
1 1361
2 1573 925
2 1749 79
5 1693 478 484 999 1683
3 704 28 945
2 1261 890
7 391 880 1376 115 36 237 62
1 1747
7 254 685 1727 1018 677 743 1442
1 307
1 1443
2 205 476
2 886 1690
3 359 872 719
1 844
5 812 1277 1092 1516 1151
3 349 84 868
1 854
1 848
1 725
5 1627 466 238 959 1622
2 169 1650
1 1228
1 1593
1 59
1 1326
1 558
4 498 402 1166 472
2 310 13
1 1581
3 655 1806 770
1 481
1 1074
3 466 1008 1000
3 1659 1347 1780
1 67
1 1634
2 1795 1249
7 655 220 1778 94 967 1445 1526
1 834
1 1465
1 1801
3 94 1463 513
1 1403
2 1277 1682
3 529 883 1334
1 48
3 710 731 1710
3 753 1241 1335
2 1307 1560
2 1159 138
4 710 255 1559 395
3 1525 1135 175
1 1087
4 289 123 732 489
3 486 923 441
2 873 1153
6 623 1635 119 651 1697 968
2 370 465
2 1679 775
1 1715
2 1735 210
1 932
9 254 914 1506 1549 90 698 372 694 866
2 1447 546
2 349 1290
3 217 1322 334
1 1249
1 1111
1 469
1 1557
1 1778
1 660
1 790
1 478
1 1469
2 844 1258
3 1572 1109 418
3 289 1783 666
1 217
2 1449 397
2 374 859
1 1599
5 1416 1759 1149 1490 1239
1 694
1 701
3 298 1217 1202
2 385 1510
1 623
1 942
1 94
1 214
2 1245 32
2 1519 1133
1 364
1 143
2 655 641
4 117 1201 784 1358
1 220
5 914 1274 294 328 74
3 1026 1359 1513
1 430
4 1480 900 1372 611
1 787
1 1700
4 1360 1800 168 756
9 888 117 449 1039 1402 695 1453 167 322
2 469 944
1 338
1 752
1 36
4 1503 1093 376 1804
1 1506
1 3
1 1530
1 104
2 592 1047
1 1715
1 1187
1 354
1 298
1 1347
3 559 427 1462
1 677
4 0 1698 1097 1348
3 46 1146 864
2 257 1459
1 599
1 706
1 201
1 1015
1 975
1 1299
2 609 247
2 1075 299
1 1761
1 270
3 744 1601 1458
2 285 821
2 502 639
2 1604 750
2 1426 618
2 303 991
4 1461 1752 496 720
2 1581 1634
1 1521
2 298 309
1 1460
2 1652 1156
2 294 1420
3 1603 1406 1798
3 428 336 1066
1 340
1 1348
2 1776 493
2 1778 187
4 1437 1715 587 1073
1 170
2 1378 409
4 197 1487 997 130
1 231
1 1287
1 351
4 117 219 1139 7
1 914
7 151 105 498 662 1621 1734 520
3 492 966 445
1 490
1 377
1 1248
4 1418 903 1351 1689
5 1556 204 1188 1587 1023
2 954 1626
2 259 215
1 785
1 1307
2 361 1746
2 1552 1120
1 1598
3 2 272 1505
4 1376 1784 214 578
1 466
1 109
4 612 981 1770 8
1 1474
1 33
3 486 1493 539
2 1696 686
4 599 165 1323 1450
1 363
1 1071
1 1752
1 114
1 32
2 120 566
1 1172
2 1088 284
4 151 1327 723 661
1 1587
2 1220 602
2 1594 1638
2 249 665
1 431
1 1201
1 1372
3 1757 881 1050
2 211 106
3 1187 97 664
1 209
1 1362
2 1483 500
2 390 26
1 728
1 1783
1 1693
2 1627 116
3 1492 1484 870
1 772
6 438 1785 1141 1584 1154 173
1 710
1 172
1 663
1 123
1 863
2 1578 518
2 660 585
3 49 703 1174
2 478 1431
1 964
1 1280
1 1163
3 438 1592 75
1 1154
6 653 30 1620 1424 1555 1385
2 852 1777
1 1727
2 692 435
2 1555 1319
4 1635 1608 1666 357
3 1278 659 998
2 623 986
10 254 2 753 438 1716 1573 76 217 431 22
1 1359
1 652
1 446
1 157
1 1200
1 1600
1 569
2 362 1316
1 312
4 1503 353 67 199
2 1782 1432
2 749 1021
1 1139
1 1256
3 817 1449 154
1 1519
1 1475
4 387 222 58 1107
2 516 1382
1 1591
5 391 1627 1706 1275 538
1 1649
1 39
2 1097 624
1 376
7 710 623 746 388 5 1121 811
1 277
3 303 942 1531
1 1716
1 1157
1 1134
1 1182
2 1245 455
2 1013 341
2 702 273
1 646
1 648
1 1448
1 195
1 1672
2 415 1228
1 211
1 449
4 1360 229 971 709
2 582 1404
1 1020
1 459
1 448
1 174
1 1121
2 981 253
1 1665
1 544
2 916 736
2 521 1565
1 754
2 651 515
1 167
1 1555
2 609 188
3 197 327 1136
4 1604 1064 1725 44
1 1024
2 123 176
1 1322
4 1402 1434 819 1089
1 1786
2 1620 1393
1 1633
2 449 161
2 667 10
1 506
1 1688
2 985 1189
1 1309
3 1783 1236 875
1 1143
2 813 563
2 685 1247
2 704 47
1 1342
3 630 1105 1788
2 932 1104
1 1400
2 141 190
1 1742
2 206 778
1 1352
1 413
1 410
2 1426 1331
2 1707 231
3 830 939 227
5 623 1378 69 643 131
1 1240
1 122
4 1699 1199 962 1318
1 887
2 1029 295
2 1126 1796
2 364 1564
1 1637
1 789
1 1360
2 1274 1500
4 464 1088 1791 1541
1 1255
2 72 11
2 806 1106
1 886
2 650 1551
1 680
1 1595
2 533 1325
1 1454
1 1082
1 1608
1 1285
4 1612 344 1392 1043
2 680 1364
1 103
1 1274
1 1612
3 1667 552 1805
5 137 1126 922 1688 545
2 1309 1185
2 1578 777
2 152 1332
2 1613 458
4 655 1215 1090 258
1 182
2 141 934
1 900
3 88 380 1388
1 818
5 1368 1200 1254 16 951
4 581 571 1499 146
3 1727 747 1448
3 213 1732 1728
3 581 1235 205
3 306 987 1363
1 1323
1 1583
2 612 1711
1 16
1 1177
1 439
1 113
1 205
2 204 218
5 753 104 583 314 454
1 251
1 1686
2 1752 1308
1 1007
1 467
1 296
1 9
1 763
1 1768
1 221
1 852
1 1418
1 141
1 1534
1 1410
1 423
2 348 1160
1 385
1 1254
1 598
1 1706
2 277 1119
1 323
1 502
4 950 249 645 460
1 1335
1 798
3 1418 533 1524
1 1302
1 1480
1 1257
2 1286 837
1 166
1 803
2 623 679
5 265 206 1336 781 1680
1 1592
1 343
2 265 185
1 1559
2 207 1771
1 189
2 137 1004
4 213 37 511 535
4 372 1574 1396 1306
1 621
2 533 1300
2 464 700
4 994 1307 843 550
1 954
2 1018 1269
2 1370 1494
1 662
3 758 170 584
1 1578
1 1645
1 1722
3 771 912 531
1 1357
2 1256 553
1 390
1 211
1 1548
1 527
1 971
2 970 1407
1 997
1 906
2 1295 436
1 724
1 43
2 1608 715
1 351
1 1391
3 206 419 644
1 1731
1 1148
1 244
1 427
1 1061
1 824
2 914 938
1 628
1 1713
4 1441 1483 9 485
1 257
2 1013 988
2 369 1704
1 358
1 1286
1 188
1 1317
3 623 1581 56
1 740
4 599 1701 1181 919
1 699
1 949
1 1434
1 1245
2 810 901
1 2
3 865 360 620
1 1220
3 505 434 965
1 335
1 312
1 772
1 1552
4 123 1498 1192 1116
2 730 597
1 1527
1 662
1 496
1 703
2 865 879
1 509
1 795
2 1572 918
1 354
4 1659 1295 697 352
1 1056
1 246
1 123
2 1345 877
1 5
1 1207
2 674 12
1 318
1 23
1 119
5 1591 152 1686 377 373
1 374
2 379 842
1 1435
1 873
1 1416
1 1772
3 423 509 1034
1 1718
1 1371
1 216
2 1134 1550
2 1424 920
2 1563 144
1 1207
1 1014
3 646 468 6
4 1612 854 324 765
1 818
1 962
1 213
1 149
1 1148
1 1231
1 1641
1 274
2 105 333
3 1556 174 593
2 231 560
2 985 233
3 1024 163 893
4 744 1421 149 850
1 733
3 1418 1776 180
6 212 49 1461 480 630 1314
1 403
1 369
3 1759 1184 1165
1 1618
1 391
3 239 125 1790
1 1272
1 1734
1 1402
1 202
2 1018 1577
1 1621
2 733 203
1 98
1 1397
4 480 444 846 1142
1 424
2 252 1518
2 443 156
1 1623
7 114 1368 46 370 268 363 1243
3 85 282 183
1 532
2 929 669
1 1295
1 1803
2 1365 1193
1 587
1 320
2 599 1669
3 1028 274 1673
2 964 1439
1 107
2 95 589
1 730
2 487 983
2 695 1765
1 1570
1 1225
3 1368 1525 554
4 505 739 921 1138
1 72
1 967
2 1368 816
2 684 714
2 1706 155
1 1398
1 453
1 1531
3 1024 1521 1058
2 85 995
3 484 1099 902
2 1321 1070
1 723
2 1336 1538
1 88
5 151 1603 1578 239 652
4 1549 236 1527 501
2 1556 1403
1 1271
2 1487 590
2 1797 208
2 498 1792
1 484
1 1090
1 1703
2 459 1264
2 1698 1211
3 354 1357 1508
4 746 516 993 1010
2 909 1631
1 497
3 662 1575 691
4 0 257 886 1736
2 209 1446
4 85 1309 1588 876
1 1462
1 1313
1 1627
1 1349
2 76 1006
4 478 1374 1071 1129
2 372 808
2 1635 425
1 1491
2 712 383
1 336
1 1532
1 223
1 348
3 1159 1108 1229
1 77
1 1625
1 254
2 1795 779
1 1086
1 483
2 1752 1068
1 1390
1 222
3 581 1502 494
1 1084
3 1088 696 822
1 1042
5 1280 502 1014 1444 963
1 1402
1 1375
1 229
2 1416 1282
2 1204 637
1 1453
1 896
2 629 1131
1 985
1 884
1 318
4 1326 1522 1257 331
2 713 953
2 835 1030
2 1751 1724
1 1002
5 1437 1321 1457 1472 672
2 844 1501
1 182
1 1575
1 356
2 979 1535
1 1016
1 1659
1 692
2 695 1065
3 1075 1259 613
1 625
1 1730
1 400
1 1604
3 114 1735 92
2 1684 969
4 268 1598 1536 153
2 459 1355
3 480 1163 1745
1 598
2 681 768
2 771 800
2 1512 1284
1 461
3 817 181 638
2 1487 976
1 1623
2 270 1539
1 1344
2 137 260
3 1273 557 1098
1 744
2 747 889
5 1693 752 932 223 992
3 1693 1395 647
2 359 856
1 1029
1 1008
3 270 1231 1723
2 403 1644
1 225
7 1225 1024 1244 207 1248 633 610
1 237
2 1749 1091
2 114 1179
2 749 851
1 381
2 1286 1468
2 245 1311
4 653 827 1641 261
1 89
3 982 805 1802
2 540 162
1 597
3 1778 1488 128
1 907
2 150 1428
5 242 270 1477 340 1429
1 880
3 293 31 184
1 367
1 1022
2 1461 424
2 242 1303
2 1437 1113
4 1007 335 356 1476
1 956
1 1719
2 1361 99
2 1084 408
2 1618 1219
2 1781 1251
1 206
3 564 1647 972
1 464
5 753 954 1775 1310 1213
2 1263 690
1 933
1 1697
1 797
1 1105
1 1717
4 406 389 1656 60
3 389 1054 596
1 259
1 1461
1 272
1 1750
2 289 600
6 504 730 1749 1313 625 1175
6 0 1572 558 1668 1645 450
7 254 1067 817 1203 216 1583 1051
2 238 456
1 796
2 1201 1639
1 404
2 1782 232
3 880 1182 1571
1 279
4 353 979 788 248
3 1623 1485 196
1 1383
1 1384
1 378
1 874
2 899 1674
1 117
3 954 98 1137
2 607 1173
1 168
5 406 1326 803 1391 642
1 213
1 1236
1 473
4 1549 1124 417 24
1 655
2 608 657
1 1309
1 685
1 1279
4 220 266 711 588
2 1026 926
2 903 727
1 835
2 265 632
1 482
2 753 1315
3 1633 1003 1763
1 14
1 255
3 1326 617 91
1 784
1 773
2 505 794
6 1204 790 1618 1389 1717 1412
3 769 1672 1281
2 689 543
2 401 302
2 630 687
8 1693 107 213 1480 1492 1652 70 548
2 1801 1619
1 1374
2 438 722
1 1490
1 572
2 1326 1606
1 281
2 1559 831
2 89 905
1 1392
3 1384 296 508
1 332
1 136
3 1466 749 1069
1 1562
1 488
3 1124 857 1675
2 863 140
2 1427 547
4 1603 396 536 1748
3 806 1265 1352
1 1381
1 635
2 730 1470
3 172 1289 471
4 1466 863 1713 542
2 833 1605
1 1091
3 1719 1789 4
4 105 612 276 1497
1 1496
3 1148 1786 1692
2 1025 139
1 993
1 1327
2 1305 286
7 212 1612 898 758 297 616 53
1 230
1 826
7 710 252 410 1801 1552 275 759
3 1641 477 54
1 1273
1 420
1 734
1 58
3 197 1349 399
1 747
1 238
2 201 179
2 662 347
2 152 1547
1 1222
3 1659 740 904
1 306
2 1254 792
2 1321 1643
1 1643
1 1067
2 1244 699
1 685
2 1262 1150
1 202
1 1694
2 1621 761
2 916 1253
2 385 1292
1 193
2 254 1053
1 1331
2 1343 301
1 1681
1 1259
1 1354
1 1584
1 994
2 1732 315
3 1791 142 52
4 607 367 243 283
1 1598
1 1640
1 1517
2 1590 1102
5 710 1441 1262 112 433
1 1181
1 999
3 1506 824 1147
1 282
1 401
3 880 884 947
7 151 113 1679 818 1197 1263 41
2 410 717
4 105 143 1562 1714
3 698 1474 1079
1 696
1 1702
2 1558 1481
3 1719 103 1183
1 989
1 943
1 1743
1 552
1 1716
1 429
2 492 1242
1 1424
4 1417 724 413 1157
5 888 200 319 285 648
2 1084 393
3 1277 622 1329
1 165
1 1215
5 1261 351 1015 871 1094
2 351 394
2 1654 512
4 1132 118 791 676
1 388
2 1418 1031
2 865 1540
1 643
1 1766
2 818 845
3 1280 193 1741
1 540
2 540 1548
5 254 1170 246 631 908
2 878 1076
2 239 670
3 1698 847 127
3 266 1001 416
1 474
2 429 64
3 1343 825 1545
3 1719 337 729
2 84 894
1 784
1 426
4 1261 1486 797 110
5 438 950 608 787 1340
1 1493
1 1472
1 1691
3 885 1111 1005
1 492
1 556
3 49 385 1628
5 1503 1007 390 1187 1011
4 449 527 1017 50
1 310
1 46
1 1759
1 359
4 1461 1397 108 1208
1 1467
3 880 956 1636
3 812 1530 1216
1 667
4 1801 1427 1353 1224
1 109
2 582 1297
1 819
5 909 667 1283 862 1705
1 1611
1 537
1 1732
1 1275
2 544 339
5 1782 1454 1754 957 382
2 791 683
5 704 306 1288 885 147
1 1620
3 46 580 990
1 847
1 1421
3 558 332 1546
3 1376 1507 1194
1 178
2 1522 1523
1 1366
3 1417 562 1095
1 239
2 1400 615
1 422
2 335 910
1 668
1 617
2 1466 795
1 151
4 107 312 1580 640
1 0
2 1409 1726
1 1768
3 30 446 86
6 151 681 1159 1519 1709 1333
2 117 134
1 198
1 583
1 344
1 516
2 1783 940
1 885
4 254 429 1012 194
3 1417 1684 316
1 1234
1 1698
1 267
2 1462 928
1 1235
1 1432
1 1483
2 0 135
1 101
1 267
6 1556 88 423 405 706 19
1 1075
2 463 1537
1 691
1 650
2 1668 1342
1 106
2 1170 1041
1 246
2 1013 961
1 817
1 659
4 464 457 1743 1607
1 1498
9 114 650 1466 354 1360 415 1361 157 861
2 319 1529
1 438
4 559 601 834 102
3 704 1733 1405
4 771 1594 1272 1670
3 354 985 150
2 1719 751
3 1134 77 159
2 607 1561
2 417 1270
1 1127
1 1627
4 909 310 1250 1060
4 1782 980 304 1739
1 304
1 1659
1 694
1 1032
1 386
2 1492 1123
1 1558
3 803 764 707
7 888 459 540 521 202 1568 917
2 1461 1408
2 487 1178
7 89 265 1563 1495 1599 1700 1394
1 55
1 487
2 151 1096
1 1365
1 1324
1 950
1 1656
5 655 1026 1742 490 882
1 1027
1 262
2 255 1338
2 76 1115
3 1027 1542 1630
1 1697
2 812 1212
3 1341 708 51
1 1278
1 293
1 387
1 1707
1 384
1 1588
2 1727 974
2 1691 1566
1 105
2 1345 451
1 823
2 586 654
1 1486
4 1416 1370 649 345
2 132 1414
3 118 1324 158
4 790 1042 1302 838
1 591
2 1633 514
1 67
1 536
2 492 852
1 1781
4 730 1207 101 1616
1 360
4 293 209 453 782
1 298
1 1454
1 402
1 1241
2 488 1586
1 97
4 608 439 1048 1657
1 275
1 830
1 1080
4 623 1793 1176 525
1 112
4 564 172 323 308
1 1402
2 1203 801
1 881
5 685 401 1381 802 718
1 407
1 681
4 529 1398 136 1758
7 2 289 1707 1633 899 442 1423
4 725 964 1665 860
2 827 25
4 865 463 348 292
2 1498 955
1 181
1 970
1 1495
1 1210
3 994 1543 234
1 1267
3 1772 342 45
2 574 225
3 119 684 1299
1 988
3 359 1266 636
1 797
1 289
2 752 256
5 1506 1623 443 1467 688
1 1378
2 390 1230
1 758
1 1012
1 677
1 115
