1 100000 10000
1 52070 1
1 57846 1
1 47865 1
1 7886 1
1 69798 1
1 79714 1
1 49306 1
1 18913 1
1 43429 1
1 15771 1
1 14811 1
1 5033 1
1 1909 1
1 63107 1
1 22861 1
1 34408 1
1 52165 1
1 12698 1
1 78113 1
1 48447 1
1 11816 1
1 25281 1
1 39143 1
1 87503 1
1 92878 1
1 51194 1
1 56497 1
1 46713 1
1 1896 1
1 19301 1
1 93391 1
1 43133 1
1 63303 1
1 76420 1
1 26739 1
1 26174 1
1 3132 1
1 84887 1
1 1326 1
1 75932 1
1 81304 1
1 84735 1
1 76944 1
1 75479 1
1 54669 1
1 15902 1
1 28651 1
1 82801 1
1 15467 1
1 66036 1
1 91888 1
1 97643 1
1 41506 1
1 36034 1
1 88719 1
1 6342 1
1 16133 1
1 53002 1
1 57306 1
1 16995 1
1 64932 1
1 21196 1
1 60321 1
1 81219 1
1 93137 1
1 5578 1
1 68438 1
1 88583 1
1 34459 1
1 20100 1
1 9962 1
1 15408 1
1 96820 1
1 81788 1
1 3598 1
1 11806 1
1 23150 1
1 5873 1
1 3282 1
1 54676 1
1 26841 1
1 50023 1
1 30760 1
1 62737 1
1 4486 1
1 80316 1
1 39808 1
1 43159 1
1 9510 1
1 77811 1
1 99052 1
1 16871 1
1 95978 1
1 93261 1
1 99389 1
1 81762 1
1 6851 1
1 76617 1
1 70979 1
1 15561 1
1 82979 1
1 41451 1
1 32368 1
1 46557 1
1 4602 1
1 98961 1
1 5332 1
1 88030 1
1 18968 1
1 95774 1
1 68994 1
1 86639 1
1 8688 1
1 37650 1
1 36808 1
1 34895 1
1 27250 1
1 73007 1
1 89210 1
1 10529 1
1 43887 1
1 25557 1
1 72647 1
1 98628 1
1 473 1
1 62406 1
1 99393 1
1 97242 1
1 98783 1
1 69826 1
1 93944 1
1 69988 1
1 91700 1
1 99242 1
1 49438 1
1 92835 1
1 10504 1
1 52416 1
1 36708 1
1 98263 1
1 31691 1
1 25892 1
1 75866 1
1 40931 1
1 9393 1
1 85495 1
1 60018 1
1 67111 1
1 58536 1
1 12955 1
1 13661 1
1 63715 1
1 38978 1
1 28432 1
1 89995 1
1 2969 1
1 77808 1
1 65400 1
1 71150 1
1 70859 1
1 15652 1
1 97075 1
1 29655 1
1 56632 1
1 77262 1
1 323 1
1 61174 1
1 65634 1
1 54015 1
1 83559 1
1 22845 1
1 41194 1
1 6632 1
1 99331 1
1 20988 1
1 41680 1
1 21530 1
1 38229 1
1 4709 1
1 80983 1
1 35206 1
1 37984 1
1 29257 1
1 77759 1
1 53182 1
1 74693 1
1 43416 1
1 13640 1
1 44113 1
1 20899 1
1 61924 1
1 68308 1
1 6930 1
1 13341 1
1 90174 1
1 51397 1
1 8817 1
1 74452 1
1 61238 1
1 55770 1
1 87935 1
1 69064 1
1 37374 1
1 55797 1
1 44685 1
1 11258 1
1 30567 1
1 26135 1
1 23180 1
1 30124 1
1 77217 1
1 71616 1
1 26158 1
1 31294 1
1 69246 1
1 69779 1
1 19202 1
1 97074 1
1 78318 1
1 5424 1
1 50075 1
1 29223 1
1 76324 1
1 29719 1
1 25481 1
1 8353 1
1 73198 1
1 38763 1
1 15293 1
1 9214 1
1 74080 1
1 81099 1
1 34024 1
1 41986 1
1 6857 1
1 36633 1
1 77691 1
1 29995 1
1 54907 1
1 63350 1
1 70599 1
1 47388 1
1 13958 1
1 55619 1
1 46046 1
1 24853 1
1 16028 1
1 67393 1
1 35248 1
1 35384 1
1 16526 1
1 52432 1
1 69518 1
1 28869 1
1 50060 1
1 43187 1
1 38600 1
1 52157 1
1 86888 1
1 70345 1
1 65074 1
1 68002 1
1 67474 1
1 69109 1
1 44314 1
1 92340 1
1 2364 1
1 95638 1
1 14610 1
1 63541 1
1 17815 1
1 83278 1
1 51820 1
1 11557 1
1 7604 1
1 41406 1
1 24311 1
1 26597 1
1 39619 1
1 31175 1
1 12934 1
1 9239 1
1 96246 1
1 33386 1
1 46697 1
1 13691 1
1 59901 1
1 32648 1
1 16369 1
1 81650 1
1 31594 1
1 16129 1
1 13680 1
1 40062 1
1 28814 1
1 55192 1
1 52821 1
1 96576 1
1 17817 1
1 36204 1
1 81490 1
1 95671 1
1 52797 1
1 37055 1
1 19993 1
1 21031 1
1 66507 1
1 70579 1
1 11354 1
1 25326 1
1 25875 1
1 68071 1
1 22150 1
1 1999 1
1 29607 1
1 6653 1
1 98126 1
1 9719 1
1 48982 1
1 30787 1
1 19105 1
1 12245 1
1 57618 1
1 15606 1
1 78484 1
1 35090 1
1 26868 1
1 11321 1
1 19236 1
1 36031 1
1 92123 1
1 16828 1
1 90995 1
1 36780 1
1 58250 1
1 11599 1
1 11361 1
1 96427 1
1 37952 1
1 40389 1
1 62896 1
1 78316 1
1 63711 1
1 55982 1
1 19328 1
1 17473 1
1 82984 1
1 65532 1
1 11186 1
1 66523 1
1 48828 1
1 14654 1
1 16392 1
1 61834 1
1 14876 1
1 43078 1
1 32130 1
1 88928 1
1 66505 1
1 35942 1
1 82722 1
1 20845 1
1 65732 1
1 77486 1
1 51304 1
1 94148 1
1 16685 1
1 13839 1
1 18389 1
1 33715 1
1 72806 1
1 43226 1
1 3019 1
1 67854 1
1 29073 1
1 46112 1
1 62730 1
1 4548 1
1 397 1
1 39986 1
1 38676 1
1 48007 1
1 41244 1
1 5474 1
1 84617 1
1 6759 1
1 97919 1
1 30751 1
1 52426 1
1 37334 1
1 51639 1
1 54684 1
1 62713 1
1 55589 1
1 15237 1
1 52969 1
1 74134 1
1 48996 1
1 10889 1
1 15543 1
1 41922 1
1 16645 1
1 86342 1
1 66423 1
1 3071 1
1 3257 1
1 61723 1
1 19387 1
1 78093 1
1 7984 1
1 83275 1
1 76882 1
1 90766 1
1 4924 1
1 69749 1
1 15119 1
1 51970 1
1 61550 1
1 87963 1
1 73345 1
1 88234 1
1 56118 1
1 85246 1
1 74811 1
1 69832 1
1 39942 1
1 61503 1
1 38637 1
1 33468 1
1 61710 1
1 78271 1
1 21448 1
1 88616 1
1 75648 1
1 25502 1
1 63038 1
1 43564 1
1 30605 1
1 72063 1
1 66558 1
1 13545 1
1 35045 1
1 64129 1
1 85627 1
1 73185 1
1 10522 1
1 40071 1
1 92100 1
1 75796 1
1 25021 1
1 69200 1
1 86188 1
1 98884 1
1 33502 1
1 24990 1
1 84035 1
1 27505 1
1 44623 1
1 63474 1
1 46202 1
1 12060 1
1 38657 1
1 94733 1
1 35427 1
1 33607 1
1 1092 1
1 90960 1
1 98925 1
1 72370 1
1 16202 1
1 82555 1
1 17931 1
1 91806 1
1 59555 1
1 52177 1
1 30668 1
1 26125 1
1 86722 1
1 90289 1
1 63971 1
1 33696 1
1 57269 1
1 25726 1
1 62976 1
1 75126 1
1 22384 1
1 18775 1
1 55892 1
1 31858 1
1 61218 1
1 16606 1
1 80721 1
1 74165 1
1 54589 1
1 54036 1
1 73254 1
1 65279 1
1 30289 1
1 94330 1
1 66470 1
1 59889 1
1 78576 1
1 84625 1
1 56704 1
1 90732 1
1 29707 1
1 76442 1
1 42151 1
1 24402 1
1 25010 1
1 61301 1
1 68619 1
1 48836 1
1 54231 1
1 87653 1
1 40093 1
1 5666 1
1 18666 1
1 46665 1
1 82926 1
1 32429 1
1 92957 1
1 81251 1
1 21776 1
1 31526 1
1 41921 1
1 98228 1
1 30706 1
1 79759 1
1 32455 1
1 4126 1
1 16743 1
1 62185 1
1 81951 1
1 26143 1
1 20543 1
1 54363 1
1 5947 1
1 2763 1
1 61009 1
1 99531 1
1 27634 1
1 56956 1
1 95233 1
1 41697 1
1 78565 1
1 55875 1
1 21766 1
1 56238 1
1 67956 1
1 48561 1
1 960 1
1 61826 1
1 58785 1
1 33016 1
1 59601 1
1 5967 1
1 65646 1
1 78376 1
1 9849 1
1 2182 1
1 61210 1
1 65105 1
1 31546 1
1 2295 1
1 47527 1
1 92774 1
1 53876 1
1 72884 1
1 87702 1
1 58775 1
1 1320 1
1 83245 1
1 74920 1
1 65430 1
1 28344 1
1 75412 1
1 30014 1
1 31794 1
1 23108 1
1 42586 1
1 920 1
1 46110 1
1 61997 1
1 4624 1
1 10137 1
1 86601 1
1 67477 1
1 86790 1
1 46080 1
1 24870 1
1 30076 1
1 50062 1
1 81647 1
1 39845 1
1 20996 1
1 50648 1
1 41640 1
1 39895 1
1 79277 1
1 2262 1
1 47818 1
1 77581 1
1 90296 1
1 18713 1
1 63031 1
1 77336 1
1 27783 1
1 84817 1
1 68303 1
1 80810 1
1 93082 1
1 50544 1
1 23925 1
1 5491 1
1 89651 1
1 41702 1
1 88265 1
1 86531 1
1 26802 1
1 82950 1
1 85675 1
1 62061 1
1 42520 1
1 65118 1
1 41342 1
1 67521 1
1 84295 1
1 78498 1
1 46785 1
1 26960 1
1 63167 1
1 48161 1
1 30998 1
1 61964 1
1 4801 1
1 96973 1
1 46654 1
1 71407 1
1 27734 1
1 49242 1
1 7307 1
1 97866 1
1 18766 1
1 33835 1
1 43601 1
1 32369 1
1 72870 1
1 67090 1
1 81031 1
1 32231 1
1 4846 1
1 82768 1
1 30974 1
1 33325 1
1 89592 1
1 59973 1
1 23495 1
1 53027 1
1 94101 1
1 77395 1
1 56074 1
1 84597 1
1 48540 1
1 41843 1
1 39044 1
1 88458 1
1 37471 1
1 56409 1
1 10897 1
1 57381 1
1 42238 1
1 47221 1
1 45522 1
1 14550 1
1 64698 1
1 25624 1
1 11753 1
1 34927 1
1 52 1
1 80371 1
1 14838 1
1 46848 1
1 22637 1
1 36759 1
1 48827 1
1 36763 1
1 86982 1
1 42805 1
1 36600 1
1 83921 1
1 68767 1
1 24863 1
1 86414 1
1 33778 1
1 76603 1
1 39204 1
1 94335 1
1 2800 1
1 15289 1
1 94647 1
1 22987 1
1 35676 1
1 79643 1
1 29736 1
1 88852 1
1 4998 1
1 13442 1
1 63784 1
1 23513 1
1 50144 1
1 19727 1
1 9512 1
1 69150 1
1 22907 1
1 2819 1
1 12313 1
1 70434 1
1 77799 1
1 41055 1
1 64077 1
1 18246 1
1 98934 1
1 43492 1
1 9011 1
1 15659 1
1 86200 1
1 8946 1
1 61342 1
1 9523 1
1 97600 1
1 47500 1
1 62718 1
1 86942 1
1 48636 1
1 69361 1
1 63204 1
1 974 1
1 38752 1
1 67075 1
1 46753 1
1 85635 1
1 75675 1
1 42723 1
1 84166 1
1 27391 1
1 6687 1
1 77714 1
1 64292 1
1 95873 1
1 88892 1
1 99345 1
1 26221 1
1 42733 1
1 83396 1
1 75617 1
1 53585 1
1 6209 1
1 3976 1
1 44803 1
1 18753 1
1 35072 1
1 25944 1
1 55223 1
1 8974 1
1 86059 1
1 75238 1
1 29856 1
1 57129 1
1 25217 1
1 62146 1
1 47293 1
1 37603 1
1 41766 1
1 17439 1
1 9169 1
1 11821 1
1 10712 1
1 40555 1
1 91067 1
1 87161 1
1 7610 1
1 3354 1
1 28445 1
1 67734 1
1 42221 1
1 71547 1
1 15992 1
1 25527 1
1 56688 1
1 33920 1
1 9293 1
1 22700 1
1 49862 1
1 95289 1
1 87772 1
1 66502 1
1 81360 1
1 23064 1
1 87240 1
1 65367 1
1 40142 1
1 80944 1
1 77134 1
1 79361 1
1 22251 1
1 61527 1
1 27933 1
1 73963 1
1 289 1
1 75580 1
1 38134 1
1 67724 1
1 5793 1
1 6305 1
1 30569 1
1 66694 1
1 57435 1
1 81607 1
1 45799 1
1 97240 1
1 80609 1
1 68879 1
1 33537 1
1 40390 1
1 37283 1
1 30938 1
1 86472 1
1 58094 1
1 41780 1
1 89865 1
1 7726 1
1 26611 1
1 56034 1
1 90972 1
1 69378 1
1 64438 1
1 71841 1
1 85974 1
1 50615 1
1 11927 1
1 55840 1
1 96182 1
1 79036 1
1 119 1
1 75313 1
1 65119 1
1 98756 1
1 46136 1
1 7460 1
1 24176 1
1 43903 1
1 94970 1
1 3243 1
1 80715 1
1 61343 1
1 52158 1
1 56337 1
1 2675 1
1 90918 1
1 6200 1
1 22435 1
1 3149 1
1 69298 1
1 384 1
1 36065 1
1 6431 1
1 15267 1
1 79551 1
1 39598 1
1 48025 1
1 59483 1
1 13192 1
1 71562 1
1 33836 1
1 22633 1
1 25909 1
1 97001 1
1 1666 1
1 40054 1
1 92305 1
1 4481 1
1 91540 1
1 37086 1
1 80512 1
1 32517 1
1 51471 1
1 65107 1
1 7937 1
1 11367 1
1 62422 1
1 3141 1
1 91286 1
1 54838 1
1 28873 1
1 74470 1
1 70399 1
1 85573 1
1 84810 1
1 75463 1
1 50015 1
1 73604 1
1 32601 1
1 75672 1
1 38230 1
1 59812 1
1 45400 1
1 16267 1
1 2660 1
1 22678 1
1 94470 1
1 37265 1
1 53420 1
1 85516 1
1 13191 1
1 18298 1
1 82157 1
1 43381 1
1 61529 1
1 91640 1
1 78825 1
1 18244 1
1 59519 1
1 97468 1
1 23201 1
1 12314 1
1 42198 1
1 14486 1
1 79636 1
1 29290 1
1 74712 1
1 70537 1
1 15096 1
1 96592 1
1 68242 1
1 27451 1
1 12261 1
1 49485 1
1 6006 1
1 64877 1
1 51213 1
1 15971 1
1 32565 1
1 37983 1
1 68703 1
1 84307 1
1 53215 1
1 32884 1
1 41902 1
1 63549 1
1 85254 1
1 37067 1
1 25449 1
1 42402 1
1 65435 1
1 79782 1
1 69955 1
1 19011 1
1 89422 1
1 94119 1
1 76972 1
1 46178 1
1 22193 1
1 67501 1
1 23957 1
1 46016 1
1 74613 1
1 42713 1
1 73904 1
1 40348 1
1 79754 1
1 9390 1
1 37100 1
1 40153 1
1 34178 1
1 57228 1
1 23996 1
1 61464 1
1 91565 1
1 73171 1
1 49135 1
1 36249 1
1 37886 1
1 54790 1
1 97464 1
1 21309 1
1 67747 1
1 47588 1
1 97543 1
1 40934 1
1 87952 1
1 28240 1
1 71533 1
1 30708 1
1 21172 1
1 53129 1
1 64924 1
1 1864 1
1 3297 1
1 61233 1
1 54179 1
1 868 1
1 49191 1
1 51465 1
1 67669 1
1 72520 1
1 31000 1
1 62513 1
1 25537 1
1 67958 1
1 46021 1
1 20684 1
1 56090 1
1 12910 1
1 74078 1
1 90618 1
1 3504 1
1 32657 1
1 1973 1
1 53051 1
1 81524 1
1 84545 1
1 62138 1
1 92626 1
1 96375 1
1 82270 1
1 68512 1
1 38270 1
1 57323 1
1 39306 1
1 94869 1
1 81953 1
1 74207 1
1 50117 1
1 89581 1
1 26300 1
1 25734 1
1 48752 1
1 86071 1
1 21296 1
1 912 1
1 58669 1
1 22149 1
1 99902 1
1 79758 1
1 70044 1
1 9063 1
1 80551 1
1 53713 1
1 31487 1
1 35727 1
1 27499 1
1 31146 1
1 22198 1
1 92750 1
1 69229 1
1 10346 1
1 7810 1
1 97876 1
1 15532 1
1 14083 1
1 87301 1
1 74611 1
1 66538 1
1 17157 1
1 61887 1
1 43816 1
1 12544 1
1 70033 1
1 64639 1
1 78920 1
1 84519 1
1 2813 1
1 4878 1
1 75784 1
1 70378 1
1 95011 1
1 31289 1
1 29452 1
1 67483 1
1 70821 1
1 10707 1
1 17716 1
1 489 1
1 2147 1
1 48426 1
1 49729 1
1 43879 1
1 69823 1
1 87538 1
1 2963 1
1 87000 1
1 39130 1
1 75469 1
1 32659 1
1 9458 1
1 79700 1
1 93934 1
1 29892 1
1 53323 1
1 9264 1
1 15128 1
1 89672 1
1 63142 1
1 97504 1
1 76396 1
1 62352 1
1 83588 1
1 38197 1
1 19339 1
1 4909 1
1 70084 1
1 7231 1
1 33558 1
1 43953 1
1 93322 1
1 88208 1
1 24750 1
1 50700 1
1 94644 1
1 81816 1
1 96371 1
1 99662 1
1 48421 1
1 96554 1
1 65768 1
1 52586 1
1 5086 1
1 87156 1
1 56204 1
1 81712 1
1 60062 1
1 9098 1
1 95458 1
1 73714 1
1 50184 1
1 80571 1
1 55881 1
1 7039 1
1 36509 1
1 79417 1
1 44931 1
1 89737 1
1 94301 1
1 75700 1
1 59857 1
1 27458 1
1 35209 1
1 58782 1
1 64564 1
1 74426 1
1 41251 1
1 86056 1
1 77068 1
1 69730 1
1 12075 1
1 34 1
1 89436 1
1 98859 1
1 49346 1
1 15006 1
1 47812 1
1 99302 1
1 99562 1
1 38509 1
1 3940 1
1 81348 1
1 69283 1
1 2111 1
1 24055 1
1 12591 1
1 57958 1
1 27764 1
1 30798 1
1 62382 1
1 96019 1
1 35781 1
1 28924 1
1 21410 1
1 17046 1
1 79857 1
1 61162 1
1 33057 1
1 82559 1
1 37662 1
1 59146 1
1 20804 1
1 72105 1
1 71636 1
1 22400 1
1 69809 1
1 37524 1
1 55748 1
1 59439 1
1 55673 1
1 25472 1
1 33248 1
1 56312 1
1 76780 1
1 45453 1
1 32343 1
1 21338 1
1 14620 1
1 96189 1
1 39676 1
1 53913 1
1 89978 1
1 5682 1
1 85407 1
1 68979 1
1 22454 1
1 11723 1
1 57553 1
1 48331 1
1 6018 1
1 44298 1
1 59651 1
1 2593 1
1 37871 1
1 44016 1
1 31046 1
1 21975 1
1 77165 1
1 34909 1
1 52236 1
1 33357 1
1 76334 1
1 14452 1
1 36836 1
1 6213 1
1 96514 1
1 12661 1
1 11329 1
1 42015 1
1 54716 1
1 70560 1
1 65939 1
1 39580 1
1 85962 1
1 96952 1
1 26443 1
1 86846 1
1 92832 1
1 88668 1
1 46074 1
1 95653 1
1 56205 1
1 38766 1
1 62705 1
1 57458 1
1 77571 1
1 15599 1
1 20514 1
1 86791 1
1 60050 1
1 33020 1
1 34436 1
1 7948 1
1 67138 1
1 70162 1
1 14923 1
1 29666 1
1 89397 1
1 37652 1
1 90172 1
1 16004 1
1 17308 1
1 37107 1
1 89848 1
1 31332 1
1 88438 1
1 38592 1
1 1505 1
1 25266 1
1 65606 1
1 17644 1
1 18935 1
1 64257 1
1 3083 1
1 75144 1
1 65212 1
1 32191 1
1 52903 1
1 84038 1
1 56848 1
1 36891 1
1 20404 1
1 83571 1
1 46792 1
1 28072 1
1 35338 1
1 50570 1
1 78543 1
1 41199 1
1 30098 1
1 93525 1
1 35313 1
1 97659 1
1 15950 1
1 49958 1
1 58446 1
1 27710 1
1 73821 1
1 54030 1
1 43657 1
1 38759 1
1 63523 1
1 42173 1
1 65665 1
1 57513 1
1 61630 1
1 78021 1
1 30873 1
1 58707 1
1 86834 1
1 54359 1
1 51248 1
1 62008 1
1 57821 1
1 76131 1
1 4808 1
1 84488 1
1 75746 1
1 28283 1
1 69794 1
1 67380 1
1 18657 1
1 69007 1
1 62303 1
1 4013 1
1 47196 1
1 20562 1
1 26111 1
1 49445 1
1 59315 1
1 64626 1
1 261 1
1 50571 1
1 43399 1
1 4643 1
1 52784 1
1 69554 1
1 4922 1
1 12628 1
1 74723 1
1 12777 1
1 15084 1
1 85719 1
1 59325 1
1 71395 1
1 78207 1
1 61244 1
1 98688 1
1 56944 1
1 83603 1
1 99797 1
1 16973 1
1 25986 1
1 84873 1
1 82739 1
1 24741 1
1 85672 1
1 25475 1
1 42758 1
1 28329 1
1 26356 1
1 86977 1
1 22240 1
1 92570 1
1 67096 1
1 19045 1
1 66289 1
1 62489 1
1 71812 1
1 61167 1
1 6572 1
1 41990 1
1 34409 1
1 4416 1
1 46047 1
1 21892 1
1 57368 1
1 29658 1
1 19198 1
1 47378 1
1 29538 1
1 8029 1
1 40664 1
1 32530 1
1 49272 1
1 37835 1
1 83775 1
1 72037 1
1 52652 1
1 44740 1
1 46211 1
1 18028 1
1 45869 1
1 73225 1
1 89398 1
1 39656 1
1 55438 1
1 55452 1
1 37033 1
1 40186 1
1 79775 1
1 66109 1
1 83628 1
1 3394 1
1 22829 1
1 73969 1
1 86915 1
1 9333 1
1 69614 1
1 47881 1
1 3292 1
1 25981 1
1 83200 1
1 6052 1
1 8112 1
1 64088 1
1 39269 1
1 85748 1
1 17534 1
1 77049 1
1 42109 1
1 72202 1
1 22568 1
1 77231 1
1 43273 1
1 49078 1
1 15503 1
1 14125 1
1 49163 1
1 74506 1
1 4340 1
1 94371 1
1 68419 1
1 33334 1
1 20834 1
1 67859 1
1 13900 1
1 43227 1
1 37372 1
1 45947 1
1 18429 1
1 52096 1
1 3232 1
1 52700 1
1 73945 1
1 89990 1
1 5345 1
1 85752 1
1 57330 1
1 7312 1
1 19758 1
1 73455 1
1 41721 1
1 1757 1
1 53946 1
1 54147 1
1 5022 1
1 76207 1
1 83765 1
1 25204 1
1 41427 1
1 90695 1
1 12080 1
1 73923 1
1 8233 1
1 62086 1
1 51165 1
1 17426 1
1 74128 1
1 52461 1
1 5035 1
1 47809 1
1 80986 1
1 7036 1
1 59149 1
1 55505 1
1 97399 1
1 48022 1
1 2322 1
1 39524 1
1 89786 1
1 90490 1
1 6381 1
1 56123 1
1 27985 1
1 15307 1
1 70318 1
1 66325 1
1 94992 1
1 46344 1
1 80774 1
1 3605 1
1 80166 1
1 90419 1
1 74343 1
1 34812 1
1 33029 1
1 96109 1
1 69504 1
1 67978 1
1 68125 1
1 11223 1
1 91204 1
1 86880 1
1 51712 1
1 15890 1
1 48258 1
1 23712 1
1 79647 1
1 8781 1
1 42058 1
1 90986 1
1 98590 1
1 25173 1
1 89503 1
1 45715 1
1 61778 1
1 22123 1
1 48641 1
1 76906 1
1 67930 1
1 60992 1
1 64816 1
1 3522 1
1 42552 1
1 66310 1
1 6702 1
1 70633 1
1 45358 1
1 56908 1
1 32059 1
1 68691 1
1 81691 1
1 38021 1
1 96984 1
1 11375 1
1 32993 1
1 99969 1
1 89319 1
1 51887 1
1 43936 1
1 74129 1
1 15560 1
1 39011 1
1 49883 1
1 68198 1
1 35740 1
1 31933 1
1 50770 1
1 24113 1
1 28165 1
1 98830 1
1 59365 1
1 29924 1
1 2596 1
1 32646 1
1 46071 1
1 1806 1
1 8536 1
1 14295 1
1 72519 1
1 66018 1
1 74724 1
1 98738 1
1 46615 1
1 79503 1
1 20073 1
1 4103 1
1 30920 1
1 68936 1
1 80615 1
1 15688 1
1 80763 1
1 33661 1
1 43679 1
1 5637 1
1 70353 1
1 41184 1
1 76243 1
1 18065 1
1 97963 1
1 40128 1
1 52003 1
1 35546 1
1 44521 1
1 46064 1
1 12272 1
1 72148 1
1 4110 1
1 39647 1
1 16924 1
1 58766 1
1 1593 1
1 39104 1
1 92199 1
1 53530 1
1 69228 1
1 17987 1
1 17747 1
1 38568 1
1 17513 1
1 3001 1
1 99978 1
1 36015 1
1 48915 1
1 31407 1
1 68721 1
1 98208 1
1 98051 1
1 15234 1
1 57069 1
1 26076 1
1 35352 1
1 73273 1
1 58384 1
1 10598 1
1 80325 1
1 41590 1
1 84650 1
1 43038 1
1 71833 1
1 16185 1
1 85262 1
1 69828 1
1 1703 1
1 99747 1
1 43242 1
1 24219 1
1 59359 1
1 43830 1
1 63890 1
1 65122 1
1 5843 1
1 52754 1
1 75861 1
1 49682 1
1 43064 1
1 88645 1
1 46055 1
1 69678 1
1 70314 1
1 37458 1
1 30055 1
1 20057 1
1 86665 1
1 64782 1
1 25468 1
1 52771 1
1 75188 1
1 3722 1
1 37767 1
1 55549 1
1 84174 1
1 74550 1
1 29225 1
1 44184 1
1 93464 1
1 10468 1
1 92226 1
1 59653 1
1 81586 1
1 58373 1
1 89269 1
1 1141 1
1 28765 1
1 10377 1
1 46113 1
1 77594 1
1 89787 1
1 79650 1
1 67432 1
1 34531 1
1 67500 1
1 3265 1
1 25451 1
1 10371 1
1 47665 1
1 10134 1
1 82283 1
1 45386 1
1 44780 1
1 58163 1
1 82441 1
1 73929 1
1 573 1
1 87976 1
1 80358 1
1 11985 1
1 56518 1
1 79239 1
1 64579 1
1 531 1
1 5895 1
1 47329 1
1 43680 1
1 76865 1
1 52897 1
1 82662 1
1 93632 1
1 41770 1
1 17238 1
1 86274 1
1 25121 1
1 82054 1
1 64120 1
1 37800 1
1 91094 1
1 4883 1
1 15046 1
1 43699 1
1 33690 1
1 78493 1
1 12516 1
1 86436 1
1 10622 1
1 56901 1
1 25539 1
1 89564 1
1 49363 1
1 90669 1
1 74579 1
1 48348 1
1 1291 1
1 43157 1
1 22470 1
1 38437 1
1 38325 1
1 23294 1
1 29741 1
1 1591 1
1 35140 1
1 84426 1
1 68952 1
1 1429 1
1 27944 1
1 45273 1
1 71320 1
1 51966 1
1 44269 1
1 66528 1
1 78132 1
1 30323 1
1 65094 1
1 98911 1
1 53560 1
1 54204 1
1 84262 1
1 25991 1
1 85324 1
1 69215 1
1 72236 1
1 35048 1
1 59342 1
1 55979 1
1 95100 1
1 11892 1
1 50530 1
1 47891 1
1 44692 1
1 58364 1
1 79592 1
1 97095 1
1 58743 1
1 25680 1
1 2337 1
1 67256 1
1 26694 1
1 44386 1
1 86221 1
1 28983 1
1 56577 1
1 19426 1
1 54094 1
1 28949 1
1 30377 1
1 74051 1
1 19654 1
1 95043 1
1 33503 1
1 47059 1
1 4372 1
1 99667 1
1 45253 1
1 9990 1
1 71450 1
1 56341 1
1 69756 1
1 42187 1
1 21593 1
1 78041 1
1 69411 1
1 20660 1
1 92594 1
1 65746 1
1 82334 1
1 92453 1
1 72848 1
1 41259 1
1 4564 1
1 21333 1
1 56005 1
1 28077 1
1 99502 1
1 90241 1
1 68256 1
1 89476 1
1 59727 1
1 73164 1
1 6868 1
1 51186 1
1 59081 1
1 63893 1
1 64304 1
1 91607 1
1 79085 1
1 42494 1
1 75271 1
1 36085 1
1 18827 1
1 776 1
1 39977 1
1 40619 1
1 43541 1
1 31220 1
1 98983 1
1 17405 1
1 73371 1
1 9827 1
1 1106 1
1 3561 1
1 68144 1
1 53846 1
1 7858 1
1 65698 1
1 99437 1
1 41652 1
1 75417 1
1 55749 1
1 52875 1
1 35661 1
1 39486 1
1 31688 1
1 87215 1
1 58615 1
1 20962 1
1 34077 1
1 5340 1
1 79362 1
1 44551 1
1 62580 1
1 51537 1
1 46433 1
1 74381 1
1 55039 1
1 44080 1
1 37669 1
1 27733 1
1 34415 1
1 99674 1
1 39421 1
1 97185 1
1 92244 1
1 14608 1
1 87932 1
1 9105 1
1 36704 1
1 64882 1
1 23441 1
1 68199 1
1 26243 1
1 87395 1
1 44751 1
1 11362 1
1 67312 1
1 20611 1
1 31718 1
1 74950 1
1 3062 1
1 72786 1
1 70759 1
1 63218 1
1 72486 1
1 35570 1
1 42979 1
1 92135 1
1 90450 1
1 60229 1
1 26539 1
1 50054 1
1 42155 1
1 28746 1
1 21969 1
1 11761 1
1 59777 1
1 95971 1
1 74980 1
1 19112 1
1 93094 1
1 65265 1
1 91767 1
1 93069 1
1 459 1
1 9108 1
1 80858 1
1 74496 1
1 67072 1
1 83183 1
1 98750 1
1 18979 1
1 82871 1
1 78401 1
1 86292 1
1 58070 1
1 5377 1
1 62861 1
1 30958 1
1 74362 1
1 54766 1
1 41906 1
1 59451 1
1 17328 1
1 50768 1
1 51442 1
1 38862 1
1 15706 1
1 2232 1
1 6959 1
1 45590 1
1 33497 1
1 5942 1
1 67912 1
1 6950 1
1 26765 1
1 61340 1
1 97854 1
1 2702 1
1 25783 1
1 19674 1
1 12980 1
1 65695 1
1 8601 1
1 68098 1
1 44138 1
1 56523 1
1 81266 1
1 85733 1
1 8320 1
1 35969 1
1 70214 1
1 851 1
1 76185 1
1 7988 1
1 46612 1
1 3742 1
1 14164 1
1 66643 1
1 44893 1
1 93847 1
1 29779 1
1 70449 1
1 16642 1
1 43918 1
1 12728 1
1 41438 1
1 44165 1
1 11733 1
1 76354 1
1 65287 1
1 22301 1
1 84178 1
1 88810 1
1 68871 1
1 21462 1
1 58443 1
1 32298 1
1 21992 1
1 3730 1
1 20461 1
1 28222 1
1 45515 1
1 16450 1
1 79321 1
1 92629 1
1 43952 1
1 46678 1
1 31906 1
1 49848 1
1 10335 1
1 76337 1
1 21941 1
1 54437 1
1 29104 1
1 86273 1
1 92351 1
1 29815 1
1 72984 1
1 7550 1
1 49874 1
1 88687 1
1 96937 1
1 66986 1
1 92623 1
1 35923 1
1 16211 1
1 30807 1
1 99400 1
1 36307 1
1 63587 1
1 48329 1
1 69273 1
1 53809 1
1 28000 1
1 95493 1
1 55094 1
1 39203 1
1 64090 1
1 91052 1
1 96977 1
1 91784 1
1 38306 1
1 7392 1
1 25562 1
1 78435 1
1 85353 1
1 70913 1
1 1252 1
1 17459 1
1 1217 1
1 849 1
1 99834 1
1 54937 1
1 70352 1
1 37369 1
1 18105 1
1 60004 1
1 63871 1
1 58951 1
1 10865 1
1 16402 1
1 6688 1
1 44121 1
1 80995 1
1 47540 1
1 3187 1
1 11679 1
1 11600 1
1 4635 1
1 23962 1
1 70987 1
1 1976 1
1 31288 1
1 78261 1
1 74734 1
1 95678 1
1 92861 1
1 8709 1
1 96664 1
1 9537 1
1 55129 1
1 57036 1
1 96219 1
1 47779 1
1 69567 1
1 96202 1
1 76040 1
1 11430 1
1 14783 1
1 10528 1
1 81743 1
1 97449 1
1 94281 1
1 28368 1
1 72450 1
1 32974 1
1 32273 1
1 76443 1
1 7473 1
1 59093 1
1 67749 1
1 22432 1
1 89071 1
1 62017 1
1 55575 1
1 19618 1
1 55658 1
1 86898 1
1 17113 1
1 5410 1
1 55574 1
1 73896 1
1 72186 1
1 67968 1
1 61186 1
1 53894 1
1 38381 1
1 37725 1
1 8800 1
1 76619 1
1 994 1
1 42810 1
1 81888 1
1 37273 1
1 57290 1
1 36985 1
1 60980 1
1 3185 1
1 41558 1
1 60667 1
1 14541 1
1 69460 1
1 99832 1
1 42240 1
1 70747 1
1 52099 1
1 49151 1
1 72009 1
1 60464 1
1 32639 1
1 59998 1
1 23543 1
1 28092 1
1 57064 1
1 85156 1
1 76588 1
1 83314 1
1 40769 1
1 99492 1
1 2793 1
1 73697 1
1 48905 1
1 55406 1
1 41133 1
1 75482 1
1 80035 1
1 94772 1
1 61211 1
1 55695 1
1 97902 1
1 41861 1
1 33652 1
1 69425 1
1 39948 1
1 97139 1
1 54104 1
1 48720 1
1 43070 1
1 88944 1
1 77352 1
1 58142 1
1 60389 1
1 14636 1
1 63014 1
1 48354 1
1 58264 1
1 54994 1
1 29226 1
1 80821 1
1 92805 1
1 10445 1
1 86666 1
1 59937 1
1 38372 1
1 80281 1
1 86141 1
1 42630 1
1 91447 1
1 8051 1
1 97635 1
1 52221 1
1 41670 1
1 25566 1
1 23933 1
1 71832 1
1 33705 1
1 17903 1
1 13234 1
1 44970 1
1 43969 1
1 81782 1
1 32452 1
1 16291 1
1 44237 1
1 71589 1
1 75860 1
1 99732 1
1 81361 1
1 12940 1
1 51458 1
1 10926 1
1 21323 1
1 89213 1
1 68753 1
1 62434 1
1 49822 1
1 4265 1
1 8801 1
1 7202 1
1 86443 1
1 3424 1
1 77554 1
1 23709 1
1 21553 1
1 34868 1
1 86886 1
1 66790 1
1 28340 1
1 39286 1
1 3359 1
1 3277 1
1 73814 1
1 9084 1
1 56643 1
1 38574 1
1 51622 1
1 54847 1
1 24441 1
1 51848 1
1 90999 1
1 55113 1
1 80352 1
1 68642 1
1 41881 1
1 14523 1
1 40810 1
1 50108 1
1 36062 1
1 36629 1
1 32102 1
1 64568 1
1 56087 1
1 67879 1
1 86518 1
1 44564 1
1 87625 1
1 15997 1
1 81143 1
1 99366 1
1 773 1
1 4409 1
1 19485 1
1 40160 1
1 81357 1
1 25804 1
1 71336 1
1 38577 1
1 60899 1
1 89159 1
1 69977 1
1 79019 1
1 95208 1
1 59260 1
1 93906 1
1 51293 1
1 65722 1
1 37427 1
1 64316 1
1 84643 1
1 63476 1
1 42750 1
1 46326 1
1 19162 1
1 76474 1
1 65651 1
1 25820 1
1 15909 1
1 43677 1
1 62995 1
1 84704 1
1 92644 1
1 37422 1
1 96640 1
1 41810 1
1 66999 1
1 55902 1
1 70330 1
1 72389 1
1 6432 1
1 91294 1
1 91235 1
1 10183 1
1 89568 1
1 92608 1
1 83003 1
1 81580 1
1 74648 1
1 65940 1
1 61059 1
1 14435 1
1 52041 1
1 39530 1
1 28125 1
1 95006 1
1 34100 1
1 20021 1
1 79497 1
1 20717 1
1 14362 1
1 47909 1
1 24873 1
1 1474 1
1 29499 1
1 14060 1
1 65693 1
1 96014 1
1 53818 1
1 35513 1
1 13318 1
1 29633 1
1 86262 1
1 45343 1
1 60678 1
1 31693 1
1 73426 1
1 92365 1
1 84893 1
1 36835 1
1 61741 1
1 12534 1
1 26956 1
1 48467 1
1 11817 1
1 70922 1
1 88341 1
1 9199 1
1 69703 1
1 76058 1
1 41560 1
1 92775 1
1 76744 1
1 50455 1
1 13527 1
1 67598 1
1 45420 1
1 44083 1
1 19186 1
1 95282 1
1 3894 1
1 93277 1
1 74666 1
1 69159 1
1 24261 1
1 21352 1
1 42017 1
1 69724 1
1 63100 1
1 53828 1
1 83799 1
1 17763 1
1 79418 1
1 66017 1
1 32492 1
1 47009 1
1 49907 1
1 47398 1
1 65257 1
1 86930 1
1 79880 1
1 4417 1
1 86219 1
1 94062 1
1 39698 1
1 85054 1
1 30402 1
1 30614 1
1 55939 1
1 49216 1
1 49792 1
1 79979 1
1 18794 1
1 98888 1
1 40693 1
1 14190 1
1 42330 1
1 31030 1
1 87892 1
1 66015 1
1 96931 1
1 45323 1
1 85612 1
1 42241 1
1 2518 1
1 99369 1
1 65230 1
1 38035 1
1 73124 1
1 85808 1
1 49324 1
1 89687 1
1 69790 1
1 47586 1
1 30007 1
1 26766 1
1 39382 1
1 55359 1
1 99833 1
1 66971 1
1 17736 1
1 72342 1
1 58361 1
1 77056 1
1 4191 1
1 77517 1
1 55951 1
1 29636 1
1 69940 1
1 37371 1
1 60811 1
1 9432 1
1 51773 1
1 57632 1
1 33875 1
1 25341 1
1 83417 1
1 90269 1
1 23327 1
1 28467 1
1 14712 1
1 28373 1
1 11934 1
1 77148 1
1 53996 1
1 54631 1
1 51011 1
1 28984 1
1 59046 1
1 43765 1
1 2589 1
1 13064 1
1 71830 1
1 27136 1
1 54079 1
1 28590 1
1 31150 1
1 77513 1
1 44025 1
1 67818 1
1 31166 1
1 67857 1
1 72540 1
1 64158 1
1 88984 1
1 35512 1
1 14698 1
1 85133 1
1 26657 1
1 18402 1
1 21039 1
1 59853 1
1 89099 1
1 92263 1
1 44431 1
1 25674 1
1 32889 1
1 40697 1
1 99946 1
1 41365 1
1 70250 1
1 29250 1
1 40254 1
1 11904 1
1 14439 1
1 13847 1
1 80503 1
1 71004 1
1 94919 1
1 10 1
1 70289 1
1 35039 1
1 81015 1
1 43709 1
1 55612 1
1 25898 1
1 13865 1
1 82736 1
1 42346 1
1 70302 1
1 66863 1
1 18756 1
1 67308 1
1 8987 1
1 55160 1
1 59419 1
1 2418 1
1 60068 1
1 92919 1
1 55414 1
1 38925 1
1 47320 1
1 44668 1
1 15412 1
1 84400 1
1 23385 1
1 97976 1
1 2392 1
1 54120 1
1 23901 1
1 58371 1
1 60077 1
1 84070 1
1 9210 1
1 81909 1
1 94793 1
1 7156 1
1 89122 1
1 82415 1
1 72080 1
1 80723 1
1 67140 1
1 83763 1
1 38451 1
1 56868 1
1 68947 1
1 1313 1
1 63330 1
1 36967 1
1 12895 1
1 93306 1
1 71055 1
1 33471 1
1 58105 1
1 27680 1
1 77866 1
1 11083 1
1 81267 1
1 45075 1
1 47942 1
1 13773 1
1 76700 1
1 14421 1
1 58001 1
1 32583 1
1 51046 1
1 85574 1
1 97247 1
1 48760 1
1 92803 1
1 14919 1
1 71647 1
1 47650 1
1 73091 1
1 86618 1
1 64803 1
1 2245 1
1 32727 1
1 12479 1
1 11387 1
1 7076 1
1 67248 1
1 93207 1
1 43289 1
1 24319 1
1 40671 1
1 73252 1
1 89518 1
1 85206 1
1 3638 1
1 31975 1
1 44650 1
1 51276 1
1 62308 1
1 68415 1
1 24287 1
1 12064 1
1 46332 1
1 63759 1
1 56766 1
1 70958 1
1 85784 1
1 41591 1
1 98505 1
1 95018 1
1 59578 1
1 70268 1
1 73152 1
1 57028 1
1 67414 1
1 36093 1
1 64314 1
1 45962 1
1 59246 1
1 24365 1
1 54264 1
1 46414 1
1 60450 1
1 99802 1
1 43866 1
1 45666 1
1 16915 1
1 85208 1
1 83043 1
1 43221 1
1 52739 1
1 67158 1
1 6802 1
1 76282 1
1 17362 1
1 60454 1
1 83849 1
1 89569 1
1 55170 1
1 48344 1
1 49098 1
1 55483 1
1 22291 1
1 30302 1
1 70100 1
1 73497 1
1 84646 1
1 78025 1
1 44137 1
1 86029 1
1 87005 1
1 42921 1
1 12586 1
1 77606 1
1 63736 1
1 29776 1
1 69463 1
1 24535 1
1 66265 1
1 60718 1
1 55347 1
1 39311 1
1 34912 1
1 88470 1
1 62717 1
1 51713 1
1 97134 1
1 13559 1
1 69720 1
1 50877 1
1 30085 1
1 67970 1
1 10947 1
1 3413 1
1 31301 1
1 95241 1
1 55296 1
1 73368 1
1 62447 1
1 20573 1
1 90992 1
1 83672 1
1 75589 1
1 65998 1
1 97812 1
1 10535 1
1 99688 1
1 1454 1
1 99373 1
1 44405 1
1 57751 1
1 43246 1
1 97596 1
1 59827 1
1 22485 1
1 85694 1
1 31426 1
1 12338 1
1 45059 1
1 4016 1
1 90239 1
1 84963 1
1 52641 1
1 66005 1
1 44022 1
1 37207 1
1 59248 1
1 45949 1
1 73222 1
1 44192 1
1 15090 1
1 6106 1
1 36753 1
1 43533 1
1 44263 1
1 89117 1
1 18136 1
1 79505 1
1 3920 1
1 80630 1
1 47484 1
1 98940 1
1 7119 1
1 5751 1
1 56542 1
1 95 1
1 2532 1
1 40816 1
1 89471 1
1 2667 1
1 73169 1
1 33907 1
1 25120 1
1 92145 1
1 92502 1
1 70513 1
1 51233 1
1 41699 1
1 70452 1
1 75386 1
1 70661 1
1 20592 1
1 32589 1
1 11072 1
1 50987 1
1 96171 1
1 32225 1
1 26516 1
1 67541 1
1 69924 1
1 60178 1
1 15878 1
1 49348 1
1 71948 1
1 27072 1
1 6664 1
1 4569 1
1 97716 1
1 30860 1
1 75819 1
1 4693 1
1 93997 1
1 59928 1
1 26719 1
1 20089 1
1 57257 1
1 31140 1
1 70838 1
1 73318 1
1 79895 1
1 91217 1
1 63329 1
1 69276 1
1 68842 1
1 75201 1
1 7486 1
1 73170 1
1 36596 1
1 30709 1
1 41099 1
1 62432 1
1 60620 1
1 56224 1
1 84101 1
1 55045 1
1 23113 1
1 75395 1
1 24174 1
1 67250 1
1 95693 1
1 46949 1
1 29113 1
1 10519 1
1 61076 1
1 17163 1
1 60297 1
1 48043 1
1 11620 1
1 83331 1
1 33333 1
1 7943 1
1 32240 1
1 34189 1
1 95053 1
1 46158 1
1 99560 1
1 72138 1
1 36706 1
1 35841 1
1 74206 1
1 17018 1
1 83429 1
1 57216 1
1 36098 1
1 91263 1
1 24103 1
1 91820 1
1 62535 1
1 38395 1
1 45849 1
1 79462 1
1 91579 1
1 45965 1
1 4397 1
1 56080 1
1 80050 1
1 75383 1
1 77459 1
1 25227 1
1 68699 1
1 55066 1
1 78523 1
1 37590 1
1 48072 1
1 30327 1
1 83256 1
1 23445 1
1 99401 1
1 28622 1
1 70170 1
1 41542 1
1 46768 1
1 77762 1
1 79475 1
1 69868 1
1 15854 1
1 98322 1
1 52178 1
1 56551 1
1 15123 1
1 39905 1
1 50794 1
1 49913 1
1 13553 1
1 79214 1
1 78986 1
1 23042 1
1 80697 1
1 84059 1
1 67589 1
1 66308 1
1 39899 1
1 76841 1
1 68683 1
1 68511 1
1 80489 1
1 7065 1
1 92653 1
1 54836 1
1 4211 1
1 89932 1
1 59356 1
1 44516 1
1 93484 1
1 7235 1
1 34154 1
1 79570 1
1 52930 1
1 47935 1
1 42470 1
1 50044 1
1 41993 1
1 70368 1
1 64451 1
1 92421 1
1 57904 1
1 85320 1
1 52721 1
1 92493 1
1 65513 1
1 33625 1
1 17824 1
1 63030 1
1 26596 1
1 30482 1
1 51396 1
1 40531 1
1 54741 1
1 72043 1
1 14412 1
1 73223 1
1 77731 1
1 70791 1
1 76604 1
1 21072 1
1 34205 1
1 46826 1
1 98544 1
1 24800 1
1 89028 1
1 10275 1
1 47274 1
1 89416 1
1 55992 1
1 53829 1
1 60042 1
1 49048 1
1 95036 1
1 27296 1
1 24529 1
1 42530 1
1 57967 1
1 80165 1
1 16225 1
1 37206 1
1 79027 1
1 17477 1
1 70874 1
1 8134 1
1 57386 1
1 63697 1
1 76093 1
1 78851 1
1 38995 1
1 83739 1
1 19340 1
1 3261 1
1 47440 1
1 60275 1
1 85703 1
1 67430 1
1 48994 1
1 90409 1
1 74544 1
1 64847 1
1 79881 1
1 52304 1
1 98663 1
1 70760 1
1 53160 1
1 51512 1
1 95854 1
1 1763 1
1 39711 1
1 68882 1
1 93489 1
1 21358 1
1 10288 1
1 54061 1
1 2114 1
1 76577 1
1 89767 1
1 53672 1
1 1180 1
1 60824 1
1 65206 1
1 2228 1
1 5500 1
1 79332 1
1 56664 1
1 15798 1
1 60889 1
1 8376 1
1 17360 1
1 66080 1
1 78260 1
1 20388 1
1 38654 1
1 90626 1
1 92621 1
1 70298 1
1 33988 1
1 64238 1
1 14727 1
1 88585 1
1 4418 1
1 3765 1
1 68322 1
1 675 1
1 61785 1
1 54567 1
1 93662 1
1 16282 1
1 84139 1
1 98230 1
1 90909 1
1 71518 1
1 91539 1
1 85121 1
1 92863 1
1 54049 1
1 62766 1
1 23721 1
1 75728 1
1 26120 1
1 55257 1
1 59159 1
1 91362 1
1 61390 1
1 12677 1
1 11404 1
1 59780 1
1 90962 1
1 22338 1
1 51880 1
1 22104 1
1 74754 1
1 9376 1
1 15998 1
1 32470 1
1 37726 1
1 33532 1
1 9607 1
1 86798 1
1 41004 1
1 67507 1
1 77596 1
1 43006 1
1 30755 1
1 45764 1
1 44592 1
1 51954 1
1 11665 1
1 71290 1
1 14908 1
1 17715 1
1 26920 1
1 49142 1
1 89393 1
1 12579 1
1 77815 1
1 46714 1
1 93567 1
1 86307 1
1 75281 1
1 38726 1
1 85336 1
1 81908 1
1 37509 1
1 85756 1
1 17357 1
1 20918 1
1 18182 1
1 77756 1
1 96942 1
1 54380 1
1 50436 1
1 35240 1
1 87981 1
1 56277 1
1 25232 1
1 53535 1
1 87412 1
1 74332 1
1 33157 1
1 22664 1
1 30664 1
1 79831 1
1 59160 1
1 3379 1
1 86771 1
1 77499 1
1 9285 1
1 88758 1
1 42818 1
1 62126 1
1 40151 1
1 70674 1
1 68724 1
1 87923 1
1 5965 1
1 50632 1
1 10266 1
1 28266 1
1 36247 1
1 34585 1
1 22277 1
1 69845 1
1 87623 1
1 5989 1
1 97158 1
1 17140 1
1 10734 1
1 42159 1
1 58223 1
1 28488 1
1 15644 1
1 38934 1
1 8367 1
1 74515 1
1 12803 1
1 64156 1
1 97817 1
1 31861 1
1 41187 1
1 98717 1
1 95503 1
1 44703 1
1 95306 1
1 21292 1
1 68835 1
1 43574 1
1 98931 1
1 15767 1
1 88818 1
1 13481 1
1 93982 1
1 91631 1
1 38427 1
1 82827 1
1 64078 1
1 84805 1
1 36577 1
1 24426 1
1 55011 1
1 45285 1
1 13562 1
1 69565 1
1 57872 1
1 94058 1
1 43263 1
1 41703 1
1 12840 1
1 54252 1
1 18792 1
1 37472 1
1 5673 1
1 48560 1
1 31066 1
1 16204 1
1 66476 1
1 59240 1
1 35574 1
1 90236 1
1 32146 1
1 71941 1
1 69757 1
1 8226 1
1 69755 1
1 8119 1
1 37968 1
1 61357 1
1 48200 1
1 62320 1
1 55216 1
1 63760 1
1 73210 1
1 93121 1
1 25469 1
1 64794 1
1 96986 1
1 35482 1
1 31422 1
1 276 1
1 94637 1
1 47078 1
1 716 1
1 30012 1
1 55050 1
1 78724 1
1 10358 1
1 4975 1
1 16163 1
1 97619 1
1 61579 1
1 80395 1
1 21449 1
1 78709 1
1 21917 1
1 8339 1
1 92300 1
1 98315 1
1 28542 1
1 72167 1
1 48798 1
1 62070 1
1 67678 1
1 72553 1
1 54608 1
1 5463 1
1 88526 1
1 86489 1
1 36274 1
1 73518 1
1 18239 1
1 40184 1
1 97398 1
1 72158 1
1 47042 1
1 6221 1
1 88518 1
1 50856 1
1 58282 1
1 81225 1
1 18947 1
1 72573 1
1 84790 1
1 14566 1
1 8866 1
1 80548 1
1 31499 1
1 2271 1
1 67384 1
1 71392 1
1 94646 1
1 1717 1
1 27285 1
1 30737 1
1 65097 1
1 67945 1
1 63274 1
1 40920 1
1 66996 1
1 50076 1
1 31816 1
1 80310 1
1 49966 1
1 99136 1
1 38605 1
1 74425 1
1 97602 1
1 71716 1
1 21822 1
1 65684 1
1 13687 1
1 31080 1
1 66188 1
1 79920 1
1 4880 1
1 38831 1
1 93202 1
1 9324 1
1 47515 1
1 23185 1
1 64982 1
1 74605 1
1 11349 1
1 35857 1
1 25034 1
1 89300 1
1 44079 1
1 73839 1
1 76575 1
1 21250 1
1 1498 1
1 5037 1
1 85253 1
1 85480 1
1 78315 1
1 49710 1
1 80086 1
1 41544 1
1 68203 1
1 97483 1
1 14847 1
1 24749 1
1 31053 1
1 13580 1
1 63538 1
1 83751 1
1 45650 1
1 1219 1
1 72018 1
1 44679 1
1 26204 1
1 74240 1
1 13342 1
1 85566 1
1 66987 1
1 78741 1
1 41368 1
1 70589 1
1 99392 1
1 30195 1
1 57377 1
1 60342 1
1 79453 1
1 3146 1
1 25882 1
1 20728 1
1 22082 1
1 21004 1
1 79364 1
1 44566 1
1 73713 1
1 50058 1
1 69664 1
1 56416 1
1 11338 1
1 50452 1
1 90599 1
1 49614 1
1 1361 1
1 56799 1
1 65448 1
1 4144 1
1 41129 1
1 90517 1
1 43892 1
1 53034 1
1 78287 1
1 50361 1
1 92230 1
1 3800 1
1 62677 1
1 30002 1
1 43442 1
1 97555 1
1 66506 1
1 9388 1
1 63248 1
1 37298 1
1 20825 1
1 5211 1
1 19808 1
1 84997 1
1 9315 1
1 35344 1
1 96836 1
1 30846 1
1 78505 1
1 66330 1
1 19068 1
1 31854 1
1 37963 1
1 20843 1
1 92297 1
1 63749 1
1 69035 1
1 51349 1
1 61133 1
1 20853 1
1 36939 1
1 23783 1
1 84712 1
1 3631 1
1 58442 1
1 48020 1
1 91515 1
1 14851 1
1 13962 1
1 59212 1
1 61928 1
1 99011 1
1 42828 1
1 72288 1
1 65935 1
1 76160 1
1 42225 1
1 52129 1
1 22194 1
1 98058 1
1 33945 1
1 50017 1
1 20273 1
1 36850 1
1 46951 1
1 94895 1
1 76398 1
1 32043 1
1 29211 1
1 60200 1
1 60100 1
1 85205 1
1 59870 1
1 54307 1
1 2671 1
1 44215 1
1 31648 1
1 92669 1
1 7132 1
1 66242 1
1 88437 1
1 25689 1
1 4573 1
1 29304 1
1 49262 1
1 51928 1
1 10083 1
1 96311 1
1 99964 1
1 83545 1
1 31486 1
1 31619 1
1 1233 1
1 13728 1
1 53952 1
1 62108 1
1 22300 1
1 71819 1
1 38010 1
1 34979 1
1 4464 1
1 77597 1
1 79740 1
1 42072 1
1 55997 1
1 3990 1
1 24536 1
1 92126 1
1 12148 1
1 8920 1
1 29534 1
1 34420 1
1 95846 1
1 28611 1
1 72864 1
1 75612 1
1 98052 1
1 68953 1
1 92239 1
1 46839 1
1 23488 1
1 63386 1
1 35803 1
1 89318 1
1 5226 1
1 6919 1
1 30550 1
1 99914 1
1 73106 1
1 32962 1
1 23172 1
1 65611 1
1 98443 1
1 94557 1
1 76533 1
1 45093 1
1 41923 1
1 63945 1
1 89469 1
1 82033 1
1 92556 1
1 68041 1
1 40351 1
1 77254 1
1 26028 1
1 96186 1
1 60036 1
1 91635 1
1 4804 1
1 34352 1
1 37933 1
1 56019 1
1 11778 1
1 59554 1
1 53419 1
1 59783 1
1 87830 1
1 33105 1
1 50129 1
1 81873 1
1 45042 1
1 43550 1
1 76943 1
1 15121 1
1 84934 1
1 42954 1
1 60471 1
1 12425 1
1 97220 1
1 67253 1
1 45976 1
1 98201 1
1 74148 1
1 92322 1
1 43617 1
1 30608 1
1 29101 1
1 48358 1
1 24483 1
1 63490 1
1 52611 1
1 57477 1
1 5137 1
1 6871 1
1 3222 1
1 37985 1
1 40478 1
1 6673 1
1 5433 1
1 12186 1
1 12699 1
1 65041 1
1 75549 1
1 37841 1
1 19961 1
1 20408 1
1 51985 1
1 49256 1
1 52264 1
1 10759 1
1 10503 1
1 82431 1
1 55999 1
1 10321 1
1 22616 1
1 54720 1
1 47328 1
1 62847 1
1 78322 1
1 19754 1
1 69357 1
1 321 1
1 57969 1
1 69386 1
1 53957 1
1 79626 1
1 86451 1
1 38384 1
1 76746 1
1 39963 1
1 90478 1
1 67123 1
1 68170 1
1 3445 1
1 95423 1
1 31284 1
1 92256 1
1 15669 1
1 33233 1
1 29632 1
1 75966 1
1 39072 1
1 12500 1
1 72198 1
1 44646 1
1 38055 1
1 47849 1
1 87801 1
1 79000 1
1 85562 1
1 83248 1
1 96777 1
1 97045 1
1 95755 1
1 45324 1
1 423 1
1 15359 1
1 34730 1
1 2876 1
1 48933 1
1 79670 1
1 20170 1
1 1074 1
1 99162 1
1 64832 1
1 46752 1
1 42513 1
1 40523 1
1 94421 1
1 769 1
1 52086 1
1 26223 1
1 72675 1
1 93477 1
1 60909 1
1 9367 1
1 17322 1
1 11005 1
1 7798 1
1 60179 1
1 76717 1
1 98138 1
1 94034 1
1 63573 1
1 65996 1
1 56045 1
1 19203 1
1 2158 1
1 89255 1
1 74888 1
1 97070 1
1 55841 1
1 38458 1
1 62566 1
1 65671 1
1 66905 1
1 68630 1
1 79162 1
1 22858 1
1 47217 1
1 83340 1
1 20167 1
1 75146 1
1 40269 1
1 40333 1
1 20176 1
1 1317 1
1 99306 1
1 6253 1
1 47446 1
1 18627 1
1 20564 1
1 53481 1
1 16713 1
1 80837 1
1 27228 1
1 19137 1
1 13946 1
1 89227 1
1 89972 1
1 58198 1
1 86140 1
1 52568 1
1 45451 1
1 75946 1
1 22782 1
1 60011 1
1 61524 1
1 40477 1
1 58642 1
1 98919 1
1 6975 1
1 12465 1
1 38152 1
1 14763 1
1 42397 1
1 75718 1
1 44082 1
1 43417 1
1 83741 1
1 57441 1
1 5746 1
1 66391 1
1 87077 1
1 18807 1
1 92660 1
1 95831 1
1 31408 1
1 59976 1
1 2089 1
1 4732 1
1 43059 1
1 98120 1
1 37094 1
1 40903 1
1 30814 1
1 1975 1
1 28699 1
1 12697 1
1 65763 1
1 53141 1
1 94459 1
1 62132 1
1 95410 1
1 54116 1
1 88919 1
1 5272 1
1 59037 1
1 94053 1
1 11966 1
1 63975 1
1 12085 1
1 43290 1
1 66530 1
1 65248 1
1 59946 1
1 84706 1
1 79509 1
1 76807 1
1 19662 1
1 45822 1
1 96263 1
1 19226 1
1 17617 1
1 83209 1
1 72381 1
1 81799 1
1 18491 1
1 76236 1
1 49102 1
1 86204 1
1 74113 1
1 71472 1
1 32069 1
1 38839 1
1 14969 1
1 88579 1
1 52561 1
1 14699 1
1 24358 1
1 15977 1
1 89042 1
1 31450 1
1 49751 1
1 17314 1
1 55391 1
1 84975 1
1 56790 1
1 74765 1
1 90126 1
1 88210 1
1 38939 1
1 69203 1
1 50101 1
1 54443 1
1 90104 1
1 54904 1
1 41093 1
1 90588 1
1 2367 1
1 59581 1
1 51119 1
1 56709 1
1 92737 1
1 67906 1
1 23205 1
1 69735 1
1 93615 1
1 95754 1
1 89206 1
1 6820 1
1 91001 1
1 16244 1
1 57109 1
1 32604 1
1 29584 1
1 42274 1
1 84018 1
1 84209 1
1 12166 1
1 8757 1
1 71998 1
1 32611 1
1 16140 1
1 36654 1
1 92842 1
1 17587 1
1 41459 1
1 11918 1
1 93639 1
1 28803 1
1 22027 1
1 74678 1
1 30855 1
1 52883 1
1 83302 1
1 2311 1
1 87289 1
1 13621 1
1 72641 1
1 19088 1
1 72472 1
1 56712 1
1 36007 1
1 15004 1
1 87312 1
1 6097 1
1 44760 1
1 10702 1
1 46795 1
1 22912 1
1 7191 1
1 26828 1
1 40295 1
1 92899 1
1 55752 1
1 12436 1
1 79255 1
1 93598 1
1 34515 1
1 37123 1
1 13568 1
1 18793 1
1 58855 1
1 4954 1
1 38868 1
1 31588 1
1 84279 1
1 19556 1
1 53554 1
1 74547 1
1 55237 1
1 10016 1
1 61043 1
1 25420 1
1 62204 1
1 62906 1
1 72007 1
1 81363 1
1 85919 1
1 73730 1
1 11089 1
1 54329 1
1 24047 1
1 1035 1
1 20752 1
1 53583 1
1 3844 1
1 22662 1
1 61063 1
1 82430 1
1 18932 1
1 48881 1
1 13914 1
1 17771 1
1 92891 1
1 6621 1
1 41610 1
1 73628 1
1 26236 1
1 82142 1
1 15436 1
1 96417 1
1 46199 1
1 99269 1
1 17121 1
1 61676 1
1 18031 1
1 36545 1
1 84587 1
1 64686 1
1 62756 1
1 72068 1
1 43946 1
1 56311 1
1 86 1
1 49056 1
1 3872 1
1 98713 1
1 17959 1
1 47172 1
1 7341 1
1 79525 1
1 44280 1
1 82211 1
1 28051 1
1 51403 1
1 43178 1
1 76973 1
1 87378 1
1 42301 1
1 83134 1
1 14291 1
1 45195 1
1 83724 1
1 51989 1
1 19046 1
1 57088 1
1 21288 1
1 47632 1
1 48152 1
1 20945 1
1 89699 1
1 26736 1
1 82296 1
1 69247 1
1 19893 1
1 77945 1
1 47564 1
1 34904 1
1 11105 1
1 53771 1
1 58136 1
1 7701 1
1 14870 1
1 75039 1
1 4965 1
1 55796 1
1 10067 1
1 88166 1
1 89811 1
1 43271 1
1 62938 1
1 38129 1
1 97539 1
1 21471 1
1 86924 1
1 74487 1
1 89226 1
1 78712 1
1 51407 1
1 12448 1
1 41877 1
1 11989 1
1 67469 1
1 71532 1
1 23053 1
1 7707 1
1 47761 1
1 69216 1
1 34357 1
1 88794 1
1 49596 1
1 28846 1
1 80940 1
1 10307 1
1 31376 1
1 81990 1
1 42261 1
1 5735 1
1 75437 1
1 32474 1
1 51535 1
1 24824 1
1 96020 1
1 21308 1
1 80581 1
1 38983 1
1 80185 1
1 43293 1
1 21345 1
1 82311 1
1 39975 1
1 73875 1
1 69659 1
1 16787 1
1 2451 1
1 41886 1
1 18502 1
1 38769 1
1 32673 1
1 58898 1
1 80121 1
1 67920 1
1 78908 1
1 22832 1
1 52980 1
1 83969 1
1 39983 1
1 77074 1
1 67264 1
1 11190 1
1 11644 1
1 21087 1
1 26304 1
1 69445 1
1 55746 1
1 17393 1
1 36880 1
1 59529 1
1 47443 1
1 9399 1
1 17654 1
1 14890 1
1 13290 1
1 21331 1
1 24009 1
1 66010 1
1 79333 1
1 67722 1
1 14406 1
1 85780 1
1 78127 1
1 8314 1
1 50596 1
1 32487 1
1 13009 1
1 44837 1
1 51363 1
1 7877 1
1 34668 1
1 97916 1
1 89059 1
1 88832 1
1 26882 1
1 71023 1
1 46694 1
1 13576 1
1 11827 1
1 46319 1
1 47182 1
1 22285 1
1 45024 1
1 61039 1
1 95066 1
1 9218 1
1 55403 1
1 22525 1
1 44088 1
1 33461 1
1 1893 1
1 76125 1
1 42766 1
1 13381 1
1 31206 1
1 27730 1
1 28943 1
1 12514 1
1 12081 1
1 47370 1
1 22819 1
1 2402 1
1 53382 1
1 84225 1
1 98262 1
1 11086 1
1 24632 1
1 96811 1
1 85603 1
1 16784 1
1 44867 1
1 50340 1
1 77277 1
1 63200 1
1 28584 1
1 42302 1
1 84253 1
1 67289 1
1 27132 1
1 85777 1
1 13733 1
1 44523 1
1 84160 1
1 16175 1
1 99670 1
1 38472 1
1 42631 1
1 26575 1
1 73825 1
1 98331 1
1 40172 1
1 19507 1
1 34630 1
1 18773 1
1 87662 1
1 91619 1
1 30089 1
1 64930 1
1 27390 1
1 83262 1
1 54821 1
1 65262 1
1 23848 1
1 67916 1
1 54205 1
1 84397 1
1 78783 1
1 38894 1
1 87116 1
1 53614 1
1 14982 1
1 27729 1
1 80851 1
1 16160 1
1 52190 1
1 87847 1
1 22195 1
1 2934 1
1 81414 1
1 58529 1
1 79853 1
1 98496 1
1 46305 1
1 34799 1
1 76738 1
1 66351 1
1 81744 1
1 83843 1
1 57938 1
1 38036 1
1 42227 1
1 67438 1
1 832 1
1 41089 1
1 21995 1
1 21259 1
1 46117 1
1 33594 1
1 10987 1
1 65589 1
1 10003 1
1 44992 1
1 97376 1
1 6496 1
1 8219 1
1 52542 1
1 96015 1
1 99243 1
1 21006 1
1 79062 1
1 69098 1
1 62264 1
1 82781 1
1 457 1
1 87554 1
1 13511 1
1 40057 1
1 38582 1
1 57479 1
1 31899 1
1 97459 1
1 47904 1
1 59403 1
1 29204 1
1 29 1
1 71720 1
1 79646 1
1 43986 1
1 11078 1
1 37710 1
1 43282 1
1 83096 1
1 449 1
1 4307 1
1 24664 1
1 93861 1
1 32926 1
1 60984 1
1 57056 1
1 21371 1
1 28494 1
1 47679 1
1 13820 1
1 42715 1
1 32322 1
1 23241 1
1 45405 1
1 73542 1
1 12108 1
1 71862 1
1 31347 1
1 47549 1
1 55259 1
1 82183 1
1 336 1
1 53825 1
1 27805 1
1 95045 1
1 45203 1
1 19409 1
1 40346 1
1 2 1
1 46323 1
1 16600 1
1 58527 1
1 86169 1
1 15619 1
1 78539 1
1 13067 1
1 78554 1
1 37189 1
1 91608 1
1 31042 1
1 54039 1
1 71217 1
1 15746 1
1 22113 1
1 33438 1
1 29063 1
1 93806 1
1 71944 1
1 9400 1
1 39852 1
1 35423 1
1 78791 1
1 62928 1
1 10924 1
1 84020 1
1 43628 1
1 39460 1
1 26496 1
1 43899 1
1 45031 1
1 14073 1
1 73476 1
1 59203 1
1 90587 1
1 56896 1
1 70717 1
1 11911 1
1 43914 1
1 84765 1
1 25102 1
1 80873 1
1 26740 1
1 41166 1
1 4591 1
1 13516 1
1 5119 1
1 35015 1
1 48550 1
1 43551 1
1 13814 1
1 67046 1
1 64519 1
1 68340 1
1 31725 1
1 19454 1
1 86816 1
1 19935 1
1 21212 1
1 25045 1
1 50914 1
1 49953 1
1 25685 1
1 70251 1
1 24862 1
1 20668 1
1 5417 1
1 57955 1
1 96038 1
1 93105 1
1 79817 1
1 57596 1
1 2697 1
1 32032 1
1 62501 1
1 80217 1
1 35962 1
1 22186 1
1 63726 1
1 55769 1
1 27401 1
1 15728 1
1 17655 1
1 93278 1
1 51047 1
1 7316 1
1 11694 1
1 1673 1
1 73317 1
1 21207 1
1 79335 1
1 16539 1
1 62708 1
1 2552 1
1 84725 1
1 71334 1
1 64474 1
1 78846 1
1 69687 1
1 3050 1
1 92766 1
1 41476 1
1 71283 1
1 66244 1
1 15684 1
1 94715 1
1 61617 1
1 16397 1
1 38111 1
1 39487 1
1 11541 1
1 62011 1
1 42848 1
1 85295 1
1 78928 1
1 54478 1
1 86329 1
1 92429 1
1 29043 1
1 5511 1
1 41915 1
1 7034 1
1 48880 1
1 47528 1
1 34550 1
1 97527 1
1 83126 1
1 2193 1
1 15388 1
1 62373 1
1 82680 1
1 71172 1
1 44645 1
1 77222 1
1 19745 1
1 49100 1
1 21943 1
1 44209 1
1 86505 1
1 54328 1
1 46782 1
1 72330 1
1 19966 1
1 9555 1
1 15129 1
1 59042 1
1 25152 1
1 47405 1
1 69482 1
1 99979 1
1 17041 1
1 5560 1
1 81426 1
1 89012 1
1 548 1
1 466 1
1 83600 1
1 72833 1
1 46115 1
1 71947 1
1 49999 1
1 22979 1
1 71398 1
1 60030 1
1 20705 1
1 3671 1
1 5693 1
1 40780 1
1 33466 1
1 58239 1
1 19258 1
1 63734 1
1 93800 1
1 41115 1
1 57710 1
1 71228 1
1 91421 1
1 74220 1
1 62665 1
1 17728 1
1 80555 1
1 70644 1
1 77117 1
1 93636 1
1 59169 1
1 45395 1
1 9851 1
1 57863 1
1 77746 1
1 68682 1
1 50483 1
1 68811 1
1 13326 1
1 13371 1
1 60209 1
1 93798 1
1 58214 1
1 95384 1
1 53274 1
1 92939 1
1 91238 1
1 37670 1
1 43823 1
1 35152 1
1 61299 1
1 54296 1
1 50209 1
1 87761 1
1 35631 1
1 11248 1
1 39668 1
1 13484 1
1 13262 1
1 71704 1
1 53006 1
1 30139 1
1 13332 1
1 44862 1
1 59276 1
1 59020 1
1 58947 1
1 69207 1
1 81836 1
1 52913 1
1 13245 1
1 6452 1
1 26543 1
1 97851 1
1 95201 1
1 9158 1
1 28436 1
1 49498 1
1 4752 1
1 71519 1
1 51199 1
1 72096 1
1 63821 1
1 12270 1
1 3086 1
1 65982 1
1 18200 1
1 4454 1
1 18916 1
1 3332 1
1 20081 1
1 55639 1
1 80737 1
1 57796 1
1 88059 1
1 55666 1
1 28999 1
1 51374 1
1 69909 1
1 34248 1
1 42902 1
1 3348 1
1 40545 1
1 99211 1
1 1072 1
1 13991 1
1 2592 1
1 88874 1
1 26325 1
1 68727 1
1 70291 1
1 76536 1
1 87270 1
1 92887 1
1 16603 1
1 64452 1
1 13637 1
1 61141 1
1 45593 1
1 36033 1
1 4370 1
1 19909 1
1 84590 1
1 25951 1
1 74126 1
1 88538 1
1 81999 1
1 81819 1
1 49529 1
1 80288 1
1 45763 1
1 72505 1
1 90848 1
1 91103 1
1 82058 1
1 81866 1
1 48988 1
1 39321 1
1 78615 1
1 8398 1
1 75102 1
1 59023 1
1 39002 1
1 31815 1
1 55254 1
1 47874 1
1 21251 1
1 89940 1
1 91222 1
1 38899 1
1 65445 1
1 25145 1
1 3566 1
1 19555 1
1 33937 1
1 95956 1
1 85200 1
1 48339 1
1 98806 1
1 15528 1
1 72365 1
1 8547 1
1 50118 1
1 97206 1
1 76086 1
1 9750 1
1 70611 1
1 57341 1
1 99163 1
1 55659 1
1 47917 1
1 39744 1
1 53549 1
1 95428 1
1 54916 1
1 44416 1
1 53471 1
1 63074 1
1 43019 1
1 45759 1
1 86950 1
1 34803 1
1 7352 1
1 92257 1
1 14609 1
1 35691 1
1 44787 1
1 43380 1
1 63428 1
1 45445 1
1 43662 1
1 68042 1
1 92224 1
1 18899 1
1 6251 1
1 41300 1
1 32197 1
1 54597 1
1 38474 1
1 18018 1
1 40854 1
1 2091 1
1 98700 1
1 55558 1
1 86322 1
1 27576 1
1 25938 1
1 39312 1
1 13435 1
1 13757 1
1 33183 1
1 24754 1
1 2642 1
1 60649 1
1 71857 1
1 90973 1
1 88600 1
1 71246 1
1 77035 1
1 61665 1
1 45838 1
1 72286 1
1 70925 1
1 81077 1
1 3208 1
1 71609 1
1 37819 1
1 58574 1
1 70367 1
1 63855 1
1 1202 1
1 66553 1
1 34643 1
1 68336 1
1 56007 1
1 86425 1
1 34165 1
1 73854 1
1 21355 1
1 95597 1
1 67831 1
1 25337 1
1 60654 1
1 35000 1
1 52968 1
1 27267 1
1 29122 1
1 81625 1
1 76315 1
1 72380 1
1 45111 1
1 61266 1
1 71199 1
1 15653 1
1 41791 1
1 60356 1
1 30375 1
1 67040 1
1 95211 1
1 51696 1
1 46691 1
1 88749 1
1 90923 1
1 84534 1
1 15460 1
1 40429 1
1 47889 1
1 49209 1
1 22619 1
1 4002 1
1 82638 1
1 47992 1
1 37114 1
1 48205 1
1 51154 1
1 61622 1
1 43792 1
1 78221 1
1 38863 1
1 90354 1
1 90736 1
1 49222 1
1 41718 1
1 59502 1
1 34442 1
1 18102 1
1 16599 1
1 71915 1
1 11759 1
1 20832 1
1 83556 1
1 79402 1
1 41328 1
1 26628 1
1 29710 1
1 31596 1
1 90110 1
1 61156 1
1 58258 1
1 43466 1
1 640 1
1 19131 1
1 17756 1
1 73766 1
1 92857 1
1 25792 1
1 81837 1
1 2977 1
1 37297 1
1 44966 1
1 9252 1
1 19950 1
1 87944 1
1 51582 1
1 96900 1
1 12189 1
1 77888 1
1 31576 1
1 39372 1
1 93119 1
1 35033 1
1 49062 1
1 83902 1
1 60581 1
1 84724 1
1 59001 1
1 44859 1
1 79937 1
1 14643 1
1 96257 1
1 28548 1
1 8706 1
1 81462 1
1 69017 1
1 23451 1
1 28863 1
1 25623 1
1 73213 1
1 78716 1
1 84910 1
1 80006 1
1 59824 1
1 33589 1
1 46756 1
1 20367 1
1 72082 1
1 99386 1
1 12547 1
1 28578 1
1 52197 1
1 15929 1
1 72619 1
1 92017 1
1 99812 1
1 22590 1
1 41293 1
1 20163 1
1 53773 1
1 74204 1
1 82918 1
1 90223 1
1 96387 1
1 45606 1
1 25967 1
1 17103 1
1 87993 1
1 670 1
1 67382 1
1 91174 1
1 39231 1
1 65700 1
1 14895 1
1 29940 1
1 62886 1
1 31993 1
1 90217 1
1 88121 1
1 87999 1
1 57151 1
1 38933 1
1 41688 1
1 3675 1
1 55926 1
1 94853 1
1 84688 1
1 62444 1
1 67392 1
1 80490 1
1 66851 1
1 61281 1
1 82237 1
1 51413 1
1 18386 1
1 50541 1
1 18414 1
1 29494 1
1 9790 1
1 3029 1
1 30879 1
1 37960 1
1 27083 1
1 14226 1
1 48544 1
1 99153 1
1 52383 1
1 12871 1
1 50123 1
1 8666 1
1 71053 1
1 13393 1
1 53155 1
1 83463 1
1 34906 1
1 65891 1
1 96847 1
1 71548 1
1 90385 1
1 30077 1
1 24543 1
1 26615 1
1 35596 1
1 96079 1
1 9952 1
1 88880 1
1 37895 1
1 3687 1
1 71728 1
1 93062 1
1 67601 1
1 3460 1
1 92512 1
1 52187 1
1 74951 1
1 32193 1
1 8014 1
1 63991 1
1 9715 1
1 17573 1
1 5154 1
1 91958 1
1 48392 1
1 40155 1
1 90679 1
1 22953 1
1 56646 1
1 99414 1
1 53071 1
1 27456 1
1 18000 1
1 13158 1
1 10027 1
1 44077 1
1 29733 1
1 72156 1
1 63082 1
1 81664 1
1 30344 1
1 66409 1
1 29199 1
1 51627 1
1 20376 1
1 65950 1
1 92411 1
1 34847 1
1 30199 1
1 93517 1
1 95470 1
1 47628 1
1 17222 1
1 88357 1
1 14217 1
1 91684 1
1 95973 1
1 35385 1
1 2445 1
1 36568 1
1 89815 1
1 68025 1
1 17821 1
1 24760 1
1 82492 1
1 58518 1
1 51095 1
1 79382 1
1 67700 1
1 42465 1
1 18654 1
1 33603 1
1 64514 1
1 78475 1
1 66226 1
1 73103 1
1 27365 1
1 57862 1
1 79188 1
1 84268 1
1 55071 1
1 67361 1
1 81126 1
1 25738 1
1 55089 1
1 33391 1
1 28809 1
1 61371 1
1 53308 1
1 72800 1
1 72797 1
1 6960 1
1 84065 1
1 8645 1
1 22851 1
1 47417 1
1 74305 1
1 85263 1
1 53180 1
1 88124 1
1 10415 1
1 51434 1
1 47278 1
1 61909 1
1 40278 1
1 91035 1
1 64075 1
1 90998 1
1 33889 1
1 43840 1
1 79416 1
1 97969 1
1 82773 1
1 71521 1
1 42331 1
1 10859 1
1 94223 1
1 93285 1
1 55633 1
1 28579 1
1 20537 1
1 63426 1
1 63940 1
1 25118 1
1 29488 1
1 36859 1
1 82468 1
1 93437 1
1 93510 1
1 42544 1
1 42691 1
1 79617 1
1 6186 1
1 56514 1
1 47185 1
1 84394 1
1 62255 1
1 14451 1
1 928 1
1 12603 1
1 35269 1
1 70371 1
1 58849 1
1 58963 1
1 27581 1
1 97940 1
1 89444 1
1 77172 1
1 34504 1
1 21734 1
1 62491 1
1 24031 1
1 65143 1
1 24634 1
1 90965 1
1 73435 1
1 8722 1
1 53576 1
1 1463 1
1 20294 1
1 88654 1
1 49312 1
1 48294 1
1 14855 1
1 61328 1
1 4528 1
1 16514 1
1 11409 1
1 10136 1
1 14440 1
1 69582 1
1 13908 1
1 45735 1
1 51706 1
1 15113 1
1 70465 1
1 5439 1
1 4886 1
1 8918 1
1 87401 1
1 62560 1
1 55534 1
1 3316 1
1 99262 1
1 19371 1
1 61807 1
1 97090 1
1 45654 1
1 69226 1
1 50447 1
1 90022 1
1 49991 1
1 90852 1
1 83085 1
1 28150 1
1 48439 1
1 90355 1
1 57721 1
1 92058 1
1 4812 1
1 82500 1
1 88060 1
1 76569 1
1 41742 1
1 25667 1
1 65809 1
1 78192 1
1 19476 1
1 3411 1
1 89738 1
1 4929 1
1 15021 1
1 69206 1
1 81368 1
1 18062 1
1 59148 1
1 69196 1
1 25356 1
1 68534 1
1 83393 1
1 62390 1
1 71574 1
1 54779 1
1 75260 1
1 36630 1
1 76392 1
1 71550 1
1 11888 1
1 79660 1
1 13394 1
1 31647 1
1 28750 1
1 94842 1
1 63942 1
1 76769 1
1 12320 1
1 89429 1
1 51492 1
1 78439 1
1 28031 1
1 14448 1
1 90312 1
1 97958 1
1 56953 1
1 58471 1
1 86447 1
1 85234 1
1 47982 1
1 15179 1
1 22075 1
1 700 1
1 8640 1
1 86511 1
1 53515 1
1 95477 1
1 40366 1
1 86690 1
1 44417 1
1 20110 1
1 39420 1
1 2037 1
1 79486 1
1 86072 1
1 26569 1
1 91354 1
1 94050 1
1 96580 1
1 78966 1
1 55426 1
1 1616 1
1 15396 1
1 900 1
1 30910 1
1 57256 1
1 38856 1
1 57246 1
1 95274 1
1 87584 1
1 82793 1
1 65332 1
1 96025 1
1 26847 1
1 62210 1
1 26160 1
1 15956 1
1 43030 1
1 11136 1
1 68708 1
1 33501 1
1 52660 1
1 36261 1
1 6849 1
1 41653 1
1 1963 1
1 73584 1
1 11389 1
1 46285 1
1 69189 1
1 39288 1
1 65686 1
1 84137 1
1 85762 1
1 81013 1
1 39520 1
1 66290 1
1 4202 1
1 6398 1
1 18398 1
1 92376 1
1 5502 1
1 2597 1
1 6831 1
1 97164 1
1 12253 1
1 60251 1
1 46742 1
1 22112 1
1 6347 1
1 68944 1
1 67634 1
1 85347 1
1 28038 1
1 17558 1
1 80584 1
1 689 1
1 23902 1
1 47853 1
1 15223 1
1 79892 1
1 7192 1
1 28217 1
1 85365 1
1 62002 1
1 94950 1
1 21848 1
1 61255 1
1 55275 1
1 51577 1
1 53355 1
1 20031 1
1 79615 1
1 30498 1
1 67314 1
1 59918 1
1 96561 1
1 40019 1
1 62990 1
1 7172 1
1 44576 1
1 68123 1
1 73281 1
1 85907 1
1 29583 1
1 88141 1
1 37803 1
1 67756 1
1 65629 1
1 36889 1
1 21518 1
1 1023 1
1 61548 1
1 46992 1
1 75913 1
1 8382 1
1 9149 1
1 41571 1
1 43200 1
1 31121 1
1 31729 1
1 14627 1
1 54568 1
1 21729 1
1 51467 1
1 61765 1
1 8335 1
1 80779 1
1 47778 1
1 17927 1
1 64252 1
1 85429 1
1 60890 1
1 45617 1
1 65819 1
1 38526 1
1 54340 1
1 60098 1
1 55420 1
1 46728 1
1 79344 1
1 65756 1
1 63408 1
1 78547 1
1 70288 1
1 93760 1
1 38248 1
1 43488 1
1 81685 1
1 98031 1
1 95382 1
1 50769 1
1 5935 1
1 86954 1
1 26345 1
1 24230 1
1 41200 1
1 31124 1
1 9472 1
1 52009 1
1 69736 1
1 97127 1
1 10689 1
1 11690 1
1 61196 1
1 20019 1
1 45162 1
1 70693 1
1 27937 1
1 55049 1
1 4091 1
1 56102 1
1 67898 1
1 28853 1
1 78955 1
1 69053 1
1 68631 1
1 857 1
1 90745 1
1 76359 1
1 19506 1
1 12713 1
1 32357 1
1 34597 1
1 66746 1
1 18789 1
1 10783 1
1 80408 1
1 17295 1
1 11320 1
1 75105 1
1 35002 1
1 22535 1
1 16419 1
1 19200 1
1 72723 1
1 69423 1
1 94479 1
1 4312 1
1 39230 1
1 69926 1
1 37805 1
1 5768 1
1 25644 1
1 86416 1
1 35823 1
1 22611 1
1 75727 1
1 82891 1
1 17414 1
1 25016 1
1 26582 1
1 99226 1
1 66531 1
1 24793 1
1 73556 1
1 29246 1
1 28278 1
1 82615 1
1 99129 1
1 81079 1
1 77329 1
1 75347 1
1 90518 1
1 36454 1
1 76004 1
1 13998 1
1 41724 1
1 49484 1
1 28769 1
1 48008 1
1 7676 1
1 66699 1
1 79609 1
1 57828 1
1 44136 1
1 6756 1
1 96669 1
1 45729 1
1 27791 1
1 50967 1
1 51645 1
1 42978 1
1 19748 1
1 13317 1
1 5962 1
1 9478 1
1 3831 1
1 91823 1
1 57303 1
1 89967 1
1 63897 1
1 57527 1
1 36926 1
1 94875 1
1 8766 1
1 77391 1
1 2804 1
1 37486 1
1 85699 1
1 64477 1
1 24018 1
1 74948 1
1 36169 1
1 558 1
1 16504 1
1 77356 1
1 68913 1
1 49939 1
1 75753 1
1 55609 1
1 42843 1
1 70204 1
1 10276 1
1 55803 1
1 4104 1
1 8251 1
1 81868 1
1 76291 1
1 72058 1
1 4160 1
1 78976 1
1 9457 1
1 7426 1
1 88457 1
1 71790 1
1 33507 1
1 40595 1
1 74186 1
1 57235 1
1 70818 1
1 55316 1
1 5300 1
1 38048 1
1 72940 1
1 23942 1
1 31386 1
1 86583 1
1 46322 1
1 39338 1
1 85132 1
1 84728 1
1 1220 1
1 56800 1
1 55707 1
1 89668 1
1 61876 1
1 93803 1
1 54392 1
1 15613 1
1 25491 1
1 65098 1
1 89844 1
1 43395 1
1 83281 1
1 95393 1
1 61600 1
1 79180 1
1 82524 1
1 42608 1
1 96016 1
1 19920 1
1 28691 1
1 14028 1
1 39121 1
1 51766 1
1 37754 1
1 86275 1
1 36936 1
1 78606 1
1 28213 1
1 80981 1
1 34692 1
1 76698 1
1 25891 1
1 57366 1
1 92122 1
1 55950 1
1 81709 1
1 57711 1
1 143 1
1 85741 1
1 25686 1
1 65409 1
1 47131 1
1 9413 1
1 15741 1
1 56347 1
1 12254 1
1 83175 1
1 59492 1
1 38416 1
1 31033 1
1 77603 1
1 97836 1
1 11024 1
1 64814 1
1 79403 1
1 15190 1
1 40332 1
1 38333 1
1 80176 1
1 99683 1
1 87605 1
1 42120 1
1 12642 1
1 42292 1
1 77885 1
1 82895 1
1 59507 1
1 61193 1
1 95763 1
1 32788 1
1 4691 1
1 91141 1
1 92042 1
1 89878 1
1 38804 1
1 35175 1
1 14450 1
1 22567 1
1 69233 1
1 9660 1
1 92603 1
1 61468 1
1 34309 1
1 48383 1
1 85317 1
1 77090 1
1 73498 1
1 48198 1
1 22355 1
1 19850 1
1 14704 1
1 83951 1
1 48054 1
1 63293 1
1 34206 1
1 5504 1
1 87678 1
1 52672 1
1 45649 1
1 8162 1
1 67597 1
1 74748 1
1 45292 1
1 96458 1
1 28145 1
1 53581 1
1 51832 1
1 6102 1
1 32030 1
1 81654 1
1 85002 1
1 92041 1
1 15816 1
1 41734 1
1 45585 1
1 77671 1
1 81887 1
1 57737 1
1 84852 1
1 74576 1
1 17748 1
1 33728 1
1 43686 1
1 88261 1
1 92076 1
1 28854 1
1 21864 1
1 4089 1
1 51150 1
1 76983 1
1 15737 1
1 22221 1
1 66471 1
1 61209 1
1 91225 1
1 91010 1
1 64727 1
1 84270 1
1 50026 1
1 18761 1
1 2241 1
1 36773 1
1 10284 1
1 84212 1
1 16868 1
1 39920 1
1 38465 1
1 73172 1
1 90146 1
1 55073 1
1 39945 1
1 71418 1
1 84764 1
1 68616 1
1 80934 1
1 89174 1
1 58323 1
1 47093 1
1 8983 1
1 87834 1
1 8 1
1 7388 1
1 42016 1
1 16790 1
1 95964 1
1 99147 1
1 94655 1
1 32220 1
1 84880 1
1 96308 1
1 37367 1
1 74653 1
1 19108 1
1 8392 1
1 937 1
1 49322 1
1 62971 1
1 97625 1
1 22132 1
1 69043 1
1 38516 1
1 75927 1
1 14364 1
1 24681 1
1 31795 1
1 84639 1
1 18495 1
1 81779 1
1 31038 1
1 63968 1
1 30532 1
1 97371 1
1 29321 1
1 99167 1
1 71913 1
1 22570 1
1 357 1
1 13598 1
1 99744 1
1 33121 1
1 46883 1
1 26717 1
1 86714 1
1 95329 1
1 37653 1
1 88296 1
1 83018 1
1 38667 1
1 75322 1
1 98399 1
1 6326 1
1 81703 1
1 71458 1
1 92287 1
1 40902 1
1 52946 1
1 2256 1
1 38188 1
1 54063 1
1 4194 1
1 27958 1
1 93063 1
1 18015 1
1 5048 1
1 24965 1
1 51506 1
1 59496 1
1 28054 1
1 77485 1
1 44459 1
1 51900 1
1 96764 1
1 88896 1
1 52534 1
1 5227 1
1 19500 1
1 66287 1
1 94675 1
1 49093 1
1 6 1
1 72682 1
1 26403 1
1 53501 1
1 85195 1
1 65699 1
1 97478 1
1 1315 1
1 82365 1
1 61323 1
1 62494 1
1 48425 1
1 45436 1
1 96050 1
1 49389 1
1 89022 1
1 24042 1
1 53418 1
1 79378 1
1 97557 1
1 40035 1
1 14191 1
1 64989 1
1 57396 1
1 57615 1
1 51237 1
1 80457 1
1 89171 1
1 55615 1
1 83029 1
1 39529 1
1 35556 1
1 28227 1
1 40735 1
1 54734 1
1 1897 1
1 75533 1
1 73446 1
1 32929 1
1 99534 1
1 45065 1
1 86988 1
1 74064 1
1 80054 1
1 63851 1
1 2246 1
1 95605 1
1 82103 1
1 30443 1
1 20746 1
1 50065 1
1 78850 1
1 73867 1
1 9352 1
1 31365 1
1 51559 1
1 5164 1
1 76849 1
1 55923 1
1 52472 1
1 24943 1
1 82838 1
1 38075 1
1 96934 1
1 8149 1
1 12424 1
1 34751 1
1 23233 1
1 61823 1
1 80216 1
1 67135 1
1 6235 1
1 71341 1
1 888 1
1 27356 1
1 87716 1
1 55682 1
1 86231 1
1 94712 1
1 87630 1
1 32029 1
1 16552 1
1 29267 1
1 59713 1
1 33403 1
1 54831 1
1 78280 1
1 56301 1
1 76897 1
1 98188 1
1 82298 1
1 5699 1
1 84747 1
1 40235 1
1 60817 1
1 2884 1
1 93003 1
1 18030 1
1 65437 1
1 39409 1
1 59216 1
1 17040 1
1 19562 1
1 52589 1
1 95394 1
1 91963 1
1 41266 1
1 96626 1
1 49045 1
1 63886 1
1 58761 1
1 98672 1
1 86383 1
1 67067 1
1 36431 1
1 26552 1
1 84722 1
1 66866 1
1 5862 1
1 15707 1
1 79621 1
1 91344 1
1 48554 1
1 28917 1
1 7628 1
1 94711 1
1 30743 1
1 72995 1
1 79260 1
1 76773 1
1 43951 1
1 98753 1
1 14379 1
1 56929 1
1 86394 1
1 78907 1
1 51829 1
1 3467 1
1 49303 1
1 72589 1
1 19712 1
1 49973 1
1 19670 1
1 35901 1
1 82254 1
1 42885 1
1 46617 1
1 32701 1
1 59241 1
1 75289 1
1 43829 1
1 92786 1
1 27255 1
1 58562 1
1 63564 1
1 46347 1
1 6648 1
1 94961 1
1 16416 1
1 89915 1
1 19917 1
1 89622 1
1 18640 1
1 49394 1
1 8312 1
1 99715 1
1 66557 1
1 54977 1
1 89529 1
1 42088 1
1 59850 1
1 28953 1
1 7634 1
1 89176 1
1 4567 1
1 28523 1
1 23907 1
1 73633 1
1 83460 1
1 2121 1
1 29325 1
1 99959 1
1 34580 1
1 38050 1
1 6706 1
1 71657 1
1 4582 1
1 4681 1
1 66738 1
1 40872 1
1 18044 1
1 32814 1
1 99623 1
1 10616 1
1 83490 1
1 57993 1
1 68789 1
1 14009 1
1 3094 1
1 40225 1
1 60035 1
1 98720 1
1 58971 1
1 25849 1
1 9603 1
1 81584 1
1 11011 1
1 67153 1
1 3366 1
1 81417 1
1 61226 1
1 83389 1
1 75308 1
1 9564 1
1 59238 1
1 48184 1
1 73840 1
1 20742 1
1 99753 1
1 93618 1
1 31882 1
1 23273 1
1 14848 1
1 6553 1
1 86267 1
1 47090 1
1 18479 1
1 84269 1
1 37460 1
1 36642 1
1 29031 1
1 55056 1
1 39751 1
1 81145 1
1 77144 1
1 66947 1
1 14979 1
1 51800 1
1 2164 1
1 46342 1
1 42107 1
1 38113 1
1 34124 1
1 14012 1
1 56319 1
1 45332 1
1 73520 1
1 58981 1
1 61120 1
1 23730 1
1 1697 1
1 8719 1
1 77725 1
1 96195 1
1 28019 1
1 69021 1
1 50901 1
1 29587 1
1 51578 1
1 13436 1
1 8924 1
1 71092 1
1 23928 1
1 32731 1
1 73682 1
1 38350 1
1 71085 1
1 1272 1
1 24971 1
1 86717 1
1 49538 1
1 70320 1
1 31620 1
1 21350 1
1 27915 1
1 48602 1
1 54705 1
1 85162 1
1 44761 1
1 69892 1
1 71849 1
1 96573 1
1 91369 1
1 92494 1
1 20646 1
1 20776 1
1 23121 1
1 28927 1
1 61696 1
1 81644 1
1 26190 1
1 48809 1
1 4889 1
1 28856 1
1 65667 1
1 66941 1
1 80115 1
1 20607 1
1 36401 1
1 95051 1
1 15149 1
1 89681 1
1 53368 1
1 62821 1
1 47231 1
1 32857 1
1 55676 1
1 40327 1
1 7290 1
1 18742 1
1 56320 1
1 57930 1
1 96532 1
1 33967 1
1 94275 1
1 33330 1
1 35004 1
1 25477 1
1 33237 1
1 34911 1
1 58341 1
1 40602 1
1 99496 1
1 45012 1
1 79231 1
1 39918 1
1 87853 1
1 63504 1
1 1755 1
1 24931 1
1 85716 1
1 80853 1
1 70058 1
1 16345 1
1 33359 1
1 81636 1
1 42429 1
1 72529 1
1 52911 1
1 94782 1
1 76037 1
1 90029 1
1 24356 1
1 13508 1
1 54893 1
1 24384 1
1 10839 1
1 74329 1
1 82356 1
1 83223 1
1 54279 1
1 79007 1
1 4048 1
1 95239 1
1 62350 1
1 56370 1
1 47302 1
1 42950 1
1 21535 1
1 9102 1
1 13798 1
1 55479 1
1 24555 1
1 40665 1
1 95554 1
1 89579 1
1 85902 1
1 52537 1
1 30461 1
1 37746 1
1 38519 1
1 41181 1
1 60613 1
1 47143 1
1 41813 1
1 18847 1
1 80505 1
1 45147 1
1 2953 1
1 43346 1
1 54076 1
1 14241 1
1 19219 1
1 3974 1
1 86287 1
1 24456 1
1 83798 1
1 26381 1
1 58386 1
1 23265 1
1 77873 1
1 47958 1
1 68966 1
1 74815 1
1 54182 1
1 39219 1
1 9069 1
1 46704 1
1 86551 1
1 36022 1
1 60807 1
1 17480 1
1 7811 1
1 48079 1
1 20917 1
1 14934 1
1 30831 1
1 26764 1
1 16115 1
1 55879 1
1 64851 1
1 28058 1
1 51160 1
1 89736 1
1 75941 1
1 1907 1
1 15038 1
1 20355 1
1 31823 1
1 87205 1
1 45189 1
1 65929 1
1 96722 1
1 98116 1
1 33869 1
1 17324 1
1 59696 1
1 97471 1
1 68508 1
1 33737 1
1 42823 1
1 9288 1
1 47786 1
1 25983 1
1 73167 1
1 16764 1
1 71047 1
1 11666 1
1 76294 1
1 260 1
1 88803 1
1 98461 1
1 32087 1
1 15826 1
1 87604 1
1 26598 1
1 15680 1
1 65794 1
1 46277 1
1 60626 1
1 12113 1
1 71590 1
1 90834 1
1 1677 1
1 32238 1
1 34284 1
1 50422 1
1 71667 1
1 34091 1
1 74436 1
1 11696 1
1 81350 1
1 84302 1
1 22081 1
1 87792 1
1 7109 1
1 82280 1
1 3506 1
1 30314 1
1 85388 1
1 61993 1
1 61070 1
1 16901 1
1 9563 1
1 43011 1
1 76779 1
1 59188 1
1 80552 1
1 72503 1
1 63980 1
1 95861 1
1 6793 1
1 74309 1
1 96280 1
1 46657 1
1 55766 1
1 25479 1
1 38082 1
1 35993 1
1 93313 1
1 89981 1
1 9242 1
1 35389 1
1 35547 1
1 89927 1
1 98450 1
1 28212 1
1 72807 1
1 23641 1
1 97549 1
1 64958 1
1 29598 1
1 30786 1
1 79932 1
1 37065 1
1 47725 1
1 68156 1
1 21692 1
1 96135 1
1 65237 1
1 91962 1
1 4617 1
1 823 1
1 11276 1
1 90512 1
1 67647 1
1 90804 1
1 4963 1
1 28102 1
1 37499 1
1 3212 1
1 37553 1
1 13646 1
1 16226 1
1 98181 1
1 92529 1
1 89928 1
1 34417 1
1 72571 1
1 79976 1
1 90055 1
1 28088 1
1 59290 1
1 61303 1
1 73117 1
1 57231 1
1 98573 1
1 11602 1
1 90045 1
1 3762 1
1 67522 1
1 97161 1
1 26583 1
1 24370 1
1 53626 1
1 56173 1
1 54668 1
1 76671 1
1 74677 1
1 8111 1
1 22622 1
1 82987 1
1 86070 1
1 83169 1
1 1510 1
1 55122 1
1 50332 1
1 49186 1
1 27242 1
1 28341 1
1 50409 1
1 76080 1
1 15103 1
1 72474 1
1 35479 1
1 16704 1
1 75293 1
1 84914 1
1 32838 1
1 36388 1
1 18533 1
1 83566 1
1 535 1
1 39981 1
1 48576 1
1 58956 1
1 43883 1
1 663 1
1 40791 1
1 58821 1
1 34947 1
1 71046 1
1 46980 1
1 80269 1
1 85405 1
1 89576 1
1 34354 1
1 95429 1
1 75309 1
1 70901 1
1 9598 1
1 25735 1
1 65258 1
1 3322 1
1 68839 1
1 41180 1
1 46088 1
1 82975 1
1 34653 1
1 17840 1
1 70865 1
1 28080 1
1 66748 1
1 99972 1
1 52833 1
1 23122 1
1 27016 1
1 46564 1
1 12255 1
1 91785 1
1 81106 1
1 11548 1
1 60534 1
1 64496 1
1 16846 1
1 5867 1
1 53901 1
1 40634 1
1 17115 1
1 23221 1
1 60220 1
1 81942 1
1 55261 1
1 48457 1
1 58126 1
1 76323 1
1 89604 1
1 77496 1
1 68661 1
1 64354 1
1 53662 1
1 23873 1
1 48992 1
1 10069 1
1 87775 1
1 79558 1
1 36002 1
1 84029 1
1 79190 1
1 64776 1
1 84683 1
1 40826 1
1 63157 1
1 22344 1
1 89804 1
1 15693 1
1 26508 1
1 64967 1
1 72470 1
1 98680 1
1 37934 1
1 37733 1
1 84283 1
1 49275 1
1 96393 1
1 23973 1
1 50666 1
1 95319 1
1 77489 1
1 44758 1
1 37294 1
1 68629 1
1 16235 1
1 62446 1
1 38624 1
1 33798 1
1 76563 1
1 86085 1
1 96078 1
1 23191 1
1 91424 1
1 27659 1
1 51738 1
1 79383 1
1 7315 1
1 63505 1
1 87269 1
1 98583 1
1 86861 1
1 50953 1
1 67086 1
1 45129 1
1 67183 1
1 14114 1
1 57464 1
1 54110 1
1 88505 1
1 36943 1
1 16900 1
1 28103 1
1 21422 1
1 42879 1
1 10258 1
1 96468 1
1 25550 1
1 34533 1
1 12867 1
1 80535 1
1 98649 1
1 39697 1
1 13241 1
1 97440 1
1 15857 1
1 67476 1
1 86772 1
1 5281 1
1 24695 1
1 53855 1
1 45749 1
1 48491 1
1 97580 1
1 20164 1
1 43486 1
1 67054 1
1 72657 1
1 96530 1
1 93711 1
1 41436 1
1 77031 1
1 54652 1
1 98986 1
1 40550 1
1 85170 1
1 10703 1
1 66012 1
1 53417 1
1 96709 1
1 12928 1
1 33360 1
1 9208 1
1 17798 1
1 5916 1
1 34387 1
1 24539 1
1 84710 1
1 91093 1
1 50836 1
1 21367 1
1 15519 1
1 50056 1
1 9221 1
1 59720 1
1 26791 1
1 17788 1
1 5709 1
1 66508 1
1 38367 1
1 58467 1
1 50318 1
1 40723 1
1 1065 1
1 97614 1
1 53646 1
1 62661 1
1 45805 1
1 60926 1
1 4014 1
1 80501 1
1 65650 1
1 29872 1
1 34265 1
1 25966 1
1 42654 1
1 33426 1
1 8017 1
1 63947 1
1 91618 1
1 80173 1
1 58454 1
1 56117 1
1 87497 1
1 63027 1
1 52417 1
1 63502 1
1 71411 1
1 58605 1
1 40466 1
1 88129 1
1 47487 1
1 11515 1
1 23538 1
1 21109 1
1 65544 1
1 37996 1
1 95840 1
1 40771 1
1 45409 1
1 21611 1
1 18510 1
1 70739 1
1 11418 1
1 60933 1
1 50647 1
1 48855 1
1 53722 1
1 864 1
1 57276 1
1 66272 1
1 28908 1
1 88260 1
1 59251 1
1 93838 1
1 92218 1
1 39146 1
1 12524 1
1 27590 1
1 94587 1
1 55986 1
1 52633 1
1 14183 1
1 31232 1
1 40221 1
1 92523 1
1 85587 1
1 76314 1
1 90283 1
1 22130 1
1 8507 1
1 90333 1
1 26144 1
1 10159 1
1 88562 1
1 85556 1
1 15398 1
1 78402 1
1 28882 1
1 24114 1
1 90356 1
1 33027 1
1 5259 1
1 26616 1
1 81244 1
1 84821 1
1 93774 1
1 85381 1
1 84686 1
1 11543 1
1 68972 1
1 41276 1
1 61116 1
1 20907 1
1 35031 1
1 65182 1
1 47959 1
1 19090 1
1 60734 1
1 86155 1
1 62160 1
1 44525 1
1 5556 1
1 47876 1
1 77783 1
1 70109 1
1 21768 1
1 77899 1
1 17981 1
1 60611 1
1 19021 1
1 98976 1
1 12309 1
1 79748 1
1 7598 1
1 7124 1
1 73145 1
1 15001 1
1 23906 1
1 34695 1
1 97056 1
1 8585 1
1 91017 1
1 662 1
1 62456 1
1 29388 1
1 91755 1
1 59723 1
1 33956 1
1 80022 1
1 58569 1
1 68566 1
1 20933 1
1 21686 1
1 65124 1
1 13928 1
1 6138 1
1 8030 1
1 54813 1
1 50898 1
1 40679 1
1 59614 1
1 1301 1
1 58917 1
1 76138 1
1 60681 1
1 35149 1
1 47762 1
1 27782 1
1 81517 1
1 42565 1
1 9706 1
1 9980 1
1 5662 1
1 26720 1
1 23679 1
1 66059 1
1 53451 1
1 34557 1
1 61761 1
1 28535 1
1 57957 1
1 62049 1
1 20830 1
1 34943 1
1 30756 1
1 55760 1
1 64931 1
1 36776 1
1 65456 1
1 29535 1
1 45126 1
1 55953 1
1 99491 1
1 44105 1
1 84972 1
1 78110 1
1 91393 1
1 12684 1
1 22378 1
1 578 1
1 54743 1
1 20337 1
1 94940 1
1 46639 1
1 44273 1
1 39736 1
1 52200 1
1 46656 1
1 7298 1
1 96382 1
1 53772 1
1 51189 1
1 18096 1
1 18529 1
1 67973 1
1 45658 1
1 79837 1
1 91071 1
1 76365 1
1 54475 1
1 57921 1
1 52825 1
1 35208 1
1 77754 1
1 91467 1
1 69168 1
1 19031 1
1 23309 1
1 46399 1
1 86211 1
1 58008 1
1 70219 1
1 29693 1
1 78114 1
1 2316 1
1 24967 1
1 102 1
1 64255 1
1 45267 1
1 30065 1
1 29148 1
1 69707 1
1 98959 1
1 54683 1
1 24127 1
1 1398 1
1 21378 1
1 90068 1
1 13809 1
1 70578 1
1 54507 1
1 35599 1
1 51218 1
1 30671 1
1 91419 1
1 56515 1
1 64575 1
1 64902 1
1 56075 1
1 39046 1
1 6554 1
1 84143 1
1 33563 1
1 77627 1
1 36456 1
1 80644 1
1 68905 1
1 46707 1
1 49719 1
1 33569 1
1 24814 1
1 32762 1
1 2270 1
1 26099 1
1 10426 1
1 68572 1
1 32764 1
1 63103 1
1 42372 1
1 49188 1
1 75388 1
1 13550 1
1 46696 1
1 51942 1
1 51444 1
1 25591 1
1 94477 1
1 66803 1
1 62470 1
1 36556 1
1 17492 1
1 94268 1
1 31218 1
1 75614 1
1 11998 1
1 19794 1
1 93498 1
1 90717 1
1 91020 1
1 22014 1
1 31547 1
1 74846 1
1 68010 1
1 25055 1
1 55464 1
1 96759 1
1 86446 1
1 73407 1
1 68214 1
1 86774 1
1 52258 1
1 9759 1
1 11038 1
1 45305 1
1 89790 1
1 82936 1
1 11214 1
1 49187 1
1 4351 1
1 73838 1
1 67560 1
1 90729 1
1 41645 1
1 5173 1
1 95657 1
1 17017 1
1 85470 1
1 39732 1
1 72400 1
1 48764 1
1 26047 1
1 34981 1
1 84415 1
1 16423 1
1 28552 1
1 18652 1
1 52054 1
1 3714 1
1 22986 1
1 50810 1
1 9351 1
1 35276 1
1 17942 1
1 83937 1
1 59938 1
1 26183 1
1 22909 1
1 62297 1
1 48853 1
1 30512 1
1 59788 1
1 55517 1
1 53717 1
1 71361 1
1 2482 1
1 93791 1
1 84009 1
1 42884 1
1 32658 1
1 22365 1
1 85956 1
1 74366 1
1 27664 1
1 99947 1
1 71026 1
1 7743 1
1 32454 1
1 73722 1
1 62063 1
1 37409 1
1 97364 1
1 70203 1
1 26293 1
1 95514 1
1 57503 1
1 63772 1
1 44718 1
1 28570 1
1 18520 1
1 13614 1
1 59610 1
1 4213 1
1 68053 1
1 92755 1
1 81869 1
1 67113 1
1 17068 1
1 52246 1
1 60769 1
1 42180 1
1 39399 1
1 34546 1
1 55831 1
1 24480 1
1 43811 1
1 68499 1
1 11677 1
1 9220 1
1 22580 1
1 17130 1
1 25170 1
1 19345 1
1 50981 1
1 65451 1
1 75136 1
1 55179 1
1 23097 1
1 16841 1
1 54145 1
1 20495 1
1 339 1
1 39501 1
1 35108 1
1 33194 1
1 13500 1
1 8302 1
1 53639 1
1 23593 1
1 60852 1
1 6444 1
1 13657 1
1 58254 1
1 72716 1
1 86696 1
1 11 1
1 22746 1
1 25732 1
1 20591 1
1 32877 1
1 79233 1
1 68352 1
1 8406 1
1 2058 1
1 5088 1
1 57790 1
1 45777 1
1 6289 1
1 76866 1
1 38493 1
1 62416 1
1 22786 1
1 13658 1
1 40577 1
1 28229 1
1 11711 1
1 7672 1
1 15624 1
1 46048 1
1 16842 1
1 78453 1
1 41971 1
1 81698 1
1 35434 1
1 95881 1
1 83023 1
1 62697 1
1 5505 1
1 61764 1
1 75968 1
1 23809 1
1 74599 1
1 9572 1
1 48776 1
1 66164 1
1 63072 1
1 71105 1
1 52965 1
1 41032 1
1 86926 1
1 30922 1
1 84077 1
1 6062 1
1 75374 1
1 73725 1
1 84092 1
1 35363 1
1 67684 1
1 62511 1
1 84536 1
1 29847 1
1 99023 1
1 19043 1
1 66620 1
1 60241 1
1 97973 1
1 41629 1
1 79906 1
1 11307 1
1 48939 1
1 89051 1
1 19870 1
1 97572 1
1 21731 1
1 50072 1
1 28043 1
1 88081 1
1 91825 1
1 89225 1
1 33971 1
1 59779 1
1 92722 1
1 97601 1
1 60182 1
1 4299 1
1 50888 1
1 67022 1
1 15447 1
1 78100 1
1 62052 1
1 86293 1
1 69122 1
1 35925 1
1 85105 1
1 21714 1
1 99763 1
1 45998 1
1 57225 1
1 44304 1
1 90365 1
1 5472 1
1 67739 1
1 3123 1
1 63691 1
1 12825 1
1 26894 1
1 52901 1
1 40720 1
1 54068 1
1 69840 1
1 93253 1
1 94545 1
1 22140 1
1 16407 1
1 33794 1
1 57390 1
1 97059 1
1 13806 1
1 49896 1
1 33529 1
1 42484 1
1 81627 1
1 54465 1
1 84528 1
1 21773 1
1 88473 1
1 25881 1
1 60217 1
1 69197 1
1 8729 1
1 37714 1
1 68196 1
1 73398 1
1 48396 1
1 73484 1
1 30915 1
1 23817 1
1 26627 1
1 7656 1
1 55847 1
1 29383 1
1 80911 1
1 20616 1
1 84416 1
1 24849 1
1 52642 1
1 81484 1
1 78816 1
1 38696 1
1 68171 1
1 92662 1
1 31672 1
1 8012 1
1 49853 1
1 53510 1
1 14264 1
1 61248 1
1 81544 1
1 7901 1
1 79250 1
1 89475 1
1 48605 1
1 13053 1
1 15286 1
1 49912 1
1 29549 1
1 50214 1
1 51478 1
1 43134 1
1 87210 1
1 40730 1
1 8963 1
1 95607 1
1 69379 1
1 39416 1
1 52782 1
1 21739 1
1 75172 1
1 20423 1
1 96614 1
1 30514 1
1 73692 1
1 41535 1
1 66398 1
1 4872 1
1 65411 1
1 84553 1
1 53676 1
1 91904 1
1 47194 1
1 73428 1
1 65491 1
1 13451 1
1 70209 1
1 78033 1
1 8882 1
1 85272 1
1 61881 1
1 63763 1
1 97740 1
1 6713 1
1 76292 1
1 424 1
1 47136 1
1 87296 1
1 80642 1
1 40932 1
1 31856 1
1 50781 1
1 5309 1
1 865 1
1 73948 1
1 64048 1
1 26856 1
1 29085 1
1 44442 1
1 49954 1
1 2066 1
1 49712 1
1 10015 1
1 42587 1
1 77601 1
1 74910 1
1 61749 1
1 65830 1
1 74187 1
1 57605 1
1 47666 1
1 10738 1
1 58439 1
1 81271 1
1 74050 1
1 38790 1
1 93604 1
1 8309 1
1 91934 1
1 60271 1
1 68461 1
1 41113 1
1 99957 1
1 88682 1
1 46219 1
1 98074 1
1 48042 1
1 49477 1
1 31920 1
1 9292 1
1 75231 1
1 57106 1
1 20861 1
1 25824 1
1 54484 1
1 97586 1
1 3848 1
1 41002 1
1 77990 1
1 51314 1
1 96084 1
1 97955 1
1 62638 1
1 28732 1
1 57407 1
1 70444 1
1 17683 1
1 33820 1
1 25504 1
1 35664 1
1 77782 1
1 29306 1
1 87468 1
1 9639 1
1 5824 1
1 18867 1
1 43537 1
1 57607 1
1 14495 1
1 16431 1
1 27351 1
1 1257 1
1 99139 1
1 56536 1
1 23000 1
1 20232 1
1 93501 1
1 39147 1
1 74494 1
1 91000 1
1 2062 1
1 38320 1
1 25708 1
1 95700 1
1 16125 1
1 38058 1
1 16009 1
1 47548 1
1 36795 1
1 28152 1
1 96228 1
1 62609 1
1 77656 1
1 42652 1
1 38895 1
1 29556 1
1 33126 1
1 72444 1
1 11815 1
1 5461 1
1 97290 1
1 92794 1
1 35883 1
1 5783 1
1 27286 1
1 12700 1
1 64511 1
1 99837 1
1 43164 1
1 38706 1
1 27239 1
1 20957 1
1 65421 1
1 66977 1
1 37848 1
1 71322 1
1 79166 1
1 32144 1
1 22894 1
1 84691 1
1 71031 1
1 73972 1
1 37485 1
1 43498 1
1 16943 1
1 33411 1
1 4673 1
1 99649 1
1 82241 1
1 85092 1
1 52375 1
1 75061 1
1 59116 1
1 95391 1
1 68404 1
1 43600 1
1 71494 1
1 32615 1
1 30383 1
1 75822 1
1 60362 1
1 25827 1
1 32887 1
1 1095 1
1 41819 1
1 57122 1
1 24669 1
1 20766 1
1 77547 1
1 96167 1
1 61075 1
1 35729 1
1 48586 1
1 22610 1
1 7625 1
1 66147 1
1 36010 1
1 58979 1
1 53007 1
1 44052 1
1 50268 1
1 34172 1
1 62552 1
1 54822 1
1 73808 1
1 38068 1
1 8505 1
1 54456 1
1 86186 1
1 62901 1
1 78382 1
1 82725 1
1 91009 1
1 79786 1
1 39847 1
1 48679 1
1 43172 1
1 69893 1
1 99748 1
1 40144 1
1 87988 1
1 68088 1
1 26375 1
1 30673 1
1 46834 1
1 84656 1
1 38938 1
1 10846 1
1 80167 1
1 31328 1
1 20221 1
1 34011 1
1 67257 1
1 58922 1
1 77960 1
1 99614 1
1 39483 1
1 73843 1
1 3527 1
1 7011 1
1 41639 1
1 24905 1
1 38521 1
1 20102 1
1 16575 1
1 98877 1
1 55551 1
1 38454 1
1 84227 1
1 73823 1
1 97914 1
1 55718 1
1 76117 1
1 52576 1
1 46763 1
1 32966 1
1 53557 1
1 31571 1
1 61715 1
1 20711 1
1 13509 1
1 13031 1
1 12210 1
1 80762 1
1 60965 1
1 81261 1
1 64842 1
1 53712 1
1 54326 1
1 56856 1
1 26205 1
1 40507 1
1 46073 1
1 17622 1
1 54474 1
1 64650 1
1 62161 1
1 4123 1
1 69395 1
1 12464 1
1 62908 1
1 98646 1
1 55417 1
1 50557 1
1 12829 1
1 72761 1
1 5405 1
1 98210 1
1 65300 1
1 18132 1
1 33152 1
1 16656 1
1 73667 1
1 92602 1
1 40802 1
1 20857 1
1 3545 1
1 41382 1
1 88108 1
1 30666 1
1 28133 1
1 74923 1
1 51452 1
1 33253 1
1 51693 1
1 29108 1
1 91064 1
1 34907 1
1 43554 1
1 91104 1
1 69651 1
1 6199 1
1 63197 1
1 87901 1
1 56456 1
1 60039 1
1 73420 1
1 88319 1
1 65126 1
1 43907 1
1 5817 1
1 73237 1
1 98028 1
1 17024 1
1 74856 1
1 54574 1
1 43259 1
1 83761 1
1 91483 1
1 71827 1
1 10729 1
1 81100 1
1 19927 1
1 71311 1
1 1790 1
1 53171 1
1 73638 1
1 95359 1
1 70040 1
1 20802 1
1 2502 1
1 49783 1
1 94149 1
1 61772 1
1 23093 1
1 81916 1
1 40787 1
1 17509 1
1 44638 1
1 43081 1
1 2554 1
1 40526 1
1 93520 1
1 15679 1
1 11756 1
1 20424 1
1 21726 1
1 56061 1
1 1050 1
1 16084 1
1 77080 1
1 84902 1
1 5908 1
1 8210 1
1 8763 1
1 86060 1
1 66405 1
1 80340 1
1 29011 1
1 20204 1
1 38424 1
1 25226 1
1 73305 1
1 95305 1
1 99949 1
1 27846 1
1 97424 1
1 37410 1
1 62962 1
1 24296 1
1 37546 1
1 57482 1
1 74670 1
1 9299 1
1 57295 1
1 99861 1
1 66940 1
1 24130 1
1 66477 1
1 84372 1
1 69285 1
1 61351 1
1 83576 1
1 47664 1
1 25327 1
1 75165 1
1 81522 1
1 83224 1
1 50126 1
1 8239 1
1 88851 1
1 80533 1
1 88854 1
1 87565 1
1 3241 1
1 32918 1
1 67919 1
1 94000 1
1 54420 1
1 95999 1
1 87742 1
1 38092 1
1 20119 1
1 3875 1
1 75982 1
1 12116 1
1 15860 1
1 84755 1
1 52928 1
1 26136 1
1 89996 1
1 87840 1
1 21525 1
1 91146 1
1 36506 1
1 36110 1
1 32665 1
1 62957 1
1 20467 1
1 62539 1
1 58071 1
1 47802 1
1 18971 1
1 13135 1
1 5750 1
1 80805 1
1 20932 1
1 35673 1
1 44911 1
1 27999 1
1 43532 1
1 53432 1
1 95673 1
1 59964 1
1 30951 1
1 48221 1
1 45701 1
1 48813 1
1 85164 1
1 44806 1
1 25940 1
1 53763 1
1 47612 1
1 68550 1
1 21550 1
1 91288 1
1 45385 1
1 57564 1
1 68000 1
1 56128 1
1 97700 1
1 51575 1
1 81642 1
1 19767 1
1 14984 1
1 63961 1
1 16636 1
1 3900 1
1 29669 1
1 83139 1
1 38536 1
1 68946 1
1 91244 1
1 51736 1
1 88110 1
1 64368 1
1 98608 1
1 41936 1
1 82973 1
1 40437 1
1 55727 1
1 39964 1
1 33128 1
1 78950 1
1 48556 1
1 19194 1
1 33442 1
1 93699 1
1 75566 1
1 62171 1
1 31310 1
1 53665 1
1 84888 1
1 61735 1
1 52605 1
1 58169 1
1 44333 1
1 66095 1
1 60058 1
1 47921 1
1 22826 1
1 42664 1
1 29129 1
1 6627 1
1 74185 1
1 89555 1
1 95901 1
1 3502 1
1 10524 1
1 37295 1
1 28453 1
1 18260 1
1 59935 1
1 23314 1
1 31542 1
1 82724 1
1 5476 1
1 83542 1
1 19221 1
1 77210 1
1 1662 1
1 56162 1
1 82866 1
1 1000 1
1 44462 1
1 27175 1
1 16302 1
1 95263 1
1 9909 1
1 15285 1
1 64042 1
1 70960 1
1 98677 1
1 61533 1
1 33094 1
1 26541 1
1 11887 1
1 95954 1
1 15813 1
1 33250 1
1 47523 1
1 24518 1
1 80811 1
1 6770 1
1 24161 1
1 58699 1
1 54959 1
1 33567 1
1 77973 1
1 48450 1
1 41318 1
1 29132 1
1 62245 1
1 10997 1
1 32461 1
1 20601 1
1 1916 1
1 3065 1
1 54196 1
1 56056 1
1 39099 1
1 64064 1
1 55227 1
1 57402 1
1 8643 1
1 56441 1
1 87908 1
1 53296 1
1 81812 1
1 3863 1
1 24111 1
1 4490 1
1 19473 1
1 39690 1
1 12285 1
1 76922 1
1 97027 1
1 9552 1
1 26096 1
1 782 1
1 93427 1
1 81256 1
1 32114 1
1 39462 1
1 80181 1
1 63108 1
1 74716 1
1 84524 1
1 58469 1
1 86758 1
1 69528 1
1 84506 1
1 64864 1
1 67448 1
1 11023 1
1 65938 1
1 52317 1
1 436 1
1 34938 1
1 14901 1
1 8753 1
1 80673 1
1 46651 1
1 61984 1
1 62400 1
1 17595 1
1 80491 1
1 97152 1
1 40173 1
1 24770 1
1 27546 1
1 11607 1
1 21258 1
1 70168 1
1 44922 1
1 22340 1
1 7049 1
1 71901 1
1 37531 1
1 78681 1
1 20178 1
1 45039 1
1 69319 1
1 76205 1
1 79847 1
1 82911 1
1 21493 1
1 40690 1
1 15348 1
1 51089 1
1 94498 1
1 11583 1
1 7302 1
1 49568 1
1 4614 1
1 2688 1
1 6254 1
1 60140 1
1 46928 1
1 23062 1
1 60415 1
1 29525 1
1 71986 1
1 11592 1
1 98365 1
1 51454 1
1 94695 1
1 82010 1
1 97028 1
1 97411 1
1 94983 1
1 83573 1
1 28025 1
1 60576 1
1 60793 1
1 56450 1
1 48297 1
1 69398 1
1 15367 1
1 45852 1
1 87989 1
1 4537 1
1 95065 1
1 26292 1
1 29341 1
1 44731 1
1 65424 1
1 85596 1
1 61603 1
1 47180 1
1 89900 1
1 58372 1
1 56838 1
1 7934 1
1 18287 1
1 76380 1
1 78122 1
1 66 1
1 69275 1
1 43383 1
1 38317 1
1 12232 1
1 18575 1
1 4773 1
1 84930 1
1 40525 1
1 48216 1
1 3418 1
1 26849 1
1 68644 1
1 14613 1
1 21227 1
1 15724 1
1 4020 1
1 94096 1
1 14189 1
1 38609 1
1 5704 1
1 83516 1
1 63838 1
1 60163 1
1 80862 1
1 99611 1
1 38820 1
1 31845 1
1 35027 1
1 17833 1
1 63856 1
1 69362 1
1 72616 1
1 1503 1
1 39972 1
1 90893 1
1 59162 1
1 10838 1
1 81635 1
1 70677 1
1 80926 1
1 91819 1
1 91629 1
1 81499 1
1 79766 1
1 65069 1
1 6115 1
1 75247 1
1 43683 1
1 30927 1
1 4615 1
1 14850 1
1 41189 1
1 31713 1
1 72793 1
1 38855 1
1 57567 1
1 22612 1
1 12909 1
1 34481 1
1 84505 1
1 41996 1
1 80037 1
1 32155 1
1 45441 1
1 8687 1
1 78178 1
1 42655 1
1 30878 1
1 69 1
1 77427 1
1 83327 1
1 53408 1
1 10062 1
1 67241 1
1 60186 1
1 43031 1
1 6635 1
1 32438 1
1 79954 1
1 54166 1
1 5726 1
1 23083 1
1 2568 1
1 77773 1
1 33896 1
1 8953 1
1 4348 1
1 37357 1
1 51400 1
1 22256 1
1 51793 1
1 13448 1
1 49345 1
1 51809 1
1 23687 1
1 85805 1
1 89203 1
1 6591 1
1 12638 1
1 93199 1
1 77664 1
1 5561 1
1 8824 1
1 50429 1
1 95496 1
1 11392 1
1 48183 1
1 69802 1
1 6503 1
1 60314 1
1 83462 1
1 63791 1
1 77245 1
1 29539 1
1 6402 1
1 3151 1
1 78035 1
1 79568 1
1 66767 1
1 26524 1
1 95786 1
1 81247 1
1 70927 1
1 83074 1
1 97233 1
1 52453 1
1 86038 1
1 68360 1
1 34964 1
1 24072 1
1 38411 1
1 33540 1
1 30524 1
1 74988 1
1 51910 1
1 19335 1
1 14528 1
1 70395 1
1 72447 1
1 46871 1
1 4119 1
1 6113 1
1 84944 1
1 64535 1
1 35746 1
1 24411 1
1 39535 1
1 56208 1
1 78365 1
1 34527 1
1 68982 1
1 47892 1
1 38537 1
1 2079 1
1 51847 1
1 74260 1
1 13222 1
1 71499 1
1 64192 1
1 47063 1
1 36148 1
1 32584 1
1 40266 1
1 24459 1
1 84251 1
1 50499 1
1 44853 1
1 21025 1
1 48923 1
1 38852 1
1 5032 1
1 62186 1
1 64100 1
1 36234 1
1 3887 1
1 68264 1
1 68270 1
1 73448 1
1 84745 1
1 20735 1
1 46278 1
1 86998 1
1 88976 1
1 59575 1
1 51656 1
1 18690 1
1 46925 1
1 59405 1
1 44509 1
1 85315 1
1 18681 1
1 92167 1
1 10126 1
1 13996 1
1 96823 1
1 17064 1
1 74314 1
1 59800 1
1 96698 1
1 1131 1
1 73037 1
1 69113 1
1 74829 1
1 90075 1
1 84079 1
1 8171 1
1 50031 1
1 93397 1
1 6526 1
1 99597 1
1 11443 1
1 26891 1
1 43047 1
1 2636 1
1 85881 1
1 21007 1
1 87276 1
1 2328 1
1 66192 1
1 99181 1
1 8515 1
1 6560 1
1 36235 1
1 79997 1
1 52073 1
1 11057 1
1 95048 1
1 32248 1
1 98086 1
1 8164 1
1 1610 1
1 98999 1
1 6977 1
1 43444 1
1 73047 1
1 98894 1
1 54623 1
1 81815 1
1 68110 1
1 31273 1
1 72255 1
1 23231 1
1 66992 1
1 35356 1
1 74302 1
1 89392 1
1 96011 1
1 44704 1
1 91321 1
1 25758 1
1 44953 1
1 84412 1
1 68545 1
1 89363 1
1 69261 1
1 74816 1
1 88217 1
1 55394 1
1 94024 1
1 52926 1
1 43776 1
1 52443 1
1 32934 1
1 84377 1
1 98265 1
1 34571 1
1 36771 1
1 3600 1
1 82001 1
1 26395 1
1 47360 1
1 53133 1
1 45866 1
1 14993 1
1 25593 1
1 63171 1
1 52199 1
1 12823 1
1 20036 1
1 71071 1
1 90339 1
1 49843 1
1 27582 1
1 11979 1
1 65681 1
1 67653 1
1 33595 1
1 48517 1
1 24672 1
1 45328 1
1 44937 1
1 31824 1
1 3969 1
1 28787 1
1 58906 1
1 80108 1
1 83239 1
1 37457 1
1 53343 1
1 26907 1
1 3073 1
1 63529 1
1 86474 1
1 22397 1
1 92032 1
1 17853 1
1 52395 1
1 46387 1
1 51062 1
1 19182 1
1 14739 1
1 24575 1
1 82196 1
1 31709 1
1 17569 1
1 14091 1
1 23883 1
1 6652 1
1 26875 1
1 21067 1
1 81208 1
1 11231 1
1 14157 1
1 52325 1
1 40167 1
1 41102 1
1 75928 1
1 16748 1
1 11255 1
1 32952 1
1 54206 1
1 87983 1
1 14731 1
1 95120 1
1 42079 1
1 67455 1
1 27138 1
1 46566 1
1 44477 1
1 30191 1
1 52382 1
1 46296 1
1 26318 1
1 84256 1
1 13296 1
1 59377 1
1 74413 1
1 83913 1
1 48486 1
1 36650 1
1 19071 1
1 74490 1
1 84063 1
1 8867 1
1 40018 1
1 56819 1
1 88042 1
1 74397 1
1 16535 1
1 87034 1
1 27014 1
1 21669 1
1 71711 1
1 75131 1
1 69256 1
1 63296 1
1 76170 1
1 46943 1
1 33232 1
1 71751 1
1 2409 1
1 2416 1
1 77948 1
1 51510 1
1 1242 1
1 44729 1
1 62272 1
1 52569 1
1 95890 1
1 95067 1
1 90868 1
1 44328 1
1 9337 1
1 99824 1
1 65339 1
1 24689 1
1 60080 1
1 83653 1
1 69071 1
1 37657 1
1 52950 1
1 35215 1
1 26137 1
1 24471 1
1 45655 1
1 54011 1
1 87579 1
1 62089 1
1 79414 1
1 56468 1
1 54332 1
1 27409 1
1 66299 1
1 84494 1
1 12240 1
1 13654 1
1 41650 1
1 89185 1
1 5575 1
1 7096 1
1 50714 1
1 74919 1
1 75223 1
1 88382 1
1 58419 1
1 64977 1
1 6561 1
1 47672 1
1 79550 1
1 82416 1
1 44038 1
1 16855 1
1 80700 1
1 78068 1
1 24647 1
1 5549 1
1 32046 1
1 26820 1
1 69033 1
1 37975 1
1 59473 1
1 24703 1
1 66141 1
1 53782 1
1 44652 1
1 75898 1
1 66235 1
1 36396 1
1 11668 1
1 46227 1
1 71003 1
1 25295 1
1 63375 1
1 38262 1
1 86147 1
1 5530 1
1 40876 1
1 6389 1
1 65861 1
1 90114 1
1 38860 1
1 98689 1
1 73219 1
1 5047 1
1 9903 1
1 73515 1
1 79005 1
1 50219 1
1 25432 1
1 38725 1
1 59956 1
1 82958 1
1 36647 1
1 43807 1
1 23498 1
1 32178 1
1 45756 1
1 16553 1
1 95583 1
1 50920 1
1 92601 1
1 33046 1
1 42741 1
1 51936 1
1 53183 1
1 9142 1
1 46604 1
1 83852 1
1 65872 1
1 84677 1
1 94653 1
1 30027 1
1 38324 1
1 27043 1
1 22481 1
1 21043 1
1 76483 1
1 4176 1
1 54341 1
1 77706 1
1 618 1
1 62581 1
1 63783 1
1 31543 1
1 70113 1
1 61355 1
1 86921 1
1 33368 1
1 53507 1
1 82664 1
1 46170 1
1 39872 1
1 39694 1
1 45512 1
1 33324 1
1 61257 1
1 64766 1
1 63681 1
1 69506 1
1 39280 1
1 40538 1
1 63577 1
1 50284 1
1 77636 1
1 71651 1
1 45151 1
1 49739 1
1 82104 1
1 8792 1
1 33636 1
1 85920 1
1 29756 1
1 12892 1
1 71643 1
1 75969 1
1 31472 1
1 79279 1
1 20536 1
1 63581 1
1 22892 1
1 22867 1
1 51081 1
1 55724 1
1 39778 1
1 72097 1
1 20561 1
1 12943 1
1 56339 1
1 47061 1
1 68108 1
1 79191 1
1 17984 1
1 46814 1
1 17398 1
1 24394 1
1 33295 1
1 62336 1
1 24285 1
1 52466 1
1 72376 1
1 53595 1
1 2909 1
1 47673 1
1 32106 1
1 78542 1
1 87750 1
1 30624 1
1 12887 1
1 3577 1
1 74921 1
1 26407 1
1 60302 1
1 78045 1
1 90769 1
1 96002 1
1 37980 1
1 92741 1
1 12605 1
1 85730 1
1 12886 1
1 73310 1
1 17997 1
1 61921 1
1 19244 1
1 54103 1
1 38754 1
1 91375 1
1 15584 1
1 37279 1
1 72413 1
1 41117 1
1 26483 1
1 31335 1
1 77119 1
1 8765 1
1 38692 1
1 60802 1
1 62537 1
1 25662 1
1 7415 1
1 49726 1
1 59132 1
1 38675 1
1 13418 1
1 99439 1
1 73816 1
1 28779 1
1 86496 1
1 2212 1
1 15360 1
1 50041 1
1 81593 1
1 96943 1
1 6323 1
1 28365 1
1 58135 1
1 98432 1
1 27187 1
1 78776 1
1 82650 1
1 86537 1
1 74017 1
1 1196 1
1 69027 1
1 29723 1
1 62206 1
1 45304 1
1 25524 1
1 32422 1
1 42731 1
1 70959 1
1 66268 1
1 13577 1
1 53472 1
1 57648 1
1 92462 1
1 97113 1
1 7102 1
1 6461 1
1 60699 1
1 30265 1
1 53302 1
1 93992 1
1 21778 1
1 13314 1
1 39450 1
1 5523 1
1 71677 1
1 87530 1
1 60525 1
1 28831 1
1 36163 1
1 65005 1
1 83160 1
1 97783 1
1 38940 1
1 8925 1
1 98324 1
1 99527 1
1 78344 1
1 34110 1
1 37475 1
1 37520 1
1 59703 1
1 49231 1
1 11254 1
1 76307 1
1 77242 1
1 52574 1
1 35568 1
1 69995 1
1 45547 1
1 18154 1
1 12288 1
1 31991 1
1 34990 1
1 11840 1
1 65496 1
1 79098 1
1 20277 1
1 13955 1
1 24240 1
1 13054 1
1 1224 1
1 33098 1
1 68735 1
1 13339 1
1 23082 1
1 79719 1
1 33171 1
1 4143 1
1 48726 1
1 54471 1
1 17863 1
1 67365 1
1 2878 1
1 4803 1
1 83960 1
1 81278 1
1 98644 1
1 35001 1
1 83766 1
1 82343 1
1 21516 1
1 97683 1
1 32233 1
1 56797 1
1 31295 1
1 62724 1
1 61452 1
1 40620 1
1 7884 1
1 41682 1
1 71552 1
1 5882 1
1 66891 1
1 52393 1
1 12982 1
1 80876 1
1 88168 1
1 8639 1
1 56696 1
1 79713 1
1 47281 1
1 86540 1
1 92587 1
1 33915 1
1 76261 1
1 97678 1
1 79745 1
1 30890 1
1 90533 1
1 14903 1
1 99963 1
1 27232 1
1 36657 1
1 9463 1
1 65850 1
1 55854 1
1 28140 1
1 46590 1
1 98880 1
1 10756 1
1 70902 1
1 83391 1
1 33870 1
1 36660 1
1 60591 1
1 21738 1
1 93347 1
1 16558 1
1 4793 1
1 6384 1
1 91971 1
1 46437 1
1 48437 1
1 1059 1
1 92172 1
1 1093 1
1 51346 1
1 39489 1
1 32040 1
1 72904 1
1 98306 1
1 84927 1
1 29709 1
1 71537 1
1 46309 1
1 68941 1
1 74682 1
1 31118 1
1 19333 1
1 3922 1
1 66632 1
1 11259 1
1 94982 1
1 62414 1
1 94696 1
1 18871 1
1 76217 1
1 83780 1
1 19211 1
1 26950 1
1 15921 1
1 71859 1
1 83042 1
1 46982 1
1 32797 1
1 7293 1
1 42335 1
1 30490 1
1 13294 1
1 60067 1
1 56867 1
1 8726 1
1 71014 1
1 23212 1
1 2017 1
1 77511 1
1 64062 1
1 97493 1
1 71503 1
1 39271 1
1 14393 1
1 89664 1
1 28833 1
1 44967 1
1 50990 1
1 12228 1
1 52077 1
1 48263 1
1 28143 1
1 58114 1
1 12262 1
1 16458 1
1 52971 1
1 47034 1
1 4815 1
1 89013 1
1 42765 1
1 45693 1
1 59896 1
1 4125 1
1 36828 1
1 89567 1
1 82886 1
1 43764 1
1 15273 1
1 34256 1
1 48379 1
1 2923 1
1 85185 1
1 85045 1
1 15539 1
1 19999 1
1 47301 1
1 37880 1
1 6878 1
1 68138 1
1 39562 1
1 96004 1
1 11995 1
1 37463 1
1 57316 1
1 96381 1
1 91270 1
1 73794 1
1 29338 1
1 91636 1
1 25078 1
1 17606 1
1 20401 1
1 61615 1
1 25648 1
1 17664 1
1 58405 1
1 50507 1
1 69314 1
1 93217 1
1 92461 1
1 64253 1
1 6525 1
1 10710 1
1 51287 1
1 90737 1
1 62115 1
1 45014 1
1 87785 1
1 81433 1
1 56529 1
1 78123 1
1 97026 1
1 63000 1
1 23659 1
1 69086 1
1 45660 1
1 72220 1
1 76503 1
1 45229 1
1 26510 1
1 18394 1
1 22539 1
1 83826 1
1 6847 1
1 10725 1
1 9662 1
1 77216 1
1 85087 1
1 28482 1
1 70781 1
1 85411 1
1 98536 1
1 50311 1
1 30278 1
1 68759 1
1 8673 1
1 46783 1
1 89352 1
1 29007 1
1 46380 1
1 78075 1
1 58948 1
1 23899 1
1 90665 1
1 84908 1
1 41178 1
1 60908 1
1 23002 1
1 45826 1
1 98541 1
1 51060 1
1 86783 1
1 69326 1
1 72861 1
1 98722 1
1 85209 1
1 46275 1
1 65866 1
1 88040 1
1 43082 1
1 3792 1
1 27542 1
1 61176 1
1 53298 1
1 25542 1
1 65154 1
1 47266 1
1 96850 1
1 57783 1
1 59663 1
1 91127 1
1 69452 1
1 34164 1
1 39678 1
1 1832 1
1 81968 1
1 7206 1
1 6640 1
1 52501 1
1 56422 1
1 48899 1
1 92508 1
1 17755 1
1 50369 1
1 33062 1
1 79120 1
1 47361 1
1 25946 1
1 2925 1
1 83014 1
1 15817 1
1 24661 1
1 68046 1
1 56216 1
1 36917 1
1 45020 1
1 48536 1
1 99856 1
1 12903 1
1 63589 1
1 99126 1
1 19826 1
1 90398 1
1 62865 1
1 21209 1
1 543 1
1 25417 1
1 73791 1
1 29009 1
1 99672 1
1 83386 1
1 97971 1
1 21392 1
1 68126 1
1 94115 1
1 12683 1
1 33479 1
1 20209 1
1 26420 1
1 55690 1
1 52614 1
1 22910 1
1 68176 1
1 42303 1
1 42374 1
1 35634 1
1 3679 1
1 4930 1
1 87050 1
1 29249 1
1 61687 1
1 26658 1
1 36415 1
1 61852 1
1 93594 1
1 68141 1
1 26887 1
1 57013 1
1 67688 1
1 1623 1
1 66019 1
1 26754 1
1 70319 1
1 86004 1
1 60929 1
1 458 1
1 1798 1
1 69722 1
1 36471 1
1 4512 1
1 67247 1
1 37720 1
1 32718 1
1 11717 1
1 41977 1
1 16718 1
1 55383 1
1 44091 1
1 76085 1
1 64380 1
1 60484 1
1 83426 1
1 91926 1
1 46724 1
1 51908 1
1 45884 1
1 48363 1
1 90696 1
1 92938 1
1 52265 1
1 30373 1
1 96391 1
1 92011 1
1 77974 1
1 11459 1
1 73512 1
1 12673 1
1 68911 1
1 65853 1
1 34339 1
1 1231 1
1 45121 1
1 24085 1
1 86727 1
1 70227 1
1 74876 1
1 67502 1
1 45670 1
1 56720 1
1 42993 1
1 45352 1
1 59855 1
1 2183 1
1 5043 1
1 82755 1
1 76213 1
1 31415 1
1 88337 1
1 41793 1
1 80071 1
1 47331 1
1 86845 1
1 55332 1
1 69784 1
1 94892 1
1 12939 1
1 94488 1
1 76370 1
1 51617 1
1 88504 1
1 93496 1
1 14806 1
1 99995 1
1 69516 1
1 20346 1
1 91016 1
1 43719 1
1 60925 1
1 12862 1
1 83862 1
1 19276 1
1 79588 1
1 1700 1
1 54265 1
1 68571 1
1 23596 1
1 55188 1
1 31182 1
1 58199 1
1 79549 1
1 65370 1
1 16980 1
1 53478 1
1 62784 1
1 18156 1
1 13201 1
1 30300 1
1 18619 1
1 268 1
1 97623 1
1 4855 1
1 44511 1
1 62107 1
1 80373 1
1 83962 1
1 66236 1
1 80250 1
1 73438 1
1 16037 1
1 56388 1
1 83594 1
1 88545 1
1 91226 1
1 51240 1
1 19915 1
1 78961 1
1 72857 1
1 12056 1
1 70400 1
1 26110 1
1 81446 1
1 89064 1
1 1017 1
1 97274 1
1 48163 1
1 11814 1
1 89619 1
1 36990 1
1 37663 1
1 40217 1
1 2718 1
1 53169 1
1 33132 1
1 5219 1
1 84105 1
1 97011 1
1 90554 1
1 87781 1
1 96295 1
1 65669 1
1 32443 1
1 33088 1
1 49224 1
1 45161 1
1 49600 1
1 49109 1
1 9437 1
1 4927 1
1 38234 1
1 32453 1
1 31319 1
1 95401 1
1 12217 1
1 29168 1
1 33319 1
1 20486 1
1 79982 1
1 92281 1
1 84126 1
1 18458 1
1 69004 1
1 64095 1
1 84782 1
1 23075 1
1 61698 1
1 72261 1
1 41095 1
1 23429 1
1 46337 1
1 3882 1
1 29017 1
1 99806 1
1 31419 1
1 51152 1
1 34871 1
1 62801 1
1 98177 1
1 69944 1
1 39633 1
1 6270 1
1 55300 1
1 52163 1
1 39865 1
1 37127 1
1 8884 1
1 4209 1
1 94494 1
1 16236 1
1 20227 1
1 90501 1
1 23731 1
1 82446 1
1 56193 1
1 72702 1
1 62055 1
1 13103 1
1 37792 1
1 21983 1
1 36141 1
1 78575 1
1 7217 1
1 91047 1
1 49141 1
1 5296 1
1 43556 1
1 64792 1
1 23504 1
1 45810 1
1 4467 1
1 13007 1
1 81142 1
1 88183 1
1 36729 1
1 75811 1
1 31838 1
1 42680 1
1 54731 1
1 24574 1
1 69162 1
1 85504 1
1 45194 1
1 16336 1
1 60828 1
1 32640 1
1 37751 1
1 94857 1
1 25396 1
1 86120 1
1 81074 1
1 76316 1
1 35859 1
1 40458 1
1 39934 1
1 45561 1
1 39707 1
1 40598 1
1 69946 1
1 83409 1
1 37708 1
1 27208 1
1 97846 1
1 83912 1
1 37011 1
1 39465 1
1 61623 1
1 22767 1
1 87782 1
1 86558 1
1 46343 1
1 60706 1
1 66055 1
1 66920 1
1 84086 1
1 11811 1
1 16328 1
1 32840 1
1 821 1
1 84402 1
1 75065 1
1 33374 1
1 19573 1
1 14380 1
1 31309 1
1 30119 1
1 83103 1
1 24657 1
1 81364 1
1 29596 1
1 64703 1
1 51387 1
1 1270 1
1 54662 1
1 35858 1
1 24249 1
1 64850 1
1 58676 1
1 86392 1
1 84668 1
1 63402 1
1 29497 1
1 46194 1
1 92886 1
1 56223 1
1 74405 1
1 38466 1
1 32056 1
1 77522 1
1 85385 1
1 17960 1
1 48307 1
1 56132 1
1 61206 1
1 9638 1
1 60855 1
1 38901 1
1 73629 1
1 44444 1
1 58325 1
1 44680 1
1 79024 1
1 4651 1
1 86112 1
1 17980 1
1 7902 1
1 89237 1
1 36935 1
1 45844 1
1 45594 1
1 70970 1
1 9244 1
1 84116 1
1 80380 1
1 71919 1
1 36495 1
1 84829 1
1 48635 1
1 64242 1
1 84117 1
1 72216 1
1 59893 1
1 10562 1
1 96373 1
1 34891 1
1 247 1
1 27485 1
1 82002 1
1 77058 1
1 25076 1
1 55436 1
1 31664 1
1 44014 1
1 77408 1
1 57329 1
1 40574 1
1 96622 1
1 85641 1
1 10902 1
1 109 1
1 80760 1
1 12094 1
1 47184 1
1 56984 1
1 73502 1
1 59820 1
1 79473 1
1 32524 1
1 92321 1
1 54081 1
1 71481 1
1 39220 1
1 76733 1
1 80519 1
1 77937 1
1 20901 1
1 72321 1
1 83192 1
1 97594 1
1 54450 1
1 31022 1
1 18501 1
1 13099 1
1 37214 1
1 44098 1
1 63841 1
1 73770 1
1 11157 1
1 83300 1
1 15973 1
1 37563 1
1 83898 1
1 58472 1
1 85559 1
1 55584 1
1 47846 1
1 19835 1
1 57187 1
1 38390 1
1 95837 1
1 59021 1
1 28965 1
1 73353 1
1 27127 1
1 87416 1
1 31360 1
1 97381 1
1 94758 1
1 13726 1
1 34677 1
1 29448 1
1 32271 1
1 49793 1
1 87159 1
1 70160 1
1 23867 1
1 37806 1
1 69966 1
1 20981 1
1 80347 1
1 84379 1
1 4853 1
1 77557 1
1 58643 1
1 57757 1
1 92916 1
1 6421 1
1 72439 1
1 28604 1
1 9617 1
1 84746 1
1 86207 1
1 16688 1
1 42040 1
1 39830 1
1 52945 1
1 95611 1
1 87324 1
1 34842 1
1 54549 1
1 78699 1
1 14462 1
1 62675 1
1 80893 1
1 98522 1
1 56124 1
1 40267 1
1 41833 1
1 93879 1
1 36311 1
1 45074 1
1 35868 1
1 1397 1
1 99217 1
1 122 1
1 27093 1
1 83971 1
1 22890 1
1 36374 1
1 22548 1
1 28708 1
1 90352 1
1 90177 1
1 10488 1
1 67391 1
1 51232 1
1 87413 1
1 52065 1
1 28956 1
1 53877 1
1 16628 1
1 95869 1
1 82463 1
1 62270 1
1 70817 1
1 51202 1
1 31344 1
1 75894 1
1 44956 1
1 10765 1
1 51033 1
1 48892 1
1 87711 1
1 29374 1
1 650 1
1 52368 1
1 27163 1
1 28598 1
1 82709 1
1 4961 1
1 97847 1
1 45546 1
1 22634 1
1 72418 1
1 28993 1
1 73020 1
1 87889 1
1 59311 1
1 30713 1
1 50155 1
1 6298 1
1 87861 1
1 55541 1
1 79522 1
1 72127 1
1 15228 1
1 60298 1
1 1275 1
1 24489 1
1 79861 1
1 44210 1
1 80195 1
1 45411 1
1 10213 1
1 67099 1
1 14299 1
1 31871 1
1 80812 1
1 97334 1
1 93101 1
1 57869 1
1 29557 1
1 73052 1
1 85440 1
1 11559 1
1 76967 1
1 66119 1
1 36284 1
1 54047 1
1 78503 1
1 59571 1
1 57517 1
1 38426 1
1 10646 1
1 96571 1
1 29569 1
1 37027 1
1 33985 1
1 10375 1
1 93134 1
1 32869 1
1 56562 1
1 2724 1
1 72409 1
1 4797 1
1 10869 1
1 42760 1
1 65928 1
1 86224 1
1 11216 1
1 30381 1
1 88118 1
1 456 1
1 19795 1
1 95421 1
1 38950 1
1 73452 1
1 10875 1
1 97946 1
1 82575 1
1 71020 1
1 49271 1
1 87859 1
1 24545 1
1 13827 1
1 76163 1
1 11763 1
1 87354 1
1 73039 1
1 84664 1
1 27543 1
1 33328 1
1 73326 1
1 89510 1
1 25116 1
1 3526 1
1 38958 1
1 4093 1
1 98357 1
1 90557 1
1 79517 1
1 64881 1
1 86967 1
1 53052 1
1 1641 1
1 61251 1
1 13268 1
1 75467 1
1 42688 1
1 91099 1
1 29302 1
1 36288 1
1 37572 1
1 65546 1
1 16029 1
1 31405 1
1 89366 1
1 12098 1
1 40811 1
1 10435 1
1 29975 1
1 786 1
1 91135 1
1 79058 1
1 72717 1
1 39933 1
1 9644 1
1 91754 1
1 11970 1
1 67107 1
1 17250 1
1 35134 1
1 23364 1
1 74516 1
1 45220 1
1 66085 1
1 50641 1
1 71044 1
1 61023 1
1 39792 1
1 6419 1
1 95996 1
1 88720 1
1 48801 1
1 30964 1
1 29753 1
1 14228 1
1 66464 1
1 2640 1
1 80918 1
1 85800 1
1 29568 1
1 72228 1
1 55398 1
1 35757 1
1 68467 1
1 91665 1
1 51513 1
1 19810 1
1 9834 1
1 45048 1
1 87008 1
1 53867 1
1 14998 1
1 28108 1
1 84294 1
1 24519 1
1 85751 1
1 10990 1
1 77334 1
1 2254 1
1 53751 1
1 35995 1
1 86494 1
1 26922 1
1 84729 1
1 13830 1
1 28705 1
1 41636 1
1 46442 1
1 73079 1
1 45720 1
1 27752 1
1 92118 1
1 31267 1
1 67952 1
1 1914 1
1 87259 1
1 67082 1
1 69188 1
1 97370 1
1 71344 1
1 43454 1
1 2292 1
1 52242 1
1 17928 1
1 69525 1
1 62987 1
1 12796 1
1 65184 1
1 88291 1
1 71641 1
1 83394 1
1 57811 1
1 2868 1
1 21931 1
1 65658 1
1 81893 1
1 48055 1
1 36934 1
1 45556 1
1 69816 1
1 28316 1
1 56809 1
1 53601 1
1 43820 1
1 30773 1
1 7670 1
1 69970 1
1 4706 1
1 76499 1
1 69838 1
1 23353 1
1 15676 1
1 56870 1
1 34853 1
1 70528 1
1 43906 1
1 36201 1
1 12541 1
1 14962 1
1 41857 1
1 19495 1
1 67852 1
1 91545 1
1 15609 1
1 28832 1
1 93836 1
1 70344 1
1 56787 1
1 77534 1
1 36794 1
1 1555 1
1 65142 1
1 79641 1
1 52667 1
1 13225 1
1 23299 1
1 68078 1
1 73212 1
1 28764 1
1 91908 1
1 22165 1
1 13982 1
1 99681 1
1 49335 1
1 68048 1
1 10655 1
1 72340 1
1 27850 1
1 15376 1
1 47477 1
1 33709 1
1 28075 1
1 75170 1
1 17446 1
1 75986 1
1 91307 1
1 76518 1
1 55430 1
1 14441 1
1 88741 1
1 47533 1
1 50297 1
1 33285 1
1 32536 1
1 74857 1
1 99165 1
1 18645 1
1 3654 1
1 96617 1
1 45941 1
1 72362 1
1 19441 1
1 45632 1
1 85666 1
1 1910 1
1 81848 1
1 31582 1
1 7044 1
1 16938 1
1 1276 1
1 90396 1
1 5303 1
1 23520 1
1 32915 1
1 58827 1
1 70221 1
1 79300 1
1 32499 1
1 78621 1
1 56040 1
1 76593 1
1 12021 1
1 40026 1
1 82639 1
1 6545 1
1 23603 1
1 14968 1
1 37567 1
1 24936 1
1 67258 1
1 6693 1
1 10315 1
1 991 1
1 63192 1
1 72966 1
1 93260 1
1 37588 1
1 94896 1
1 60065 1
1 5660 1
1 27817 1
1 77998 1
1 8109 1
1 12906 1
1 15697 1
1 27445 1
1 56540 1
1 35897 1
1 83930 1
1 89413 1
1 61181 1
1 97770 1
1 82040 1
1 95967 1
1 71843 1
1 25213 1
1 19427 1
1 84947 1
1 63250 1
1 25555 1
1 82207 1
1 55022 1
1 99120 1
1 92497 1
1 99735 1
1 14894 1
1 85478 1
1 5052 1
1 91415 1
1 64884 1
1 73989 1
1 32758 1
1 11153 1
1 95010 1
1 39325 1
1 28064 1
1 89560 1
1 90784 1
1 35578 1
1 13395 1
1 84600 1
1 8703 1
1 80199 1
1 4830 1
1 83850 1
1 14791 1
1 2022 1
1 44247 1
1 403 1
1 80698 1
1 98972 1
1 4121 1
1 54027 1
1 867 1
1 18673 1
1 49128 1
1 46978 1
1 9601 1
1 24982 1
1 75270 1
1 56266 1
1 37462 1
1 63101 1
1 76435 1
1 81011 1
1 68355 1
1 79446 1
1 51472 1
1 26095 1
1 27561 1
1 26833 1
1 97855 1
1 21551 1
1 36521 1
1 80705 1
1 82624 1
1 16036 1
1 84228 1
1 22326 1
1 15221 1
1 98366 1
1 27706 1
1 41442 1
1 4926 1
1 37614 1
1 37006 1
1 94196 1
1 10492 1
1 77639 1
1 70527 1
1 30271 1
1 90321 1
1 59032 1
1 12527 1
1 51858 1
1 67197 1
1 13042 1
1 42463 1
1 94368 1
1 73953 1
1 21895 1
1 71473 1
1 32633 1
1 65791 1
1 82088 1
1 99107 1
1 43950 1
1 37030 1
1 16729 1
1 20464 1
1 43 1
1 22417 1
1 81203 1
1 56561 1
1 82203 1
1 84603 1
1 91026 1
1 92096 1
1 37385 1
1 45236 1
1 64374 1
1 83792 1
1 47374 1
1 36450 1
1 98080 1
1 65082 1
1 4053 1
1 30859 1
1 63816 1
1 45329 1
1 61737 1
1 21080 1
1 67274 1
1 50423 1
1 20292 1
1 1352 1
1 60433 1
1 56616 1
1 99411 1
1 59802 1
1 23821 1
1 51109 1
1 34377 1
1 42546 1
1 69360 1
1 61519 1
1 30453 1
1 79406 1
1 299 1
1 56326 1
1 54026 1
1 23281 1
1 19885 1
1 64440 1
1 84316 1
1 34667 1
1 73795 1
1 32112 1
1 8686 1
1 49010 1
1 63531 1
1 51203 1
1 75050 1
1 51254 1
1 65444 1
1 81410 1
1 63985 1
1 67237 1
1 31120 1
1 48959 1
1 91651 1
1 73072 1
1 969 1
1 87777 1
1 70063 1
1 8677 1
1 55757 1
1 70512 1
1 62349 1
1 80999 1
1 98455 1
1 19057 1
1 75472 1
1 36613 1
1 8971 1
1 35221 1
1 51338 1
1 64101 1
1 87581 1
1 47686 1
1 37558 1
1 71402 1
1 53930 1
1 67763 1
1 50531 1
1 82865 1
1 62036 1
1 62788 1
1 59073 1
1 36052 1
1 30035 1
1 35370 1
1 79734 1
1 36762 1
1 43108 1
1 3539 1
1 36658 1
1 90681 1
1 53590 1
1 11273 1
1 7950 1
1 22817 1
1 63742 1
1 97992 1
1 1899 1
1 55780 1
1 52575 1
1 51073 1
1 8137 1
1 65361 1
1 1626 1
1 44487 1
1 37192 1
1 59547 1
1 44526 1
1 89097 1
1 81226 1
1 97361 1
1 86815 1
1 21849 1
1 35217 1
1 15558 1
1 68491 1
1 8220 1
1 92490 1
1 85237 1
1 11813 1
1 6189 1
1 90638 1
1 50501 1
1 8708 1
1 21381 1
1 36468 1
1 43461 1
1 11867 1
1 64845 1
1 60230 1
1 43277 1
1 10359 1
1 51789 1
1 7360 1
1 10772 1
1 27715 1
1 65080 1
1 26429 1
1 7512 1
1 50002 1
1 12601 1
1 30727 1
1 10274 1
1 66438 1
1 45760 1
1 79709 1
1 79139 1
1 98303 1
1 73471 1
1 72001 1
1 66605 1
1 73662 1
1 57959 1
1 89812 1
1 12303 1
1 97253 1
1 5929 1
1 29495 1
1 49820 1
1 244 1
1 58644 1
1 27723 1
1 27875 1
1 44860 1
1 94928 1
1 78487 1
1 38192 1
1 95440 1
1 94569 1
1 50120 1
1 79134 1
1 8898 1
1 90375 1
1 95737 1
1 17347 1
1 7223 1
1 56453 1
1 3329 1
1 55427 1
1 83540 1
1 99640 1
1 77364 1
1 17116 1
1 46723 1
1 1862 1
1 98786 1
1 70565 1
1 38689 1
1 75658 1
1 13084 1
1 16692 1
1 3674 1
1 40803 1
1 9558 1
1 58674 1
1 61166 1
1 86465 1
1 11428 1
1 98933 1
1 17309 1
1 92085 1
1 98021 1
1 174 1
1 86058 1
1 6897 1
1 60208 1
1 24788 1
1 7332 1
1 40650 1
1 68929 1
1 59536 1
1 79565 1
1 11191 1
1 90637 1
1 95660 1
1 50353 1
1 60313 1
1 90596 1
1 67925 1
1 40733 1
1 90872 1
1 31413 1
1 64092 1
1 65100 1
1 57923 1
1 97922 1
1 64208 1
1 22110 1
1 20812 1
1 60331 1
1 23523 1
1 7766 1
1 77669 1
1 62289 1
1 31877 1
1 2835 1
1 56669 1
1 76950 1
1 11976 1
1 46776 1
1 40487 1
1 47834 1
1 26653 1
1 88612 1
1 28563 1
1 66581 1
1 30393 1
1 77682 1
1 5 1
1 93536 1
1 41912 1
1 76853 1
1 54253 1
1 47727 1
1 45410 1
1 7566 1
1 8377 1
1 85684 1
1 39544 1
1 86380 1
1 16617 1
1 43712 1
1 92475 1
1 36578 1
1 61796 1
1 65868 1
1 36767 1
1 21051 1
1 46635 1
1 26326 1
1 49406 1
1 69526 1
1 18327 1
1 46890 1
1 94567 1
1 72699 1
1 39412 1
1 99199 1
1 28627 1
1 50893 1
1 18076 1
1 84331 1
1 25234 1
1 87265 1
1 91178 1
1 33634 1
1 3669 1
1 31841 1
1 35847 1
1 61465 1
1 35016 1
1 95750 1
1 94540 1
1 43325 1
1 83705 1
1 82305 1
1 30231 1
1 66447 1
1 22459 1
1 73464 1
1 55626 1
1 97189 1
1 60142 1
1 22466 1
1 58773 1
1 37118 1
1 44434 1
1 84463 1
1 60219 1
1 7180 1
1 38761 1
1 15985 1
1 49403 1
1 44702 1
1 915 1
1 73944 1
1 33399 1
1 8391 1
1 60246 1
1 18992 1
1 78423 1
1 5061 1
1 49127 1
1 97439 1
1 19421 1
1 91697 1
1 3395 1
1 82450 1
1 36459 1
1 86310 1
1 4233 1
1 98418 1
1 62526 1
1 91412 1
1 6177 1
1 16420 1
1 21452 1
1 47455 1
1 48036 1
1 15189 1
1 78616 1
1 23676 1
1 6498 1
1 3035 1
1 10927 1
1 21472 1
1 76015 1
1 3038 1
1 8330 1
1 80924 1
1 37311 1
1 82141 1
1 84091 1
1 82106 1
1 99712 1
1 59671 1
1 81940 1
1 82395 1
1 34177 1
1 38099 1
1 61813 1
1 7982 1
1 88451 1
1 91874 1
1 2625 1
1 6278 1
1 61704 1
1 79542 1
1 76088 1
1 97107 1
1 87729 1
1 19098 1
1 3933 1
1 49488 1
1 34153 1
1 18416 1
1 43375 1
1 71608 1
1 17958 1
1 53890 1
1 67048 1
1 80521 1
1 65970 1
1 64974 1
1 75240 1
1 5588 1
1 98446 1
1 53539 1
1 71120 1
1 96713 1
1 33435 1
1 87764 1
1 13346 1
1 91193 1
1 88986 1
1 76369 1
1 39006 1
1 99318 1
1 97163 1
1 80267 1
1 96549 1
1 41969 1
1 55249 1
1 27731 1
1 25977 1
1 1819 1
1 37355 1
1 56154 1
1 56346 1
1 18468 1
1 82171 1
1 31505 1
1 52970 1
1 2979 1
1 60618 1
1 76585 1
1 78585 1
1 10050 1
1 35989 1
1 15704 1
1 12072 1
1 45626 1
1 80889 1
1 66809 1
1 78795 1
1 98788 1
1 48652 1
1 27104 1
1 23288 1
1 15435 1
1 31666 1
1 79777 1
1 51913 1
1 16333 1
1 94830 1
1 43654 1
1 1645 1
1 52350 1
1 57177 1
1 3914 1
1 37674 1
1 84900 1
1 64828 1
1 97100 1
1 69519 1
1 90690 1
1 92616 1
1 66158 1
1 9103 1
1 14137 1
1 25904 1
1 92401 1
1 81690 1
1 43817 1
1 89698 1
1 91478 1
1 89281 1
1 60147 1
1 13874 1
1 62686 1
1 72501 1
1 53113 1
1 4399 1
1 95114 1
1 60584 1
1 36603 1
1 90187 1
1 89146 1
1 81993 1
1 60858 1
1 4694 1
1 1713 1
1 12843 1
1 952 1
1 83362 1
1 99406 1
1 13086 1
1 62773 1
1 64480 1
1 83891 1
1 29938 1
1 26515 1
1 96898 1
1 71483 1
1 11922 1
1 21237 1
1 85370 1
1 97479 1
1 69139 1
1 79725 1
1 33437 1
1 80968 1
1 10008 1
1 28827 1
1 13644 1
1 23216 1
1 3105 1
1 12528 1
1 70887 1
1 99214 1
1 54768 1
1 14173 1
1 5905 1
1 23157 1
1 77285 1
1 63730 1
1 88329 1
1 92117 1
1 61345 1
1 38497 1
1 71890 1
1 15135 1
1 24710 1
1 30907 1
1 18315 1
1 76900 1
1 64116 1
1 48432 1
1 33621 1
1 17292 1
1 64241 1
1 21876 1
1 61956 1
1 81552 1
1 86769 1
1 67334 1
1 82816 1
1 11233 1
1 28607 1
1 12077 1
1 86972 1
1 27326 1
1 66922 1
1 48648 1
1 80682 1
1 4907 1
1 41054 1
1 2197 1
1 38118 1
1 89195 1
1 81705 1
1 85844 1
1 28466 1
1 33278 1
1 11662 1
1 18839 1
1 85487 1
1 48468 1
1 12588 1
1 79053 1
1 23423 1
1 48095 1
1 13029 1
1 2217 1
1 47170 1
1 367 1
1 94106 1
1 35610 1
1 78329 1
1 630 1
1 48428 1
1 17830 1
1 63964 1
1 74020 1
1 34281 1
1 61933 1
1 15019 1
1 34718 1
1 90180 1
1 98942 1
1 31994 1
1 1779 1
1 60023 1
1 63466 1
1 9001 1
1 21330 1
1 52323 1
1 49089 1
1 4430 1
1 45130 1
1 5141 1
1 37263 1
1 51926 1
1 86828 1
1 70135 1
1 89223 1
1 49405 1
1 85867 1
1 49879 1
1 22116 1
1 81683 1
1 32199 1
1 31495 1
1 6119 1
1 69833 1
1 82593 1
1 82487 1
1 29169 1
1 25361 1
1 69627 1
1 47002 1
1 57635 1
1 35066 1
1 90773 1
1 20319 1
1 68414 1
1 32055 1
1 58768 1
1 52471 1
1 9698 1
1 92663 1
1 71406 1
1 11732 1
1 83698 1
1 45741 1
1 59527 1
1 25545 1
1 64629 1
1 50720 1
1 52629 1
1 35292 1
1 13280 1
1 90001 1
1 35756 1
1 77848 1
1 74098 1
1 7531 1
1 17233 1
1 39596 1
1 44010 1
1 54463 1
1 84197 1
1 26987 1
1 85484 1
1 75869 1
1 31435 1
1 33764 1
1 17750 1
1 42403 1
1 47914 1
1 48875 1
1 42076 1
1 46318 1
1 82477 1
1 35692 1
1 94624 1
1 96478 1
1 95155 1
1 89887 1
1 74286 1
1 50867 1
1 95397 1
1 53833 1
1 51151 1
1 41947 1
1 77064 1
1 77065 1
1 33779 1
1 73132 1
1 82561 1
1 32516 1
