333 333 220
302 173
50 244
284 175
258 149
157 309
123 321
133 206
121 205
289 255
259 221
220 332
214 65
237 249
42 24
179 108
73 145
208 172
57 218
269 274
134 50
48 214
83 121
128 21
264 88
4 90
283 313
22 258
33 203
266 121
132 35
194 127
188 120
331 188
272 279
319 21
306 163
15 329
107 309
42 207
128 156
166 73
221 185
197 61
173 34
131 329
104 248
309 225
195 97
303 15
277 254
277 89
103 213
175 244
36 227
143 231
108 75
244 26
295 21
18 100
257 227
225 76
273 279
180 141
327 87
269 178
12 73
112 265
173 331
182 62
124 91
173 201
198 161
51 108
239 49
138 50
81 43
322 180
123 222
299 186
256 225
130 261
231 5
154 28
125 144
56 44
91 141
99 277
330 282
38 145
190 104
82 147
209 233
292 162
217 227
129 232
285 265
188 326
202 93
221 35
214 79
149 200
119 147
208 271
280 177
193 36
207 76
142 40
140 19
4 137
248 240
74 173
96 49
260 331
314 243
228 291
46 47
183 45
150 232
50 227
15 80
39 118
255 21
327 240
253 10
11 207
312 84
55 8
254 109
37 252
118 333
268 75
191 87
232 57
88 219
236 188
267 295
221 175
293 70
260 301
27 167
116 318
151 32
14 311
301 46
90 275
158 147
98 54
122 321
87 277
105 311
307 55
23 87
86 298
323 280
315 313
59 2
303 230
7 233
281 208
168 236
291 142
114 155
262 176
250 303
225 120
135 198
108 159
249 120
114 16
275 44
320 51
64 211
105 6
296 191
106 26
225 266
96 249
54 265
261 270
85 133
178 196
53 313
244 63
62 75
303 277
102 254
310 285
144 126
301 328
162 286
227 204
20 65
65 265
30 52
283 67
232 65
99 272
260 62
180 18
308 202
261 236
101 265
300 295
329 210
321 81
115 144
321 208
318 64
145 297
198 78
252 225
278 242
247 145
301 170
303 97
225 289
139 65
141 294
284 127
238 175
262 132
17 91
258 235
29 143
238 233
246 18
287 315
272 313
55 1
249 181
329 274
162 120
99 173
311 230
171 10
134 58
211 136
101 55
44 71
36 69
94 103
263 261
44 180
312 285
306 331
164 305
199 46
153 168
52 181
301 113
258 71
276 97
318 225
105 9
306 85
143 213
146 134
216 122
125 318
120 160
251 7
87 299
92 119
13 323
55 77
313 330
182 33
172 164
68 162
148 88
81 288
182 117
140 142
119 316
25 292
188 38
52 41
165 19
91 332
173 174
92 111
225 3
110 236
259 152
60 242
236 114
213 303
212 306
180 293
289 245
243 168
323 50
185 304
187 218
147 198
19 226
59 120
329 223
332 215
290 50
52 189
39 316
272 50
329 169
99 141
162 234
260 147
236 10
155 95
317 57
66 244
324 15
35 28
286 325
192 175
142 286
159 148
265 313
141 278
122 298
258 229
260 184
57 61
326 308
151 294
278 241
272 183
225 208
85 31
167 175
302 224
72 37
