100 20 100
17 13 4 12 16 5 2 2 7 15 15 15 7 3 4 2 14 11 16 8 19 3 9 10 10 9 12 19 6 14 12 19 10 3 6 19 18 1 8 7 1 3 9 14 5 19 8 12 7 6 14 19 14 3 4 14 18 5 14 6 3 0 9 8 1 0 3 13 18 12 2 3 1 11 13 4 16 14 1 8 1 17 0 14 5 7 17 15 2 9 13 1 8 16 9 7 11 6 5 11
28 48
55 55
38 57
5 25
51 70
91 100
64 71
59 78
30 39
33 45
48 67
91 100
83 87
75 85
89 100
91 91
9 19
74 94
37 54
41 60
92 100
27 46
97 100
27 47
6 26
26 27
65 70
79 99
62 81
55 67
34 53
73 92
31 49
85 96
8 27
63 70
2 21
41 60
42 61
8 27
73 73
96 100
83 100
18 19
24 43
6 11
69 89
89 100
16 18
86 100
85 100
70 89
96 100
32 35
52 67
63 83
55 75
98 100
66 85
67 86
70 90
42 61
38 58
26 46
51 54
72 80
55 75
66 72
28 47
53 73
8 27
7 26
70 74
65 67
25 45
39 58
58 76
74 74
49 56
29 33
67 74
94 100
81 88
69 88
54 61
22 42
52 65
5 14
58 71
74 93
9 29
52 71
96 100
8 28
46 66
23 43
78 94
24 44
43 63
5 6
