100 60 100
16 24 36 29 21 33 9 8 19 39 33 11 14 16 7 1 18 1 9 30 27 13 44 33 49 58 33 36 35 11 5 57 41 56 6 37 55 8 53 5 47 48 20 3 54 10 47 31 20 44 46 6 22 26 51 43 3 23 32 36 52 13 34 58 17 27 0 4 43 40 0 19 39 29 8 59 23 2 17 28 46 7 2 9 38 46 45 21 54 50 54 47 42 25 12 23 10 20 15 54
11 70
68 100
14 73
45 91
29 88
57 100
81 82
61 100
11 71
24 83
11 71
53 100
17 60
59 68
58 62
89 100
59 78
22 78
7 22
32 92
10 16
57 59
11 71
94 100
85 97
31 91
61 71
95 100
18 29
19 71
75 100
62 100
25 85
100 100
26 83
61 100
21 80
22 81
43 100
38 98
83 100
23 82
37 96
42 100
100 100
82 100
62 100
9 69
26 86
15 16
31 62
18 21
74 100
37 95
7 32
35 73
69 100
63 100
36 94
81 100
45 100
19 44
78 100
32 90
24 84
27 87
64 83
54 73
41 84
90 100
79 100
11 48
21 30
28 87
24 83
83 87
59 100
18 45
95 100
56 100
82 100
29 72
9 47
42 100
84 100
41 100
69 98
43 70
85 100
80 100
92 100
90 100
92 100
63 100
8 67
86 100
68 100
63 100
21 48
43 81
