1
10 100
18 2
8 7
35 25
38 3
14 29
25 22
21 2
33 4
18 15
35 29
6 10
1 5
20 18
10 28
12 16
7 14
7 37
15 13
36 23
16 4
7 12
12 29
35 38
4 21
3 31
38 8
31 20
32 3
20 22
25 2
31 6
31 29
9 32
7 31
24 25
11 38
19 25
33 21
21 27
16 14
34 29
14 8
6 1
14 1
34 8
15 4
13 28
26 4
37 8
20 4
20 2
20 33
29 19
36 34
28 38
30 31
39 6
28 25
9 13
3 12
29 32
17 3
35 2
27 33
5 8
29 20
5 30
18 24
35 16
33 32
18 19
30 35
30 23
40 21
38 20
35 3
9 22
26 21
38 6
3 20
4 30
10 37
9 34
13 18
3 22
11 32
6 30
7 17
30 19
38 15
3 6
2 34
5 15
12 22
12 2
10 11
17 24
2 24
32 12
19 6
