3
100 8000
317 332
288 198
352 4
195 382
267 124
195 397
371 325
397 254
22 67
273 99
388 133
262 371
174 397
231 365
142 84
91 165
177 147
376 359
145 253
296 271
169 285
116 99
268 386
324 237
232 59
264 213
346 135
164 355
360 157
311 165
62 96
355 272
241 392
373 164
333 56
357 157
114 363
62 275
195 204
54 217
301 188
114 125
228 98
81 346
162 291
24 72
399 219
341 8
245 216
300 128
271 211
390 8
295 333
115 139
161 240
59 92
26 118
108 273
178 32
266 384
10 307
267 351
154 142
124 76
201 52
213 293
88 309
17 98
164 2
223 197
27 333
56 36
249 229
376 206
132 115
334 269
207 318
354 112
265 317
137 228
33 71
59 122
277 353
400 258
389 315
275 337
68 158
10 144
158 215
281 221
355 175
27 220
206 274
160 141
171 267
81 286
223 47
42 280
28 299
63 333
390 351
124 136
222 178
222 92
310 250
8 81
193 30
12 240
198 336
282 341
91 220
174 383
84 289
36 207
138 400
37 289
284 330
223 176
190 292
180 192
88 5
377 272
187 124
248 45
301 163
256 275
189 338
37 223
53 208
187 270
340 104
142 215
223 11
320 191
44 174
264 24
104 290
75 65
251 310
68 195
244 323
9 309
298 110
34 125
72 177
229 386
321 66
168 20
370 336
85 328
372 228
216 70
396 62
297 208
242 37
13 80
270 305
372 134
389 214
338 3
336 334
17 304
382 320
285 271
133 95
132 393
27 132
173 117
283 90
266 264
245 40
381 158
314 355
77 49
124 145
44 171
97 208
341 169
175 361
243 148
293 294
78 36
271 284
303 391
374 312
370 386
274 227
52 310
370 142
381 291
217 89
18 300
262 162
367 96
21 249
80 213
81 320
361 11
297 55
176 252
156 179
293 117
311 205
190 108
120 159
209 62
140 335
361 343
309 279
34 157
375 372
198 280
235 153
333 276
206 77
219 176
177 51
290 59
390 274
296 198
224 306
103 236
355 207
160 46
364 225
216 40
109 58
134 93
324 71
264 395
92 69
177 313
269 212
77 283
173 13
8 178
192 137
79 206
330 346
155 253
122 198
382 112
234 187
181 244
251 64
144 57
381 49
279 280
238 72
255 175
68 400
185 46
71 153
203 83
131 231
312 53
171 299
325 185
176 111
8 269
91 300
258 192
352 108
82 281
293 146
48 157
350 199
398 97
336 74
133 75
382 171
371 244
184 307
323 135
360 242
282 305
7 176
326 136
274 251
277 2
252 40
345 201
214 284
92 346
360 75
350 281
278 129
256 313
218 333
210 164
267 91
199 155
118 306
180 31
156 175
161 15
270 26
226 95
168 364
135 232
241 63
313 285
182 85
269 262
302 287
320 338
248 131
20 306
53 60
53 51
313 332
371 170
126 395
312 151
207 47
40 367
207 321
383 97
241 295
49 202
324 188
285 151
129 66
394 119
395 283
161 125
144 210
257 374
396 37
347 30
44 396
26 113
213 144
287 395
237 20
120 197
187 355
192 303
372 96
2 170
86 44
29 226
302 228
153 384
267 158
342 247
258 126
376 284
188 353
29 389
182 208
193 66
161 237
306 393
170 150
269 143
268 92
197 195
376 75
215 21
94 3
74 292
389 130
148 203
303 239
240 114
357 189
130 179
182 330
288 13
3 349
71 36
56 186
107 197
115 56
1 155
298 327
180 345
350 132
137 151
313 14
211 116
169 219
89 400
60 326
4 324
61 44
237 151
177 61
151 23
201 162
283 110
129 55
8 302
382 190
257 303
355 62
101 108
267 287
80 85
295 35
95 45
75 258
170 96
204 329
4 373
96 105
170 104
153 84
264 335
369 379
343 140
320 311
251 205
150 163
112 95
305 11
198 255
13 226
370 157
4 142
355 112
164 138
79 343
251 323
290 3
140 76
144 360
139 45
154 103
289 298
172 217
150 106
153 179
34 232
361 366
29 229
325 324
308 191
259 211
387 399
385 395
156 225
132 381
164 154
88 371
317 287
105 400
351 79
138 163
288 369
54 394
242 63
30 101
295 123
27 56
236 143
274 294
339 175
231 207
351 324
175 234
66 240
99 54
102 393
69 82
344 77
236 365
98 135
123 337
393 90
293 313
104 200
333 284
208 126
130 322
23 176
189 122
369 123
317 271
67 116
168 380
375 81
267 223
111 88
71 193
243 298
37 139
189 264
144 312
123 73
69 210
187 278
178 273
353 224
272 389
189 283
237 347
262 254
229 125
38 117
24 255
228 179
240 278
275 210
41 188
104 400
280 163
92 174
122 346
284 179
103 297
302 229
336 263
371 367
198 209
194 62
139 385
197 92
311 396
40 201
283 350
67 378
194 360
282 369
80 122
202 6
167 384
367 245
141 358
93 206
385 95
48 93
154 391
271 391
290 319
306 25
50 71
197 284
61 135
167 385
103 256
141 335
235 13
26 82
118 377
138 267
310 338
34 367
72 66
256 31
161 238
237 362
224 234
392 56
41 341
34 299
349 72
387 21
267 47
162 13
61 183
83 361
132 193
52 218
39 385
286 175
117 244
54 280
135 240
310 296
262 383
19 268
261 10
316 353
264 152
354 18
362 6
310 165
132 91
36 181
36 151
186 14
283 218
231 251
87 36
52 146
277 275
381 82
161 351
102 210
20 301
346 315
51 339
238 16
160 320
399 110
372 125
313 400
207 54
32 202
94 268
82 217
34 257
251 17
251 389
105 287
378 29
332 275
190 303
291 262
137 330
381 260
176 277
211 210
50 239
260 178
315 47
319 79
167 220
107 89
252 333
130 306
242 347
86 178
185 12
135 267
217 109
172 95
72 378
248 275
277 278
395 217
130 182
129 321
261 104
261 171
7 72
195 368
207 352
57 104
178 19
293 53
263 276
262 399
198 289
173 186
271 47
368 379
33 89
126 76
123 349
187 303
308 122
86 27
87 104
210 151
140 348
75 259
373 144
4 101
175 324
200 20
241 136
219 11
254 86
253 125
35 324
262 347
216 13
23 200
237 86
376 347
118 304
342 388
371 78
116 246
238 361
109 256
315 61
41 354
121 109
187 346
354 89
86 279
310 137
387 175
362 188
345 259
111 392
67 66
213 241
217 397
19 80
164 362
220 297
48 4
256 336
63 385
179 169
71 139
45 394
394 325
5 43
360 7
59 221
83 372
319 259
138 93
164 216
192 37
359 54
279 326
144 199
222 2
21 371
8 69
276 239
141 53
71 205
99 139
41 299
388 23
317 395
209 118
245 389
207 299
328 360
281 396
241 211
256 312
69 17
16 235
165 257
51 219
228 338
103 388
67 325
232 74
24 177
222 36
213 362
79 246
194 291
396 350
249 204
264 273
220 107
319 53
238 236
63 259
107 257
373 400
37 225
131 78
152 73
13 50
10 263
57 390
56 261
190 76
313 219
174 323
399 13
286 42
291 240
314 310
233 71
312 348
28 393
292 223
75 52
148 383
204 342
301 265
40 126
98 133
328 90
372 377
109 226
153 194
139 391
355 117
181 214
322 30
71 91
37 222
215 149
333 90
39 102
190 270
232 254
367 71
356 365
379 173
20 240
55 357
284 368
201 89
85 356
249 365
132 285
218 2
150 327
57 56
187 157
290 240
81 40
256 205
324 258
66 187
136 204
52 186
120 174
1 390
124 369
399 271
146 101
251 266
280 343
190 393
212 217
141 171
370 184
27 4
1 100
288 159
226 120
334 153
143 94
333 3
243 295
62 58
345 51
19 152
300 19
265 112
206 35
213 332
62 301
150 382
107 146
136 252
232 309
339 326
201 370
1 42
329 270
264 333
23 63
228 40
173 49
75 95
67 241
352 99
378 267
112 272
245 362
51 238
242 150
313 346
82 134
198 133
54 29
40 352
104 292
340 18
6 221
202 36
114 337
374 371
49 323
390 194
198 182
227 35
100 134
15 66
171 65
234 328
377 250
204 79
374 83
289 79
11 230
363 235
367 158
98 156
334 65
135 259
257 167
36 120
153 69
308 246
50 241
303 14
20 97
330 211
64 68
307 384
167 202
346 311
259 104
361 50
394 264
300 324
241 308
397 386
146 9
399 370
189 218
10 224
337 251
263 63
172 68
361 377
42 276
47 257
338 230
9 92
283 323
400 184
232 4
201 315
195 17
233 139
269 357
173 78
205 178
25 211
341 156
391 125
303 213
357 113
378 111
151 194
312 45
16 303
64 36
149 331
385 379
209 208
158 201
125 230
29 202
364 79
286 87
294 133
309 238
245 380
361 282
31 75
312 296
10 314
232 73
176 390
43 55
197 270
194 35
147 198
29 182
49 118
216 378
175 338
77 226
269 113
172 13
203 343
261 132
342 88
349 24
318 45
172 169
149 135
190 146
57 223
87 75
397 340
362 305
34 373
168 254
353 206
59 180
201 286
386 198
123 322
294 43
129 315
142 52
306 4
380 169
258 57
260 150
302 81
219 101
120 61
122 132
251 394
282 170
390 135
329 250
216 94
123 98
269 37
89 383
349 59
293 338
184 206
233 201
208 28
395 106
160 73
395 281
248 39
173 388
172 280
11 292
387 11
356 141
338 239
396 174
188 231
29 137
329 347
314 343
318 325
56 104
173 36
115 221
164 9
143 229
90 167
273 230
61 86
52 385
108 329
6 299
380 370
200 39
147 99
369 125
50 131
209 197
380 78
238 308
79 335
363 179
175 352
341 9
74 118
386 167
245 373
204 235
333 111
147 333
170 364
144 71
145 325
261 239
330 72
338 82
206 44
361 342
61 16
152 337
208 265
62 133
51 44
300 184
319 344
20 202
237 294
161 354
312 113
97 124
36 221
151 139
33 21
391 1
185 134
204 326
11 324
226 156
337 270
83 215
138 79
147 86
394 195
82 150
108 124
61 173
143 139
389 258
62 361
316 249
188 199
126 245
333 389
49 92
335 69
185 28
170 33
278 200
152 320
158 365
314 155
371 63
52 73
322 319
352 342
69 400
223 133
109 359
68 182
101 109
360 261
157 233
351 294
218 345
262 396
246 258
381 392
119 226
210 278
120 22
76 264
355 394
62 111
389 399
245 52
285 225
120 365
168 339
155 251
12 383
298 106
118 288
309 391
165 261
233 314
13 322
265 302
363 166
199 389
166 325
174 319
160 338
121 92
105 295
135 302
138 356
226 34
217 393
345 67
40 399
321 111
64 167
186 306
104 358
371 10
169 62
116 239
127 70
236 198
361 334
74 216
281 54
63 325
244 98
395 353
329 217
251 15
67 237
16 9
124 159
214 73
290 147
45 251
357 144
364 169
26 362
156 143
397 27
124 79
315 209
357 34
232 39
258 25
385 185
388 319
245 267
107 76
227 2
161 227
351 275
194 397
112 243
390 235
385 391
351 245
2 125
361 9
334 130
240 78
23 292
191 243
258 374
24 238
325 381
112 218
110 5
210 85
178 95
360 113
287 380
372 159
94 10
30 224
94 298
139 357
182 40
238 295
118 69
39 393
386 319
59 115
354 120
192 375
128 229
158 106
383 376
73 177
233 371
46 267
364 40
183 62
397 121
257 255
24 208
124 282
324 120
265 41
54 392
266 322
316 264
372 252
23 243
99 334
362 29
174 301
286 371
300 370
317 365
234 44
353 6
5 305
232 6
90 298
32 394
243 332
69 62
148 340
325 181
80 55
262 43
69 110
70 76
244 167
166 89
42 333
227 389
21 196
393 201
336 145
296 52
230 344
377 80
54 272
369 54
381 96
313 145
383 119
299 123
156 72
288 135
398 321
281 155
398 151
96 5
89 250
28 35
215 320
274 120
337 390
272 59
107 223
398 164
179 204
15 42
328 340
203 164
71 69
60 111
17 214
347 107
233 288
336 12
365 218
379 362
82 312
136 157
119 74
131 178
243 227
29 100
350 94
23 57
90 296
14 324
219 282
104 230
238 32
43 325
23 228
388 74
388 38
203 320
121 17
71 39
136 159
251 173
307 311
220 258
324 352
343 272
26 143
167 286
380 66
186 33
276 144
294 339
194 392
335 209
54 59
92 367
6 104
163 73
153 344
51 59
111 301
288 341
357 342
246 360
157 354
240 335
185 351
58 75
83 308
118 316
84 314
22 335
77 16
397 175
15 285
201 372
203 26
315 85
37 321
133 327
192 290
114 257
95 77
256 197
384 12
146 396
134 49
303 328
83 15
12 189
307 154
285 303
219 373
100 321
392 337
248 187
168 38
26 42
33 372
271 390
218 9
212 7
66 296
392 376
50 133
102 328
306 161
370 138
136 216
46 355
20 30
128 116
372 146
117 96
257 105
305 248
340 68
330 391
135 2
190 226
280 215
296 38
117 27
227 76
145 252
232 44
379 291
279 346
14 290
258 60
311 107
184 90
392 178
347 276
392 254
166 357
248 201
299 182
323 101
198 394
174 260
170 43
154 235
307 323
127 293
79 320
218 176
292 383
190 254
95 216
50 254
167 295
56 296
330 148
375 212
341 260
276 162
164 327
81 91
195 56
122 269
321 237
3 180
170 56
188 9
330 366
44 108
26 90
263 76
379 11
238 204
182 242
214 317
190 15
259 169
26 347
141 347
240 24
396 313
114 254
297 205
33 373
210 200
27 253
101 230
31 67
192 204
70 278
265 130
215 398
141 44
126 268
117 118
316 40
117 400
282 173
267 121
198 10
104 153
295 179
28 76
368 110
97 268
180 263
275 79
193 213
253 270
189 307
131 29
287 207
390 80
292 46
289 234
209 117
370 359
209 384
82 136
26 240
68 357
373 142
366 92
152 108
383 106
60 294
24 47
293 107
396 141
349 191
327 399
358 174
62 349
209 352
78 142
363 335
74 311
195 39
39 87
348 170
2 250
357 314
186 82
189 230
191 9
33 218
114 62
381 305
20 376
258 376
284 9
155 284
28 239
68 92
8 388
24 258
319 50
162 24
19 236
130 266
210 165
212 53
349 197
179 68
223 121
228 221
341 141
278 388
227 182
222 337
67 201
345 346
111 23
392 307
362 265
218 216
373 70
345 282
9 67
273 277
79 32
131 94
121 286
203 317
112 205
18 381
246 141
308 18
28 193
354 294
279 363
319 282
148 106
311 329
255 169
374 171
92 224
115 67
79 377
17 122
169 302
233 387
37 281
149 72
350 63
292 177
301 367
249 248
153 276
190 202
204 283
252 236
385 14
316 132
46 80
169 186
248 103
240 260
19 104
119 189
135 118
378 2
179 8
123 234
232 314
194 241
164 313
168 268
127 375
152 327
56 166
215 246
5 135
269 235
236 149
42 288
80 28
46 1
90 238
199 44
109 224
260 308
350 394
336 284
150 346
161 321
293 148
81 165
160 5
356 348
387 208
59 262
285 149
10 66
204 91
147 387
76 181
244 256
286 54
50 371
384 213
225 382
27 10
101 357
50 141
180 46
397 24
349 60
92 199
8 338
106 131
191 305
294 15
362 80
106 248
339 188
360 326
91 189
358 331
286 359
327 282
255 324
292 294
83 326
290 334
337 322
269 310
22 21
98 373
280 340
383 206
320 308
14 64
288 216
82 147
382 302
95 375
182 41
399 30
395 324
355 45
156 353
20 42
245 205
87 308
28 167
200 102
5 90
105 193
156 113
263 295
206 314
159 270
89 384
97 249
178 76
244 214
139 185
258 17
164 289
244 319
304 223
256 316
58 272
242 120
390 397
351 11
80 107
126 218
183 152
367 262
314 192
273 68
67 20
259 93
275 273
280 297
175 283
295 344
54 313
175 159
25 87
21 311
80 315
35 115
275 190
277 393
11 43
282 1
361 206
124 116
135 211
110 116
213 354
126 234
79 156
268 194
57 197
105 69
376 372
83 145
62 331
166 253
113 148
22 167
27 58
167 305
13 118
349 106
41 300
51 176
163 234
120 170
188 21
98 308
199 369
127 140
101 10
276 389
399 230
290 128
242 166
49 252
392 205
107 181
323 144
271 388
150 208
120 58
229 170
343 316
356 118
33 327
366 237
194 294
156 105
249 337
224 288
15 88
106 333
320 44
139 375
381 177
291 74
294 390
61 148
396 363
53 359
52 136
109 73
164 264
124 283
310 266
378 104
72 184
380 340
293 299
198 25
244 367
163 228
352 89
366 39
308 169
185 285
148 339
98 48
100 152
4 25
52 243
107 390
2 326
288 176
246 271
285 335
319 263
77 24
91 95
287 271
263 269
110 214
167 118
201 197
307 217
177 119
177 171
160 156
148 353
16 331
206 45
112 176
109 353
193 133
108 229
192 25
174 288
221 369
399 32
292 75
87 56
394 232
340 236
104 268
294 189
265 204
353 204
179 350
120 154
171 35
131 326
106 372
116 390
232 389
112 65
55 352
331 326
316 225
212 388
152 352
132 102
336 290
7 317
67 74
53 272
313 65
192 151
399 93
172 25
44 172
247 46
219 158
65 56
86 236
203 366
193 291
330 14
128 206
186 31
202 352
193 48
52 400
64 256
248 209
342 61
8 155
73 380
325 11
64 96
163 236
224 294
311 148
302 216
297 342
7 197
271 265
255 26
330 127
204 394
346 101
65 151
186 396
320 53
194 196
337 259
162 88
182 104
270 28
32 56
70 275
276 295
71 253
387 185
343 391
179 306
8 283
95 154
148 239
65 89
309 358
207 179
397 55
236 154
88 91
80 303
281 239
76 91
192 261
247 54
195 220
120 302
41 260
42 150
147 36
306 365
388 229
51 165
151 323
221 344
176 303
288 265
219 247
5 395
232 390
26 357
66 304
8 129
20 310
170 110
188 66
390 284
61 244
102 29
325 105
362 374
266 43
397 64
59 188
309 82
43 376
60 97
76 364
311 160
374 268
176 243
133 177
223 78
66 328
96 31
58 328
180 218
201 20
39 17
233 179
209 57
269 349
349 329
374 310
333 129
198 186
219 345
12 98
310 109
23 130
256 227
337 341
7 186
164 11
179 283
371 194
395 298
258 256
320 141
270 371
211 129
177 86
259 356
395 125
101 104
24 121
161 239
123 289
371 294
380 80
31 216
17 97
136 372
287 148
285 168
111 113
166 352
147 98
136 180
255 193
112 307
165 353
98 224
344 248
90 38
321 261
87 185
128 98
315 204
263 153
13 85
163 377
27 20
369 241
400 246
170 118
49 116
265 163
282 169
296 92
387 234
7 162
84 233
306 180
242 286
95 191
286 372
93 393
116 213
108 237
181 363
355 172
29 145
93 261
389 364
295 15
54 366
13 254
380 112
264 64
250 131
105 349
158 296
105 342
371 81
65 351
24 182
297 184
200 329
347 135
120 180
170 103
340 196
267 187
222 248
195 212
118 120
315 242
120 175
306 370
284 326
338 392
135 196
126 274
54 328
370 149
112 370
5 239
358 284
77 336
281 386
163 260
9 56
271 215
138 208
288 335
260 137
259 381
149 377
76 153
143 197
246 36
4 130
341 221
76 267
145 312
309 244
216 213
236 192
372 298
288 170
111 355
288 2
310 316
373 228
235 275
283 291
223 200
62 100
392 397
131 336
305 46
279 308
91 341
57 67
115 260
163 330
341 361
67 33
177 62
298 184
361 253
250 322
216 72
123 294
371 379
292 395
193 231
9 303
148 242
326 145
140 202
181 136
2 201
306 275
251 98
155 337
227 102
139 101
360 400
220 214
341 158
382 261
119 391
349 257
141 301
20 385
368 196
14 17
374 264
119 395
121 155
367 182
288 34
54 5
399 227
63 148
29 26
214 369
132 384
121 59
372 132
212 45
159 40
361 2
92 187
270 35
386 400
44 180
164 201
280 90
175 299
7 348
18 100
28 125
274 168
78 6
196 96
225 267
48 351
251 83
53 191
121 296
103 293
311 368
19 26
386 233
65 106
247 99
351 295
373 283
388 267
178 47
1 339
374 335
143 28
103 284
47 159
82 63
45 226
237 197
393 293
328 172
39 343
376 247
100 264
81 211
287 316
8 139
210 108
346 339
104 147
398 338
188 237
220 6
96 168
253 319
76 149
261 315
105 373
214 168
97 16
150 113
144 226
79 181
320 339
120 138
371 97
379 215
60 56
78 217
55 292
147 49
252 184
51 221
305 226
80 249
87 124
380 96
227 310
176 113
22 247
64 57
342 346
196 202
298 264
155 218
282 176
293 269
179 54
380 292
37 83
172 256
26 327
97 91
146 220
35 230
209 246
77 338
37 220
78 369
310 271
396 233
216 184
66 285
149 327
227 269
394 121
11 227
268 136
198 208
91 289
286 65
16 259
317 41
138 268
327 239
117 216
246 373
88 191
252 277
102 309
375 345
42 218
294 327
84 277
37 167
177 209
239 122
106 139
263 186
395 339
155 144
376 26
201 46
365 60
328 389
33 40
83 130
284 381
46 314
14 20
325 115
191 102
164 384
223 383
125 381
48 400
51 335
377 280
125 261
21 169
5 371
195 41
337 73
340 142
48 267
171 29
377 196
212 216
160 332
361 115
233 130
68 361
394 384
220 28
304 3
394 18
367 25
61 273
186 237
120 71
368 372
172 41
204 206
117 322
399 270
309 36
73 192
236 359
154 205
320 98
341 155
279 222
375 261
267 140
204 296
186 262
30 122
284 243
375 66
395 80
330 84
330 306
396 353
233 400
175 143
352 351
400 13
141 224
236 18
370 216
360 169
381 204
24 57
318 377
119 303
159 149
354 318
329 162
91 202
44 37
296 329
10 315
303 397
234 280
293 376
385 115
343 268
129 387
77 331
148 292
46 60
145 209
345 303
232 337
293 130
200 325
52 334
156 251
364 396
50 369
391 93
248 101
53 350
192 169
391 199
340 307
336 102
111 357
247 274
153 73
115 166
184 157
26 295
34 21
343 202
197 330
19 2
338 180
336 211
384 134
166 99
322 302
354 65
36 146
40 62
199 340
308 27
7 308
232 363
260 24
322 268
252 76
24 183
42 238
102 114
258 174
392 356
237 230
356 51
158 284
241 73
117 16
82 129
175 197
290 28
286 147
51 8
83 301
20 228
369 165
144 393
233 275
186 32
55 13
332 2
309 241
166 332
151 90
162 57
105 243
339 211
300 339
207 397
2 323
301 107
361 245
96 134
344 195
257 31
246 126
81 279
225 243
136 193
200 292
207 356
4 246
361 105
87 96
384 366
14 377
164 359
242 380
78 96
44 304
329 328
347 148
215 66
357 376
228 133
207 110
197 28
5 24
179 365
6 383
219 359
131 114
343 115
49 163
308 80
281 36
212 170
165 377
96 365
276 64
226 162
103 199
89 37
218 242
255 312
339 359
272 375
159 353
164 178
198 6
76 380
230 18
314 205
130 2
252 144
71 267
129 53
39 300
356 375
249 345
77 362
89 159
206 109
101 61
263 229
44 173
350 1
7 1
252 367
298 132
41 99
99 294
80 318
323 226
104 215
261 137
353 315
315 395
392 48
210 67
281 157
67 169
272 83
342 381
276 365
228 316
77 179
318 40
362 375
31 111
196 227
331 20
202 312
391 15
378 155
68 180
275 23
212 125
188 349
332 31
67 26
251 211
10 53
236 110
26 381
334 160
360 181
368 138
260 173
357 238
228 353
167 210
189 376
192 84
31 87
102 354
300 253
269 317
392 58
115 271
44 223
326 315
232 53
55 335
285 184
158 323
187 293
172 243
233 228
236 121
397 265
242 67
141 324
386 381
174 50
289 25
379 77
44 202
365 350
126 292
158 143
390 244
113 251
14 190
174 140
21 199
293 30
156 398
364 183
229 261
293 2
112 202
8 7
379 145
245 28
56 371
290 252
18 56
44 54
235 41
192 114
282 47
41 23
167 137
94 200
261 67
388 335
390 45
321 283
306 228
120 232
69 101
314 210
16 111
112 154
365 347
216 237
51 218
323 387
127 118
304 217
23 18
259 328
152 7
350 162
245 317
53 126
336 207
353 61
62 84
195 200
275 267
242 400
320 198
4 13
253 89
87 154
207 229
51 288
190 293
141 382
155 233
34 326
348 21
202 142
287 225
106 23
220 151
338 27
70 219
199 344
253 295
76 184
255 320
256 135
237 210
268 195
196 170
219 255
2 62
369 361
368 295
333 20
389 68
74 22
389 254
290 234
379 337
172 174
319 183
153 34
68 230
383 182
8 184
219 204
49 291
397 52
369 93
93 348
21 51
167 198
200 145
47 152
284 136
44 221
208 271
89 287
236 267
63 12
303 338
42 393
174 334
290 362
218 92
291 272
270 91
191 12
197 244
356 342
275 2
259 200
258 1
225 38
269 188
9 360
188 140
318 267
11 158
210 54
335 74
373 248
108 139
33 391
35 210
177 373
245 128
290 164
218 320
225 394
273 251
239 125
363 167
315 256
99 271
121 241
278 328
329 236
347 280
353 2
346 207
290 53
263 39
94 107
170 319
309 307
160 261
4 272
268 328
257 367
203 115
47 59
30 206
171 184
356 45
385 145
226 3
261 280
269 373
256 54
241 390
349 120
384 377
289 5
8 26
282 164
299 278
66 90
50 132
83 222
384 270
315 120
390 41
363 59
207 136
323 234
99 183
12 102
201 23
21 113
189 399
19 6
286 178
145 263
258 360
166 238
35 202
310 326
360 254
152 290
318 214
279 190
9 18
339 201
232 57
264 181
66 85
254 257
120 314
165 148
65 331
173 278
71 340
204 229
247 393
333 109
378 88
96 153
315 369
179 175
230 336
198 58
109 148
387 46
101 340
153 99
228 369
60 134
69 161
97 324
165 387
143 334
147 66
49 17
50 345
46 222
8 117
124 225
113 211
64 212
134 369
289 266
67 381
98 167
75 101
51 214
49 301
323 344
75 178
340 113
15 386
357 182
348 114
201 9
290 127
180 71
194 10
374 383
314 69
71 343
41 66
184 74
29 344
116 195
56 253
197 34
69 292
226 365
296 39
178 376
71 316
132 155
85 261
235 147
362 229
244 234
5 1
215 227
291 152
256 308
399 340
206 171
127 288
306 174
346 329
374 396
41 155
355 138
22 299
384 78
372 292
275 250
125 266
87 325
154 189
400 277
230 248
337 400
305 140
127 16
365 263
30 294
277 165
323 188
268 120
165 2
170 369
114 178
382 33
334 355
29 227
28 154
175 381
103 300
370 398
268 283
22 113
373 170
67 396
232 85
127 399
228 210
305 125
42 248
93 283
164 383
200 352
82 243
337 245
299 307
294 153
306 303
238 351
42 119
109 219
210 209
282 328
364 347
319 378
271 63
217 48
255 27
231 338
382 128
253 175
146 209
103 94
185 347
267 243
122 199
324 313
259 363
236 207
299 322
159 195
399 135
270 250
336 169
148 373
308 378
237 309
323 105
202 37
234 103
49 117
199 131
39 297
74 85
244 375
282 286
24 253
199 29
186 162
270 46
375 241
210 306
57 50
310 188
260 228
294 329
105 148
27 13
91 255
273 324
272 123
255 235
161 263
300 181
266 46
216 29
159 131
85 229
272 40
69 346
353 195
319 313
128 77
188 354
115 326
146 214
375 179
166 213
15 154
166 73
375 60
312 110
93 258
85 257
53 278
244 10
252 5
184 183
196 108
333 101
295 203
292 150
335 146
90 125
72 351
150 248
267 281
341 72
249 348
291 264
180 265
321 322
276 115
79 44
241 124
146 222
140 232
332 287
320 264
248 354
96 66
178 9
158 332
388 169
205 110
167 109
248 192
242 207
2 273
352 111
368 89
257 316
212 129
336 300
62 95
109 351
29 48
52 246
372 374
308 205
213 368
56 315
245 307
374 188
71 376
29 211
243 272
337 138
46 142
242 331
248 53
210 26
254 115
47 262
287 59
52 19
34 191
339 12
305 390
150 387
222 57
82 34
230 168
283 122
32 275
208 64
7 161
214 75
308 212
8 336
393 385
135 162
119 58
1 271
40 346
33 157
386 138
80 266
386 85
7 96
377 140
45 134
180 232
178 27
80 157
167 101
167 183
383 34
291 254
90 123
344 314
319 84
42 339
68 152
348 343
314 330
151 135
200 283
73 281
84 336
55 214
173 213
347 341
203 18
30 148
81 357
45 284
358 288
327 25
49 386
208 21
164 43
287 327
87 398
75 207
286 299
39 105
370 217
137 163
156 337
135 142
305 15
107 48
21 372
314 118
393 135
69 104
180 250
132 109
175 399
235 73
230 51
284 56
359 266
268 179
168 266
321 190
369 147
284 157
40 125
230 170
227 272
341 11
181 50
186 140
363 390
383 220
320 87
247 101
46 364
103 204
188 378
85 266
338 161
300 188
21 119
188 382
236 336
349 145
56 144
325 163
287 272
197 241
237 219
326 70
39 81
256 341
322 367
257 134
119 231
204 314
50 119
70 200
316 116
337 293
9 15
119 297
164 348
233 51
117 241
140 18
263 91
142 95
172 393
19 126
387 93
340 253
6 184
367 129
337 2
96 217
25 46
123 145
56 119
165 107
121 279
379 166
357 210
368 340
360 341
28 196
343 297
184 48
284 199
46 373
41 16
218 278
118 116
260 190
200 142
236 352
333 314
392 281
246 370
244 151
336 259
147 348
197 159
269 338
47 55
83 140
209 381
12 385
118 221
84 248
211 282
185 162
350 271
201 361
77 41
278 140
365 192
374 348
212 254
22 48
158 350
206 326
221 155
106 386
235 65
162 242
293 371
74 347
303 255
302 9
322 202
284 193
264 352
87 202
101 52
250 148
213 308
42 337
167 123
115 206
160 33
238 310
33 393
205 109
72 360
125 162
337 233
206 261
208 256
34 331
140 7
12 242
251 289
313 72
129 155
140 97
86 165
116 335
36 80
12 247
240 104
25 34
223 384
204 54
35 266
145 302
64 290
376 179
31 231
80 341
197 13
131 59
175 294
6 182
30 173
377 398
242 193
374 45
108 31
172 55
275 3
54 200
58 77
301 109
396 115
207 338
107 68
164 101
204 109
330 37
360 109
203 104
144 114
153 331
211 167
235 324
203 241
142 330
241 226
322 381
295 5
330 87
208 230
24 323
368 317
97 238
71 194
311 154
324 290
376 264
244 230
400 357
215 140
33 259
384 126
386 266
212 71
30 87
26 120
354 249
66 89
398 347
116 104
263 374
252 399
351 86
133 283
108 183
335 20
41 121
17 203
330 209
219 245
67 45
228 330
135 86
236 169
304 56
320 331
202 115
5 65
260 329
142 156
194 30
191 367
186 202
329 100
275 30
265 354
139 148
284 265
75 92
105 107
17 125
289 102
390 125
203 127
328 100
127 324
59 147
146 50
372 157
264 380
331 341
114 18
247 294
162 268
228 400
303 262
354 235
122 121
122 351
149 393
382 303
240 247
244 64
117 171
136 81
112 195
84 316
65 14
214 294
389 302
13 372
76 272
399 330
357 100
41 382
113 238
36 188
82 76
306 33
74 24
79 212
75 7
52 99
328 233
54 395
284 32
182 317
363 377
218 182
55 202
145 270
64 321
319 391
359 200
56 234
320 367
101 271
60 218
305 2
128 9
163 310
227 245
275 234
125 163
307 158
340 284
358 287
223 244
70 224
24 27
222 203
398 317
335 252
264 182
201 280
396 118
204 6
87 238
375 65
16 322
361 227
260 118
303 151
172 380
300 70
40 300
199 68
383 314
156 277
367 37
307 281
137 19
3 211
162 320
131 33
130 367
158 277
13 303
314 139
275 35
131 25
370 189
398 101
204 382
298 82
7 196
54 159
278 63
17 113
227 150
122 56
338 28
317 373
176 56
89 247
386 176
121 116
92 53
368 104
278 52
317 267
386 217
174 289
140 69
73 292
143 352
225 129
281 9
283 97
271 149
353 359
132 221
309 330
287 226
222 196
225 244
196 26
389 202
389 244
240 69
374 194
27 218
387 259
31 363
265 113
340 291
317 100
240 128
238 383
29 400
114 199
11 362
268 193
87 304
28 226
399 48
151 128
161 358
118 91
352 395
48 330
83 329
90 378
355 235
190 302
96 366
30 6
213 43
79 42
168 80
37 3
10 110
332 319
334 36
251 182
292 186
11 178
46 33
89 185
187 133
105 375
120 213
249 379
282 315
61 81
238 36
61 350
90 344
57 31
225 253
72 93
145 81
181 399
42 170
329 13
382 154
266 353
279 245
287 8
244 284
6 272
268 281
343 193
95 42
306 59
352 215
324 201
53 172
269 2
87 2
157 263
131 91
357 274
248 23
79 385
12 394
234 96
117 359
163 237
74 156
187 27
49 222
340 36
395 112
101 100
164 318
387 205
154 309
293 236
91 268
333 213
4 208
361 222
5 2
242 208
268 300
219 257
234 256
197 252
279 364
96 247
57 109
29 259
171 325
388 174
96 162
190 58
357 174
129 63
107 281
32 257
311 91
334 19
310 376
6 372
252 173
397 204
363 174
55 220
33 58
219 83
17 50
104 67
387 51
295 394
295 142
268 211
257 77
290 88
318 369
203 292
381 253
380 237
255 261
113 16
364 285
62 363
7 124
375 178
122 365
260 264
234 142
224 106
19 87
231 189
216 137
103 50
186 109
102 340
268 291
72 103
298 161
55 130
326 289
77 295
273 117
11 281
176 381
110 30
20 6
206 58
379 294
152 18
351 13
70 177
381 319
157 393
21 337
398 207
277 295
236 56
51 122
114 88
21 178
203 126
148 325
268 85
182 295
84 57
62 364
102 148
205 4
96 213
312 101
155 89
244 294
92 240
294 219
27 174
87 72
334 316
37 262
256 218
179 275
82 71
388 31
215 18
211 131
41 258
368 52
145 9
6 148
262 169
53 94
315 231
271 183
99 3
197 331
239 302
34 261
163 29
151 73
283 69
83 34
7 246
69 56
282 309
251 350
12 60
366 211
44 379
42 380
65 97
382 82
290 340
160 299
33 43
16 239
92 88
301 183
192 311
228 81
233 115
216 286
202 7
365 302
311 392
342 71
116 302
173 330
316 184
204 80
397 125
67 186
121 36
172 47
295 379
343 318
39 111
259 154
282 161
242 234
46 179
371 138
11 147
80 134
170 101
108 371
198 385
232 141
373 125
103 119
73 252
357 325
297 92
137 194
348 393
365 134
90 334
74 157
316 115
73 351
114 89
331 216
231 56
284 288
176 302
111 141
328 244
95 217
126 249
134 26
228 272
14 56
159 61
326 303
43 96
381 334
67 61
262 305
110 56
266 290
213 100
316 90
184 264
203 238
17 342
307 134
326 170
224 261
106 209
353 292
138 30
346 299
398 15
31 23
296 81
391 240
226 298
343 168
191 213
102 220
198 13
378 25
323 210
397 395
33 263
125 156
119 69
153 323
108 357
72 299
346 153
215 319
53 364
224 115
342 358
324 361
239 262
343 17
70 265
281 120
301 184
381 136
361 126
223 155
209 56
299 193
397 158
249 200
91 139
325 292
80 52
354 55
204 287
105 385
63 106
336 70
151 309
148 176
262 222
374 44
394 4
117 351
292 351
295 107
349 304
391 233
22 145
324 13
109 329
261 235
329 233
322 386
321 84
204 234
96 356
32 88
394 153
167 364
11 244
222 390
187 96
75 363
306 195
262 92
154 379
55 151
87 132
43 321
267 261
31 16
313 99
14 108
230 395
152 241
63 399
288 318
257 145
245 71
170 81
40 12
342 12
397 288
366 209
118 337
399 145
227 304
336 385
313 377
187 203
107 201
234 272
227 81
79 372
4 119
41 335
94 49
17 173
92 171
210 371
400 394
46 385
59 333
365 331
189 248
358 362
266 352
56 356
338 142
220 207
112 14
227 286
38 359
286 327
382 306
81 244
200 331
69 46
146 40
279 70
301 103
64 131
393 174
379 186
215 177
323 336
227 199
347 336
370 375
181 375
385 164
395 24
305 374
340 396
77 113
116 24
195 117
84 257
78 293
111 256
380 37
318 104
201 340
29 349
147 279
119 331
396 35
292 205
329 325
389 120
188 51
70 10
11 209
375 334
26 22
292 251
142 225
354 189
295 43
57 254
39 351
342 151
40 203
249 154
165 73
213 130
364 7
376 42
375 397
343 47
246 136
279 247
204 392
227 363
54 188
28 96
35 152
228 180
33 41
121 372
124 226
59 237
332 163
357 278
280 202
302 321
154 44
115 193
235 331
98 222
252 178
31 319
63 351
398 24
217 215
393 96
178 380
28 280
77 303
179 182
283 170
386 86
289 32
202 166
232 94
140 11
169 337
143 277
7 323
85 326
286 261
279 130
82 14
58 128
160 290
164 68
100 276
352 308
144 190
79 173
272 44
394 188
302 163
316 389
67 8
305 321
288 132
58 138
166 34
114 68
196 156
277 225
326 179
363 357
221 343
318 338
241 122
263 371
84 171
110 189
31 225
90 172
29 181
220 223
276 368
84 166
296 375
304 230
351 221
201 287
106 82
56 249
315 284
293 305
80 78
106 53
271 45
94 340
91 134
221 347
225 344
16 158
361 362
344 366
31 328
319 309
76 167
184 289
333 74
204 19
363 287
280 326
261 269
164 276
276 356
292 71
311 349
66 277
245 160
355 153
150 224
362 100
391 101
392 26
296 114
11 313
258 125
232 139
290 209
233 207
353 314
297 250
160 107
299 208
25 394
345 197
327 268
210 301
350 236
393 342
400 264
399 211
21 151
42 294
78 19
324 399
198 29
359 47
56 350
245 123
74 181
135 353
140 254
308 281
18 91
6 203
24 6
108 186
65 124
4 70
112 98
375 184
377 312
235 104
398 134
138 133
251 71
228 311
254 26
293 36
178 69
28 366
278 279
54 126
272 170
211 231
332 348
26 286
116 358
347 232
202 368
142 314
232 348
16 124
26 56
361 304
249 352
294 352
220 348
63 156
118 154
177 296
378 380
342 215
354 257
323 389
255 395
256 251
312 336
301 177
79 211
146 110
136 78
265 371
368 7
204 174
142 136
236 320
397 184
15 307
196 197
142 211
19 209
94 237
396 65
146 76
37 1
314 367
178 394
298 276
34 284
391 259
318 308
284 322
209 338
386 103
392 144
250 130
128 379
101 165
203 49
205 279
89 131
310 78
257 113
214 351
242 236
287 16
321 341
200 197
51 224
291 101
108 54
331 33
293 136
58 375
4 114
193 21
268 114
48 249
182 35
333 192
84 217
86 125
380 143
200 186
96 231
189 116
283 272
278 232
180 65
236 190
88 282
156 339
63 15
68 342
48 153
30 69
18 70
104 115
370 37
102 261
317 135
256 373
147 95
89 63
108 214
191 56
291 141
392 44
36 172
357 201
108 107
220 71
276 12
361 44
257 86
394 158
252 208
230 287
235 37
90 330
30 52
270 233
137 131
163 27
52 48
281 332
260 75
396 95
368 214
297 104
22 211
200 320
342 81
115 210
215 70
362 319
282 14
359 255
115 243
204 208
58 213
68 315
96 94
326 159
3 7
130 19
270 70
60 142
102 273
312 135
43 113
231 249
173 4
181 20
210 77
74 33
254 310
200 272
182 172
33 380
266 382
321 212
335 314
192 157
131 148
377 161
187 255
363 346
129 291
170 240
86 77
53 275
35 86
308 67
101 268
270 184
143 378
113 80
106 88
5 243
352 265
211 96
133 145
152 394
313 286
92 350
265 210
236 183
306 94
156 270
80 210
185 90
6 244
101 150
294 289
230 396
149 282
333 286
119 250
266 41
285 360
109 342
344 251
343 155
29 60
133 320
79 182
205 72
261 359
161 235
97 394
41 137
252 23
193 7
73 199
77 160
140 13
179 373
307 71
118 256
215 171
242 27
187 322
173 195
386 286
106 222
270 101
143 14
361 184
137 171
39 158
363 91
330 396
253 184
147 288
110 43
346 235
265 264
378 259
89 254
53 352
139 300
350 242
269 265
71 131
346 286
335 378
145 369
178 226
240 277
357 21
5 346
258 2
338 368
137 184
97 280
233 332
342 264
213 248
348 264
74 38
208 127
11 73
217 49
115 101
313 156
172 265
123 178
52 185
138 345
205 328
297 54
10 45
378 61
93 353
324 168
380 75
142 286
14 99
275 224
104 348
358 99
343 101
63 55
39 159
107 310
273 171
86 84
109 339
21 12
161 114
319 338
189 104
250 380
353 102
159 316
307 337
283 144
132 206
70 46
314 290
230 157
38 136
221 359
51 79
257 8
304 52
272 124
56 161
389 188
100 139
358 269
124 340
122 224
279 33
263 376
398 1
355 158
357 202
130 117
123 222
84 392
84 252
400 74
326 220
35 130
366 291
147 194
87 38
85 17
157 294
26 377
101 315
63 193
381 219
369 189
211 334
81 196
10 332
31 238
332 382
375 116
379 213
289 310
340 296
27 18
299 54
151 29
382 199
96 226
283 298
46 145
364 395
138 161
378 397
372 299
281 118
334 84
375 61
133 274
30 99
217 392
376 335
367 170
41 148
285 85
304 168
351 14
330 119
89 51
40 58
207 351
322 391
280 105
91 333
313 73
3 230
151 160
253 268
234 282
147 138
16 52
271 28
200 369
25 143
263 152
310 79
185 135
99 307
6 87
11 52
315 289
26 328
370 77
47 227
4 314
231 72
68 65
46 83
120 230
291 269
184 273
90 69
34 59
281 338
141 234
224 399
342 344
235 352
22 106
252 379
6 140
71 377
93 273
173 311
293 167
237 261
46 280
255 333
23 211
90 54
48 27
55 337
109 312
215 51
6 64
390 219
66 364
145 237
82 41
295 7
189 223
57 166
14 283
83 135
355 190
192 173
82 169
105 270
65 130
147 4
276 195
296 187
170 216
93 181
123 108
327 80
202 262
58 56
332 321
52 81
233 367
385 61
342 66
297 16
244 172
384 301
251 143
278 119
169 217
356 255
270 254
313 189
98 40
335 355
46 263
98 13
132 356
357 155
57 310
218 394
383 57
376 4
317 291
255 243
227 71
139 33
99 47
333 46
113 117
340 163
365 114
34 173
188 327
182 370
332 315
165 6
175 251
94 59
138 142
304 68
8 36
129 210
44 318
168 232
225 177
397 296
173 331
277 14
276 176
105 33
100 136
2 146
110 80
192 334
342 303
371 365
152 104
23 118
297 212
100 151
130 168
231 125
85 36
280 307
107 365
84 85
20 392
182 385
226 61
270 88
114 262
39 220
99 354
390 373
366 342
302 52
132 180
326 337
218 25
369 103
363 347
247 313
57 125
313 147
201 142
199 346
292 335
161 60
44 31
113 179
174 20
105 258
216 249
308 155
364 275
344 124
209 391
179 289
278 110
349 194
268 117
71 169
330 220
85 112
247 278
257 287
280 332
102 241
252 373
327 340
189 60
295 268
177 91
386 178
217 254
144 240
258 3
186 380
399 49
135 333
3 122
384 231
251 383
33 55
293 141
19 355
88 149
111 382
203 47
76 249
127 76
351 16
154 91
187 6
61 6
51 254
113 302
229 341
295 170
220 21
38 44
354 129
177 220
140 25
330 24
104 149
254 286
51 141
22 77
144 61
192 244
335 216
361 131
208 32
333 38
154 263
46 71
56 94
301 397
323 66
198 206
376 211
188 277
52 184
295 36
224 194
382 340
237 78
110 331
159 72
122 398
272 226
399 396
188 311
169 231
38 332
325 273
372 311
7 195
383 254
382 210
273 226
385 302
221 311
394 56
159 285
290 27
213 276
219 335
174 79
328 176
15 242
374 101
223 100
69 9
179 338
73 205
215 300
292 53
143 102
243 324
314 332
209 126
366 332
327 3
132 268
167 218
305 338
120 267
276 354
165 359
205 223
134 102
61 78
225 66
123 339
356 53
284 175
27 131
282 199
302 331
165 319
128 319
78 373
15 113
233 260
159 280
216 204
16 150
371 163
176 155
241 51
68 7
258 48
364 365
48 345
330 277
122 86
240 196
149 30
184 125
188 31
54 249
137 125
41 326
340 45
59 377
253 19
129 165
218 227
382 356
78 151
12 356
64 395
288 254
99 185
73 218
357 250
72 137
363 180
243 127
298 210
105 98
199 69
71 350
333 342
300 125
176 96
131 195
240 201
5 283
220 335
234 377
28 36
251 27
213 61
197 287
49 277
103 93
212 293
154 349
370 363
42 322
354 126
318 383
372 275
377 194
102 308
236 363
135 243
102 166
59 332
154 1
349 218
374 345
46 143
142 19
254 120
63 215
323 223
8 50
138 177
196 282
381 293
388 94
255 86
238 287
37 122
251 217
132 137
257 149
308 178
45 168
286 153
166 13
357 126
316 34
357 240
235 304
361 19
72 206
260 358
66 216
2 310
301 166
13 95
24 212
364 248
264 15
272 241
390 391
215 17
86 127
7 341
309 79
293 333
384 222
276 217
390 303
5 52
336 25
215 226
306 354
157 28
6 85
23 87
365 153
126 12
236 306
160 333
197 60
352 146
55 375
108 23
302 275
203 82
235 348
137 373
44 241
274 336
12 45
364 400
141 138
292 137
96 271
287 190
153 348
8 237
163 23
176 293
273 346
29 267
25 29
152 162
343 257
210 139
10 275
134 58
258 34
241 237
391 399
362 386
365 227
365 27
16 37
336 342
27 276
396 237
11 74
20 103
314 340
174 54
97 58
121 81
195 176
364 22
9 10
10 211
250 203
365 272
74 31
121 262
210 385
195 191
225 276
346 3
339 21
245 116
14 364
187 102
131 165
263 302
48 136
65 274
292 161
227 95
287 195
8 38
114 358
202 307
245 225
111 172
385 9
242 324
52 200
393 189
307 196
247 370
142 67
379 57
330 162
49 308
66 329
325 146
293 28
256 382
90 50
196 321
382 77
308 78
239 117
261 25
345 342
181 132
35 333
310 221
372 241
263 233
195 240
186 130
94 92
8 326
215 136
170 366
299 329
93 268
329 176
299 79
12 272
37 259
224 156
349 136
271 85
177 116
166 286
156 262
124 345
143 144
104 135
98 164
273 388
369 287
203 332
85 51
117 233
155 67
351 202
249 99
135 157
382 148
342 273
301 85
90 102
45 367
376 156
153 184
32 298
372 203
198 322
94 346
333 359
96 92
53 295
179 155
157 251
375 303
103 326
186 370
202 233
55 378
192 196
264 229
135 103
121 168
32 83
300 106
276 304
185 65
8 240
235 270
373 96
49 393
213 182
316 133
217 144
62 316
261 307
362 271
53 112
119 20
180 4
281 31
98 379
251 248
358 277
250 242
254 364
167 125
294 288
67 313
288 152
374 340
27 278
339 292
308 197
6 196
319 68
397 101
306 91
116 241
241 207
398 185
157 201
334 117
148 372
344 45
267 209
374 155
262 393
306 69
287 385
225 192
272 86
245 193
226 192
348 207
170 66
249 133
159 28
314 30
360 225
280 112
179 242
40 153
68 122
343 22
235 29
315 277
222 362
91 143
178 312
211 324
92 257
186 249
267 235
67 110
122 102
394 110
248 362
151 85
237 225
300 254
192 186
180 25
170 306
381 168
126 30
376 91
226 364
131 105
366 374
117 398
261 316
171 166
281 388
383 156
293 50
328 122
29 393
315 374
260 5
313 307
343 85
64 24
196 91
27 302
42 312
113 184
41 83
131 182
207 208
234 85
67 69
185 73
77 333
40 260
103 86
204 74
380 26
202 283
358 366
381 376
294 160
42 340
295 340
371 129
176 348
58 173
15 238
326 323
352 43
78 56
171 10
261 55
339 5
356 120
274 339
154 80
230 323
59 284
81 312
148 178
352 112
92 267
310 279
390 175
53 242
209 340
224 240
156 60
37 325
117 79
244 271
176 250
307 262
285 264
398 106
30 283
16 159
374 369
229 257
7 34
92 149
243 341
293 273
300 44
127 125
234 37
344 105
110 22
14 278
376 24
360 200
30 187
326 73
37 144
6 131
381 16
179 377
153 351
357 229
153 68
127 98
298 382
216 113
196 53
237 296
231 379
264 87
308 15
14 131
193 385
267 292
160 380
299 50
50 31
231 226
74 42
261 151
394 114
354 391
29 223
391 107
94 176
56 381
136 383
397 61
260 311
292 224
121 188
51 370
20 285
61 364
176 14
206 296
154 222
159 74
270 204
88 317
143 278
125 146
142 281
382 312
161 249
348 202
236 197
101 121
226 110
307 138
43 50
263 99
325 28
145 230
363 157
156 37
269 213
350 317
268 293
357 214
265 341
117 136
366 349
110 175
321 368
4 311
8 214
267 148
149 238
31 151
232 159
221 380
52 84
61 27
157 214
320 214
149 277
268 59
112 52
63 112
240 199
288 183
297 59
143 313
25 380
188 283
272 249
31 13
199 154
213 334
34 342
318 360
149 328
319 155
238 80
93 19
280 19
118 97
110 159
307 302
210 8
380 151
104 311
74 201
195 389
332 24
33 14
302 325
90 383
356 233
51 40
220 316
183 375
279 300
131 257
30 389
260 382
47 19
108 84
165 108
338 131
149 298
247 4
289 393
274 83
132 278
332 131
385 27
30 267
251 387
206 380
268 217
287 183
115 131
207 198
268 199
347 94
84 281
252 36
233 295
286 215
226 212
37 113
55 110
50 352
1 324
158 61
182 222
27 237
241 105
278 214
149 369
4 372
75 240
160 162
184 240
12 226
371 43
32 76
204 186
148 210
217 4
365 20
392 70
188 282
185 33
121 209
209 156
39 44
147 361
4 49
146 150
67 168
117 329
261 328
90 166
107 395
133 186
150 103
119 159
99 326
138 95
229 308
179 2
330 4
152 27
240 316
154 143
194 372
355 198
160 342
153 364
28 78
370 154
197 300
160 255
124 323
194 8
66 19
12 364
187 235
114 298
140 107
333 62
142 379
87 112
241 126
143 124
58 54
152 258
297 9
337 12
103 156
54 97
318 15
275 213
339 113
88 294
9 266
123 303
218 330
306 247
342 65
362 356
202 353
317 314
218 7
6 334
134 129
178 83
107 306
35 313
6 212
161 360
234 42
299 276
303 97
342 131
294 400
128 111
75 255
192 145
183 374
49 394
311 171
375 320
162 338
296 384
359 256
317 330
29 33
158 134
199 49
90 318
232 211
360 283
249 13
67 295
104 233
125 350
192 342
326 152
89 257
224 8
386 276
396 310
351 107
7 100
26 71
319 88
69 143
47 122
331 56
49 73
266 281
154 315
219 393
102 208
355 238
214 207
168 22
204 383
65 306
79 284
95 204
170 258
390 361
146 75
275 266
172 225
307 178
230 383
38 92
373 52
253 37
164 236
398 306
383 355
314 164
322 10
18 320
338 115
120 249
79 366
246 356
289 72
226 4
216 186
126 299
193 44
149 382
12 97
19 304
242 333
103 164
78 394
323 142
166 386
31 291
18 151
279 360
157 298
236 241
124 67
376 12
205 283
39 13
114 47
124 223
75 251
30 177
259 52
202 208
116 216
50 33
143 228
65 38
370 191
163 232
244 118
220 4
294 162
31 48
84 345
140 314
108 62
152 88
160 365
289 24
286 48
162 156
288 178
352 51
334 385
190 323
379 176
11 344
48 203
316 3
290 41
69 357
41 80
241 338
321 222
18 196
379 72
239 395
255 380
389 308
180 121
291 294
86 303
397 269
154 51
40 386
166 212
272 320
289 206
22 213
339 70
112 77
115 135
151 214
165 130
368 226
75 269
264 386
179 229
182 126
362 328
72 121
21 18
148 198
67 30
39 54
76 133
118 80
257 283
333 384
384 206
66 397
129 123
399 210
301 38
150 276
19 269
345 352
354 375
45 64
67 37
228 8
147 352
54 302
180 335
2 156
340 57
84 89
229 82
42 221
382 79
268 392
14 312
131 75
240 393
153 314
57 245
377 94
53 185
378 312
217 366
5 372
369 82
68 194
323 212
65 285
217 27
147 5
115 249
295 282
66 232
189 50
315 9
98 121
174 261
42 214
19 119
158 52
293 132
115 94
201 356
55 1
291 239
3 110
190 224
28 113
61 328
44 357
67 133
197 12
182 225
66 387
309 301
194 189
101 266
8 234
216 227
376 378
12 281
34 87
182 237
4 355
186 327
176 131
72 78
266 293
290 329
394 133
238 111
164 388
70 163
90 40
357 103
221 104
299 169
75 26
14 174
387 388
43 89
252 4
93 94
119 257
3 103
244 169
177 341
341 37
258 368
4 44
73 122
221 385
152 363
212 191
336 287
357 225
203 107
15 374
383 379
45 335
347 388
138 54
240 63
290 49
73 278
316 185
72 286
122 116
382 44
75 56
171 240
269 115
226 21
131 360
248 281
130 327
150 73
298 204
252 266
283 368
52 24
74 288
271 4
109 129
117 264
45 236
130 208
280 224
275 238
377 228
262 284
359 197
167 347
335 134
220 2
372 90
134 311
264 345
91 163
399 27
357 356
355 182
109 273
282 69
356 195
112 392
220 92
194 164
107 344
143 81
108 154
298 102
358 222
14 220
237 352
262 2
38 342
250 65
20 287
103 136
382 12
314 110
342 162
218 319
293 285
7 61
106 66
123 168
50 375
186 179
136 287
342 64
47 332
104 141
356 119
177 374
289 239
39 157
9 216
171 94
159 200
91 395
365 148
230 22
129 71
364 327
375 156
75 248
142 318
254 10
281 355
115 228
111 82
397 310
40 305
23 329
291 234
177 16
4 291
357 355
202 206
232 133
317 377
331 265
345 227
238 172
217 398
297 290
371 33
330 271
112 198
76 235
211 212
335 228
325 86
327 213
88 137
339 132
169 57
23 279
82 166
193 324
163 98
73 236
277 15
186 390
94 263
90 293
387 279
147 342
54 131
322 249
188 180
205 41
216 156
16 248
37 176
27 381
73 265
235 62
33 334
203 347
332 122
276 103
80 14
242 47
98 223
168 396
156 217
44 258
264 390
312 259
320 279
47 56
257 122
313 101
376 374
240 317
332 33
90 213
224 38
152 111
259 394
246 385
191 397
327 163
120 259
309 259
42 212
188 12
202 363
382 224
155 104
76 347
226 128
120 195
94 98
173 312
54 116
248 226
67 138
191 33
82 256
62 345
271 57
116 152
57 1
299 61
129 341
140 339
254 75
242 137
251 170
18 44
301 274
84 198
258 231
248 326
91 356
150 55
336 7
392 240
224 133
335 68
291 11
274 255
377 270
119 360
327 12
95 252
370 21
355 225
78 226
69 389
238 117
256 322
51 12
253 109
87 159
349 271
233 136
6 392
244 105
13 304
321 288
298 116
244 240
59 219
17 191
30 274
378 347
366 156
247 23
227 7
111 252
179 314
372 17
219 174
27 34
343 150
33 359
198 107
159 77
361 17
265 334
226 310
99 43
159 30
367 318
305 256
279 237
130 352
131 385
163 303
231 103
163 250
350 398
359 338
333 229
97 244
70 137
181 54
194 252
154 346
140 390
83 157
191 181
211 312
72 400
137 363
253 337
4 106
366 320
158 29
64 281
57 191
334 302
84 104
286 260
28 112
147 81
91 307
209 353
106 78
265 399
298 15
204 56
13 367
356 225
334 293
340 29
390 91
179 361
96 309
264 30
193 159
271 324
334 183
400 211
50 165
246 48
393 243
356 154
94 343
297 281
229 313
15 4
392 235
287 93
178 142
218 32
254 203
193 210
64 217
171 157
47 49
350 307
82 16
351 42
114 212
253 309
74 69
79 147
331 17
128 275
26 44
343 282
94 51
182 31
186 343
209 304
313 223
270 223
242 79
55 31
29 372
351 320
332 71
396 219
143 204
93 382
159 256
265 199
128 86
141 267
400 234
153 123
38 67
266 331
195 164
334 11
378 125
26 340
124 57
197 210
363 45
34 189
145 338
395 161
92 213
260 199
104 324
4 174
324 344
34 212
192 129
319 142
395 38
341 351
114 255
23 49
126 71
151 187
278 363
79 133
60 27
366 240
338 375
365 133
180 272
187 91
106 241
355 370
119 94
379 171
29 52
274 360
325 126
281 180
89 304
312 246
374 255
391 353
12 205
140 210
20 360
136 4
341 42
294 218
199 66
209 137
149 284
137 173
39 61
289 347
241 47
169 207
177 113
93 97
71 170
124 55
399 239
248 374
89 275
6 95
259 202
269 22
260 120
104 247
350 334
133 212
285 348
391 65
243 276
359 135
10 273
332 20
111 158
383 310
252 110
197 216
262 282
78 193
111 303
263 370
76 19
160 114
119 180
281 378
296 293
237 5
216 7
227 21
383 80
84 256
343 147
25 100
337 238
52 108
3 106
112 177
162 200
294 103
206 4
100 78
227 101
346 370
181 309
228 96
292 176
325 77
276 142
219 209
17 332
316 282
283 355
195 304
93 284
57 150
9 320
377 360
103 112
385 36
337 391
62 285
134 173
246 340
188 68
323 71
102 55
206 182
311 49
154 345
333 379
48 264
249 238
36 164
67 99
77 353
281 90
149 305
48 381
64 93
398 193
380 9
32 138
73 395
341 285
159 274
51 311
357 319
22 175
229 23
1 384
270 77
149 36
117 338
347 109
302 193
267 200
242 20
93 342
398 395
10 141
262 125
269 125
91 84
72 353
214 21
29 293
92 117
172 221
213 229
136 323
150 333
107 159
341 96
237 44
155 267
27 398
366 118
290 270
64 118
325 306
325 304
127 254
267 392
150 249
374 317
289 207
356 114
127 250
6 325
166 297
192 380
112 203
388 204
223 229
345 24
399 296
138 249
43 46
244 63
95 285
189 31
308 258
73 255
35 273
124 155
162 332
372 328
268 321
305 223
325 244
350 339
375 350
177 265
155 28
174 89
134 395
372 222
98 117
151 53
127 40
274 305
286 323
396 339
276 288
81 316
147 52
388 48
137 47
346 181
163 254
400 209
30 348
238 326
294 21
227 360
306 172
184 192
95 214
357 283
335 1
84 364
351 131
289 292
251 312
81 389
383 395
237 223
311 230
278 234
85 211
124 348
236 286
40 148
295 242
301 173
94 121
108 15
9 333
314 399
311 332
94 77
186 296
299 369
81 19
369 239
94 290
91 57
329 394
70 245
26 372
32 286
45 203
250 276
232 156
70 393
267 52
231 52
216 16
365 169
211 320
340 93
272 109
78 143
264 41
268 153
399 200
214 204
127 88
313 371
183 369
75 145
16 371
271 354
376 136
63 58
360 63
143 79
225 45
308 55
232 177
29 57
400 20
143 349
41 40
76 166
113 377
98 383
341 209
140 260
291 23
20 386
337 309
318 259
5 360
81 123
11 102
318 400
17 198
171 334
134 131
345 76
322 35
34 218
129 271
217 283
199 168
95 126
353 98
168 315
214 276
327 328
63 289
201 263
137 97
129 390
334 340
123 154
41 292
127 186
136 72
371 295
387 328
212 291
325 19
357 94
172 276
192 362
316 12
215 56
344 373
5 277
398 43
323 308
76 138
97 212
22 348
78 140
223 70
70 206
123 314
248 128
314 220
343 265
369 366
336 10
63 192
375 15
23 8
194 234
209 169
348 256
273 82
353 339
37 315
324 298
200 28
287 145
90 44
61 194
260 338
14 140
33 2
397 197
309 225
309 56
204 256
263 127
250 348
173 144
49 25
132 191
169 91
182 95
36 111
290 8
266 333
217 137
202 216
79 165
240 51
215 211
196 150
52 42
339 122
29 143
369 237
132 203
364 35
302 140
41 164
26 184
138 309
349 43
121 211
190 396
197 305
165 23
177 52
285 321
38 392
377 181
44 327
216 262
275 27
157 277
339 71
132 380
123 292
123 85
203 90
133 25
212 14
278 137
159 325
176 204
212 236
303 263
301 45
331 285
269 116
95 125
85 390
46 163
168 77
191 63
269 385
12 311
156 1
126 313
111 189
391 189
197 44
187 231
270 23
349 139
212 149
136 336
296 254
35 27
162 285
380 383
248 41
331 59
296 371
216 140
187 258
183 343
263 346
221 87
236 397
80 316
282 28
50 341
58 121
127 75
69 331
363 248
359 42
233 265
100 16
110 52
284 57
237 263
161 293
41 13
207 196
266 25
280 292
237 189
150 271
377 123
25 84
143 252
104 94
101 92
384 70
205 136
264 230
198 42
71 98
327 385
90 141
395 116
84 293
127 205
173 98
112 181
300 271
290 122
249 331
377 131
19 139
98 210
295 112
235 26
332 380
9 41
189 157
232 379
15 319
378 371
27 245
299 134
52 351
5 93
320 131
8 98
168 189
90 399
337 385
62 304
49 354
218 363
28 241
154 61
185 295
400 335
32 82
86 89
359 136
90 16
123 336
185 14
182 250
301 48
274 116
312 231
195 365
129 296
149 293
384 36
63 363
170 250
205 214
139 392
387 286
182 282
136 24
158 330
264 157
241 311
47 194
135 183
361 236
125 325
103 315
199 225
148 155
156 78
318 27
377 248
246 323
126 219
368 84
248 327
201 141
193 14
382 36
183 94
259 374
177 159
395 52
381 30
39 321
238 9
213 79
281 360
380 11
33 75
161 381
229 233
61 181
124 29
225 239
315 38
325 256
111 240
327 356
207 80
242 244
192 96
64 214
126 233
43 202
248 52
307 175
316 393
232 129
340 351
287 121
382 13
123 203
155 243
159 349
16 390
346 242
118 248
307 103
128 214
337 17
100 59
219 253
260 105
354 67
301 285
281 50
386 208
172 398
155 195
249 276
254 123
234 26
42 217
213 30
32 333
51 33
15 147
56 294
311 310
298 122
262 271
312 244
379 190
199 165
22 285
137 50
318 321
69 50
273 263
55 219
168 154
177 71
168 91
288 344
352 205
390 43
195 64
145 303
319 318
84 169
17 12
220 322
149 22
275 129
187 353
323 199
71 375
296 36
112 25
244 339
357 320
373 241
8 49
178 390
271 331
151 198
165 172
16 191
377 235
250 11
367 52
105 215
218 89
157 311
287 391
255 353
298 321
23 166
249 371
300 97
223 309
35 359
143 304
141 379
129 127
329 242
334 3
84 32
244 57
35 236
223 214
383 213
338 286
104 343
218 37
309 33
193 345
104 381
35 88
385 197
67 264
300 12
227 5
134 79
108 222
89 177
55 7
50 359
39 145
155 244
28 198
210 114
180 350
363 140
80 76
1 235
7 172
81 214
73 239
308 210
255 348
38 109
113 218
261 12
193 325
282 150
143 299
176 258
167 107
199 393
19 180
2 252
134 83
258 297
325 9
73 36
191 111
334 4
391 248
13 144
333 155
11 252
86 106
248 12
19 380
336 204
22 282
261 331
109 75
304 74
315 230
52 260
222 376
93 129
11 41
32 197
153 225
108 83
380 115
74 122
377 240
359 154
345 170
132 128
221 336
279 329
232 64
258 366
119 235
56 216
122 396
157 216
98 226
279 140
362 258
224 308
207 399
76 109
171 201
131 294
118 390
175 198
113 223
313 249
188 355
330 390
23 271
20 86
348 163
286 291
121 137
290 355
173 8
146 381
80 396
289 92
229 137
260 181
210 138
97 187
169 28
213 265
240 187
108 289
57 290
218 391
60 190
207 178
179 86
161 139
15 229
238 45
250 342
142 256
315 140
284 277
88 79
10 74
352 135
328 296
56 24
334 372
70 144
263 60
395 387
154 151
41 394
289 299
174 90
386 92
130 108
193 352
292 36
362 132
43 37
258 287
91 24
191 106
304 334
344 117
116 288
142 45
278 29
143 92
47 206
123 215
43 60
178 328
7 116
114 95
338 18
352 11
278 24
99 53
23 24
304 236
168 330
378 277
395 372
10 17
309 365
91 366
341 197
322 126
114 113
61 275
52 320
372 114
133 16
71 123
146 16
20 241
73 396
214 88
298 379
241 148
20 113
75 234
293 290
78 183
147 139
123 128
306 41
201 36
294 166
18 342
109 176
28 32
91 170
222 82
370 54
304 364
330 377
183 290
380 331
325 184
309 246
179 367
232 121
69 214
382 295
372 268
92 12
71 16
241 220
314 341
66 186
339 169
188 229
139 57
171 286
160 83
206 231
369 260
180 400
9 280
36 135
223 224
293 59
273 144
105 290
296 136
378 4
368 36
2 108
121 125
373 2
307 225
147 26
183 107
130 324
12 83
249 18
197 367
334 317
299 149
282 121
313 115
393 367
283 285
189 219
104 208
180 98
336 163
165 214
85 392
342 72
121 218
161 387
134 391
61 317
69 55
336 328
35 95
63 127
362 34
39 8
306 245
169 88
7 236
393 267
309 41
118 329
397 286
195 337
176 366
351 121
338 316
60 266
308 391
282 380
321 333
282 24
362 173
59 231
142 347
111 40
111 197
161 214
129 279
154 218
243 287
384 191
399 374
336 348
56 308
312 254
343 114
293 163
272 62
27 128
86 190
328 113
184 87
195 70
144 132
123 7
337 315
84 247
310 183
235 322
149 4
83 275
216 253
146 223
169 48
3 33
309 221
320 92
262 330
124 52
350 36
215 132
239 342
291 376
152 399
245 88
289 342
117 341
386 67
82 37
330 368
124 160
187 196
72 11
177 17
57 377
266 312
285 336
153 262
163 191
343 359
142 64
135 106
174 220
332 306
125 55
233 382
69 113
148 228
74 168
202 92
313 78
346 398
319 208
105 25
234 385
214 59
230 146
181 99
295 88
186 61
81 176
165 193
328 81
152 149
190 332
141 274
145 196
120 366
368 94
382 252
217 242
47 322
288 370
107 57
380 278
166 339
333 265
263 322
216 76
157 163
373 151
85 253
299 359
168 353
379 304
388 122
395 136
5 143
237 375
172 269
144 196
385 150
69 102
107 110
267 311
321 253
143 162
50 273
192 232
136 144
361 178
354 91
22 397
65 323
361 389
319 257
159 282
399 91
371 219
368 16
213 28
18 274
256 220
302 360
249 33
76 319
243 163
143 170
139 382
243 1
105 47
198 7
351 129
220 250
378 206
234 31
378 314
367 22
322 353
271 173
24 394
117 246
281 77
256 72
221 261
398 110
139 393
67 340
1 346
361 99
84 298
267 366
261 183
224 23
363 44
205 172
203 100
369 261
22 109
105 301
300 185
261 259
346 246
38 89
233 57
199 373
191 231
144 334
242 64
292 27
397 13
297 256
361 234
197 102
217 376
287 58
72 13
234 307
171 67
292 352
284 312
374 293
144 371
243 182
308 126
7 93
147 298
173 92
114 360
370 165
177 189
19 344
78 212
89 121
319 118
17 363
127 237
385 238
2 128
321 29
220 34
159 158
23 142
288 297
318 239
182 382
100 153
330 89
370 305
378 146
328 135
133 111
38 137
330 186
184 198
83 2
370 220
389 40
239 337
290 310
380 223
97 351
248 141
181 276
198 351
146 249
328 286
198 228
249 277
195 381
120 335
270 242
297 335
395 375
62 50
208 228
303 38
29 185
78 299
354 146
104 181
43 82
318 154
101 199
390 273
237 376
61 182
368 349
6 36
292 274
245 248
153 163
187 52
134 278
76 394
166 232
150 303
302 84
369 317
351 379
68 354
200 154
78 69
273 224
203 271
397 237
242 44
56 320
398 78
85 387
172 175
355 154
371 159
181 285
249 385
162 151
299 260
326 93
74 68
303 173
210 289
206 180
255 184
295 280
67 344
202 75
388 325
313 90
165 133
331 54
284 378
130 365
355 399
335 251
190 183
194 352
307 378
139 389
300 3
374 159
27 121
389 35
175 270
260 14
232 386
199 327
229 118
59 339
263 356
281 303
271 163
179 121
323 4
275 193
64 11
10 370
72 28
40 337
27 106
300 10
57 122
168 279
215 2
297 283
349 107
167 217
172 129
30 117
278 285
263 68
16 221
333 322
53 38
294 321
212 181
131 169
214 349
69 4
100 200
109 322
187 100
249 172
240 145
137 122
357 70
100 281
1 101
188 396
396 393
321 220
332 337
212 261
81 106
288 336
87 11
76 57
59 260
15 92
335 135
118 276
234 364
230 356
347 84
80 2
163 17
18 370
134 377
306 79
207 290
140 84
27 332
175 76
396 16
194 143
367 359
100 104
167 16
376 229
325 293
173 220
10 120
269 93
389 161
184 97
393 40
275 244
234 112
261 57
315 95
243 64
256 158
264 312
272 105
336 186
212 156
299 83
132 5
321 77
77 186
20 229
158 366
237 40
218 300
104 99
171 194
297 360
4 371
321 195
302 65
99 318
140 181
177 359
212 31
21 194
94 317
221 356
316 92
81 260
214 258
113 155
313 358
157 98
235 42
162 277
91 302
273 123
66 245
198 139
274 214
60 4
283 235
30 220
244 131
351 298
355 364
112 225
293 288
125 145
154 234
19 291
87 26
124 199
125 213
222 117
379 273
13 116
270 82
250 252
117 73
173 314
296 34
206 279
110 273
382 52
124 310
86 222
363 125
176 114
192 306
245 1
388 390
199 366
338 193
187 23
194 357
335 62
400 113
207 16
26 106
207 91
244 391
226 270
222 354
209 282
335 24
383 248
96 77
286 316
272 297
267 228
260 375
137 116
194 315
394 136
79 207
151 289
275 82
113 382
366 103
337 303
32 213
254 172
199 81
148 303
391 383
18 306
329 6
109 304
280 66
59 369
205 365
171 362
87 115
67 271
236 36
299 345
183 145
216 307
194 22
322 115
335 202
229 127
291 372
307 317
294 281
40 353
222 155
274 59
78 114
165 383
147 376
9 168
10 185
98 203
156 204
293 197
55 86
277 354
270 269
91 345
248 195
276 93
16 32
21 394
119 271
55 330
272 346
340 388
277 300
236 168
28 29
273 126
81 1
226 227
54 327
8 400
235 174
120 103
270 388
371 250
350 110
180 382
75 387
95 294
284 255
193 143
367 57
289 212
125 335
315 291
267 183
357 387
253 255
2 379
294 211
11 20
120 122
16 187
339 324
372 276
218 346
253 351
145 18
363 397
231 185
55 9
244 13
150 378
55 156
107 398
19 193
236 112
281 257
48 10
359 380
276 247
316 25
85 12
181 98
385 317
315 301
139 242
22 395
80 150
362 388
211 389
239 275
272 363
125 59
24 206
387 114
33 176
53 201
357 168
337 267
322 176
310 359
3 104
267 290
358 56
151 299
268 364
257 178
393 18
28 13
196 331
66 252
311 283
281 18
232 385
389 134
347 381
106 141
133 269
303 81
343 172
170 23
120 332
184 50
35 326
87 8
36 291
106 267
205 129
45 130
69 149
17 120
225 26
344 254
97 149
98 287
56 279
29 152
344 256
176 325
289 125
320 328
164 131
368 152
157 270
319 114
372 289
170 124
130 28
303 179
181 235
117 325
348 265
41 380
46 32
108 246
275 161
309 272
360 140
208 214
52 12
391 365
141 117
83 388
279 391
138 364
201 244
160 31
284 176
101 378
68 311
36 133
208 60
328 57
193 134
136 311
260 63
135 351
276 315
113 209
297 263
55 17
302 341
54 38
232 29
338 232
300 380
237 290
246 51
97 379
362 275
160 386
68 384
256 125
341 249
293 331
176 369
7 107
31 107
158 9
72 134
119 3
388 45
273 254
18 4
372 271
195 126
71 34
85 277
152 221
259 3
262 256
274 121
288 299
332 11
15 200
310 26
162 43
213 176
49 54
255 281
379 330
227 397
20 232
107 353
159 304
140 136
41 216
125 154
320 113
228 323
127 218
106 69
117 20
138 191
65 2
274 13
4 279
82 390
382 40
51 97
368 332
219 110
61 107
119 70
39 97
207 378
31 243
391 9
76 246
119 171
394 105
160 343
74 7
18 348
146 105
209 369
177 337
107 127
315 57
50 240
237 208
144 343
151 4
350 305
308 77
110 320
108 380
331 177
200 263
213 101
42 200
216 152
229 283
87 186
253 174
98 377
86 166
152 330
135 374
345 385
251 22
363 306
176 253
370 270
326 168
148 273
379 21
144 209
119 389
191 105
56 325
309 378
37 309
302 64
327 102
297 148
311 338
124 1
134 133
185 278
284 320
313 239
346 361
205 244
270 90
257 106
97 73
247 92
257 241
352 158
29 215
389 284
288 388
324 328
292 105
55 311
209 203
123 116
292 298
203 240
145 384
120 313
355 247
319 220
400 265
153 27
282 120
131 132
373 309
124 33
343 170
58 148
43 305
97 78
161 353
103 12
176 125
146 231
359 375
267 5
124 255
210 248
281 88
