1 5 243 52 
339 346 135 267 
122 398 106 148 
3 110 298 372 
226 368 283 395 
119 94 350 317 
56 104 69 240 
115 101 92 199 
343 268 59 260 
193 291 272 105 
19 269 227 47 
2 262 216 152 
156 125 212 7 
162 57 261 34 
24 258 25 316 
376 75 133 249 
178 95 138 76 
142 154 345 91 
370 51 218 189 
21 33 391 399 
371 263 365 27 
233 356 276 153 
201 357 225 355 
157 214 244 172 
294 274 13 55 
390 116 118 80 
241 375 127 107 
237 397 288 183 
197 236 293 167 
359 286 121 98 
338 175 179 8 
117 209 113 155 
400 246 340 284 
373 309 36 149 
151 78 28 299 
380 96 271 208 
192 196 150 242 
73 282 170 295 
232 120 103 112 
159 195 164 203 
39 200 210 26 
54 369 228 143 
366 176 81 302 
211 131 320 382 
29 182 79 44 
198 385 206 180 
336 145 326 136 
287 204 238 383 
230 315 337 379 
68 389 251 231 
361 245 248 187 
362 222 354 102 
358 99 41 11 
313 147 235 352 
177 86 255 324 
89 257 303 14 
114 254 190 108 
296 312 144 273 
310 374 264 342 
188 396 67 61 
311 186 66 364 
173 330 277 275 
4 314 84 62 
220 30 347 363 
348 256 341 169 
285 321 37 82 
335 202 43 325 
20 6 87 184 
392 85 301 48 
111 141 234 31 
333 160 290 319 
252 266 322 259 
49 386 381 16 
77 168 158 9 
353 22 367 191 
109 129 71 123 
279 205 292 289 
387 46 224 280 
185 90 38 332 
53 10 74 388 
278 70 270 23 
137 163 377 165 
194 250 130 35 
171 65 334 265 
166 331 327 213 
297 360 328 58 
281 100 329 134 
18 308 83 140 
215 300 12 97 
17 40 126 394 
50 146 305 384 
132 181 45 223 
393 93 64 304 
247 219 253 217 
306 174 351 42 
161 15 63 221 
139 307 323 344 
349 60 239 124 
72 378 318 128 
32 88 207 229 
