100 100 10 500
2 442 6
2 316 4
1 107 3
1 40 6
1 324 9
1 259 1
1 141 8
2 335 9
1 196 8
2 311 9
2 213 4
2 190 2
2 122 4
1 142 9
2 38 4
2 271 2
2 483 8
2 59 4
1 115 5
2 295 6
1 276 8
2 338 4
1 449 3
1 278 4
2 161 7
2 379 5
1 319 1
2 340 6
1 459 9
2 463 4
1 370 5
1 300 6
2 307 2
1 441 7
1 274 6
2 466 8
1 425 8
1 361 1
1 290 4
2 11 8
2 457 5
1 240 3
1 163 6
1 96 4
1 464 3
2 478 3
1 108 2
2 8 3
2 145 9
1 269 8
2 470 9
2 243 2
2 280 5
2 231 2
1 188 4
1 67 3
2 73 7
2 146 5
1 226 5
2 275 1
2 112 6
2 110 6
2 245 4
1 249 3
2 318 6
1 445 4
1 204 2
2 221 3
2 339 8
1 55 5
2 351 1
2 202 9
1 277 2
1 156 5
2 450 3
1 341 7
1 5 9
2 13 3
1 417 2
1 388 4
1 23 7
1 252 3
2 497 6
1 182 1
2 285 5
2 126 7
1 105 5
1 321 3
2 168 2
2 117 5
1 98 8
1 29 8
1 380 5
1 51 9
1 54 6
2 488 5
2 355 2
2 164 3
1 419 6
2 477 7
138 2 167 3
216 8 372 5
306 9 34 1
128 3 18 9
376 4 469 7
382 2 303 9
209 8 313 5
14 2 378 9
248 9 111 9
58 8 257 2
413 7 272 3
166 1 465 3
472 9 298 5
10 4 87 8
456 2 183 8
415 5 134 6
433 3 79 8
325 4 407 7
377 9 206 8
160 9 475 7
83 8 365 7
261 4 84 7
326 5 77 9
317 9 398 8
233 8 364 1
237 3 170 7
205 4 119 7
19 8 412 7
222 9 42 9
455 4 60 4
294 3 371 1
262 6 406 4
189 3 232 9
305 5 236 9
397 9 214 9
143 4 133 2
342 5 26 2
403 2 447 8
94 5 76 9
195 8 7 2
39 6 314 9
187 5 467 2
15 3 360 2
106 5 460 5
102 7 37 8
41 2 81 1
157 5 176 9
399 4 299 1
430 5 453 3
374 3 431 2
235 1 336 4
347 4 369 3
224 8 395 8
448 4 137 8
82 1 282 3
97 6 32 6
120 6 484 8
255 2 48 1
140 6 69 1
242 8 244 8
481 5 99 5
408 2 343 3
95 2 207 6
268 4 131 1
234 3 57 1
159 3 454 9
293 9 47 4
373 5 219 9
348 2 393 2
46 8 177 4
4 6 258 3
334 3 411 5
36 1 24 8
473 2 308 4
151 4 63 1
354 2 264 7
125 7 446 9
458 1 101 5
409 1 418 5
114 2 64 9
494 1 392 1
88 1 420 7
498 3 292 6
198 6 201 8
212 2 218 9
238 8 21 1
490 8 103 1
181 4 227 5
328 3 20 9
320 5 254 5
169 1 485 8
434 8 28 3
401 3 291 5
17 2 284 7
462 2 386 8
152 7 427 2
495 5 297 1
247 1 486 4
100 7 402 5
174 4 438 3
