100 100 500 500
2 323 262
2 376 122
2 151 122
1 171 393
2 262 62
1 355 73
1 37 484
1 389 186
2 50 2
1 17 437
1 284 106
1 58 71
1 238 151
2 455 332
2 55 18
1 225 436
2 315 305
2 496 48
2 223 243
1 399 190
1 282 55
1 338 465
1 158 463
2 215 325
2 361 215
1 405 127
1 233 54
1 53 158
2 234 297
2 267 85
2 250 100
2 25 9
2 45 190
1 232 302
2 209 147
2 495 240
2 242 435
2 137 93
2 466 8
1 275 262
1 196 351
1 205 364
1 74 113
2 72 26
2 348 77
2 463 172
2 27 471
2 71 53
1 199 98
2 134 22
1 352 351
2 186 110
2 492 62
2 79 323
1 239 145
2 118 387
2 9 114
1 379 52
2 162 126
1 410 48
1 153 436
1 247 123
1 290 341
2 281 379
1 93 462
2 382 344
1 479 84
1 217 498
1 432 362
1 235 448
1 488 114
1 220 320
2 219 356
2 469 345
1 387 316
1 126 498
2 83 199
1 188 265
1 197 259
2 325 466
2 66 176
2 486 409
2 415 158
1 35 291
2 49 306
1 294 204
1 92 351
2 190 476
1 493 230
2 304 258
2 251 242
1 468 427
1 353 149
1 107 430
1 459 161
2 47 107
1 117 431
2 301 59
2 36 167
1 202 218
458 425 347 499
88 91 73 424
388 451 291 396
482 461 464 276
6 470 51 151
498 33 12 356
343 115 230 388
454 226 414 132
406 11 24 329
149 435 278 164
367 23 253 331
411 380 456 165
407 38 438 328
306 233 85 170
127 4 431 146
90 379 297 62
490 271 460 249
78 390 481 19
193 292 390 444
146 319 112 107
181 292 5 454
10 93 439 377
396 131 68 15
474 189 144 291
413 147 176 220
203 315 326 435
184 333 131 159
139 349 97 144
386 174 331 155
228 419 417 422
30 187 123 93
106 33 2 321
11 317 124 485
401 343 316 488
236 40 484 205
380 61 246 374
356 414 207 75
29 397 426 302
67 122 423 378
140 28 261 214
57 221 420 141
4 305 317 40
20 380 99 38
273 254 378 148
34 70 147 336
264 40 42 173
166 428 398 378
130 396 157 178
354 245 120 461
448 68 444 218
268 423 397 78
168 56 298 462
385 35 198 77
136 51 375 312
18 498 87 299
192 397 302 276
229 247 440 128
289 372 245 346
473 33 499 399
416 209 292 124
309 492 476 214
329 144 336 425
404 161 21 49
156 244 286 106
173 467 161 263
169 437 56 58
164 365 425 89
345 285 75 57
313 486 86 432
483 325 400 315
222 291 231 420
109 75 257 442
365 74 178 85
328 254 311 490
485 240 271 31
276 27 272 281
91 361 175 148
95 205 84 246
359 208 435 282
327 386 299 53
274 198 211 397
436 225 64 20
487 45 475 123
152 128 46 142
174 72 349 155
243 268 100 461
344 210 337 53
98 194 101 43
320 205 478 146
434 377 113 261
412 492 258 119
341 119 63 37
252 53 170 488
303 275 40 467
441 257 346 128
155 286 214 275
372 406 471 180
148 25 114 458
364 448 409 245
334 282 216 245
