9 99 499 499
2 244 309
2 310 102
1 260 9
2 363 166
2 165 276
1 210 364
1 358 301
2 465 464
1 495 81
1 234 405 28
284 364 24 434
99 422 410 247
122 456 424 134
129 339 274 391
360 99 362 250
291 17 279 206
15 386 16 459
256 143 228 398
246 67 347 343
345 375 52 185
187 158 124 254
419 387 181 475
396 44 157 306
462 393 141 30
374 334 413 363
27 421 11 131
380 379 139 116
271 30 401 57
290 99 94 367
201 69 203 252
213 438 266 103
78 469 412 320
154 475 171 295
467 221 272 417
349 95 85 436
31 467 243 138
48 184 72 74
458 79 259 473
107 420 262 19
331 85 74 337
289 448 91 138
306 19 37 98
308 22 307 128
23 373 25 331
391 225 333 470
35 195 301 154
115 155 138 392
43 152 377 376
225 195 422 310
285 97 397 319
400 481 300 267
12 452 353 158
459 146 298 197
312 14 230 57
421 154 20 154
417 441 112 194
32 19 304 202
440 157 468 284
356 99 232 454
144 273 251 345
248 258 235 458
168 211 430 399
123 361 185 443
264 108 321 325
109 464 342 93
408 393 66 335
167 364 477 46
482 482 436 354
62 274 483 205
45 255 451 161
383 207 155 161
126 312 184 108
92 251 67 167
60 325 14 25
475 259 359 282
361 154 373 467
10 267 133 329
105 475 486 311
64 307 327 89
444 289 427 361
8 303 21 493
447 481 142 198
437 458 128 176
19 382 476 350
178 250 442 446
261 458 478 138
371 432 415 346
303 256 297 62
351 131 282 250
161 53 341 173
343 62 38 454
46 339 386 173
471 431 177 52
40 483 143 459
439 227 317 153
179 181 270 380
136 416 464 90
61 241 457 93
242 452 448 304
156 348 208 170
36 192 286 389
170 295 324 27
104 328 192 204
470 486 497 200
394 367 339 46
93 424 350 109
146 340 140 158
121 189 87 297
