100 99 500 500
2 169 34
2 245 17
2 65 61
2 429 103
2 266 23
2 20 405
2 484 178
2 27 169
2 90 366
2 373 227
2 423 429
2 464 144
2 407 318
2 213 371
2 83 175
2 88 328
2 215 36
2 456 464
2 334 230
2 374 223
2 239 60
2 394 293
2 43 487
2 299 312
2 272 382
2 460 47
2 131 287
2 310 161
2 58 303
2 161 269
2 417 177
2 333 261
2 98 300
2 205 181
2 360 486
2 126 425
2 235 289
2 237 463
2 486 121
2 485 295
2 12 242
2 452 479
2 378 494
2 320 106
2 257 499
2 372 472
2 188 25
2 220 239
2 301 420
2 326 142
2 251 446
2 411 405
2 306 124
2 97 390
2 204 176
2 138 389
2 143 491
2 427 81
2 66 228
2 352 7
2 175 295
2 277 319
2 241 200
2 13 436
2 106 188
2 74 239
2 135 445
2 494 63
2 41 286
2 209 372
2 329 326
2 146 483
2 250 380
2 491 46
2 39 72
2 53 132
2 150 396
2 466 361
2 252 23
2 49 425
2 172 254
2 137 65
2 176 387
2 61 29
2 392 32
2 208 498
2 384 151
2 46 361
2 362 189
2 284 370
2 123 293
2 219 169
2 124 387
2 387 219
2 31 337
2 28 93
2 340 415
2 52 405
2 192 150
2 363 147
463 339 270 467
489 79 45 15
226 451 63 303
259 90 234 289
116 177 467 200
293 248 187 174
157 255 50 314
195 224 385 389
230 282 152 199
431 149 29 293
328 270 415 413
405 49 440 385
359 396 338 123
260 481 59 344
400 485 315 198
478 236 129 94
416 169 48 80
30 88 368 346
238 32 419 3
153 126 125 262
223 126 304 289
386 417 185 446
193 262 462 103
16 435 282 79
321 208 495 68
227 374 132 388
258 304 291 64
383 153 409 94
173 498 297 183
263 239 481 378
80 494 454 429
191 315 21 87
308 344 160 107
56 32 217 360
9 323 203 243
70 492 487 231
271 42 174 197
99 437 211 10
145 417 350 294
171 43 445 374
439 354 144 314
162 74 317 366
92 119 366 395
256 87 469 333
292 179 17 493
474 427 406 286
156 457 81 82
71 4 397 328
212 392 114 180
369 212 199 236
82 329 449 318
332 310 342 90
381 238 197 413
365 195 323 23
253 222 19 446
358 404 85 145
480 3 69 282
47 356 465 382
37 314 410 358
353 37 376 17
154 476 288 310
7 289 286 380
347 154 281 358
316 220 54 207
178 299 461 134
343 128 493 384
224 214 221 215
295 285 335 17
276 314 244 142
109 112 225 245
476 404 346 79
436 271 194 171
190 457 455 139
170 312 492 93
396 432 361 476
77 484 341 215
229 133 357 359
395 106 330 61
399 367 273 356
15 254 483 337
401 359 479 270
130 185 11 487
477 262 364 221
458 296 497 25
218 442 34 87
8 329 164 218
222 55 367 358
442 317 22 12
113 81 433 394
84 270 444 244
60 430 133 436
475 250 356 93
76 151 453 56
391 352 437 443
181 457 302 100
274 369 165 496
207 495 264 115
78 110 159 56
202 182 470 486
