99 100 500 500
1 486 95
1 5 296
1 112 274
1 238 364
1 250 72
1 326 140
1 55 405
1 321 71
1 432 286
1 452 34
1 251 121
1 433 440
1 140 219
1 300 335
1 91 103
1 229 464
1 135 370
1 50 490
1 244 496
1 264 117
1 292 491
1 8 312
1 390 149
1 417 302
1 462 387
1 30 143
1 253 268
1 357 256
1 10 128
1 53 456
1 121 488
1 143 357
1 405 273
1 162 139
1 44 463
1 151 267
1 344 183
1 59 43
1 131 462
1 307 28
1 399 62
1 274 291
1 107 280
1 367 350
1 277 456
1 213 290
1 61 90
1 290 467
1 26 250
1 27 403
1 276 243
1 198 164
1 475 187
1 353 75
1 489 354
1 346 314
1 42 446
1 389 66
1 185 112
1 192 353
1 201 67
1 76 420
1 202 383
1 22 113
1 109 195
1 362 442
1 490 133
1 150 327
1 93 333
1 63 285
1 215 110
1 396 441
1 130 80
1 495 432
1 339 113
1 366 184
1 211 84
1 280 306
1 260 480
1 119 191
1 476 165
1 426 48
1 278 185
1 311 147
1 491 97
1 25 457
1 427 378
1 252 419
1 17 153
1 171 273
1 223 206
1 422 210
1 81 435
1 164 348
1 440 7
1 234 81
1 237 67
1 99 249
1 316 497
132 249 258 250
336 212 322 167
141 61 480 110
315 302 52 74
224 167 231 84
272 107 161 19
425 144 448 22
450 298 216 298
451 181 289 217
149 225 21 470
333 312 365 43
122 377 158 165
2 171 378 53
113 141 240 59
20 375 351 116
245 113 79 185
103 14 358 42
46 286 443 333
160 336 309 117
225 207 232 106
410 190 492 123
71 134 168 123
255 51 129 155
242 186 485 150
392 367 200 264
227 364 6 152
329 80 136 242
9 6 454 152
363 423 67 173
380 468 285 130
479 480 124 155
407 235 92 332
330 311 243 209
69 173 466 198
159 77 418 432
166 402 265 267
324 241 177 264
208 433 282 439
361 246 134 398
341 436 147 272
298 168 303 426
464 307 261 347
220 172 327 122
96 59 31 232
382 334 455 355
154 481 100 42
400 237 84 381
117 225 86 144
406 141 128 21
217 124 88 315
120 390 116 312
496 234 43 201
70 13 1 430
28 91 196 372
230 350 37 25
29 284 190 421
419 448 32 125
236 131 296 81
337 340 145 464
379 466 16 29
469 301 430 460
437 277 488 433
206 107 295 460
247 388 281 168
60 152 457 445
80 243 18 192
248 194 133 263
38 218 376 482
11 137 420 388
345 149 484 261
137 127 465 227
48 267 323 217
144 270 212 50
170 325 442 114
23 319 408 80
369 234 58 19
226 217 139 251
468 4 483 447
266 30 209 266
66 17 381 281
431 485 481 226
471 133 267 91
306 50 497 447
441 246 283 150
436 487 105 50
95 275 199 378
383 468 445 162
257 250 356 25
444 96 458 461
36 286 102 139
453 83 463 52
447 259 142 323
259 389 371 6
273 38 49 335
370 480 101 88
241 269 328 217
207 349 373 250
393 429 75 326
89 370 325 44
204 494 487 253
