100 100 500 500
2 267 391
2 410 51
2 263 363
2 168 107
2 272 8
1 458 221
2 292 352
2 106 365
2 88 310
2 494 301
2 7 363
2 473 347
2 73 403
2 84 34
2 55 273
2 293 178
2 152 197
2 65 376
2 391 29
2 334 79
2 191 198
2 148 267
2 282 286
2 194 443
2 216 431
2 133 330
2 107 220
2 270 278
2 241 417
2 115 99
2 121 117
2 398 186
2 154 280
2 207 354
2 344 419
2 195 154
2 352 7
1 317 43
2 300 216
2 371 183
2 226 132
2 128 352
2 414 498
2 74 92
2 177 212
2 198 472
2 467 228
2 392 52
2 14 66
2 274 314
2 378 342
2 80 289
2 341 368
2 311 95
2 413 17
2 402 426
2 342 107
2 186 474
2 11 434
2 373 12
2 403 50
2 260 396
2 178 465
2 452 15
2 182 460
2 227 288
2 318 167
2 129 144
2 338 267
2 134 410
2 257 207
2 199 209
2 5 97
2 471 43
2 231 190
2 277 95
2 233 148
2 355 457
2 78 418
2 24 204
2 205 354
2 327 496
2 332 221
2 337 387
2 482 365
2 20 290
2 478 179
2 108 249
2 212 450
2 314 201
2 60 183
2 353 378
2 25 127
2 289 311
2 428 387
2 401 73
2 164 141
2 479 209
2 287 83
2 224 396
362 406 247 368
52 442 259 41
211 185 348 411
463 476 284 126
61 87 6 344
76 320 433 431
426 358 481 3
200 351 470 185
183 8 250 75
189 345 415 89
184 315 196 469
248 404 489 244
379 37 220 249
461 158 375 184
236 21 385 17
1 421 54 375
23 114 85 122
249 167 137 191
72 351 290 387
69 485 468 80
235 475 472 220
12 112 246 327
240 217 301 12
307 11 242 479
396 327 448 204
304 207 255 366
118 480 262 240
181 263 419 415
386 307 354 221
90 333 33 434
394 230 42 198
19 304 51 284
208 392 83 336
390 467 3 394
382 237 303 324
147 334 383 385
77 376 324 120
443 167 232 268
369 116 75 77
278 244 405 232
99 437 139 74
22 286 376 207
124 345 358 49
328 106 102 208
188 25 4 295
336 391 132 131
66 243 359 469
407 159 125 293
62 416 193 53
422 330 432 96
313 212 447 425
446 378 437 432
39 268 329 132
163 136 366 14
367 431 187 26
185 437 397 15
271 149 254 48
421 248 455 43
409 442 404 370
425 15 424 61
456 342 179 367
64 98 145 132
399 305 343 193
31 476 217 138
71 137 445 471
109 385 288 389
498 70 276 226
209 363 356 251
89 313 17 121
484 232 252 495
230 167 170 116
175 150 93 51
228 73 13 322
150 374 166 433
381 138 162 267
169 23 18 470
204 465 330 174
158 84 395 255
374 286 322 48
171 242 384 32
323 494 275 321
439 416 149 197
316 131 361 301
400 162 95 1
430 267 474 70
21 470 136 472
41 307 111 396
450 197 50 251
465 8 321 318
469 394 215 25
388 71 454 151
59 394 296 33
347 482 360 292
492 462 333 151
123 134 239 477
460 432 214 446
312 129 201 457
411 148 244 28
219 235 261 12
280 481 238 476
