100 100 500 500
2 151 407
2 224 265
1 495 30
2 337 382
2 2 206
2 318 58
2 52 418
2 190 432
2 134 329
1 325 277
2 270 335
2 487 116
2 220 275
2 267 181
2 108 164
2 377 230
2 124 258
2 299 199
2 459 225
2 165 420
2 58 438
2 486 424
2 418 55
2 320 178
2 452 116
1 196 119
2 64 202
2 217 14
2 265 192
2 168 312
2 175 184
2 455 283
2 120 179
1 211 125
2 44 417
2 480 111
2 361 148
1 180 273
2 261 420
2 114 151
1 46 32
2 59 393
2 497 103
2 77 250
1 353 170
2 360 412
2 88 105
2 450 278
2 234 289
1 148 254
2 237 105
2 268 421
2 458 47
1 439 42
2 222 460
2 433 135
2 95 344
2 327 499
2 67 191
2 107 66
1 239 438
2 128 36
2 347 87
2 56 234
2 334 278
2 122 335
2 81 189
2 197 469
2 319 390
2 355 484
2 16 346
2 448 297
2 96 348
2 136 177
2 374 295
2 323 206
2 288 260
2 462 144
2 92 366
2 333 3
2 91 42
2 25 174
1 304 411
1 149 456
2 404 427
2 405 137
2 316 327
2 13 319
2 185 294
2 54 269
2 258 268
2 468 387
2 154 317
2 451 301
2 34 268
2 84 182
2 394 432
2 78 24
2 42 342
2 485 378
378 33 483 365
155 335 191 136
137 180 101 458
247 61 161 245
354 161 30 168
68 219 221 343
192 273 57 320
362 197 103 371
4 306 278 381
126 179 369 233
317 300 275 268
491 117 50 438
45 392 90 409
308 191 193 214
329 53 290 173
453 371 210 36
249 102 243 53
490 47 241 36
218 276 163 56
392 257 352 181
492 333 187 249
166 13 419 247
10 116 305 46
33 190 457 483
444 344 61 52
469 134 379 105
467 480 252 246
434 47 364 106
407 270 43 174
415 286 164 448
31 280 302 258
397 409 463 15
402 381 321 174
273 318 121 382
80 207 225 233
244 426 454 191
426 202 8 496
102 270 344 318
152 41 200 208
133 81 417 318
291 273 147 144
498 239 312 128
188 357 283 268
447 256 428 401
11 263 255 167
119 182 227 138
356 9 72 182
203 83 22 148
330 30 146 26
282 408 406 71
381 410 228 28
18 249 6 206
158 411 310 247
286 325 307 263
47 399 414 10
176 111 212 421
94 121 351 488
349 430 55 18
422 425 398 206
464 108 475 236
336 97 281 275
206 182 363 342
343 416 412 259
240 206 177 367
38 242 348 412
130 74 49 381
449 49 441 431
62 3 74 202
393 350 326 328
118 469 254 23
140 268 189 32
104 414 135 435
382 31 493 209
357 91 1 300
298 142 368 441
150 239 345 22
435 131 376 90
75 426 23 468
219 221 384 472
390 192 36 145
442 71 410 209
246 262 111 109
110 194 429 308
115 462 242 424
89 475 294 440
474 175 303 408
401 145 32 144
19 413 169 11
314 468 29 168
427 476 395 359
131 408 162 243
438 475 207 287
83 395 470 409
421 216 186 69
413 355 173 204
144 138 339 189
182 259 109 85
223 350 127 472
478 313 285 490
183 282 373 386
