10 100 500 500
2 126 479
2 387 58
2 202 365
2 410 208
2 65 315
2 207 127
2 294 377
1 233 412
2 272 240
2 264 146
73 489 38 56
342 447 258 376
235 17 100 340
192 146 367 186
481 162 344 442
443 256 433 415
46 236 406 341
242 201 313 351
201 60 69 284
340 372 170 285
400 41 479 477
297 213 173 87
369 65 453 22
125 276 253 301
468 269 10 260
491 78 152 324
357 143 411 475
495 9 424 202
295 97 335 486
49 149 279 84
183 260 448 400
212 219 144 291
8 83 2 354
332 438 158 107
368 383 290 251
18 55 322 484
483 312 446 293
325 331 346 184
248 220 319 125
85 380 434 498
1 347 66 138
134 116 220 14
463 273 86 203
91 48 321 477
311 28 206 53
341 53 198 316
445 266 348 352
28 267 101 363
469 298 404 299
337 25 102 377
184 436 139 184
62 245 96 75
385 221 338 474
31 54 289 12
44 245 114 24
496 74 29 109
427 366 127 234
482 67 396 9
214 69 349 306
465 442 17 59
456 3 141 114
458 414 247 70
27 492 117 216
228 214 460 409
166 446 174 247
462 283 412 422
155 363 285 267
309 9 19 58
53 481 320 350
408 194 277 71
480 358 287 55
353 99 263 277
190 154 9 221
278 164 394 414
244 294 76 206
362 10 464 217
373 287 23 447
407 464 352 104
128 167 386 459
195 360 72 114
71 395 4 249
186 325 43 385
291 83 156 284
398 430 329 354
494 121 222 42
32 66 191 185
70 287 421 410
161 290 115 215
63 209 39 167
466 313 45 176
487 440 303 477
317 431 200 240
132 339 216 67
488 72 169 121
250 477 42 493
447 225 185 266
123 368 41 429
30 122 137 498
288 201 234 429
283 13 439 464
442 462 499 476
383 105 205 23
384 60 275 400
47 313 413 424
498 188 121 380
103 157 307 484
298 496 454 281
20 77 451 84
417 277 474 30
370 30 61 92
