100 100 500 500
1 402 238
1 99 387
1 179 476
1 192 179
1 456 331
1 452 489
1 303 55
1 106 471
1 184 315
1 96 373
1 144 129
1 365 72
1 175 427
1 418 179
1 72 137
1 238 244
2 223 327
1 330 449
2 455 226
1 234 393
1 53 159
1 296 337
1 308 385
1 269 493
1 174 147
1 336 14
1 275 149
1 291 33
1 49 112
1 154 210
1 431 301
1 23 414
1 119 492
1 33 83
1 173 342
1 425 300
1 66 409
1 186 130
1 479 75
1 176 113
1 249 47
1 163 199
1 137 98
1 70 478
1 329 296
1 276 291
1 243 386
1 325 167
1 480 177
1 443 190
1 271 465
1 498 71
1 346 252
1 31 313
1 451 180
1 338 489
1 304 46
1 378 266
1 239 305
1 251 84
1 30 348
1 283 200
1 266 218
1 126 460
1 397 372
1 440 182
1 287 173
1 20 77
1 134 340
1 19 478
1 39 250
1 203 144
1 379 74
1 191 69
1 395 235
1 374 341
1 372 395
1 408 357
1 101 397
1 247 214
1 284 200
1 478 252
1 363 436
1 347 168
1 477 452
1 313 86
1 356 485
1 215 391
1 248 118
1 201 163
1 50 335
1 231 251
1 417 371
1 189 358
1 84 264
1 68 171
1 118 355
1 265 389
1 218 91
1 143 64
169 380 28 422
315 494 290 151
37 408 496 9
310 99 200 349
412 218 145 417
465 191 159 499
222 250 83 36
150 187 370 445
130 20 125 483
244 321 172 209
309 263 7 107
205 327 354 392
160 335 166 270
403 172 26 123
124 383 320 297
376 282 75 67
280 230 432 248
281 258 233 464
350 8 357 398
73 105 401 347
210 183 485 486
42 436 316 409
88 276 202 154
214 289 314 216
360 328 392 495
404 409 259 495
95 436 170 472
71 399 442 428
32 314 286 188
21 103 255 292
386 28 136 47
147 225 340 161
63 236 393 120
105 450 45 50
387 384 278 420
82 454 81 351
384 336 17 402
481 205 364 380
439 101 343 280
141 468 454 341
493 300 177 122
59 308 100 235
381 135 67 154
117 263 94 67
301 110 10 117
187 437 366 11
44 215 474 383
400 337 282 436
495 426 253 421
240 216 86 245
40 321 65 345
34 200 91 156
473 463 107 338
398 470 445 343
420 309 323 348
261 228 241 279
24 96 267 49
458 433 197 399
488 169 437 249
413 140 359 40
207 495 188 95
483 259 6 199
41 208 285 2
409 269 273 274
128 315 385 480
102 191 146 19
36 490 5 4
272 447 424 188
47 120 326 54
153 200 246 21
332 339 419 206
165 14 35 103
367 211 156 349
362 319 263 333
211 63 224 232
407 51 492 344
457 21 344 360
77 157 464 434
183 39 206 24
54 216 149 65
449 108 305 488
16 43 396 173
300 324 138 142
121 57 164 413
405 454 185 383
139 163 85 195
212 366 245 335
237 75 230 320
131 146 298 223
383 486 190 228
333 40 317 246
198 381 491 170
178 279 494 421
69 18 13 147
472 160 423 158
227 161 92 172
331 435 430 113
60 377 436 290
337 124 490 446
250 96 3 346
