100 100 500 500
1 68 127
1 47 355
2 115 303
1 10 317
1 497 447
1 233 438
1 413 215
2 167 440
1 55 421
1 442 169
1 303 127
1 472 292
1 391 133
1 122 368
1 188 6
1 245 291
1 403 454
2 400 391
1 269 451
1 471 77
1 402 15
1 109 137
1 325 494
2 347 308
2 148 256
1 466 274
1 134 289
1 304 44
1 219 499
1 271 205
1 112 471
1 297 53
1 164 392
1 99 149
1 41 197
1 237 435
2 397 195
1 221 194
1 133 441
1 445 155
1 346 443
1 171 271
1 85 477
1 179 400
1 198 424
1 7 57
1 468 257
2 246 194
1 186 421
1 486 496
2 314 399
2 487 457
1 460 229
1 498 20
1 84 329
1 209 380
1 11 250
1 230 51
1 426 346
1 243 102
1 210 427
1 203 249
1 273 17
1 430 464
1 392 358
2 479 354
1 15 253
1 284 462
1 75 428
1 313 164
1 93 319
1 193 306
1 18 295
1 357 271
1 434 478
2 298 87
1 330 143
1 192 295
1 189 46
1 308 256
1 16 135
1 13 213
1 329 429
2 79 96
1 191 371
1 174 287
1 463 405
1 3 156
1 380 117
1 462 428
1 177 182
1 444 362
1 31 19
1 482 466
1 282 112
1 58 434
1 187 26
1 292 17
1 416 35
1 64 119
368 204 71 487
165 232 283 353
131 94 424 218
409 127 98 13
195 165 163 396
25 270 106 76
276 417 453 198
72 460 119 330
212 228 113 109
274 474 218 297
406 39 429 156
289 153 180 319
108 439 48 42
372 243 351 64
197 6 155 80
107 230 176 28
215 487 236 412
54 15 339 473
421 374 262 177
172 246 235 193
126 380 349 360
17 257 87 394
361 72 281 458
419 129 326 155
142 408 158 44
327 264 454 383
160 225 101 151
1 353 178 342
338 410 73 412
226 404 202 87
204 306 396 223
249 335 312 286
318 415 344 200
291 329 332 77
114 114 441 297
378 450 360 455
265 307 211 23
371 411 96 499
272 43 492 280
22 339 317 438
324 277 417 226
123 48 358 369
427 428 50 406
394 212 499 337
475 298 294 342
373 185 241 170
428 352 432 95
49 404 390 167
375 290 33 188
367 392 306 104
12 129 153 1
69 493 140 321
46 88 214 255
150 198 341 223
32 317 301 389
285 191 439 182
275 231 83 402
34 305 255 323
66 424 175 32
81 27 183 146
159 137 436 317
266 390 5 483
398 33 261 253
407 146 260 252
157 84 388 288
43 281 30 83
91 445 263 94
385 29 374 462
411 153 278 135
127 321 38 8
224 382 423 71
181 431 315 53
80 375 168 327
182 326 299 387
23 295 27 71
408 28 65 170
365 336 438 135
353 172 422 351
74 152 461 481
100 126 451 361
455 225 356 375
288 96 343 24
491 389 474 348
267 228 92 142
395 73 63 219
139 291 387 452
410 266 86 187
379 288 449 259
348 290 467 221
336 472 44 260
242 428 447 470
469 284 268 153
484 303 118 83
200 130 128 284
154 214 104 50
70 78 355 103
323 429 19 333
234 16 415 439
184 225 433 47
457 296 321 41
