10 100 500 500
1 431 357
1 470 489
1 69 326
1 153 411
1 424 358
1 18 454
1 463 481
2 158 346
1 485 328
1 474 223
378 117 241 149
16 165 116 86
98 122 432 61
298 59 442 348
26 14 208 207
12 118 146 368
362 274 231 178
165 90 304 39
15 276 412 301
31 73 30 123
494 129 36 400
399 380 34 494
119 143 355 467
175 277 122 10
394 456 214 411
56 150 421 251
499 400 440 296
491 377 262 183
63 41 464 489
177 336 492 475
29 94 94 485
123 284 477 478
86 148 1 194
91 456 252 330
385 296 166 152
228 198 279 386
59 449 369 471
43 482 295 284
62 375 52 167
371 68 92 93
144 133 60 437
386 120 289 27
347 393 468 258
316 13 104 298
495 440 323 410
263 206 97 131
343 466 181 341
434 101 220 388
81 174 471 217
422 119 25 268
209 463 163 212
406 119 388 196
297 63 439 86
211 98 215 123
67 379 250 13
357 185 428 150
149 278 280 292
198 396 226 246
212 12 344 199
329 240 95 475
457 434 169 451
2 259 178 161
131 342 83 253
171 140 3 271
423 49 235 288
336 278 234 162
476 306 173 370
420 126 121 430
489 417 21 425
287 97 456 140
265 50 162 9
161 3 335 303
411 342 320 250
389 433 247 19
107 395 222 477
438 499 308 9
180 62 407 292
112 181 232 184
258 444 380 95
9 152 259 206
418 371 159 229
50 14 306 490
339 79 487 127
273 477 213 123
290 424 452 307
321 307 46 27
203 347 359 99
245 116 330 96
99 415 239 10
8 143 51 498
301 3 488 24
384 310 413 209
331 42 324 397
182 83 455 201
74 320 460 299
345 391 309 126
444 185 44 352
132 8 246 129
430 287 225 208
354 217 275 149
326 198 96 141
285 319 314 219
426 18 291 305
233 463 87 405
128 443 390 138
79 452 341 499
139 63 458 100
206 171 170 161
255 312 109 489
240 459 459 312
