17466
13196
34061
284
16834
14986
18158
6346
21588
28229
3680
21466
473
47060
269
3838
9733
365
15787
22681
273
24472
260
6900
10171
20518
5868
18295
10209
12119
1767
3622
4768
12961
13841
16937
23408
199
30165
8991
19675
17579
23438
34796
4437
12173
25254
21560
10049
497
17635
422
25337
29351
7308
22073
369
398
10353
11602
9547
32310
577
194
367
23955
5855
20803
21430
369
389
18209
167
24714
1989
3339
21415
1068
14501
15931
557
21620
19068
393
13167
20630
30270
24078
324
2355
12296
13107
5282
14601
19515
11910
21378
15575
8401
7579
