100 100 500 500
2 448 1
1 402 499
2 496 1
1 478 499
2 472 1
1 442 499
2 432 1
2 4 1
1 494 499
1 62 499
1 94 499
2 68 1
2 12 1
2 440 1
1 22 499
1 6 499
2 412 1
2 444 1
1 38 499
2 80 1
1 462 499
2 52 1
1 82 499
2 24 1
1 10 499
1 410 499
1 54 499
2 484 1
1 450 499
2 28 1
2 32 1
2 48 1
1 18 499
1 30 499
1 14 499
1 46 499
2 416 1
1 2 499
2 404 1
2 88 1
2 488 1
2 56 1
2 96 1
2 424 1
1 466 499
2 408 1
2 44 1
1 414 499
1 422 499
1 490 499
1 446 499
2 468 1
2 20 1
1 50 499
1 58 499
1 498 499
2 464 1
2 100 1
2 400 1
2 92 1
2 60 1
1 90 499
1 74 499
1 426 499
2 452 1
2 36 1
2 480 1
1 458 499
1 66 499
1 98 499
1 70 499
1 26 499
1 438 499
2 72 1
1 434 499
2 16 1
1 482 499
2 8 1
1 454 499
1 78 499
2 436 1
1 418 499
1 42 499
2 456 1
1 474 499
2 476 1
1 430 499
2 428 1
2 76 1
2 40 1
2 420 1
2 492 1
1 486 499
1 86 499
1 34 499
2 84 1
2 64 1
1 406 499
2 460 1
1 470 499
33 83 393 257
69 101 419 3
23 334 457 427
165 270 389 330
35 108 387 440
43 430 395 262
31 458 399 402
159 159 423 53
17 127 323 493
51 396 463 467
173 149 413 305
59 401 443 235
195 58 325 401
3 216 491 456
155 463 363 402
87 131 349 459
131 126 437 339
163 7 365 170
39 55 359 474
161 368 489 75
169 344 369 271
101 333 495 159
193 372 329 248
123 75 427 451
71 283 411 412
21 167 347 439
77 388 305 52
29 288 335 349
85 302 425 211
53 166 383 3
113 342 405 139
95 19 409 303
83 73 327 469
185 416 449 331
145 122 453 465
125 446 465 217
9 212 341 380
147 280 339 273
75 429 493 436
65 494 333 253
115 111 477 280
139 160 469 159
79 15 473 123
49 283 487 221
167 295 415 90
191 357 447 392
111 432 499 466
93 371 479 369
63 420 385 345
117 481 301 168
103 399 467 60
171 315 355 77
1 375 367 446
25 202 441 253
73 260 303 366
13 346 377 143
199 152 337 383
133 397 357 223
61 246 361 339
57 44 381 366
157 365 435 60
11 322 439 312
187 97 401 268
179 367 345 339
109 210 321 55
7 394 307 355
151 200 421 407
121 421 481 104
47 408 431 278
177 212 331 427
135 94 353 265
189 251 471 252
183 135 309 94
143 25 497 433
149 12 407 273
89 240 319 361
15 108 397 11
99 453 391 325
45 27 379 250
37 497 315 214
197 42 373 423
119 334 485 6
27 75 403 307
141 251 313 30
67 383 417 484
19 140 371 220
41 265 461 235
5 367 343 203
137 380 351 270
91 108 311 37
97 46 445 42
129 231 451 394
81 260 375 268
175 464 455 87
181 368 475 71
55 417 317 277
153 205 483 73
105 395 459 114
107 28 433 81
127 216 429 91
