100 100 500 500
1 361 141
1 384 118
1 417 85
1 39 463
1 415 87
1 81 421
1 144 358
1 117 385
1 30 472
1 366 136
1 72 430
1 217 285
1 259 243
1 268 234
1 309 193
1 200 302
1 411 91
1 300 202
1 246 256
1 171 331
1 432 70
1 102 400
1 136 366
1 442 60
1 378 124
1 6 496
2 147 144
1 162 340
1 230 272
1 225 277
1 314 188
1 186 316
1 20 482
1 404 98
1 369 133
1 408 94
1 198 304
1 389 113
1 125 377
1 301 201
1 215 287
1 208 294
1 226 276
1 254 248
1 476 26
1 236 266
2 320 317
1 121 381
1 204 298
1 83 419
1 322 180
1 106 396
1 199 303
1 397 105
1 109 393
1 32 470
1 263 239
1 272 230
1 306 196
1 93 409
1 287 215
1 221 281
1 3 499
1 353 149
1 335 167
1 59 443
1 79 423
1 52 450
1 111 391
1 235 267
1 379 123
1 410 92
1 190 312
1 140 362
1 13 489
1 469 33
1 240 262
1 388 114
1 260 242
1 130 372
1 456 46
1 446 56
1 120 382
1 17 485
1 238 264
1 297 205
1 274 228
1 370 132
1 367 135
1 75 427
1 280 222
1 8 494
1 227 275
1 313 189
1 14 488
1 461 41
2 441 438
1 332 170
2 35 32
1 372 130
376 386 296 182
67 26 104 405
440 409 98 422
315 471 53 356
334 174 487 57
426 174 390 444
458 481 393 170
488 477 473 399
48 377 252 399
65 344 295 494
249 71 310 252
258 344 185 92
380 449 325 196
97 236 284 90
134 223 110 249
43 106 131 40
122 338 139 21
496 146 90 321
288 24 103 237
126 105 26 455
383 381 58 449
112 153 2 131
234 278 348 296
148 116 490 236
291 120 95 332
115 302 337 41
219 394 12 237
180 42 16 137
176 418 178 110
329 414 25 455
341 31 336 76
243 32 107 351
357 287 18 229
188 201 412 321
157 431 479 279
286 208 50 341
174 296 37 287
474 81 319 137
19 222 311 272
359 110 413 67
182 292 494 294
308 488 10 411
28 197 321 266
271 395 60 353
428 241 491 210
281 416 430 98
447 458 179 425
42 284 265 407
99 493 187 341
451 400 149 484
356 366 414 239
299 372 373 91
119 139 88 203
402 88 484 117
375 279 27 107
150 164 392 232
344 355 462 492
285 364 489 240
400 209 352 313
153 314 409 351
203 303 66 387
1 365 69 303
385 105 475 447
154 4 202 96
133 29 143 66
323 11 466 239
316 20 273 19
492 14 290 226
220 27 398 121
101 92 15 388
7 137 354 3
114 248 166 227
201 131 76 270
360 285 480 414
195 61 40 38
270 281 70 489
223 47 64 278
78 408 298 55
371 143 452 76
423 229 405 202
279 37 342 361
349 415 437 344
146 244 47 255
161 89 449 77
453 469 485 263
4 219 36 123
303 251 275 437
347 313 420 482
224 326 355 489
229 372 472 430
251 89 169 138
96 337 498 56
289 126 113 327
382 466 80 232
386 207 346 350
363 143 478 171
159 245 431 370
482 123 261 336
194 81 495 211
416 103 395 383
