983
-809945 -270678
3931 -360348
162353 288423
-93528 -338039
-614825 -850091
503041 846477
-115898 -675816
-745137 803061
-122654 262298
-945915 -497786
273293 833773
293215 -132832
829141 490266
835199 -458362
17960 650556
527152 -444262
689434 635738
755533 701435
874111 -616302
770084 -667531
-47790 -125706
598964 -558832
554492 601093
525407 -765028
-368374 -348429
184580 933863
-677828 -136859
-703467 -649779
-573680 -33292
473875 60076
25084 -325702
-863334 324906
-404054 -293778
-620021 360611
397629 -826522
-668446 -495152
-408070 -330688
-457178 -537765
301620 -767095
-520512 -938377
912148 -90056
-758949 892632
801800 373597
644328 -741764
336077 -381081
-486696 368967
517526 913075
-542319 -697692
378334 906648
637541 -25738
-83732 -286605
45359 -904705
-320159 536986
483672 -422949
-436895 -547509
968870 -72773
820765 -242582
348679 410695
147531 -39498
-747322 -184352
-784353 754355
48584 -376203
-409565 853000
786470 350969
895864 92235
-38721 71378
-714512 -968151
-585307 277578
367413 358024
-280420 403520
464877 -13858
189458 202050
-427160 760733
-200007 164144
-482285 -571417
-929528 179714
705977 -377395
-193626 443394
93316 -198686
-314131 -530668
-386437 288006
-859799 671275
-860526 751645
479575 943212
947201 787678
-308258 -50642
494212 -323542
-593367 -975337
956283 -431562
-671383 602773
445999 -15376
-94625 615322
-574563 -299843
955978 -84758
-626288 -169622
-752554 687266
-681612 1213
-166100 306120
935265 354353
943794 420870
794435 527027
-433538 -734154
-760577 366347
414829 -615747
174219 -862830
-978417 -97686
-40452 -289387
-827359 632446
59125 177287
161715 717485
-801248 -65801
-552435 251534
490143 -820491
424363 -598827
-695138 -632688
-666581 -866382
621252 493417
-456372 98961
276586 -212591
842735 896673
-284682 -890639
-855505 -560374
141851 -694696
35407 228389
-233521 -227904
-234892 -525443
787919 3718
769390 878718
-838278 856580
831952 282726
324274 -372213
-226482 -986853
156524 394460
-293089 -189815
278442 -651663
235024 -202183
-302101 529877
-602417 -97831
-848310 528755
961751 236023
-104704 -79387
387408 890307
-485819 785072
833096 696831
310305 -849755
901749 188226
599057 -331826
-411757 -578398
722250 -753619
-627713 -572326
-462698 -94874
-839496 951427
818015 -509082
257784 161651
-863687 461957
-655477 696122
686180 123960
554791 -873720
-467249 -652062
-558761 -763929
820579 -489387
-698883 -271066
436755 -609738
-360323 816585
561844 -895193
591319 933229
-413369 28903
-330661 526298
-602280 596580
211946 5597
606143 836415
862701 -975519
-485106 433385
409700 -771688
722875 178184
916240 -891006
34959 271407
452418 -252803
687324 -73346
-448798 -415917
-491177 894232
-597512 -776652
-283054 87237
273583 -429778
458694 -538233
422472 312555
323810 504583
898960 100995
-971252 -437120
-406687 356814
571039 333334
-970664 208764
497391 139770
467740 21687
236881 -600127
24701 -880050
272804 -203739
48792 -223172
387822 696528
30925 813059
-370100 648947
660520 652905
220077 -774313
234396 -536332
-137635 426242
84364 355583
-567716 -262323
-129398 -952117
67063 -892310
-65025 -444000
-791300 -736867
783849 77876
-552871 769495
354558 -365458
267343 -127810
278053 740199
-582418 761626
908890 460329
-106175 241425
883648 132460
759815 -229530
487915 327528
110466 -88595
671429 -718910
-108010 -611642
287512 760981
950662 525782
901034 572345
-744720 159579
358530 -766418
538382 -101101
802628 194301
495163 410701
-177921 -942598
440196 594162
521787 940731
-230386 -339743
-986769 391150
62993 -690598
-855985 -381731
-871795 63090
932315 20834
-599520 -889279
-602949 -53279
658746 762951
340770 936802
300368 835879
162000 -371255
92477 911145
643586 -724039
-152443 -436261
-963457 319416
391786 -52764
779501 -143538
289942 322281
847684 -278642
792115 -702225
211806 -66093
-150079 -982292
510256 665197
972594 -632616
-764738 -70480
-823838 -816206
919466 -28806
216079 -550041
-980804 -450729
-898732 215926
103093 -803069
-114261 -321518
181530 -680368
242751 963701
165106 953041
-503172 -773347
716220 -911856
-833587 728483
-70584 630245
73702 551451
-172319 687925
-504830 -16011
12286 -522286
-382863 -177290
-299016 -342529
-719600 -220095
634340 231497
-673564 -546794
-332327 671326
-612920 458060
-505358 233729
959981 194683
283732 754026
-823368 -447109
-394132 893658
778473 423737
-437675 -77668
-55067 389418
-408419 664540
-372298 -757460
-512325 953408
-822435 -687075
913486 399117
-903015 -76592
-827561 728951
650984 -259355
-601309 450219
189304 99000
427171 -73862
-222801 729516
425274 272586
693461 897675
-187479 -611710
-390069 -891543
-753451 -839294
810241 847905
-726313 -390362
332111 946176
-302294 298490
471046 20087
-451569 228583
-353226 910748
128599 -931547
742195 -651719
-374845 667262
883891 -27291
-664198 -106934
-571417 132716
228491 -823413
-496032 -734004
707139 -77084
-328736 736185
636511 783559
306340 -172387
-715854 661402
-814429 691452
-815292 843772
-755052 -971480
98501 -964975
898569 -434972
308546 -40727
-407108 -554885
593844 765999
-671549 655050
-777923 720126
258097 -341463
-346884 963476
-389091 748662
-653458 -814415
961539 -3448
-221477 -560210
841951 561837
-191557 400459
-609511 54913
207698 56695
-604729 708495
-84051 57948
-785843 -821334
390845 -554736
-920613 -461836
608268 -500733
-838215 -304539
948046 -624675
-181755 -118097
714025 -786842
401296 26469
-5893 898927
-448523 3326
-616807 -366367
342715 820440
-730587 -788155
-878404 173875
-123827 276294
215347 869507
358229 492713
930522 -57886
696181 6350
110234 890002
-59621 -962828
-299230 187204
403389 77109
-659948 673855
-26840 -281593
-652848 -356474
493330 -496391
854593 -801422
-416248 230692
-112250 -130424
-959386 -80236
32517 -507757
-807850 211180
490469 754594
-347995 232623
520148 -73620
658256 -601468
272971 455533
-689762 -710100
32824 808226
-217240 -938279
-225869 686539
-332185 -277624
-980581 -399508
-842458 121516
125300 -767438
-761703 450730
329933 -408098
223844 954761
732380 -916185
-47387 -854813
-882469 -618472
-445176 846701
375444 550675
146035 -32986
-308275 615148
258772 -451720
80747 385352
845919 -45108
-614299 310718
-5672 817143
-396020 752649
182222 353839
963318 -318059
-105960 665411
589393 520674
893184 -793286
-320723 399344
616545 -7347
255940 675817
936130 588945
-16771 -443474
385399 634368
700249 534547
-31863 -762585
155107 -909219
580125 -179677
-785045 -46771
290059 938058
-57706 -217493
-528522 -348030
415306 -546496
-70505 -885339
754293 -820602
-759548 357107
464711 150889
11745 -952262
-23480 -87759
476580 -191336
210213 -840162
108380 236172
-387813 714655
659002 156836
-95947 -465673
336574 -4205
481596 75352
-333758 72490
-132964 462266
-783916 -733978
-998022 451681
-902926 -820172
416910 612794
-8232 -22124
-208524 -933601
-379015 -794306
479178 -604033
882103 -726026
-187228 -794470
-364146 -724420
550892 -199023
-68926 -708103
-226035 -739956
-680968 -917720
-808866 744611
-570506 -839200
819059 352935
-630705 -583967
-956505 695102
-646499 -276109
-262014 -320736
878576 904292
-95622 379569
175814 -573624
-538903 808902
-819512 310491
-716401 -599066
-870635 -58610
-474585 -187046
-889820 777205
-886468 649518
-804046 678747
133783 -644050
376926 -246450
-713254 -769954
-309435 -880932
-738224 -351068
-456704 -599210
-297895 -937711
-23066 -137780
368415 -204991
745949 305058
-140245 -761373
1503 366937
419194 270627
-556057 636894
-472692 594035
818675 212505
608535 -460345
22014 5838
227025 747856
840374 -499001
-727815 720861
372283 -191551
-231838 666245
418681 -727730
602232 -3135
678691 248846
-767713 385552
695400 697125
935230 -59391
-555801 82084
-686409 -670899
-558719 -577050
-629463 -376407
-785604 624893
-329466 -7034
-243304 835771
546330 -334619
17876 -397856
542212 -599493
-885049 579447
-915759 -330267
-252810 -425332
838752 -969219
-823050 121406
-557461 563109
246715 638344
789983 -678874
948808 918828
354878 884998
795930 586209
655654 -365939
-594338 426232
-884327 -970962
151716 113097
886994 876545
-965721 817506
234269 725878
929743 -561653
-129089 351594
-926283 -593802
314378 211427
111058 -56454
-653009 764283
255671 226359
556389 -257774
-535981 544415
865017 432651
-916612 215949
113779 4648
809136 -376270
101281 -896207
-705891 -787403
-877295 514988
620381 -440476
-738436 574382
301355 -204436
-896000 820635
61842 -943460
-665946 435660
-455633 547728
-781433 559142
-924833 73369
206392 114289
335867 -333058
-571852 667120
-371998 47047
110025 178737
-515170 -3279
479006 604357
802904 -284908
785159 237959
204355 -190960
855622 -903036
-342985 164035
591334 679818
-719003 -137059
-11003 947911
-300168 -397120
-69017 -43029
-825646 639180
-531947 148568
-680048 -343830
-406354 335930
-720275 -828236
331601 584418
-292368 -85879
900961 -284093
463435 -164811
586107 384466
-474722 598729
799403 -188986
595245 100016
327288 -802870
-192257 519954
-781582 215677
-562650 -945165
-687319 510886
-516307 -191655
-147920 -780190
-785019 341459
-5067 -255541
968344 -209953
-236968 463519
217987 -840453
768372 -331776
159527 -558780
-269521 771112
105272 -847240
287681 -423086
745291 -397745
85287 63949
-867890 125499
-338982 9620
868787 -154730
-918255 239082
900319 -647115
-585281 -994119
-27424 -72112
-753287 -455295
166236 913446
-248168 -171214
-812090 693363
-358103 -719587
179598 946652
385037 -743317
-971369 342822
920460 155954
-783739 -417829
926984 -727947
-616089 -499410
251320 427790
-220209 886489
-767665 176815
-380054 695285
960035 598156
447504 109788
406315 -453021
-797824 -924008
474012 119812
-897130 794122
-13945 181164
-260197 280166
486814 -593771
-197680 602386
-592680 86076
-15074 354494
617291 -294247
348497 -587913
922761 268731
-151807 920781
-885318 -594983
823022 734798
765579 -470218
641781 143238
526787 -677979
-790108 -61104
821185 273489
-543861 -992539
-865032 574790
33203 204562
397932 927884
472411 459494
-303810 398663
-760871 -614193
398443 -513166
71745 -828386
-626527 -464235
320581 682882
-370073 513871
315413 355199
36133 893929
-239661 449912
-369211 702473
-555567 874747
-404375 -217472
392550 19357
530175 -691805
-979994 721332
-325540 759966
866438 -364319
-297776 561652
239718 420850
813276 769650
314585 -241448
499433 -873768
604160 829613
619080 -516325
814948 -236262
511544 -803321
-965958 129345
-565754 -989188
163745 534407
-997666 -479047
-200050 -660990
-54612 543330
522266 -222706
-983175 207682
-117174 -675172
315961 -697951
-993195 -657916
-946620 -651110
-300936 -299176
-734588 141913
77354 517851
-270867 600401
192886 205748
-279977 -262650
-400617 367569
145020 107434
-409877 675286
-315617 176660
191944 689166
792427 340241
785876 -229857
-500226 -13299
868123 -285965
406147 565668
640278 697385
531225 -497164
-899147 -921443
106338 286673
450423 -660814
-665233 149766
799351 5162
-443686 1091
-255425 -951765
-113009 -237193
-475517 -968561
683244 -663938
456065 -834636
905748 698915
238006 451095
533703 164430
417876 -677811
-206853 -415068
282091 902000
387324 -290844
-39944 -385309
-386584 706077
-115491 119701
-10088 -694528
805641 -844052
297691 -973931
-146082 -173293
942179 -761156
707658 638844
-895294 798735
236317 -327457
153534 447269
-709889 -454200
-410473 -989987
-906149 872208
242453 521632
-235135 -206306
-772818 -338401
-427960 -536459
79889 268972
-293712 317587
-751890 -455072
627985 -179871
-680922 -96716
-240401 759425
94938 -676164
287758 400883
-234266 -947799
-284542 775024
-554771 64673
-13552 139744
573404 -211454
-414137 -806965
-130654 96682
-820190 591529
365976 634395
-883221 -411961
-582981 785697
-98953 -994557
-682674 -524986
103131 -436760
-85031 -461140
-440841 89879
-124690 690975
-794681 633846
-14121 879920
564871 137323
538309 775586
-754079 317366
-451247 -372739
-489189 -929422
-125142 -368028
-280303 962367
126550 308172
-536298 419603
-437838 399289
271802 637469
132955 -917381
529416 -266886
870596 916265
-66773 -639456
-785264 -835260
-396854 684329
72381 -581528
-364444 -558971
-298618 329258
-116614 897842
88872 198072
-340960 514028
-837722 55531
654796 10815
-398165 -957146
-719271 -227028
40115 -762131
-446784 -817175
195850 286551
-511847 -302921
-405599 853448
246704 -853174
-115777 142131
968931 -280187
-966052 542654
-721806 -443509
881047 -547640
-157081 342963
716574 888177
-431251 -937567
-950098 -15524
400100 41315
237792 -744106
177991 761622
-347806 166242
766151 -661507
745470 -269877
172998 -280163
948744 923002
-668237 763931
-478763 411248
-547317 538592
254371 198853
784974 -371879
-804722 727641
180070 80603
-404691 -310297
-220447 -923023
-19103 243415
-120525 -80767
-267745 226889
-328680 -253323
-786062 834387
-217073 -979128
-522301 408600
-354304 -165980
43801 -350603
797285 904214
701333 -308668
771743 475152
537749 347142
-878481 638711
924022 -744088
-328498 -481363
741060 845473
-765226 154050
-873773 -264877
743095 -900566
208015 -31055
-116601 -849062
355365 497878
-749236 682034
824422 -909489
-50772 -532582
199003 644930
-795077 782855
-7734 446332
-426079 -667700
319788 -991645
190137 593556
-549200 451475
-99044 623834
-111036 -759632
301965 -594723
370322 -368993
-957145 -647405
-980319 -673781
601604 645528
-671197 560171
598675 710351
795210 -940611
-207210 -882476
-640642 -830717
-818402 369532
974023 -741080
-969166 143636
-41253 424880
-187950 547028
-260196 -282958
719416 895840
126371 -254577
557334 299535
-254519 606303
-81030 -862416
858502 -785661
-782325 -47265
-451414 -31544
24012 159038
-279545 755408
-331846 847040
417841 -320532
-400924 721004
-198442 -835534
-303428 -364866
301200 -385090
-412977 -336871
521956 -296814
-563131 -168693
-15891 374474
-92871 868239
399245 46677
969473 -799210
-918932 -403993
-456199 901079
605585 -47558
-768255 -997621
-454453 -720530
-441129 669918
540767 669299
-492012 526380
-871039 -127374
205450 -508628
834432 -535779
418406 -99000
273055 -655768
388562 -313291
-865302 820214
-963802 603533
795450 -507062
-557582 -685330
449192 423473
202692 -680530
-589562 665885
-574478 -689557
460731 66096
-444544 359524
767871 -280144
-318932 47023
-52216 617934
477900 -243263
-338853 -404366
346584 624729
756527 -436403
-465736 434922
-963871 -34767
20749 -857933
194384 92205
-25287 -359554
49542 -567511
610762 500803
-780982 32381
-1608 809275
467607 862983
-781030 -276877
-674124 -695247
-828852 -131106
593474 -364316
-324921 -697624
-768368 -145741
97384 167716
-596421 772505
-247268 764810
686407 -658290
404301 -996325
775541 -131250
-882194 930818
-298343 277628
-404552 844650
-435396 199520
-411137 881980
-540042 952744
-667585 955493
-419079 409712
134347 272238
-98723 727041
-258715 -854573
-512936 844968
18233 482398
-273049 -306463
74759 -187106
74551 -340137
179501 483335
-452796 447314
-576450 -61765
188320 324489
781500 737501
-425602 264649
-21823 -89640
451241 308652
559670 200496
210547 969929
-532794 -727863
-418577 395590
-813529 987493
136201 926068
-271928 -901645
-368165 929724
43927 686622
-755615 251743
624642 746417
-629510 732188
172002 3080
-510331 455669
847152 309555
742541 924243
976629 561848
520179 -287476
998561 -596550
-559340 313644
-640614 -830316
-583544 90979
813886 39784
-852437 209941
-712469 610448
49979 195104
-140133 342186
-121953 -744124
795357 914784
-382103 -294622
-382452 700606
110331 391649
105856 305038
-851328 551054
-288164 -494602
-85069 -723566
-69980 -429607
-919948 -461720
-430232 937145
-729085 -935414
-802885 -95040
-39058 -407934
843982 -473016
200186 -826764
185494 -522714
597006 369400
866341 -462935
-276134 565943
-778079 714813
871886 -9042
-576313 632646
-282308 651214
-757949 -697912
66082 -726065
-688545 -932085
-180886 -379002
771437 -233811
536223 701263
956489 -21820
-570454 808571
396289 -332927
715401 671804
466163 630228
-573553 -853213
-253578 791474
926928 -248027
924536 -398906
-971699 -442981
543493 949141
384196 528779
-505980 184634
-796468 -651009
484661 -502167
-322028 268689
263973 487161
582356 -221708
825318 41228
-360617 742143
11846 915986
-863853 813271
836208 883971
-547713 2774
551374 -728962
580758 -837654
881589 -866970
-775281 -29735
844642 248571
768162 -615653
-378724 -274231
-661352 546952
-694308 -792170
-99175 -331962
299022 -619702
958282 56900
619441 -328250
413291 -254778
670295 -705698
-73077 659900
-91207 -639106
-735736 486796
114839 234138
-428486 -684464
873651 -242576
20295 853209
-940085 578720
-111668 462308
731944 -341329
230322 -154894
666245 733451
-151954 -906532
-266401 -49813
-799679 675246
825370 -152920
-786123 729429
-69655 415635
-566713 122142
346548 718948
242046 -513975
-733581 393173
411366 670434
187682 753551
-104687 132748
-759052 377525
88960 -654532
-586953 494126
709211 -627872
-972055 487747
502547 -155270
-727320 -419229
17735 13942
868702 932739
-385790 -542332
313479 797047
-852514 674777
-182557 -897535
284739 -415654
189712 570473
-768714 669912
-751956 756192
254458 -787347
-708621 177979
85092 213353
372551 660795
-303499 29032
-360470 324072
170987 143500
867918 597903
-44617 666311
87809 -907394
945433 7260
-302769 772251
-571545 -740586
857919 318792
56892 849125
12415 175810
284064 -305397
358078 982242
-478863 20055
-205871 702311
-125840 956847
-645582 691116
-931178 -611339
-191273 -902213
846732 -206516
552754 -641913
-797401 -411043
-563595 701951
38253 -486220
-834559 787711
-627491 -778349
-937835 639599
-415162 705984
-856227 966884
-24805 -496516
-370053 788715
-363124 784728
801508 -95184
-90634 -812996
850389 -873423
909858 8775
-845072 -91308
-21420 -818747
516110 -784425
-930538 731168
890984 468717
-892288 275148
-794223 627595
-590840 -330301
191073 989107
-654955 -60650
733106 -41018
828595 230367
662478 819625
-348878 703328
218853 241814
-479391 269795
-945402 378888
482032 -798570
680763 46881
-195510 -524144
50668 -843984
631552 -11492
252992 783922
-87042 -201127
-283468 -844866
-756358 -11199
804440 459803
989285 -281993
381332 533944
272682 674410
-89931 -639750
-456318 -535351
-411871 435355
-719170 839127
-859351 -558917
417753 -16698
812437 387035
46716 -821867
580459 637159
127248 -860141
272671 -817108
-5896 -726519
548233 -186640
-292965 83089
-401993 -500393
612074 420532
-299573 796032
821177 -904545
-639979 471726
-531615 -649264
758347 -880119
327932 -558657
444648 -691664
-693633 -184029
-82043 -575576
-165590 436525
948728 304797
-161512 -575644
642512 28719
111254 100015
-742288 -961555
-633981 709921
493707 57753
712374 -622224
-383910 711352
-811755 91597
341928 -661885
-429666 583794
-924131 20542
713291 -37280
-448755 634795
327167 -349024
-792435 405598
-890645 252015
617301 715884
827767 409663
246044 -738247
10076 410540
-208925 -489377
-58084 94014
99669 587517
182491 430526
907014 -511574
-155788 -82031
233665 92761
-378585 880716
340345 247493
-889792 -294201
93030 -856244
152517 344238
24359 845341
888668 -939453
634235 -464667
-837367 360972
961232 390419
676951 -223289
-725923 -419006
-372198 -921080
132305 322739
-801392 668512
-194242 922555
821417 -470996
489402 -128745
-328337 -129914
-557014 821763
181074 -873153
402893 -210384
-294192 573052
848989 770864
529008 882543
-254453 439586
-26249 654000
15879 -658462
785782 -193464
771916 341124
-954352 -637715
-734904 -578127
-405284 -901501
493574 899049
281638 262425
981945 -48692
-166290 556020
-267122 -153749
-654081 -307764
-872765 251992
-847806 -228811
-271809 597718
767027 881539
-174083 -624924
75509 -531445
177683 149163
-380387 371996
680 -323488
745383 931906
413789 732594
429356 113175
232359 150355
374464 -551847
262848 -564061
-807620 764549
955710 -525587
426067 77381
-700346 -354296
780260 -784536
283751 197717
-655001 -881654
-422556 39392
62100 929995
909615 168526
-407571 -698088
-209168 -170240
619811 802065
-830018 -345665
-781883 247246
-529834 118150
505145 -567967
416812 -518670
952951 -691881
921831 128301
-463222 -893356
-191106 -943062
-526468 287600
-764141 -25038
861166 -422296
327587 -731029
-383598 889066
355900 -372032
-701848 756927
-208299 -911733
319182 -96766
-393112 445778
-721355 -148286
-536683 -909099
-321839 202308
-120115 -137227
-80208 277491
-601746 -536260
-384506 -953921
427263 62535
-759637 660959
684713 799017
203958 797688
-859082 615513
207497 -644302
617286 969295
-171713 638452
-603496 -340341
-314993 550094
69768 -314537
-759876 -785268
243954 -804387
-307791 108556
-78737 -43321
912961 912611
362541 31861
334513 -4661
-425447 4522
401411 586741
646348 -404410
507563 111418
546115 -37554
-957208 243748
309699 790092
927001 608411
811843 -193791
634502 -424279
625024 -295760
-449550 -932495
587811 -859127
58484 -471691
262284 -291391
-704620 -752089
-474259 22767
12022 217230
894090 -249899
-514075 988810
949989 -708022
-79993 701477
-758386 790421
418517 55423
304409 -615597
-196834 765582
241314 905573
10893 390560
366737 972868
-870033 856701
771258 -361679
-44538 -849273
-346031 83113
391943 670461
815950 -642808
-96687 298364
308058 938066
-521350 574658
231417 -472562
-379632 889514
442877 648860
946427 192020
572297 -298553
-167659 479460
-801594 765017
-937490 355482
884469 -749595
-727484 -803228
-532752 -540984
-952450 -61620
497013 56153
-783978 -234612
-530090 672960
-146352 723991
413375 926373
450330 -562761
-829538 -524308
796051 -631465
969761 456936
471966 20690
-33654 -926762
-380720 392880
-378087 -257712
-446725 630101
974711 959068
810941 -335813
-679924 -751337
-771857 -887942
453138 -37796
216104 629622
-556451 797692
-161983 583094
733625 674910
924927 137061
-759297 -799194
-282291 -14576
137025 -20388
726216 570613
-741698 212881
233982 5011
268420 557698
29898 -324282
-200515 -950787
621212 136082
440796 -579681
129060 -767003
553119 -408196
892405 -328253
206037 116669
-642479 -459086
-204419 -303677
71326 -868639
152338 -218511
490844 22208
719428 933741
-876959 -784106
503867 -207197
224970 680996
-306218 -241558
-693304 -190962
647219 529483
818082 -666159
-765333 -700801
173498 -3432
-869327 834801
606092 -143611
-172475 -799468
362044 -345015
-344106 549937
-778755 763707
-1457 -36046
-12754 107444
931715 734981
-833832 707341
-387010 -300805
-289650 212726
-31739 -181427
-385170 918046
564349 -65035
-302713 -217257
9196 -407408
-431211 -501699
-695839 -407443
-937904 1299
684223 -565402
-797871 -780140
249811 990827
299550 -393712
-354087 731351
-857254 -375895
-221301 800876
919151 -757220
599371 -175388
-894646 -425770
-131114 379029
-28645 579396
-302531 -445297
-114278 -725307
995440 -763144
-742401 -109675
313725 436949
444373 -62934
136433 -52529
-541749 -226257
-528804 100739
-194480 -886957
-236047 -284670
-90647 933908
201781 -537558
818394 376307
304020 776265
20074 934993
-841923 161565
27470 403003
-277461 -328800
-604738 -547901
-900316 -557736
47981 41904
555383 -230820
-594054 396677
-712257 -315002
263759 -708040
-72986 -958491
-401193 796799
-477205 -737281
-588858 -814025
43843 -361790
973168 823744
-258575 811090
797710 511218
583301 335601
498378 495560
260236 761944
345755 -955579
-312886 -368300
380525 -329392
-126476 -400195
-648157 -659181
475159 459539
-313015 45686
384497 -730352
-510014 580481
-400112 -631634
486698 102162
217911 725232
-660442 -634833
821897 622275
994837 -36707
669553 -687973
-690434 -563000
277287 463856
721367 733191
-689887 697468
-15286 460946
-548511 -653491
938115 -53990
-844668 -22544
-954614 -363442
490678 186955
298938 491599
962097 625011
151267 -731372
-960802 427216
-741746 421618
-338477 -522905
499979 155878
-529600 910813
-272651 365324
-364102 -855477
-793545 346557
-954837 -414663
-55063 -826350
-723269 718100
791546 -434152
-207554 -191838
-390281 266758
712147 160026
-903561 215780
-559314 -958053
739992 -750776
512781 -557705
-103122 387660
636729 536869
823252 940280
14964 983977
430268 -960259
927716 224292
198965 -244097
-548596 -263777
135992 214803
424410 -477100
124468 -928909
831608 -807986
-466045 562446
653952 -143805
-967228 -621850
660307 267563
-199902 722605
968146 -725090
-356896 -141224
509639 -386883
576859 -162957
859063 732897
445161 306693
-588332 346784
846546 -453321
260363 -500266
208189 389905
643258 -258181
-920653 -615044
-88294 -285452
811126 274025
663508 10328
-531494 599175
-575342 486285
547923 -260748
-305879 883106
432282 -416955
297769 673535
630127 865679
-641618 991559
999990 -705014
441273 -510430
-939991 165411
398250 -155485
-417719 37157
839243 805716
-856502 -582406
51051 -289636
894754 -118664
129098 -400694
106714 421418
-460729 405033
-342407 -312363
215271 135066
686487 688971
220351 128271
-343244 738539
349777 540649
505542 979278
-739259 190116
-568371 462298
-858360 -934896
435667 -735622
-448618 -150980
-647597 -510728
6864 279481
-590122 -463344
476390 -624748
722148 42416
221817 322617
748217 -717553
-97860 312360
-545450 168782
794339 -295710
374646 446761
-545885 703186
228659 -644464
974013 -588609
-29100 425484
119283 -162620
-945285 -401054
-422831 -379851
-43050 -6963
423899 963950
615360 556740
742187 -875790
315909 358347
-103431 -916051
590838 173389
667748 179304
-663795 -674034
809816 113942
411004 -707251
-459139 469451
-898866 109435
-306360 707392
908070 -689960
414529 -277225
627571 681594
-361846 750721
-294756 435410
-627042 800349
-537164 -132627
368682 856506
-59064 -425074
-243554 807178
880560 -765356
-873 -245527
-639266 185832
-409429 235586
326335 871945
769062 -864500
-485880 -266855
60926 307473
982250 -395496
563716 383208
-181243 -846410
-600321 -133556
-42959 -672037
-943199 179702
-244900 636467
-578762 744561
-420817 -781109
-490340 -155589
59170 240628
-614675 -794651
-234229 -246892
293310 -91744
-544539 -803134
-388170 -770899
-274201 -361054
-839335 856280
-755466 595208
-954027 757398
840915 -200196
-67561 -301973
205565 982718
-334356 852651
357568 620484
473471 145854
-214434 795491
-276327 334556
-755015 68447
-672916 -235000
-241778 262955
-496334 444666
-344133 685013
-272376 313694
974775 954894
-370887 720395
-502555 -311964
187967 -335189
268718 999767
-414874 125945
423596 -790456
-746851 -302335
478385 -216737
2901 -101714
727300 -272602
-732982 928698
327322 -168370
793838 -244078
-257087 123303
-656707 -488920
855108 526332
236180 -804096
-816491 157582
-526904 805561
-441282 -615996
131239 -811174
-381141 -518819
-430737 -563144
-436731 -58808
-411708 -41602
-726587 723332
336272 -813689
-944697 244830
-845828 99156
432114 601734
624931 -522766
985948 230749
-332136 -683521
681621 -329873
-860501 685584
323658 -937865
353255 -766804
-124112 -946226
-626881 -320408
448439 348621
-228552 642369
523358 175836
896563 952331
120905 -640098
566734 705365
167818 -658630
-320917 999542
934857 496395
-486358 989474
-13977 -349243
904543 940358
-600560 -428169
-759078 -10705
645047 -480259
-645416 638839
-760095 870453
154566 -895481
568179 -563427
-387402 64969
-174040 200210
-254010 -226584
499842 96142
-374957 757070
192203 949512
-304694 562364
393380 394090
-645230 596237
-66904 904305
-40806 -603390
332307 -136321
704658 284912
20900 -219475
-489203 32787
281907 711883
-669171 -596622
139746 40714
-576982 -17213
-274969 -263110
404301 942714
-338179 -688354
845026 389001
-161261 -758404
986002 634222
280338 234919
118444 947211
-567400 -939271
-539787 -953122
792118 -625441
-757772 -381763
-782899 780677
-687287 -733888
525400 -837702
994311 -173887
-267745 353653
-89524 155767
-425280 -336673
-273263 223270
835103 -340204
-839065 610856
926286 -611049
805468 -107472
98348 -545462
-939754 853572
340552 -205382
37712 -916196
265685 456916
-89810 178197
-677500 -613713
-217337 871837
-353048 -758240
860399 -499713
-94558 -44701
-200068 -703890
942207 -854940
-620532 -240043
159750 -607984
564276 811652
380845 921064
748842 214250
-494545 -902311
260991 -166117
425212 82743
-693036 -100993
-788462 727518
-254336 998433
237773 -30027
-374650 403635
-229458 -915699
994898 -244121
-68658 651388
557192 -461098
-837720 498023
-470065 -697938
237913 41663
-459852 821138
350241 -336147
-655645 37279
-430405 135027
313648 -387020
2487 -51693
-880182 908274
516436 790660
521130 446767
684969 192902
-86283 -94358
628199 32931
-728112 353432
987718 272089
-877048 -40526
-14485 -253321
-298954 -661558
-638231 -70868
-789325 879838
519297 -460325
820402 563093
394382 -168925
443808 -284466
-683922 -418134
864719 -933153
58791 844292
61374 264455
-213694 485978
-516352 -661626
-106997 498332
-718753 195645
-465210 930298
361834 -296992
-234230 316232
299260 869839
-651861 -100793
697396 -682844
987506 32618
-738771 -34414
-822343 564821
556142 -655739
97712 -792320
-892965 -367927
-871163 830188
547754 976797
-419209 882767
-812248 -268473
782494 -400337
316026 974124
900078 -580236
504973 640423
-317018 200101
-378408 -181406
341380 391265
-226843 -389266
632110 872481
-797083 157472
-277843 434729
-517894 -956473
462722 -573672
961197 -23325
158922 -881315
-812311 892646
-222201 -135148
-734610 402413
-57765 -250539
123351 203782
939453 435183
443843 -641745
215425 238116
302553 -176525
537511 -767255
-327259 946814
-410928 -511443
-523233 487541
-769110 818921
-755063 -240811
-346331 -721394
103321 553917
-211001 499585
-642270 799997
-873180 -885377
298771 -167673
828871 -248842
513882 363594
-439769 470988
-933419 -44170
