1000
-588839 123833
-324237 -949519
857650 621799
-133231 -657310
-941731 -707646
350611 685236
655784 805276
294206 -821887
48594 -308236
585015 -695179
-788563 -112572
934329 -109632
-34822 462678
-196347 934534
751927 -207437
5345 459493
-669532 -34383
-319959 -440573
332938 -522891
245781 -924485
-649245 544041
915638 473119
-295039 -211558
-206950 -215375
999561 37396
775485 16695
31569 -987757
683642 -247006
-497963 -668194
-378881 477704
-895345 465933
681632 169394
-260489 -246210
271564 -968415
651954 913306
28660 -653635
266352 783015
239281 889488
-760428 771827
-79514 -456410
-254511 68032
234241 864051
-638876 -382656
-15209 -542219
-387309 -925172
-56585 -716274
714144 676023
483474 -417878
-600354 -520443
261448 62242
421391 819152
-688029 890304
591917 498226
-555456 61383
-75446 -348847
-485824 759277
666619 51485
959234 533931
-30379 716759
-433479 -517
118204 312060
359341 -406470
786069 -913380
967598 -708224
-164939 283100
-221971 155462
-353707 171835
832683 599083
485802 -696007
283760 201448
-898702 -941911
710890 480874
232916 777613
-75000 -908864
-385329 -275249
-712613 -84677
-392407 -696039
155015 174497
-848205 877390
683384 -732080
324258 -45768
876364 -863944
182690 -483941
692227 -154197
761131 -788625
840980 -84523
860459 845042
-623262 758761
157283 112301
49275 -884475
-878505 723866
78031 -988179
-668098 711669
222889 684950
221408 697113
-205138 -530119
-878391 799349
-236068 901055
-907491 576389
-524188 604894
111693 -507538
66022 580027
84229 -40590
247555 -864179
907487 -405543
-327638 397618
251674 88262
-305394 -61468
299466 310688
813498 716815
-391392 909689
217722 667405
12398 277087
326209 -823599
306022 -316238
770931 -343916
-432110 243031
-461967 -316642
-379402 175825
-406228 522944
858793 661093
-743104 381764
419190 -699023
-470868 -823765
594394 -780433
-384001 282225
372386 425394
137682 361113
-168064 60930
-133399 -731688
-185755 186874
-466108 609732
686709 931689
-226724 425034
803913 238729
341474 587490
-873580 -980762
341636 -209883
796572 124195
377887 -515789
-508036 -599814
932696 -598180
836961 -431173
-64742 458302
572297 -400129
-494541 829303
-451274 -961517
-27085 -374759
-517658 -236612
662865 324542
520754 30615
-888076 252248
803632 -430987
903317 -636105
657540 80033
31653 46107
-612830 -162960
-149289 -552511
-286092 701675
12331 -514290
-828149 -587845
352534 816751
-382233 306412
112020 481422
-429669 -871998
-763946 744805
-941283 -495800
362169 896650
-373055 -841814
663434 599305
-794615 211430
778819 -679289
-200033 108255
-682074 -422860
-227857 333518
-873224 471101
420012 -354409
997871 640584
953831 109714
-566127 -38153
765552 503576
-454591 -981438
-27981 -566679
-804798 750951
-7512 -960515
569476 215126
-135695 -104441
-287238 355065
-443839 -609226
-268725 -283919
-63475 828521
768141 624472
808972 -541539
814500 588194
663707 -409253
964824 -743269
526183 16316
585671 134535
-337148 523825
-538102 130772
898071 -605380
263219 -259757
-98234 632595
204363 -176937
-545044 -38368
328677 -621457
-240423 170566
-14208 385365
-564556 856804
-143064 -188522
-487038 448745
114385 876140
-205997 -797959
-945765 52690
907123 -360610
829016 46249
609470 -197424
-116995 -414548
-846812 179475
-240389 -35042
653557 -470084
-54243 84119
705277 -862234
481865 848501
-652779 683046
857060 118193
-35311 -340358
830072 662118
-763462 624840
-641995 513420
675510 -826475
-361498 -799794
-649669 -130885
-282121 778384
-473310 -748605
-591779 -954986
-786702 -659099
-441084 923319
416363 825985
-402715 -128274
20186 147538
-624751 801463
230608 -772409
-875203 -769892
899243 -768694
-594594 895794
-507212 -603525
817617 -947173
209857 -888930
434553 -563642
-776115 -713485
-633934 -705172
80228 -628908
-860064 637736
-924102 -531595
391640 -46742
167779 95377
-726750 -528252
734119 -882023
-243405 463273
-599288 -545383
-247035 417728
119222 -603976
480020 -262084
-749554 265491
769076 605730
-930673 -262754
766552 53285
369845 -212704
397030 -828384
-71660 -218310
-616194 677474
-197727 698955
460877 323086
461626 463322
894899 -975236
-375916 -720964
30085 -493983
-115096 428967
-270245 -425062
-172154 697342
-919532 -43015
665529 -202780
685499 438380
644536 -734215
731822 742872
-164394 226841
301161 256080
112799 -488479
-707108 899679
-907696 270317
-851997 -452805
-736191 835941
401836 553880
777880 432001
403722 34030
-504715 -39229
-901118 -846178
81387 304753
85469 2559
-31440 -16671
835985 -875379
-458735 -595778
-716032 675948
-722207 803828
-904067 -526718
-317098 797366
649529 882951
-192399 -488080
815036 288421
-339411 -137299
752574 412250
819234 -141932
584667 771997
315459 -347108
981663 -649656
60517 611085
-557604 581009
470037 290697
-219777 815457
-29841 521648
-691123 -501572
452295 -262867
-675272 -63609
-922487 -822158
-579986 -219725
-409420 -126465
-228109 497503
769185 -499877
74959 -730626
41528 916317
392265 -922225
212093 606086
728887 -978306
-672838 88037
-150443 716296
-728917 -611914
898682 520212
-517616 726700
263283 -806922
692890 658231
256948 -64955
-501632 87522
283429 112274
246147 -751483
483072 -638958
-72673 672971
-830246 -962333
-447794 -44434
745921 -715037
-521815 365360
438054 -731763
-130847 500556
320115 -854070
409209 631234
-266831 73997
-573005 12372
-776052 -544433
-14662 759796
-485568 934628
984683 -388951
686110 -397860
300162 108944
87176 624536
267886 842149
-280993 704610
-232247 -802589
353832 -563820
-429505 694571
233683 5928
35863 -307460
627170 613573
-564069 -172166
-676256 -318029
-295793 927688
-112783 -748241
691062 9764
300048 576944
513317 -286396
404201 390387
-836730 289316
248817 711270
14578 -395371
-782857 883760
882278 -65172
520545 262366
728877 894519
890446 -906236
-921994 120285
377658 -136534
-41359 -8801
-590821 631979
75526 -996734
959570 -822974
217325 592859
-287349 680806
-115671 57355
-157166 836022
180847 68515
800860 368819
652064 234524
86053 -227444
-703064 53023
920742 -239284
-538410 -914248
-241895 81611
-273042 196172
219887 -81553
563622 783436
-8195 -957411
-772062 -169290
-647096 -801959
-326443 185151
206549 -245638
77547 307712
140234 32590
-483278 346307
-383933 188461
14150 659663
-870561 671355
-790251 -447631
517859 -243363
121732 -37026
794436 -470140
-453221 365773
530649 -584608
187735 53465
-855374 -979354
-171957 -235860
484586 -794223
-730109 -900901
498230 496506
-145368 -241545
-701056 876697
-771736 -957372
-826281 607034
996301 -64007
695201 -453210
-272628 -579759
-691024 -850311
-251295 -813723
756058 -504945
-484886 97954
-791035 -69438
302032 -397204
-335981 233560
-929281 -77639
-792733 67436
-2700 -277630
438135 895507
929608 881974
202447 -343454
-506245 -61635
404458 -745465
552839 -171892
-936200 -108201
-720736 545894
-392617 -744514
209657 168091
176 651439
-345220 -100285
-287246 -947511
-685320 75089
564146 362031
256682 797443
-401795 694214
254685 -502677
-421502 -564987
-735029 -332721
921098 -748288
-461733 -265387
315181 677198
-409225 -204359
931030 504351
-442873 -154831
704322 683459
955409 -942773
22545 -857894
-15946 68640
547773 -568802
-251262 91536
-49079 683869
-717409 -586530
-817548 454053
658661 -893831
-161151 -146119
767731 -899451
78836 -146519
-171980 -764893
-692394 71343
-503253 131502
-235476 -132549
458164 344487
-581899 -263361
521734 204463
-95006 80451
287592 -517444
-740335 -451472
659147 926040
615971 927949
65186 -670576
311119 912503
-234010 -807103
291630 31923
776441 520513
-763891 -397714
493501 -416945
-561546 849041
720638 -861113
-491403 -614675
-82289 383359
-921073 -531838
-367420 -350832
-514197 -420333
-102662 224298
636278 586333
-76122 -248760
-302031 248753
-191711 -194284
828632 -232082
-758783 580366
-341730 -573081
-20318 -687927
971973 748266
-230035 59373
-259791 -508223
-436394 291146
343025 -620104
614139 353195
259278 -916851
-806017 -151377
413597 -652237
279290 -851277
735116 294724
156957 -54801
974062 20688
-38624 372918
-470475 -728702
952769 242390
-540805 -979302
-314612 402745
96019 -616516
153326 -402102
139423 -735373
-90737 752617
-343470 755498
944267 524140
-294514 536531
-479080 -60223
-572757 -415864
926851 531370
-625032 519198
-277324 909426
744269 -891010
966359 -722507
-430808 531889
248056 -766771
-418772 458078
-317833 83837
-191556 -73666
-147929 -355157
795784 -408274
-215615 332597
-362785 -458408
-510106 357003
848628 765137
558293 -653439
176872 -709201
-874640 -268131
-141825 447675
918924 -116832
-906174 881574
545764 341579
-596929 -229756
696185 374528
201444 -467055
-311605 -291411
-344358 -223998
22121 -205593
67570 -243329
-62641 -816835
-891366 -279657
-537772 822019
-27235 -733657
199739 -49459
-431071 -890531
-398272 239979
-885296 -954241
623735 273313
650284 502008
-849423 -743614
-728621 -439305
978345 770366
775544 355967
396864 668594
263825 -484763
846341 517395
889162 -352829
-896840 758601
-200928 458762
-456222 564704
419237 589510
407186 77188
674077 210988
-261571 103970
466756 -928577
902415 568701
8178 50877
-524514 36551
835284 -323684
716884 -533830
397589 269924
254853 -753140
929226 701688
600913 -861244
145616 -16349
-372673 344494
-621745 -882703
899264 847060
225837 744372
752983 79998
-384148 -606449
-909863 915678
-295077 580454
-326883 878405
916999 -696022
-778760 -476364
237518 -46527
-386776 -228633
-43597 259312
-53498 840278
468084 -784479
-422175 909570
406485 506880
494442 798247
-551989 111314
524731 -213485
491602 -983542
370301 285058
-477247 390346
307416 -746972
-433146 -536260
-551446 -6231
687136 473004
-291280 -201835
-161033 -531753
742664 112853
-586965 -713888
-686558 731436
398195 172284
805708 730826
-310526 -729837
-278627 -976959
-473184 -161206
448057 -856860
-102255 467581
-605702 -629035
-876201 -250151
595159 -895302
-70401 -458022
-870430 294273
-743340 25750
752663 129665
161489 472735
838521 -51208
-766221 -316818
-325361 -289467
-243542 191722
-760506 421099
907887 69070
-682948 -398960
-508770 -374006
-125217 216311
-280852 -403037
-684014 531522
-587597 -401062
34721 -539495
-473066 48853
-294772 -320538
-152122 177935
-548617 -313747
-85977 -65814
-320363 820807
-261532 665505
-323405 917689
-10288 247677
303084 -594429
-668221 -942891
-9861 209629
229560 -34575
459304 -838976
291330 323991
61291 653155
-425539 257887
-792867 501821
-834224 84773
-226635 -598005
773135 422694
873651 -576530
-621956 -518590
474618 145109
-926455 528748
-716476 -424059
284183 54241
436970 -708738
541340 -615928
-840710 637103
-395038 557968
267213 60364
-664193 593576
321350 742532
20140 -303474
104752 198501
-61008 778056
-729650 294881
-883711 -850397
-301879 -552990
985155 -653134
741430 297271
823608 736740
-295826 619317
-249196 -423377
514161 345726
-761089 818748
214005 667127
417127 -80040
-549885 833768
682188 -991208
-625526 -957259
258930 863657
-741598 304139
-675373 792564
943006 364241
802247 -155916
665540 644278
-692717 -393218
-638485 -832656
-539079 -975123
675799 -672009
2431 474865
593900 864464
739816 -223024
-375473 322966
836599 369517
753082 -936253
-621221 -800778
741873 -572077
-81387 -302642
839015 205288
-129051 610594
535243 -587776
585277 -450535
982026 -48715
-742446 -915780
946176 -474945
518666 -962614
801386 -269000
161193 -281286
557047 340643
582295 698324
160350 -288379
-113568 221138
79375 565259
-425816 619100
366711 -959547
-639929 33488
-246523 447239
-929921 -317804
450471 433835
224697 -696722
-714673 644218
-219447 -406732
128805 -71373
-466515 -649319
977109 -750427
587615 95456
748140 536053
129344 915558
-744130 -387125
78266 840241
-874206 227233
-726426 -771279
630448 772602
-236435 308914
255364 184781
739444 201927
889429 168837
-35188 653698
-563977 782335
64988 -663516
-147745 -875572
551153 188597
32727 -309780
-128064 -582758
-383681 308646
-42293 -513073
-338405 -676894
393431 -881915
-737323 93536
916200 -702909
-749202 -132712
-343810 -397039
-495595 13866
631126 -716076
692193 509348
900336 -419906
337901 676476
101951 -347952
845237 -460843
690017 -897433
-387802 863600
91923 714078
584652 352296
704333 497148
219670 321185
-51070 108956
-688478 -568121
-332463 -790037
-220090 884621
-323553 505727
231180 -759789
260746 89610
26215 -741269
567522 245036
-650962 -997765
527291 845810
-250903 119928
456241 -736112
732546 -620132
-127142 -846436
-628396 -529982
946449 59659
-706630 -20988
98990 -244484
442440 501290
639784 -450978
954558 499106
-557713 818618
432475 -754323
452788 -857487
-24953 362261
-396604 -620451
-606468 -900594
379022 -164504
-415969 767604
373316 147767
508094 623151
-665210 583206
139339 -4644
-422668 344015
-448731 -246756
-107892 5797
253968 -981261
-479850 559703
-606264 -946043
549819 -277972
-945263 -104601
131508 -742221
872844 -797875
-788504 -49487
337006 -906781
-179880 883095
72186 -46317
-681820 848574
548415 -555292
-86858 243481
859533 -900293
-338654 329198
567942 635558
478637 -451913
775731 381058
-563090 264062
40523 -673366
-639852 -270547
87995 -437067
957522 -517536
39124 -917040
-503119 -593190
581757 257872
-173809 -868431
413336 -851741
695662 -420097
902245 757416
-290629 -148309
-575996 -772850
-805781 -978666
-104432 -801856
618834 643059
766610 -268253
-43046 -506377
-293994 -637310
718418 -210633
454352 -157315
608152 -764674
675538 -850844
561219 -450814
-918081 -190736
957396 418956
533111 -313489
515574 -923350
326918 463761
-714540 722378
53704 -740518
458828 -835399
-707507 -921778
118254 246902
-885284 -777499
452629 -450273
579505 190139
-514350 417996
-500925 269846
-650323 246906
-1568 -128717
281069 -308037
918028 -473486
-441621 738856
-248260 427427
-547927 751214
-296780 -350117
830324 445863
-178522 656068
750723 -834200
179199 398427
-331063 -32498
210256 -612907
696852 33629
331491 419032
-214137 -855532
148780 -935261
-874867 -738346
-389331 -975383
475595 -171740
190096 391347
545532 652255
611322 687363
-765668 710018
550039 210364
-638478 -920152
827136 -977110
930575 431370
913932 813975
778708 558957
490413 -804319
-488932 859040
-519274 592089
234491 -424050
-555726 239207
-797664 -495242
-188612 -669306
-667441 336664
-60182 125233
-96982 -21386
240031 -455696
-653233 -582371
-649872 440668
830510 385163
672354 442642
-766483 71047
994682 -534583
692385 19402
700005 610895
584013 881663
727342 501876
926130 -368095
872796 -587678
-38362 -253342
-133209 -513051
95996 -399436
-709479 92572
22376 -497218
881173 -257568
533718 -686180
740993 -666512
-158750 452820
60994 -592564
829323 187340
331293 -464769
-85666 -194509
-600061 618194
-550390 -511071
-562960 930669
-195495 724825
-84122 -503714
102005 -687144
-303767 -773102
-8577 -96081
52026 669147
-261799 905345
-370371 558255
-815601 -138763
125128 -579634
-14422 550478
10871 -610666
399099 -570744
-759140 -429110
433178 -239871
271087 915481
447827 181665
-859644 -913919
955587 696134
622223 -786039
944556 705389
-675271 -453785
324343 -71729
-367927 467550
-666145 -98155
836114 233642
-135604 448164
531337 417101
643537 98434
277978 -399964
819481 -522873
-760423 964484
-21662 110912
928711 16090
-80400 -309954
620762 275793
-482984 -807193
-56015 -212825
-775522 868633
-693244 98293
-195140 512480
480403 -621375
397156 498640
343549 733399
-451587 304784
-901520 942195
893134 124464
-437463 -541644
-678066 866268
48636 -283147
11673 -598711
-819536 -252013
-462540 -139554
201370 -437872
777195 449968
-575130 430165
-267452 -790727
103968 177106
612214 -137975
158778 670891
609550 389347
531352 836802
504978 -588634
-254243 523567
638878 574153
-567665 482801
-512050 -530973
-603705 -446266
713295 -203448
-908689 -914549
-161207 70602
-819798 135852
-168411 493772
-155570 532386
632184 503185
166572 -16748
902094 -877968
7679 -527759
171382 -631917
-974388 -467033
-325943 -514954
-840017 -594294
-788344 -267916
914283 -643419
725504 -614484
600242 -405279
21644 -665821
750317 -366182
22211 -931929
773821 -912305
180368 70733
573855 678378
-591725 -849443
-347309 -572505
365922 654315
-42444 -545861
-548910 78671
398980 -198062
-440624 -860367
30914 24215
-12792 -608561
-640912 -336257
-96912 324117
657575 545679
514207 309841
325707 -99699
722170 81500
-507906 -916633
-397673 -159193
-497154 -544421
651018 561953
-577503 669699
-273092 880262
-96361 -441572
686129 266732
-538883 999433
192832 -686678
492217 717060
681801 359529
-376720 982494
127532 133320
360021 -786936
408311 528127
-425988 409299
931840 -588329
441127 863052
-489709 355951
-340553 419870
-779741 -706474
892861 -410140
687678 -601707
-198683 -176740
7976 717960
86108 -670568
904081 483761
-373274 -375768
-558030 25576
107035 -223574
-379758 249956
471416 -148680
-474817 -500182
-279950 -533200
-83694 781564
707816 -723820
499524 -107087
-717508 658381
-841878 -47767
-186546 -592505
-693167 -205742
-314847 730310
-674536 -735973
-532395 4582
-526381 113658
-975802 -757353
429757 -574153
-416100 -393603
168093 761918
-469284 832409
379160 -689518
-249662 999339
-691800 -767851
-735135 913379
-881464 -523040
692606 -650232
25521 -81714
-780065 -463447
-765928 -19872
-441117 928405
-515282 -251837
-106813 905083
343715 -763579
-231837 720873
722229 420772
-769791 -359254
510307 848241
-770724 -521725
-669509 742279
577133 837407
24716 -923374
-923876 736160
-67977 824601
-80550 -668852
-182366 675399
732754 -848575
-88503 718503
399314 -385468
-605304 176119
164407 732210
177865 -694984
272894 -758794
-547856 894108
-721413 776474
-63176 274434
-745709 136148
-343944 -83504
665103 -145828
596969 566813
421303 209914
64889 376865
394742 -792055
783284 434322
651962 -797429
-790638 158341
-456030 -63469
-802517 -67907
45675 -179679
383655 -643933
33861 689341
-189010 -39636
208133 127047
-138981 -129704
353871 141993
32154 67364
-616275 995474
-259312 -733154
-759945 43817
630069 -667275
612225 709083
365875 -634218
694825 600858
-829430 -648680
-281424 562308
84367 425918
405513 -770594
59484 -423674
541079 -715628
-314886 168775
26060 630064
-614861 913846
-181379 -517953
923794 -685622
-796655 90555
-927521 292038
637747 74569
61070 940945
-767988 709023
743257 189000
-741344 955109
-137437 -438909
663569 -469025
901243 563911
619039 507447
218249 -903610
92301 48456
-659017 -564230
-128761 -284042
678507 807677
-533165 624508
-384378 32307
760183 781620
407562 387891
-961011 335122
528442 322677
-692191 -317851
-280039 489839
-944681 -214852
-248810 789630
-720756 401469
-642154 188638
879381 -533375
209968 -742117
-591087 886824
134420 118270
227754 -243232
-726153 152842
-844350 -4633
-304577 156341
-859332 -86572
125884 463232
181176 -359245
-91939 437723
238015 388796
-132829 -391605
-221379 125735
-116790 893326
467230 327171
-519830 -584514
844756 -540575
431271 -729418
426705 -197279
-139292 -1009
-18594 -474690
-462735 -61660
42704 -551711
-633301 -154920
-652603 -480578
-783424 -836096
723126 585318
86024 60161
462259 -858545
308854 961455
-728688 857369
107878 -216481
-170310 -349743
425322 -387108
460002 -221591
-977417 -466790
202049 249586
-653376 682999
-210481 900827
-526499 -96401
-245026 -129479
-205437 242740
-113497 190038
-202604 -487706
-293738 235371
-214466 -81314
-687249 -640367
-81296 -501874
680804 -817218
-609041 304012
146424 15346
353170 571685
-485425 307836
-184162 565361
-902738 -678809
-608771 126188
-347829 601336
28072 369558
628317 234199
273603 528566
686501 -158219
-954433 -781373
288159 652295
-40917 341892
-414813 -734989
-437248 253266
785700 270093
828963 -367
560824 418000
-78268 427066
-69261 133445
-999080 117495
444915 561311
246733 641749
877260 496175
747545 433624
422280 -106935
18871 18488
-150297 43419
351143 -680660
213037 847820
-334167 -338232
-774051 610699
-926895 -915957
-475983 408820
-817261 809610
300517 -499015
-330639 974231
225975 -786472
-212065 517625
540585 929269
479796 -248684
-140173 308286
-444707 974494
350886 455192
931368 -324146
725393 623762
-931706 864154
-975309 185090
835847 -288024
-603200 898573
279623 -458086
761721 353226
-556568 196307
-295210 146416
338950 -857420
-957382 -461913
867427 -174479
-357082 -708297
764302 -882368
203633 -150
516161 279931
-241927 -604501
-287325 -742298
605832 990845
876293 946779
252707 -251433
-344595 -137030
782670 -810574
-30770 -793089
531700 -630374
-659783 -835789
-644136 696784
-706094 747851
-380198 943210
591221 -669410
246847 173749
-442646 -910578
-88137 527483
920747 85493
-570931 791505
787665 -19718
582963 651138
-721536 -878086
402926 -671307
460846 410531
149132 -278649
-883561 -897528
316986 349863
-676577 823566
-258453 -465314
538602 563031
413441 -863772
-272762 -341927
465351 -897809
65907 -539171
-846048 132241
86919 97395
-653669 -455638
201538 -688335
-769347 740753
-526625 -683800
-302511 -358572
-501109 20371
-30939 -432413
845367 585017
198359 153067
71813 -514829
-544718 -549870
761185 652999
24232 372517
602469 870081
-102394 748674
-542247 923845
214571 906954
-396785 820303
-390463 588630
472868 81121
-244871 -8861
605346 -829026
890952 588945
845949 911865
103642 10004
-84755 48134
-959489 946379
289710 -555299
-563421 421808
-253348 173060
639070 84207
-617871 921609
946246 102201
278176 483837
-420735 -286027
288321 -145078
715761 670535
-706548 -517566
-502046 -181951
-355346 313558
-350095 -285312
-538201 162759
-225272 -171055
180926 928856
-998578 -39796
803745 182998
-268930 397402
185966 954293
-68524 -477414
-40984 -449485
862323 537924
-989515 -43396
-931820 788671
-203758 781101
-738635 139894
-83156 586453
488025 -551123
873536 596175
428550 913306
-168986 122160
-61892 -31276
-870863 518858
-23230 -429178
863684 -631217
598639 978111
-619442 26652
-24655 -588830
-494399 988124
714826 689277
-515048 -200582
651007 748264
530698 946468
454779 687956
384739 -666958
-186714 -666883
-445722 -631234
-67523 450170
-577829 101356
-484386 -825726
690954 -826205
-617292 847140
213898 125169
-11787 981122
633821 537809
-115956 -752030
192466 -859680
697408 -769395
-348087 -255733
254101 -682167
166355 385990
-994598 -430995
42681 -334631
613304 116290
179601 842418
-556434 -528385
176245 30230
-33129 212343
324572 -450984
249769 -529624
7202 675890
262144 -282303
184203 18278
-1289 733952
699348 194470
713237 118090
-923745 359078
-114323 842861
-285562 -737784
-293704 29763
872815 -303290
819529 -733070
-148321 145256
-929516 -185346
-484123 596694
-894025 701908
-486794 64288
-304218 184733
905919 598736
-722847 30422
-913379 702541
-635214 -198556
-4721 -243431
-952017 -877106
636702 -832628
-423686 623060
-281172 398323
76029 980363
577811 -651271
210510 -419958
-448353 622773
-39165 724468
-363841 -665032
526190 254944
123557 -644396
32738 -162639
-107558 148924
-572589 656894
-560527 -538720
-971396 -125931
-323560 -360257
-963178 980483
-377552 -884714
266800 -789265
394512 246470
-27100 -676464
468419 269268
-54883 -63912
58705 546227
-407022 236640
795313 829942
925030 835171
-429231 -656159
-841819 15318
-180457 -781631
807144 909847
775701 111054
160690 731932
366697 -289604
-47970 524298
-868916 -73958
-718525 648011
164010 657664
-385778 -725232
531962 -385730
-389296 298365
-814404 883553
-91677 -188537
319071 490199
-20588 -244975
100011 -337297
-355194 -488185
541844 -830497
467439 95420
699259 477055
246151 375493
-109900 -651469
632795 -333055
230868 119046
-225295 -700088
667323 -796308
779368 663888
-744339 -785506
-979770 593553
399473 -792682
-789506 900746
-735389 -358055
-858113 815756
344274 334729
-227124 -803626
-53139 716244
-691793 -855347
230114 177079
674027 566681
200653 -916456
156342 232896
-741793 -503316
638912 -89392
777009 510668
495100 -490487
-611028 883423
-912959 -849114
-233195 947900
275362 -556652
136781 456152
-739873 796241
-760822 -856973
-364920 -226606
-392726 -72494
313396 -894742
902272 760939
-938611 -889436
64939 311707
556155 -132619
554837 -699869
355894 696039
-432196 542509
854172 -340738
-479131 683905
-536593 411112
741121 -405335
205963 -852046
496504 -213167
-782232 -547109
38608 778883
-509537 629509
-494936 803661
363812 -15235
405989 -774171
918658 813071
-391969 394003
-592394 -910318
806218 -835488
906255 -758169
-700411 -737154
-440091 -163828
-813821 485904
904207 -452731
-296857 256527
-449919 -555646
368076 883957
496724 275169
209904 -194952
528980 763129
-504589 -896712
-326357 260977
660829 740828
-391720 -612089
719820 487499
699767 -871448
-378676 -224662
414769 -719674
494458 -503997
153234 -180833
-67737 615283
350407 98835
-95608 -448268
-225469 762147
-539139 824082
-17452 -242655
881014 -44827
-938599 -712694
748071 -204195
-186524 -448246
-818983 774823
284586 741281
338325 18063
-245714 -423275
827858 -192763
724565 496806
837131 -841431
268035 807337
-540353 513550
156941 -548102
-972847 21790
384820 960312
547598 -796439
464544 -178558
823049 -799139
-762794 157377
-928182 -673541
510831 426836
941367 -469778
-554947 152327
-436996 373451
849100 633506
-982596 -12834
240891 -757082
-626072 -351059
-794913 368944
864713 -408681
-793650 -386667
865609 -52027
-300350 482533
172522 809177
642870 439333
492449 406384
186716 -390891
238315 96728
845928 -703889
534300 160261
-129437 -183955
-373678 885612
114464 160182
26913 -564103
-45137 115682
473976 910615
-472087 522883
-704277 -932960
-796419 446569
-178532 281116
860617 878780
78193 -677416
630327 -182201
-144052 817422
-737329 596327
-455110 759019
-626320 77177
-289750 373719
-88626 -275553
-847930 276235
722416 445863
14255 -178524
-890045 354121
-843566 -382826
503732 405448
24951 905046
-728587 1196
-370413 862171
306026 -341665
-31194 -140788
752393 795631
-681711 -465177
156542 -824125
-695310 578225
899454 307195
-313804 -181405
416722 355502
875911 766493
-104385 173761
-703638 311711
-166883 285943
-437316 347030
-349141 684122
-887539 149578
-348392 645259
699668 144803
-4040 -819670
-299838 512044
598749 299329
-729571 -253224
437098 -739514
177293 -707604
750598 303534
348521 618685
679231 -555327
-94674 56004
-551278 -603389
-380953 462423
34680 -372262
-678347 584003
257804 977308
477334 -519803
360282 -587432
-239070 251679
203367 862248
389125 566095
-530562 455151
-598359 26437
247846 320885
-428788 387771
742469 -343469
-523790 -663897
-124975 -153505
628873 -926403
-73633 -623122
-348354 -146753
507904 -386009
-435548 371217
-218254 347905
-334308 769415
-937026 -785592
-201244 -290352
283691 -841976
850002 -571300
847021 -355101
344880 237089
169574 749755
-983988 -197949
-288791 -67744
194240 -799374
-926539 535906
586469 -386173
108174 537540
-650244 -164951
-60827 -895710
532356 199340
-21746 -922952
-155977 289103
911509 -678464
783646 -366368
-376868 570532
-322040 -219114
785206 13597
-438644 -210444
889691 429046
712237 568381
-166098 -683436
854572 133875
-151549 697400
-475490 974375
438287 -918737
641886 -388405
-905312 -388000
-260265 -150570
-63603 312482
715870 -435072
316530 -147899
101700 239302
-782965 359686
877715 569156
913044 -657702
698612 -142632
440186 -352140
-675060 -817898
770293 801545
299219 881556
928348 -584851
-812098 645171
-50884 539670
430159 -353073
-948660 530738
776757 726923
-335436 843189
-756379 117828
-554240 334651
270943 19037
518982 -335324
-340561 -882706
481928 -522971
-567512 -355528
714416 -834646
-358709 3337
-601932 -248942
-397125 -332234
-604761 58574
-432717 240630
-398535 -35480
75490 -6568
565519 707864
-482820 759376
-519423 674537
234277 -452639
-196379 -123717
-304610 -748918
610119 664110
-371148 148642
-754371 941502
404849 409292
-315114 970150
-395045 -508276
340116 -817110
-610919 645814
-562085 -309201
-846182 566626
217772 980286
-486461 -471455
639575 723036
-506536 430578
-850979 -430437
-767855 787183
646690 675700
867783 -683483
-14191 -852235
633394 996494
-616405 328867
-950155 823406
-128315 -844059
-995046 -642841
-647909 960599
717616 -279111
-601242 816019
-746032 -328413
558007 752168
-217709 291646
-797445 -322320
-496188 -90026
-703187 505473
381238 -498837
-617384 -107361
363048 890790
205615 928462
791922 -396038
-459543 587749
-678841 -892454
-561351 -535009
-524183 -758960
-320146 138802
68417 27779
688558 -507272
-802869 330296
230445 266253
-283350 124178
401037 -92510
-702984 -66080
-795761 -850975
804335 686604
776008 252145
-629311 -708045
514627 700363
-927955 -203326
-659579 -881238
-702560 608846
775317 -167277
-123716 -393217
389 -675713
748932 -91111
-331942 -912154
689349 177658
-813743 836632
-307826 132837
-61510 -892606
-832075 -411559
-38737 -330566
-817206 -332909
642347 -355292
-340664 745611
781969 -258879
-313106 -443418
-289383 965860
-859096 -913861
-33175 -238669
900516 174519
129375 -419136
-816777 689645
853808 -295805
95465 -870456
-478854 322692
48690 -622339
604225 144838
675562 959324
-275286 220267
596214 947756
261866 742003
151048 -112132
-118057 523107
194741 -701966
-812455 -364305
320001 212572
841584 -910431
-591417 195577
207431 154415
12707 644832
-781936 -374500
622195 -761670
-134702 -237837
-900127 244280
-125988 737776
-301575 492232
58378 -442733
-214348 -466948
248717 -332399
-349108 992493
497838 253402
51437 263306
805478 725898
862885 -638104
-594120 -914497
-983236 -252999
-157747 -737051
379863 -175066
-941391 317053
-960806 641194
622484 -607204
942986 798
688115 362076
-273405 949426
-736263 -334155
562656 992754
195502 776075
765919 -77127
-251042 763760
11871 -605771
-836172 948565
755657 -476734
570420 338118
820336 -511725
-570973 -171807
-645094 -890181
-829367 -479628
148129 -402250
345784 -505939
610392 -344448
-445932 -679709
-339407 766480
297296 750041
-426370 -777009
702743 -440140
-559560 3170
-928518 -705087
-201060 -810767
-825051 -892567
675572 -913501
-879596 671839
-296720 528078
793026 582200
848930 822221
432487 -631202
-744438 -436767
-640280 -649083
-825377 -104485
