500
441162 -872605
-399544 96003
421362 -958412
-859603 103966
-143740 -977705
-353692 -760873
620210 -660149
940050 516945
259261 -823111
-607803 -660199
809868 -891658
-185232 207860
-742906 393032
372627 722515
-378061 -202518
988628 -706883
-83564 294858
-979151 948633
559757 -122769
623941 -37959
-804198 174989
472226 575202
501805 110862
761097 797572
57692 -852676
-413220 664281
893661 839139
-713745 629767
940366 -17087
464171 -573519
-239779 526537
-193876 -162055
924643 441276
359218 -768731
845085 -2597
663986 910936
-334878 -216320
729900 878646
896939 -296922
-762955 -5686
80404 513364
679420 192898
559408 618916
766151 -131733
-733317 322763
37540 72262
553832 134499
656249 765918
-495353 -826689
447771 283585
962632 -552655
752454 738285
-562857 -818280
789019 -700393
649757 917263
-349660 -975982
-669947 -261018
759242 -835572
-317814 516059
-495793 -694205
973015 -486743
687857 250024
-104779 153857
-353178 -109577
-507268 60586
648811 500578
828366 168291
-674601 13741
-911351 736215
882122 -644472
-937866 -19755
628454 166692
305429 -721661
-861476 693710
936147 -16653
-221977 362432
771887 296607
323244 394248
-301737 -5968
-129486 469051
233007 407166
-556283 -782952
95487 -29036
-57597 -386804
226754 691405
389214 215041
19808 -695062
382548 -649754
-554748 206085
766724 -61836
-694067 -234964
159868 584499
850519 -839787
-561196 -192310
-132263 564385
564763 322629
831611 563799
-590753 609898
-796423 -366054
290876 -151010
45476 698457
479746 558200
27882 -551708
-555772 403371
405347 761391
-268290 -120856
-977327 473584
561193 419360
182082 346704
854919 -537220
149278 -370693
765312 -899375
753262 662860
-181343 -397450
-762657 -716950
-182384 291492
474763 -807291
-212141 170030
-583850 -369948
663647 186067
442830 -177524
908832 157123
-352071 -209337
449721 677928
-958185 -31475
775212 216398
-40644 -870915
-551672 -448660
-505794 698586
84880 962015
839682 -531983
650506 -865187
-149728 822775
391351 -746188
-823977 760428
382924 -875649
916315 89902
-924905 -437791
-474822 347265
168535 579632
-618424 784212
-112237 -254585
189436 810811
642940 415579
-948115 612695
305024 -694191
-834124 732368
232197 592538
486413 696906
-73894 -305776
-947623 515249
-585219 431894
-122559 705313
-944057 826609
-581206 -473805
-516267 702936
435688 -894888
-726284 -553441
722984 914122
-86807 188026
437794 -564289
678603 898713
-927733 -530204
135528 417278
142718 255294
-555141 856403
844875 181932
-920839 636660
-484513 -163518
132780 906787
-164743 692348
444579 -89661
69853 73730
-494797 -681504
228921 -127132
259616 -505048
-476794 -217905
-517406 518536
-672530 -540120
65514 599901
30443 -725507
-17287 605039
888630 684420
-860331 -908632
-666171 -869610
-881362 105233
-402010 867038
999891 -332802
-18051 -353310
-349622 235030
635352 -726888
37788 -45797
583005 606515
-299876 729875
136861 498484
371933 -722015
-963184 53694
-744510 896953
583207 904503
-19571 225016
894557 -759508
-256693 -891530
-886239 874635
-157562 187887
-671987 1741
-769525 423393
313917 -728473
537555 968425
-458066 -491739
196639 795833
-316222 -309440
-898717 -42589
911690 -484274
-286785 301069
-109951 120125
943569 -981427
737795 757842
90157 961983
63399 -179417
429571 956530
-792749 -627414
-573875 612953
-236506 808879
858588 -850535
-532576 587827
308745 939223
-263692 -104588
-76317 -992240
-626059 -388315
-667885 -743509
-482736 -937671
442536 -324496
748333 789842
-310306 961243
626970 120048
970886 -810569
592076 670960
241611 -420161
253093 69146
791757 -742306
495119 931655
581251 -890001
-185973 -480940
654425 135522
-219348 -543872
-900573 467712
772919 787344
-196132 -497991
260360 31699
-518898 -552746
-700564 -718158
-574513 -258488
103148 -560236
816434 148456
27601 419488
279123 -906960
-333081 -909451
-739580 -977268
-934766 626496
-225204 127278
-458700 -225308
73735 897216
870792 -293687
-954191 127437
-944208 218122
-461269 -410523
213189 487935
127670 747601
326430 -438902
-175895 193213
297932 -627660
793959 -722712
-487337 418454
672703 629166
-81416 127870
-40414 46509
367142 -3301
523723 260972
-745206 -107795
-175648 59849
-409472 613026
-640629 -961600
774147 399089
-151154 352883
-188716 -828148
153900 -612201
-934249 -873238
740321 -868760
306103 -116910
128944 -426370
765406 -640642
-688519 -582297
13608 610257
284815 -996090
-21438 200921
835784 -756870
-367201 733695
259812 -518128
-670870 29103
-133683 630320
-328165 -551568
-567360 418294
778645 -64077
-63618 618100
898669 -703062
433465 -895736
-290962 164860
395384 520620
-210043 -394338
-667084 223361
481817 520132
346445 -844676
218396 964476
-869495 -550609
86777 -340268
269103 -34254
918981 230445
506387 -780319
-425379 -459024
61369 721973
342085 860210
30904 -388410
-637732 -310200
562105 -705651
-937209 578416
-738038 -861181
578626 128504
94089 -890130
780454 -916444
-235546 -924026
268824 871609
372771 563627
-554274 125630
261086 889130
786892 -532946
167977 16623
-447998 -854033
-583430 558934
130230 -232880
-333290 -709522
828618 481804
-21155 312224
-298298 151282
953858 -28479
-534672 812321
879011 366143
-550616 -983634
544489 841839
414690 842136
743129 944834
400157 -944548
411548 767010
195309 -301246
136634 -860302
589919 -561256
-115578 492179
-497760 -251333
-31340 610351
517385 -776524
-334851 -646833
392503 322880
-252853 -80185
-886691 522650
878468 807557
600974 -442720
146212 -336342
75423 623771
22902 895639
-332152 583962
-51323 -502398
501569 575430
-173910 -909918
913819 -542806
621248 -26071
248468 650806
-777285 -791844
370495 629918
-350918 257301
168020 403201
659630 -896294
-172834 955381
365744 153906
475076 676259
-312156 -217740
119169 573977
427265 -456753
-191726 347690
299461 540964
577911 -689197
729796 -937879
-792620 257165
-535629 531736
563758 -264824
632861 -587994
422372 -74406
-368284 119089
-461151 -748618
-527984 42999
587931 649655
859325 121133
-775116 755596
492324 -998235
894684 821598
-232325 289216
254961 -875137
-803814 633141
219624 -970652
108541 -849537
-134117 648894
508350 -30782
-896620 -647588
-68842 -882294
937432 706833
18804 108963
-106511 -454708
-94869 -80669
-93050 -633281
752569 -773800
-133351 -933410
385399 -5678
-592341 937612
300095 -243007
-7062 -178432
169950 16594
-759659 -54994
56785 943683
-752835 -799682
-308530 -956344
798409 912162
881390 799886
588425 256234
326733 -106204
-274555 -469171
-144445 149533
867332 -291579
-417870 -627401
179142 -131275
-607652 -81165
96475 458523
-798755 82938
881574 -107744
-685852 -556138
172795 -364792
-832401 706063
-54326 112575
884039 -531218
173192 -580290
46909 404849
-216322 645994
-34835 356678
-934528 959768
-173709 257784
-801140 923326
-627518 327342
-386788 294799
318472 572414
60035 -261171
156729 -411714
-52649 -833267
95921 -939038
-912134 867901
904765 -597298
-561669 628013
926666 -458764
-122639 -665208
-80478 -52780
846797 434403
884144 627092
-578696 765350
11774 286922
788117 -501504
860247 533752
-208158 559666
349905 222057
769199 644187
492120 -879895
388626 130533
145937 -426144
-885888 44140
406925 -914750
114742 -472741
-673811 236468
-789005 -651420
144909 -752946
-689770 768031
-404321 841875
774272 758904
-914624 -526231
91210 885912
942132 141890
-909219 271242
753583 571494
-926740 127438
-476730 -48723
-540153 654106
119176 -149201
-19540 -988192
880444 490510
-636049 50528
121029 -614434
825231 -504551
245165 -477616
449720 -546087
-926585 895333
-392512 -175086
-190346 220645
-813206 110370
400239 869568
-165605 380315
368097 -622322
586523 -415288
-501788 445886
380933 548052
460625 703691
725870 -841328
23089 99694
-32502 -325878
81470 -911606
-164179 850207
-757357 420464
774568 -672961
733882 817274
60972 651203
974177 -679451
758468 814776
845796 561184
370948 21754
-767286 -772250
-34022 252448
31025 725889
-199683 235292
-807071 284597
-962074 542681
465295 585632
564175 155936
925915 10345
-322981 -928912
-301236 328501
-962566 640127
8451 923071
869588 -503786
-349302 -619401
423343 -536857
-803456 -623988
795417 -864226
-2677 314354
46918 749405
890314 -569866
-146714 591817
759696 426521
-641969 354774
759821 786336
-332265 543491
-509804 -799257
-35606 339656
-948979 987200
-702970 -554865
59284 924648
104725 -121769
750955 -613210
-958659 245554
-324757 988675
-874054 131398
397097 794442
852881 -264147
-346603 611394
-126688 -227153
-599670 459326
426711 -845173
-509248 -654072
-203167 -800716
568756 931935
352691 24131
545306 -95337
-98015 322290
715449 906078
614003 194124
88697 -532804
783958 939594
-588964 -231056
227160 -392729
4353 136395
-838428 787860
-554604 681538
158344 -337360
-190099 87281
390896 788823
-401239 322231
304021 599846
563460 -661765
-684398 -233586
546742 446792
-680622 -842178
836068 -812355
635306 944695
-550080 559168
817160 591231
856341 -266255
32458 432281
-326607 -190308
-226592 197462
-249997 -896594
491936 -752887
-510244 -666773
134827 -343261
428085 -297064
-271144 -864098
142278 -384282
664969 220330
814167 509236
746646 825004
-900690 902067
821333 -729438
358176 749947
844137 -823103
-364073 262462
-754031 -949836
-196835 318924
374175 157965
645179 -868862
-347741 -682090
649196 213499
-489273 374697
894381 184555
245361 -490696
254373 899041
-21513 -151000
-49286 384110
-682336 -716077
-143937 496483
154084 607064
-148134 657752
-512211 -223901
-810874 -338622
874179 711852
433320 311017
-949217 653928
122410 525916
406911 -930980
94090 -822105
606797 1361
-681535 250793
-473151 -197876
-632875 811644
415120 983962
939407 -1047
-688262 263900
-689052 41173
777306 -714874
-622254 -632767
-846852 733495
-581811 445726
723344 785274
-342616 -524136
542553 919891
308793 421680
-542435 70431
385706 -917116
351293 181338
612519 147480
-595657 -446373
-759657 -80363
901864 117334
164691 -103843
-368143 -733441
428379 -150092
-498964 -136086
832346 461835
-939356 -410359
457775 602634
-708518 -207532
-576120 655445
-968642 154869
45584 -233739
754748 671619
-94929 -25348
-413995 123435
55402 101162
-330673 -282008
-758961 924385
-364111 -948550
115779 -205448
82024 485955
412814 -429321
-65774 -474966
-67100 -805835
-316188 21464
376900 -718756
573974 283666
290573 -666759
-382735 146521
-381652 761127
-588326 640385
575468 -533824
299466 -701041
921696 10779
100291 -445309
-993602 976065
-533349 -525314
-246776 316648
-475602 -721186
-704221 795463
234017 678238
291652 -89478
502934 -749092
-109320 -53237
-777108 -689518
-929075 -498799
-491245 -190473
-911071 -620156
-236428 389864
311979 -411470
772441 -505514
-747768 350195
122183 -832870
-475720 -383091
864560 393575
738811 690292
-366522 -181905
-137010 732745
114493 -398938
-923670 298674
899368 -515374
-55095 -843483
-935290 664092
205173 -943220
-566123 -421228
568554 633947
487354 138294
751700 -104301
-312749 178714
-791736 -764412
-951660 605848
-925802 763647
-900339 71572
985440 -305370
-195794 -370018
-549123 839753
-818649 202421
460312 -779859
285644 -215575
573480 677087
-206177 375122
509272 288404
285010 568396
477873 -970803
547654 -678219
-347532 -882019
155499 44026
620901 -699456
-200424 -453508
-715015 -690726
118329 934219
-977635 81126
477669 -852463
16453 -360978
549307 -237392
-172013 215319
-188361 -882486
-605204 637330
958564 -459311
830424 209364
-570223 430803
566800 -862569
664152 926145
-472517 -464307
-462449 -826601
198738 515367
174985 838243
750861 -871943
480668 959087
-895813 132665
840468 -509788
290978 -694229
-783976 450825
-640510 -360883
-208327 -134623
139449 -584769
-569199 233517
131761 -308910
-254230 553969
-250957 836311
-875927 721142
357482 -694583
-597881 586366
283481 -600228
-547027 615259
238642 96578
203945 991908
-598301 -342516
-568725 153062
130458 -725514
487118 602862
-120962 -427276
-239655 154710
72326 -312836
145417 611931
867123 -80312
912215 -431332
312282 -78772
-901142 550082
254652 -6822
910192 468708
-222609 587098
467366 547564
673406 277456
658252 656598
-530718 730368
-367629 -82145
764194 -36645
649535 938368
-432321 -599969
-948700 -845806
-119230 181289
-72048 -359372
773666 -474072
605759 -632717
-101258 215458
294294 966655
866939 827318
925599 544377
-187285 982813
493899 -3350
-224494 -366906
65953 540796
-941191 154870
-35889 228353
-95867 155302
-124402 147557
956435 -783137
335454 249489
-416461 894470
-531857 545968
-497187 -910239
-818265 660573
-289006 -441739
13431 -524276
-88345 -278344
-848575 759800
104718 601409
-107501 -605849
214470 -99700
-575647 -164878
356044 657350
-418772 869307
-423923 640458
927681 169322
-33991 -960760
240510 -847705
544957 646348
218556 434598
435270 705360
-972636 -4043
-606792 965044
113219 775033
42334 971115
897239 -456842
-282741 -93424
-728196 657199
75706 989415
167631 374136
530038 869271
-700303 -528706
13150 446920
327634 887642
922981 734265
212303 718837
-78069 645532
182188 823265
-874782 -881200
5357 -667630
738003 765717
801983 175888
-147802 -905978
-365369 284733
636055 -837755
180858 -273814
844874 148565
392474 -887318
246635 916562
-130029 519611
879210 866571
830634 24835
-521719 88018
880233 849030
884218 -675630
158741 -552858
378052 350312
869693 654524
471962 724338
-774110 -27562
81036 -1604
-68777 140007
-210583 -470559
628489 443011
-267304 -52753
-31738 632471
-777406 21746
-427671 691713
766003 -889012
153569 430633
-650500 77960
-230773 673426
-593147 792782
153526 44055
15992 -698075
744791 -808140
-958508 854041
131486 -398712
-622103 -53733
-815591 950758
634360 528010
929118 -953995
-349329 -188888
-83293 -854862
882488 -269490
779508 -695280
738118 -746368
358320 591059
-991778 501016
-843 637689
-54865 73941
264672 -879528
708533 941554
550312 350061
-45791 637783
-439830 -431592
880106 -732076
-752489 -833749
752273 -34404
245909 59131
407921 -46974
728678 972266
79638 -862698
715345 -910447
609490 -10527
430128 -62229
-655080 -934168
-565067 -956202
-913168 -15157
813915 195723
948181 -525223
577625 698392
-883946 -523177
43241 -825244
-520245 726018
244810 -795679
-158191 -950273
-577308 -790848
270364 -968658
-233799 -516440
618410 -560562
-314327 757307
217746 619970
-569592 883835
276425 -123578
-652183 -282768
-570734 -755520
-278143 -77156
374763 242473
-915024 495144
419014 -868304
-148568 676326
641798 793350
639974 162954
-137090 -637776
-789567 783028
-952317 7677
70429 989447
128267 282726
-179194 719780
760761 243830
-90768 -964808
-188160 285216
-685321 56535
-686438 29173
-305413 192292
331994 -817244
48948 -151985
-686981 -512688
864017 834989
757436 324039
121077 444710
106578 -587002
539381 161931
-158896 176965
-942184 -502772
-740735 -526009
865993 517942
-807200 -599982
421237 -867456
867671 -617040
76759 913344
739132 598926
368473 -848217
904530 257877
-491181 -21291
344767 -741299
23337 -18365
51063 627333
