1000
-751358 770955
-678182 4995
192105 689093
-90765 39412
410138 242775
11706 -620050
-307213 978263
473112 -468270
607531 463332
-240198 261686
405168 -725192
532025 762381
-351689 -177086
508406 719070
-420738 833912
538135 701274
-778648 775035
-369026 -46156
681589 778749
985159 693123
-89356 -155645
-695732 233620
879904 763676
-466702 845201
452752 -266521
62621 136419
-724623 656591
-978492 827091
-581258 -253796
-317956 -293869
287299 422367
402537 414183
-813459 819708
233678 -67044
-8138 -557908
-100843 -833952
-312805 -583767
8641 -289197
102417 -264324
829851 986996
833634 -305577
406130 56040
-614319 936325
-575988 338617
-130988 -721982
-208332 -429952
906951 -260135
394339 698057
114124 -314683
-445340 -632857
819412 341889
391993 999092
874855 -859234
825505 547799
-600716 -195634
39963 -756721
-65704 -236477
626399 374094
878752 328132
-653721 752717
109230 -168973
507638 -419926
-218261 825827
946239 -238721
751594 438154
14411 274311
-594851 -688745
-931617 -352138
-218633 -238221
-289032 -339998
-219762 -200984
-554050 271575
201933 628927
-735829 125221
-686688 -552578
-288429 -416031
895919 -346606
184314 1051
779880 -165120
789972 -834911
925113 282329
-970512 784964
-641788 847252
-185141 916570
112864 -356888
-126295 568232
-486563 593991
-117114 415988
-274823 947681
716613 -893867
-654015 522258
243726 -703767
538161 497054
312208 -226236
821873 462152
829151 345128
-784555 -30651
485214 -605159
158657 758151
335493 519730
-656177 -351145
-98750 803991
551848 -779081
-678841 -325361
178173 388335
-501438 939331
34051 578306
-620938 323402
237893 -472199
-606860 -48501
626332 -900652
-364401 -367320
142870 -728409
554458 6106
480019 -565647
-988117 800712
873628 645963
744668 -722201
314383 -845802
-672200 -855244
-295382 -641605
573672 283305
368814 712612
908506 918492
75339 -158066
-359859 -849384
-215715 397700
-931541 275975
-637756 -213656
-911450 227060
793928 345380
-895328 -504724
-290496 737039
880210 -318542
-475841 561065
206704 682893
524864 288336
482292 572292
-245818 -531650
276315 -937420
-663569 186157
39562 -459591
-26520 -43337
-805607 -45507
-587784 -586448
-881016 19370
726298 52828
40833 -647414
86969 741229
-352028 -236503
836414 -56356
53006 471901
947483 376665
713956 234152
552574 240104
89625 -201574
-151989 -917285
-767935 137045
31658 150877
87946 785418
-7797 956271
-391716 439074
315117 -719145
277101 931900
101023 712112
924703 -847364
919583 265012
-124711 59092
572688 -14549
148381 -393036
-164739 -480098
-559733 221180
661845 389080
-156995 985387
-196508 212131
365543 684844
777378 76574
166589 348794
633019 -680291
-490136 -883970
968859 574888
-285768 -699869
67438 -737108
-331082 951852
-612750 248193
596872 52401
292520 -317644
463016 728753
-986852 -277870
969697 711133
-283876 669500
875362 98904
719261 97461
-200761 -625166
547894 533922
-655217 -885439
-976741 201762
48683 -667064
846598 458453
394213 -678394
803714 174803
748241 -511959
-88551 32535
403007 584711
-499130 -347035
-681608 603451
-701737 -115950
-409205 555859
207189 980196
206684 -280930
-219292 -691116
140143 772297
286150 795795
-902641 -367243
930955 974445
922418 -769403
-410356 -393729
183358 -493080
60273 670398
-721729 872136
-126367 -415831
-375051 -792423
-882774 -97223
-405013 -180920
84278 818662
-100550 -193148
372342 513209
-223959 372070
-150331 -267033
188161 180272
-375138 493703
614519 346357
-450355 -385823
497651 -646395
925183 441169
725683 -203741
803992 694782
149855 -76252
317673 511430
763621 -881341
16640 -51735
-111581 259043
587063 -277962
3422 -531847
881499 -106063
161057 -409947
-781655 -57019
504346 297273
740523 947323
978335 -256624
-311612 -525954
4520 743149
535764 -557542
-666870 272446
-120078 -728142
-137347 685329
895067 468367
-424955 681400
-105274 980852
203232 -418489
776052 105535
-682284 -928582
157309 990188
-553593 703648
652646 182484
-143601 229682
916901 -867301
-417155 295631
-323790 734671
604632 558683
-244929 356308
-812479 -742372
-795 757661
-996227 244055
-619800 987759
-2742 -946710
-246209 306459
-269190 -657596
-658064 396415
-252732 -901617
967943 109842
68725 244298
-199902 -375998
-379474 457307
-819469 -56414
-35200 -658274
-972401 895111
-229687 832842
-751541 -467558
-987054 -631009
-275197 422170
-473738 -9641
-722095 -573451
-573490 838807
-502265 -199953
896537 -566834
813789 385273
-516946 -231441
379469 191752
-342213 215499
184295 -848484
426190 421288
-789944 822815
600034 -745834
299827 62142
-767462 -169508
703225 137136
-41095 -436949
708567 49064
96044 -952210
-509628 -672303
285120 460076
-765799 -883937
-178483 -828352
331250 -332003
530080 -149337
-588145 235790
39582 -1355
-37835 -459770
847599 263271
-334548 978805
-678072 544227
922467 935813
587667 149801
443520 -941669
-801820 -840466
-532697 754057
-102502 -369461
-826328 -785110
-712469 401619
192736 -565822
356090 -750501
-597675 -393967
381736 -799159
21909 -299676
-365906 82926
-835470 529863
527089 -455673
656891 -369064
-463161 -875611
205867 468893
978944 -429507
-926545 -873597
447471 263384
436741 742175
362297 -309198
790465 100044
742378 943418
975919 903021
904163 973498
74878 376354
236527 943748
698558 16291
209599 -132278
-802078 -850248
-458096 -143303
950612 605433
14258 -81229
-196012 645029
359444 148565
348237 975185
-47674 -690878
-370800 311697
-742745 -424243
454913 -28640
118883 -628555
-956030 228697
559688 -326093
153313 -86018
331273 1023
-440056 856530
465417 -584628
-770225 524601
304296 -790178
942104 806770
389119 -434458
661248 643496
-171636 -779628
-172936 -282712
45134 -451138
90715 789857
-713868 -748476
-682506 -70728
-378401 873076
891445 798790
518436 580234
623150 -889329
498700 -301136
401257 993501
-393345 -272878
224947 270892
-222184 -96632
656034 -428961
703822 -913126
-637451 880420
-123679 -637912
-985980 -155442
776520 -152507
39837 -825443
-115205 771850
-749616 -786090
554410 250895
260477 704255
-628220 51537
-504679 -405227
329538 -404600
-566021 289431
-779671 950610
858821 -857464
193882 -456581
-6306 576726
-944466 -599288
-521584 -233909
498801 499703
246047 934277
610359 -263892
-582217 -800758
62570 776318
-848847 -774361
-294902 951703
617552 627257
-563746 511331
-79650 19446
259412 -605676
-676222 916552
9416 -560730
-884748 -598860
29470 680309
-461851 714659
769063 -388648
496898 13557
748032 -647416
647899 -730252
872482 -640047
-974005 -892991
-959761 615595
124500 -93353
643020 78201
64314 -212542
118619 195455
-633443 991497
910343 -788098
952161 -605673
-150236 765155
-945117 619809
697677 -846281
898452 84622
831660 926258
877264 -204464
268068 2332
547508 149910
-412727 833847
382629 388218
769844 -881131
550240 252624
862379 -182082
67432 -772779
67859 -244685
-533498 -604279
-819919 -344629
874683 -220361
756769 -645467
949636 -28031
-681974 -426713
825349 907376
-110597 -119223
734245 71616
747497 -623084
876045 128242
48282 -736634
199576 -714866
513296 467434
642696 -122687
192834 -487069
-712956 -171946
-730235 375235
-901247 806749
627891 840848
-358725 -701136
363934 202442
398891 -868002
937403 -777015
-767264 -918772
-164358 355983
67649 283443
-673555 -255658
-490592 603155
-447617 553887
944299 908862
-606676 656876
821388 -343418
854927 -820260
-102615 564401
-547236 -856334
854082 857542
-137038 -288916
806499 -593227
325165 952540
-415395 642770
-681268 -717829
323730 997679
-417656 192362
592946 456379
-743302 -231634
-598269 695089
438902 -747881
645310 -404476
-84992 29770
906068 260962
604856 596645
-574891 372017
138995 471220
503167 392921
-486417 175437
84272 -340940
-183449 307335
638496 546231
-421734 360516
-556226 827846
597991 844478
-636429 996773
684604 313216
-46875 192270
-539500 922708
-959045 955843
366995 -857138
495708 70726
162012 312905
867957 -167470
-136691 -835993
-241496 -809830
815376 -145587
512186 -848006
609070 -888051
-542812 -470048
-759411 798763
475543 -450119
-120841 -326648
-484185 -567692
-935590 -134639
561850 -392368
213386 673540
-124160 729464
86087 418365
-68141 -469840
335444 999978
-554339 -179778
601882 601927
644117 -852310
263634 766574
790993 -740314
-840515 268996
-575854 788639
30855 -185876
-542278 -878137
519559 843534
-824804 -926893
538712 -598022
-59362 234568
-214035 -250164
-818305 800718
-522994 -78725
-948496 -525681
568144 -761671
-475432 451198
854096 219209
238867 672563
909211 -432429
570361 -8072
722519 -751219
470284 -929316
-741310 -124199
-80305 -702845
904021 -915838
-983814 -641432
-531523 -127231
355626 -531068
360670 -152905
-704089 975162
96525 132535
-565459 330355
111394 -37180
19472 83496
-854331 -813817
76173 -938215
822774 88572
10702 -50050
353923 844522
743616 -286307
96436 -270778
-591705 -224162
-249187 696113
-687977 -834265
339378 772353
498297 -562870
864085 344147
-19075 -136299
-511591 660231
779523 661290
-113438 225599
570402 385669
-147250 398426
-144724 616882
209779 -631381
388415 275924
-835343 -710090
747762 689856
859906 -920280
505174 -893661
-202035 920779
-62421 -937799
295711 680969
99019 604742
-103506 -757515
-579856 -886780
366402 610742
-108649 558324
-577920 576836
361033 -598395
-643652 -674544
-443678 -492234
152005 -73232
944421 -474160
590497 650855
-566987 -871950
837651 356872
-452103 -254085
-383293 -110944
852685 -51644
-908507 -572704
-757038 -937204
641836 918539
369707 -234045
-768382 -280792
-439920 -379613
-931850 397477
512464 -337674
-246220 365719
-332210 -880681
711931 448315
-991897 233300
-508381 377027
-150176 -650853
466693 -545984
714486 -280924
903852 -629336
-145046 -634221
-451381 882833
-610024 -405456
-709047 -881456
199938 517548
655499 -241935
27981 -907437
725717 -259164
-187964 -278980
-273061 -548141
-815607 890277
908890 -924124
945643 -242619
-870427 424275
953240 200380
544338 -600339
-786993 581014
-326037 -730860
762465 360929
-159243 -524359
28556 -948000
359526 906124
-371871 778141
824581 -841160
592524 404401
-449421 676465
-333315 790208
-442877 136810
-622841 235086
-622374 927040
-129166 863142
-377030 -387546
411461 189990
285685 1951
865106 688408
-421818 578040
528202 74351
-246636 -264613
114888 394321
497731 -921085
-718280 744672
299890 840485
362044 -910447
256836 -334331
-214576 960528
-515684 149355
577362 -730966
-554449 -803288
3415 -266243
922034 332355
683374 -188082
366923 -555891
-334050 903817
-347951 778663
-112249 -112108
-205549 784177
-190058 -789161
320828 -434118
-104559 347068
-581361 461875
86250 -929817
608123 -27904
-886483 -220853
355211 -725616
746773 -883357
-579862 -928154
-35919 236001
347519 918029
255821 338905
757902 352817
-577959 301209
363698 122835
-683470 457789
-798167 353830
780058 121839
633206 -407692
-362055 338988
-164007 -849781
-406853 947197
261431 -319676
-849918 347049
-537057 -569165
-98543 630310
527512 -617689
375354 953778
635320 835358
-664966 133429
-332472 511868
-857918 -481117
-385530 439492
-17852 678397
271994 55958
840444 71309
217745 -662037
-423975 802082
-100017 230478
-92199 -942844
-615018 979187
-434838 616571
194915 -711491
93741 668916
904522 -48914
-167614 827082
-277861 446957
-643746 84090
661519 466657
576869 -397534
-459075 -527935
-60791 -358277
598945 805269
-285089 -907101
-754035 -336075
923205 424250
-171749 986087
-55508 503841
266090 807395
943147 353522
-762685 513075
534654 -239519
-92166 778764
732624 67489
-3896 437125
-431774 805242
526923 491520
508096 -232873
18756 976251
-656392 -18866
-330173 -23839
-911109 -826976
-734456 -910153
406704 -466404
161209 730240
-90250 -383970
-211381 -377626
162173 -183930
-774330 -468033
21374 -467010
-551495 953292
340741 839085
941772 -354518
73386 -745516
-958342 -847451
-97135 577055
-537959 -162504
65410 354885
-948664 285092
-953789 573470
-874301 144882
505356 170879
462035 -204353
-678788 -929966
-111889 -279801
122547 -718101
-573368 -245362
257611 -824927
740945 719870
74450 -127726
-172268 -936934
-760056 694644
-843119 639469
-510557 210821
205005 820567
942697 -263582
43617 -330443
-384030 809737
453088 499174
-834775 325084
-778347 602514
684170 284347
92508 -237244
838985 -305348
971314 180764
177305 596741
-684298 597058
445633 -941851
290536 240051
-303016 741701
343404 -832296
522259 -794016
601081 -384606
258531 267581
643637 -576011
-822374 950911
-68840 881947
672287 -513971
-933399 109708
-124399 -930517
388823 483236
772583 208799
-97386 462978
952347 -204225
544399 -380188
-381466 807586
289469 114399
90007 -312319
-129694 -533056
875323 -886317
-990753 150987
605281 552408
-964795 690460
-278580 389101
-250387 947684
-986686 -27243
-438800 -660401
725323 -538625
-905070 -39394
-54824 644591
-617846 -238031
-728317 -136127
663131 -815566
-885807 -223778
-937032 462101
-83513 -866247
678830 32814
-357721 689649
-754533 500898
85177 -239097
-703640 -810872
741603 -344562
-610131 871031
543728 -748749
-20044 268257
954773 345602
-764700 -41240
229158 160654
-875468 -33070
-561926 -812688
716542 -209636
-993817 -683427
-328668 544518
604565 -615042
636313 -813071
363639 -145329
-514022 -24217
-461019 346771
538827 -628885
211213 163373
337420 175825
-223345 66932
858543 174973
-476862 -445093
-198260 268429
-577164 52080
215929 930280
392899 -656741
778192 -356080
245158 -115953
900170 299301
119358 -746110
362362 -924835
588432 -618257
8348 203593
-179796 -547926
-964512 466035
908222 133198
-403722 -88993
949329 45656
688821 -545328
-388479 672102
-990805 -584550
-417918 980943
-738667 -645793
181347 814754
303033 -265715
-94700 267501
-614477 203512
892902 23572
-57567 -13275
-669242 -679034
832351 682108
928252 -800208
-396687 705442
-931733 594324
-298971 -244749
742082 157814
-29103 151239
-88707 -849491
808914 -519547
971864 227467
-943046 509480
637503 -46851
771749 611296
711365 735932
-610173 -739130
-619151 -176694
-44251 559217
602496 131852
154452 -231425
-221221 165452
-547683 146127
24200 648078
233004 -174226
689647 -355317
631146 -619652
-715195 437276
-982743 -691274
-904828 -355183
337095 -217660
294542 -633537
-838598 678024
-234117 -349734
224641 601020
14845 -30613
-126469 -123549
224993 -945797
99664 -611098
-956415 -83347
-236864 787046
-958704 -764492
-138049 808630
-361282 -732083
225913 -930714
-955942 482639
-270830 182729
261233 -433475
803412 662353
987843 -510747
751326 924011
-924041 -28494
858559 644668
350285 -866518
-549372 60545
-167112 836495
-634733 727779
220008 871755
911825 -557378
-283848 -521083
528213 -886049
799926 -359607
-619878 -647418
-796647 299649
800042 862753
824895 468272
-48244 738242
-674993 738222
415832 -812661
522456 471988
-447739 -661567
532430 79032
783752 -511790
-17307 -118439
623307 761409
84137 -923845
-674955 -945706
587376 -818685
-518743 268668
415764 -887272
566277 590506
267428 -686293
-742094 -688284
872525 331708
900972 -673696
-47344 657142
52813 -213321
-191939 221479
842735 -103306
934573 -847158
-651743 349465
-166615 -329662
-177128 260385
-947468 526520
347062 792135
239325 -221176
560779 -40844
335859 -451550
388057 -846109
651631 -451426
-729508 78271
34302 -954387
785844 614340
102846 85585
519617 420484
-668634 -992656
159634 -132968
-492809 -393985
108738 -311274
897766 751840
-90814 530105
-454698 299821
-504236 163871
264852 220631
96328 -359269
668166 342130
469337 681803
184494 341385
-107117 178649
-195714 873829
25077 929301
130821 -140303
604312 797528
399220 -703691
14669 156643
-809286 843327
-92429 757041
768786 313979
-791846 306880
904773 37672
-980365 -74193
100062 621966
412451 9090
-925412 547374
-22782 104289
976018 664183
901388 421417
878803 -686997
579009 -61499
613852 416382
827709 -390368
615391 -935001
-806158 -789322
-753735 647694
955650 -1294
-73329 -27504
-240315 -311563
-745037 724005
-131026 638379
79707 -792466
528777 425038
-927078 62758
714888 2114
866227 -967230
912389 214012
606355 -792784
-735773 -735234
-718302 609641
459073 -313471
-433599 -426563
949018 -310532
667569 596546
27695 -513960
81199 329404
540975 -286469
710143 -960076
-445782 -301035
-92222 583360
-498358 -452177
-451775 -190253
318529 -273186
349725 -879246
-325889 -927631
748403 110864
230962 554070
790073 -558740
-750717 -984154
-59383 -283427
164978 711201
860403 810592
190616 -895434
49938 -377393
226329 824805
121209 347371
950620 861912
-603810 824081
266798 657305
400534 -725344
-433735 809580
-567047 -292312
-211940 778877
593988 102851
211326 773617
-355734 292038
747266 672920
610953 511733
306148 15192
528580 -840966
-432479 -707351
533833 -664639
298841 -364594
860417 172259
797314 -787264
-77192 -913197
366991 -199855
846765 24359
775384 -435598
20579 -128179
372723 563792
-375145 760636
887820 -153013
-62519 834997
-470541 -492043
-762061 -327742
948093 -401468
-178820 869620
623873 580307
703998 -893231
583190 -444484
883585 -251414
-527177 -651229
199155 -534019
-660549 225496
-387024 -319828
536401 -196287
-480096 128487
-120148 -170499
-758379 -88190
-715408 825186
365847 859174
-548018 -226728
991480 646173
-235175 -856780
-953440 568645
-952021 -894401
978185 180517
-540915 -903284
720277 187202
73753 -819729
-531638 -209454
583683 -777916
-31514 -506720
899223 -23378
-795757 -897198
-880162 -267803
-571638 254259
158326 -120182
-10986 -165389
-594395 -242584
685151 -14136
217534 116423
812820 -640177
245188 625613
-616520 188136
-138725 -681171
-559700 242481
481864 -497069
-925529 350527
291441 413126
596818 603905
-723914 328285
-662921 -725984
558895 193154
747924 -391512
914827 871542
-502060 330077
-13723 221307
800249 298430
251479 -162903
-938796 572859
-88379 220551
545148 -675835
669452 -862516
102757 -317728
-842526 -821311
59327 424951
-736424 -471193
-553412 174230
593697 -865635
479433 -515220
-780672 534064
37979 103927
871427 641458
616680 -310842
208254 581977
-341630 731713
-898749 -86344
513959 -466876
-813148 -103364
-82230 -14415
-411597 933993
-611525 -284981
728840 -798169
-929269 -181589
-816053 903961
-807138 772758
-600539 -95451
-41923 691292
-568570 325067
-279447 -746819
878846 284758
102365 -999160
534523 27401
717686 688982
-677977 550108
-588530 -735695
-158418 -527048
594753 -665207
-335892 168549
376028 -280995
45903 -48305
-410834 248681
449841 -988619
274389 -44618
231268 223942
-41353 -737828
-795499 -887416
-567169 791857
-526376 707107
-239899 318769
845306 -352298
-379209 392542
267752 -366626
-707547 -795426
-215863 -143582
-828454 278134
491535 -652109
-409074 595820
861248 -867210
-674947 -764779
354558 928235
75046 197348
-82386 -896441
928355 285405
786379 74889
-97185 -804465
-452754 -574885
468356 -251303
550659 -647289
874278 -214420
-382158 625152
-677149 410839
732004 -250691
213510 933246
292006 -44999
-272259 342151
607402 -431556
-53041 187618
2425 390175
476605 -976266
864864 128023
974264 62892
-675287 556501
-671861 -41955
-209394 350750
-759478 -930887
-390366 658492
263157 -381281
432511 374338
98829 -284194
-277527 -568033
-743295 -833040
295790 67449
-976422 -738224
533244 444570
-702726 -928406
-425453 758292
45883 -506541
-277555 622550
-773350 903660
-581824 188840
-525202 -174181
163630 943238
-108884 724900
-364479 264747
149191 -775359
-145668 -964235
885073 281182
373244 -602841
-545174 906342
836172 940046
-98953 933902
244214 -519149
-158037 309033
25793 36546
806363 815803
-289061 -688555
782841 -199457
-117839 682514
146464 725347
868700 -229032
639340 -727241
-484271 556205
37176 -232826
-469520 514115
-616053 880090
-904788 -873926
213025 635943
-747714 -383025
667840 419707
213005 -327880
-56100 -984749
838672 635158
648157 871589
409328 537761
-288581 904753
292471 748845
572598 543556
754083 642906
-428517 569621
486340 -612597
90593 -387890
278315 9008
272411 760445
91498 -286047
330051 950729
-535957 -925087
128868 -765051
642634 -860021
-649856 -398095
-266740 -595091
-150674 938437
505122 452753
-406406 786897
574465 -808621
-110793 369038
757915 391204
-238608 309358
994164 -557697
-697319 -857822
168494 -230880
-569533 741689
-358080 -414270
269955 719624
417782 143040
-130370 -882943
690925 266266
-102328 511374
215920 -179228
-376972 -157894
73970 236493
231314 -992747
-647694 475308
-958474 643510
810313 647832
18027 -667000
-61820 -516790
408858 367233
341765 953028
331486 905590
371864 637894
852919 411503
505021 -348086
910484 926548
216100 -678331
837981 879308
690491 237397
778904 161849
959561 153430
145316 424270
-761141 -216458
361947 -578018
353840 871079
-671751 497277
-20199 -90287
695968 -402267
81660 -205016
-326151 464918
405212 -914952
-199228 737227
-29598 189051
929526 377300
-91065 416028
172910 301844
-444034 -432773
-284175 690089
718252 401365
560731 203945
-936725 462530
360244 797572
461234 -75590
34877 -994950
-130717 -335866
-120046 -462781
-469111 404248
-160791 789545
-920224 -920547
-949621 435689
632720 327144
-105928 -159058
15737 -607680
554215 486972
-292650 -291699
-657248 139207
709546 90186
-296695 694751
-190187 165181
-11531 631447
544456 654324
-851597 -528067
445223 -794831
400660 651107
-536491 -516998
-244066 900734
105340 557792
337594 -45927
-239888 259509
576682 -55022
-233877 214736
943724 -823965
-437357 -539184
-455530 667709
913272 -307085
70635 -259492
731644 -585575
-575040 414925
183626 549791
92571 -976767
-398692 -227870
579993 236355
-96181 -416411
-778234 -77601
-507701 -71167
-477864 -614642
-480242 547041
-305291 -572904
117715 -84130
-708874 390326
514727 672120
830902 -888110
95946 -248524
-223366 785892
-980531 -324820
90599 771712
916664 -835048
-668672 691272
-889007 -551674
-745220 -514508
923222 -914251
-581463 -633398
796293 -881861
632653 -947602
10841 696199
928788 888863
-516673 -125675
-541362 99177
-879486 -270728
321438 -766095
-85845 731814
200203 -503531
879949 599013
28230 -346626
-140929 351476
-775334 -103969
125679 -793060
-282108 -462981
-952383 -811442
250047 -750717
-665879 -902194
-748212 453948
533410 -502623
154702 -439986
831216 421322
-324761 904902
820110 338323
608203 554977
611602 505458
821697 -192537
576723 338719
-217024 19982
975180 527938
634212 793898
-600355 609926
931504 394219
678608 -560921
-143915 718205
754562 -558909
732038 -306114
782373 58585
982240 856071
542085 -604492
835472 298178
881644 -933267
-353538 -896334
663212 -416014
566009 -373043
395440 -481408
-575896 -847708
-124667 -768932
356606 -913468
422153 -859611
-93696 183528
242848 896798
-368730 -839373
-213441 -247934
915211 -971074
282636 -984370
906491 252351
-680367 -599528
-49187 456891
-445060 835883
120445 -361633
-327729 856867
-985576 186350
-411335 145412
870406 297197
265733 -652626
605266 758319
949468 306572
828194 415202
-966080 848161
910843 -95864
-728135 -957103
224066 -708987
-950094 -130297
-123373 -580006
-328227 931855
306211 793535
-1817 -604858
373316 -904088
-1476 909321
-820007 -832060
-763904 477651
-591354 -440917
-706635 -218896
952560 -285671
-505270 613281
859006 -98594
-415413 313566
538346 715431
9736 -313193
511677 123929
167378 -456897
720807 -327874
-113757 -775092
93290 694279
748699 896468
518785 -384624
-189691 598079
-415497 531090
-212971 -738066
538751 32082
-300892 931313
459409 452224
54603 -783584
-96294 517451
864880 597718
488613 525342
-902186 -619654
368618 -356148
550049 -795699
776165 -928081
-905129 180110
-630108 949823
59134 -260271
-515263 -280859
-414417 786962
754353 -694366
-227796 -396684
411489 -772142
-876453 -144173
-768009 -514983
-400532 900247
-194440 -672116
-756364 466125
-152922 -571309
97036 742907
-930711 415151
553829 102960
73759 -784058
637467 -666602
156176 -123202
-533179 875758
643824 -93801
593384 -324912
-105568 -326751
825733 294939
17023 -97000
327149 -481068
47154 -694364
725582 50511
-972171 780141
-165947 -983884
-573541 -975104
293620 375417
407578 946551
205897 -761816
-925296 -399088
650438 -899260
-867980 97932
-547729 224625
-967684 -939941
641641 788408
189679 -540030
598845 357451
961094 298652
753094 -930307
-143855 -697803
375135 665662
-183737 -836111
-246411 -948567
194482 133322
-613479 940809
953804 329715
115551 -215923
-613557 -694368
-606429 201243
-495944 -246903
252368 887327
-627122 944547
-37930 512267
-278768 -954051
15 529776
-607998 889375
910342 -962788
-85878 -989794
937276 927495
704879 -30659
-443100 629515
35791 633359
-41023 610192
-898507 -402133
928739 -816353
-783623 775865
534534 -932999
-658645 86479
-362705 -93106
160773 -278375
504052 -968035
-635467 800302
-317469 687721
-54470 -405227
614444 -74854
-271540 400007
689695 -235032
-984432 104037
-173475 -594876
-672520 -372311
-319716 -777810
-811984 753768
-311635 -340819
378663 466259
955957 -74981
-359585 35976
451954 -988801
199057 -612772
511495 -940611
-813598 -391579
722934 -940817
914543 86248
51455 -498088
-829022 -757040
365765 101615
662355 -475911
309354 -312665
531185 241386
46158 -872393
-790326 252699
-555605 -859638
267554 -480425
222250 883330
639527 -454642
187668 767804
784513 -403030
956933 558483
55004 -714014
453792 216434
394736 228974
9743 -578797
-114520 -373598
-118078 -977467
-571599 529886
603193 5451
-418634 634450
-799286 -92457
-385395 392124
323994 464480
984656 -303574
-896320 -414193
-984484 -631500
-574937 -300746
-483815 -930920
-734989 -171149
-51246 -60225
611177 549695
-736981 -278584
502029 23776
-104276 -166173
-732346 -692743
14962 -336147
-672467 -976916
-73984 -749795
910173 -676286
-365550 731191
206259 470598
915532 -479379
-697768 928212
20732 227361
395144 436286
950742 -521110
381675 906828
302032 634019
-512422 221718
-848010 -860767
-34774 -483899
-137280 182732
-323852 -70789
806247 -406557
-370709 -434496
239999 -113994
68891 729368
-239497 -578600
783699 29624
-548128 -850238
-282711 -386948
886531 -365492
510667 250323
-772026 555564
948425 759820
-138403 569932
-585384 -271112
-268876 375220
886225 716726
518507 -894956
343416 -264610
-695416 -162900
-495117 892381
-559138 283405
82494 -985165
763090 -692417
620840 299407
-48503 597641
-637331 -721494
198426 642143
696393 130498
283422 884950
778070 564346
219707 626590
90458 -970795
416459 195825
201236 -758441
-631435 -260606
-105260 212093
649017 -169637
94267 738468
902240 -393556
-648896 -932389
40372 531356
524757 533284
341814 472780
167530 683290
644817 499281
-306484 -630717
687910 731799
-262869 -704546
-543051 13595
-397401 -135943
550720 -427138
-193581 -422948
738945 20539
107344 665162
68942 89469
722863 -256586
831826 500849
-874695 -27580
-981796 753762
-202011 -476902
105985 -658048
749937 -333257
907293 -720646
-614617 276452
-894926 759799
361532 -772566
881683 51954
-603703 -452406
-949709 181747
-667234 -302608
124940 148505
-573535 -933730
-843597 300099
-557425 464381
-834194 222046
-368817 446753
882366 81292
-78671 -17180
-621899 4587
296857 193101
-637425 37140
-706148 354669
385790 144802
-878427 -645810
262142 291955
951964 -289569
-351400 642699
931024 -894314
-131728 761680
-83929 -430920
-122845 816192
629628 714459
-669901 869602
-721996 -183077
654220 -777202
310617 -837128
509488 345971
273749 -733243
345699 725403
-942343 238142
-161293 780132
-979659 -202392
-650071 -65816
-836798 592519
-242866 649163
-214900 118502
-647400 705767
-205060 -424576
-832277 631074
80771 -174676
568171 -439318
-372080 826126
30521 601128
119185 -403838
388950 341268
769942 -928291
473014 -592934
732619 5878
3579 -993660
-760943 -965722
-829149 482913
985265 -476457
66594 623448
-925220 229025
-864106 377325
369960 -192279
-989906 197105
629471 -936279
-165428 939137
471738 -631578
-208255 913578
599267 409429
-460381 798251
925904 218062
-970420 154812
-94229 -240098
5526 710711
-157686 -896731
-711959 697722
71731 307935
-772327 728085
-345368 -224036
-119974 521282
503219 -33393
931434 235379
22961 -98685
865142 -904414
753818 -670034
398314 952142
-84444 -7538
796786 53094
-761614 90095
545033 -644972
815235 -566497
-676185 -117678
608817 84902
558169 -826031
-417654 755132
-165315 -826578
-549905 780896
125204 -675505
757647 877061
-217638 325120
556561 205674
-560666 -918900
21166 -77563
-345707 -283453
337571 -378953
958482 -652623
-608697 932237
-456840 -922561
-94522 -880902
-631130 833470
-612830 -223644
-441296 506937
544482 450104
-264509 135779
958668 -251175
-952724 908893
209553 -465439
-977493 -688382
-958191 419085
-987496 -730377
-172162 -875302
-322347 497568
649958 -622961
-404035 -440679
902858 -613784
881176 -906184
610886 -661992
695142 -592278
-98238 300118
-40554 145320
810035 127853
-28879 -705224
-603852 -786080
46284 -803671
-689411 186670
786201 -212070
-869147 -80020
750989 -769151
-230543 740096
-980733 -677959
977635 133814
-181643 -325930
658967 135534
661820 -288885
-569667 291667
843972 309922
-675963 -975532
368683 -971785
-354961 -779033
-373153 410357
-402884 508909
-441418 -708517
92408 371415
746844 900373
-530736 -616115
368365 -957397
918146 -604328
-117358 -684862
263932 -871877
-352404 -748086
343741 128875
370255 155492
-12754 -183249
-608156 156562
-510625 -278391
-753090 751813
362411 -797451
-436556 89860
-503307 -719253
-628412 680829
-509363 102405
-964191 738014
-377709 762787
320704 -892752
-83035 -202595
-207714 -297114
-675653 -473663
367354 -645345
-212312 -285171
235479 113704
504618 -609820
-547272 656698
-144010 -313983
-118390 12142
881004 -267311
-439019 -679807
74180 -291635
-818483 -973843
300863 -680487
212188 421943
809733 615403
-467417 -56591
740566 24666
829095 41622
-917720 -75444
-268502 900731
839955 -352527
-681656 -881215
831670 860426
-591948 648139
-715774 -620401
422085 -934222
853920 216321
190635 -45899
503972 -693345
443062 695225
514417 -279823
764223 305867
168333 265955
-570843 5130
-938145 -646238
370019 75885
525880 796584
-942175 -572631
-326994 743258
413025 -513354
232234 -977664
