1000
427097 -907887
-305188 -201124
-854709 -552101
807450 592513
-867792 -846424
657912 661628
67274 143990
328764 -370484
-133381 206812
-894200 470835
-671568 32214
522615 411160
-288305 160745
255904 -645748
65305 -534780
-899297 -249731
-546399 -74708
295508 -91059
-664909 -167360
796258 204746
856096 -302544
628791 450812
-633971 -878278
588405 -908692
-447805 -660789
865006 86651
-403402 -908526
-744709 378252
798175 -346520
592246 -604086
64663 -401983
497859 258364
-838751 -456391
-486407 -744467
-964154 -797340
559446 -837268
-220882 831988
190803 -6294
-532834 474908
-437119 -947446
-973 -742506
-384973 653188
583884 553168
-632216 -833113
536451 -658495
665336 899854
-905951 602719
-567366 -792782
845296 417737
-563676 -802412
388180 707816
45111 237069
-888052 444590
-576065 -664193
-913216 128245
286820 954433
550467 -727803
518625 142626
-192265 797801
-695342 474794
620330 -359985
761114 138196
-577897 -738726
-383608 -917932
-475612 -24984
-89109 -328298
807335 -801146
-140975 -780919
799550 249490
-794946 -386346
-232204 -900213
744082 -59239
-96294 838990
267786 536160
-74437 -980067
432729 396290
-272779 511091
466957 -335112
-444819 -149304
613715 -985404
675995 384736
210659 586751
-549115 -81927
-630354 933923
-699210 687373
-625118 -552396
-656001 -518723
273978 947152
-853510 -710542
326228 -491457
-92203 -119358
76329 159785
-788253 204014
421236 534120
-938358 -192628
-763259 596940
-453403 274608
447370 777515
-858392 -636590
-25777 -394886
374708 -668553
-851951 -316575
612137 370587
166131 343990
788326 469028
104014 -7143
168922 874373
412865 788160
-652300 -389956
41963 -817863
-959567 -482887
343095 -393890
-97621 -463727
-376997 -22116
246153 220408
-47740 66072
584884 336975
851814 -229224
852132 -735952
-471261 -779412
-442171 -448935
-731337 -813952
104082 -75435
335626 581859
461754 137858
-219555 37182
-406230 -162158
829711 701660
370513 -220609
-17743 343523
310167 -765980
-975330 142188
3365 950008
-701040 819743
-59860 383462
358284 -643434
899036 -569142
-944736 -494384
-858172 100083
-424927 -470430
785226 -897667
-432907 -364871
-17976 -211511
-411158 -670123
-474163 107411
441361 -621965
-566988 968459
-142613 -336963
501812 -285991
235406 -141919
653438 836514
-394 -441750
-960602 -626080
432328 222632
-409923 736195
-199917 -859345
-950663 -965243
-810442 948087
-297698 -791375
-439258 576485
-411217 -414623
-801741 -549782
-693458 30115
-320712 -302695
731901 60961
590044 -82707
-438384 -803593
-936445 804201
-16855 592892
-635262 -637791
-757990 727594
-960905 183881
-309649 26663
-131849 543319
285758 816875
784112 467889
484961 539397
867041 319443
-783632 -846836
345898 129924
185561 -728518
-47083 -369577
727232 236688
-748533 827673
362813 391796
371446 171769
-802181 -225739
519782 439157
-134355 645055
-537569 -834691
-15553 719194
-353354 -177173
861783 201871
-736317 621184
-423541 184027
59293 -622893
35765 -452395
-165511 391747
168259 -487171
412952 610396
-498273 425424
-689299 -719699
569612 416546
13328 817806
647273 -536181
549149 540495
-842338 602070
540933 639649
171099 705155
-802919 -549338
426220 -75744
-478866 384178
787757 100324
682659 190957
144340 -912415
112087 731617
-754422 622267
-189528 389068
302288 -307234
500047 562624
608250 629870
335034 636814
814553 352448
532858 -251953
554869 830024
-507129 -685471
620909 839286
-723643 -210008
-673582 -246980
4451 -249270
-856401 -101590
-555879 -966838
284927 185809
-558241 851503
-392869 -241468
-274321 820715
187107 -160388
-629594 -297081
-299715 -852317
-566469 -184339
-179903 -677577
-818868 201132
-674247 635535
-24142 -272400
-815145 -792296
-37390 -289926
430867 391097
-246672 589182
-487923 -416898
836753 -673120
-839199 -123064
892654 212269
-478248 -689898
-173024 597521
763405 -305931
-65468 668485
614935 -178068
44416 -596948
-913049 -829431
-218560 566595
-30198 -243892
-100555 -203852
859970 658651
-276613 -266519
168193 -664175
362321 167158
34168 -868437
-577954 -524071
-440632 840107
-211456 -761660
-466745 -901039
324925 611305
499283 -370269
502384 227959
-955234 145503
-133810 319861
-967721 952190
413501 -950247
706690 -149257
-353773 -929716
-415899 393013
-169670 -526153
189810 -133485
-725953 227634
-307684 600673
-276905 722247
697937 897513
-874301 -722080
-695665 -429655
-120196 322813
592583 620358
10515 912552
366357 -519629
-106585 -994030
-607410 701449
-481114 107330
-257691 -285814
-357464 38158
-677024 916455
102327 481096
-236036 426557
-118121 -644379
-439021 -407205
799892 381363
-640189 -530897
-929747 898241
-420659 481618
30436 536072
-373069 -685281
402303 661482
-632973 -44682
-16397 -230254
629640 -469653
-87877 790698
212799 430446
-791054 -432420
200920 205785
-238231 683701
595711 -796250
14916 475287
281966 -661315
-13845 -509387
147713 -91209
721052 -88424
560863 515032
778682 35601
-50963 -33372
-961646 -368340
305843 473697
19398 -9464
-445537 -877744
176152 -939413
493036 -726648
-792553 -629976
-216573 462458
-751225 -482979
-500836 189122
-569748 -549845
-689602 388588
-393694 -219451
-428653 140997
102260 144771
669252 344595
-546142 62988
588350 -100080
282652 -933221
462802 -251043
-462588 -280973
-233597 -181781
186027 -579694
859939 156678
-284009 -964061
-100877 199619
19510 773858
368981 544209
-143641 96043
-547743 22744
-52125 408677
637843 612677
-654904 -374488
-317836 656230
-77656 373933
-70405 -302396
313189 192884
-508204 -893185
98546 -255776
291596 451212
-867585 752264
172776 255064
-719515 -196899
689768 701933
548236 -887550
293727 -423805
708552 -220549
256883 725207
827767 367703
537057 -343432
724287 447078
29275 329120
-582339 229129
-763777 588906
-529322 -64221
508345 37979
-822639 72756
874619 -22769
535721 -154406
-260881 573358
875235 241140
549787 -585060
-792584 236860
-762598 -203910
-995943 433535
-752542 305617
813264 -276564
-480824 563218
-565839 69301
741901 -80681
740750 408256
702805 484045
27486 13373
613128 -690352
690987 -96134
-532444 813589
270182 619400
-445077 236364
41200 -594518
775505 -936028
-309662 -397909
-126204 -600211
705183 -861423
-977728 428753
240181 19546
333992 -880506
-87554 -334985
-986964 -233780
-185306 422392
-28070 497918
214353 -542386
-203151 -426515
-509914 -305652
87987 -454328
147930 -401433
316117 -351787
-648054 461591
-437624 642279
-883437 -43857
-995134 949880
-525268 -968573
-866356 422404
-582378 237096
874708 855654
-778412 -774671
-249649 -813511
-90577 -428316
-878337 -94956
30660 279884
-490823 799968
196896 666081
488580 593730
354616 -972177
-429305 141438
405267 715942
-376260 811975
-427935 151060
878952 576788
810106 -765124
-959375 -245856
-99900 -935496
-888900 843868
17171 589470
-168004 -262159
-738239 -734331
-13677 -481893
334750 441408
222572 193055
570055 -337532
-890355 365802
508247 -944179
159164 -818663
183861 153737
674851 159938
644303 484341
-953841 324897
-570004 -270878
-205292 -403359
413161 907913
-737843 -385282
-27181 456955
-332224 -178708
39381 525439
-602501 -22752
-875653 -198679
-625852 937921
555767 278486
851850 357981
706385 965079
-481107 -380087
-416767 67263
87638 54398
447639 375286
471914 -23416
-771950 -517224
-917480 70355
-846963 -575400
662482 -391461
-389348 -891908
-595326 474444
-256007 758466
900733 -4710
548767 -1941
383759 -835003
-370614 -697370
-77561 34448
-353289 873107
754670 -409965
-648749 -966757
-444427 -404510
-123110 185721
135073 560462
-259710 -905089
-473356 689348
-479898 841862
558822 559200
-268292 -106415
467527 267622
-729913 -803854
60267 -909746
-488384 877251
597853 623215
-152151 90584
152056 -83895
596186 -465084
-145760 389053
-31600 -463304
-116926 310808
-672721 823628
-593655 -666225
-812349 801582
-724324 101785
-160512 -172774
7282 351739
808140 -926518
18384 -466180
144050 397290
697487 -696596
-590651 44566
-109746 779638
-875063 -495991
-722144 -801828
355125 -280815
-139207 351800
-92842 52401
521305 -354106
732053 106444
-299406 -759305
138112 579621
-20658 -857159
-411026 -47057
481124 -892371
-876454 -334595
741539 847052
304376 -853642
258919 -849725
-264663 463471
-978564 443602
104585 721728
-58268 -280102
730771 161978
-385330 383722
-334376 -202216
-93113 789899
-721832 593788
467221 541542
-804253 -88317
-321452 -163095
-936789 676012
-573996 126739
-827403 -551720
537521 -198950
746005 540405
184462 -810267
6736 -708602
-493535 915134
-366275 -97890
-337520 425793
424796 -312062
879841 -301889
-421080 483055
740593 -818106
-79045 286293
-129229 837474
901208 -658702
-380 261235
703843 -811252
852231 581671
500676 743309
626833 445598
127054 -159713
-42584 -813582
650702 -127182
-80017 -6515
732242 759075
-30915 -799922
275345 -673163
-497503 519947
561519 579422
-71715 838930
774034 19942
292786 323686
626954 937069
806678 488180
76230 759674
415609 -183211
143070 695587
213389 441717
3931 -867405
768185 84194
-119950 -319203
67267 -405769
275667 -551052
436167 -786600
-256229 -372477
-244156 -134301
473603 486823
521594 -398514
-190122 482203
825084 697188
-918967 650335
548413 387873
712895 -508291
-979286 462942
-900090 -647758
-169253 491245
-520267 -70678
170219 216357
283206 301303
-11756 -751120
-238686 -689062
92720 -599178
-305076 473939
682906 180894
379119 128757
-64117 -187817
-628414 -609343
262643 803687
819429 566583
526935 -147141
314624 -865516
480639 -298998
-946754 534483
-175061 8153
313030 421518
97782 -171167
580299 50593
-433063 41468
805675 -831522
-959001 118806
75426 -859282
868267 247182
-424331 -548784
182310 -834135
409481 -972816
-219209 -868659
424280 789257
-470979 -850364
493042 715955
-727721 964288
-622601 333433
-747044 102347
730200 -239034
156228 906678
-708279 471342
775453 516185
-143760 -113315
-480831 -568673
833187 476320
520452 238554
241876 -515513
-721561 114366
694896 -639078
-11241 518144
-863602 264907
139506 282709
-574912 -915319
436916 -418305
-901372 767668
566269 -240622
132713 362330
-735027 -479806
766498 123149
-646478 292885
88686 361614
-727754 809051
830244 -399182
-163706 724615
280519 -867769
-545901 293731
107255 -748385
-346550 -523619
-526356 144277
-86534 100445
-338253 -13710
872124 -624188
-875745 951944
-300378 -564447
-404432 -154660
380171 -195756
-734409 -406443
-564433 -128231
-954981 -42411
-925867 451354
-717290 689569
-126123 756332
-515661 -8170
429475 745653
69 44865
-462617 810664
15559 -802030
565954 -147151
-157040 -17591
858237 -854078
-624397 -906381
235260 -833881
-748161 -369018
664640 -439771
765765 369110
-361897 -304675
503424 -626164
845376 824030
635998 20049
398567 -774617
681957 833606
-89109 913931
566963 103770
139683 -19736
310560 -173193
254518 954293
798579 681755
-437778 172265
-38741 93678
44889 -332489
-987026 -637276
760942 -418362
838716 460156
-804109 -953970
-15007 -644188
295241 -846584
-621106 -213974
-964929 -959360
-474056 -321263
795696 381974
380874 -248070
-559053 -35589
-132813 720762
-923406 -14821
-579116 -166316
-485368 -922895
-809200 858704
-696368 32732
83995 -587009
-116215 136996
745809 871328
-858958 -364668
-402287 -642141
-149913 450030
-258900 -497386
-584951 -540900
388234 -327092
18311 -443595
689153 -78064
488569 955939
805360 -32330
200489 -430772
565338 -106266
-402110 330322
444781 668070
-251528 455784
-922344 -300790
597787 -670224
-633276 842805
760930 403515
-546399 82031
181773 -125766
126145 42103
72141 730867
-908421 -223114
266342 797837
-205861 -753015
247956 -654908
277402 917815
-125049 -598023
474224 108749
462226 209455
685850 -891599
-801205 387915
-693690 680114
249800 -307926
-404841 588904
-494953 -635474
-603596 646548
-195540 962675
375468 -80561
127123 491779
180938 952308
-838739 447549
-824866 873084
-392256 -298387
752119 -750192
60485 63759
733694 -962584
-242985 -460488
560112 -362666
-851924 -760183
548509 -551843
515814 259804
201137 -225785
-715209 -158160
280178 -928377
-265364 951653
440504 -564174
-206243 768414
108710 77480
-289207 395211
-543077 -709383
451666 683155
188011 -70300
88957 -143259
739188 694937
-912580 -701304
-36925 -917946
179102 380374
-211283 -277638
-806768 -650534
-734653 -274317
279356 778624
488246 422164
221285 -822795
-704158 16948
-47653 349264
-943566 -417353
-415984 -174025
80640 742657
503465 878952
-391276 680563
-51683 482144
60318 -502920
857315 -777911
268959 729149
-121647 -920066
-122580 -817163
190763 592161
373073 623657
-346840 219905
583589 369339
-629435 456456
-72048 32730
-137813 -115560
796008 -166373
-195225 -404714
897078 509164
-179283 -517628
95610 128133
812653 -635235
750938 -378584
-676587 -186978
-265527 36448
765750 -552179
-238545 511063
585170 -659097
293438 725892
292484 522410
-783387 249160
433791 957514
905132 822034
642683 32830
-273083 -620307
-895982 -4478
605989 892892
-37670 959472
599575 637529
623388 415451
719028 418712
-822316 589784
-182624 774689
746383 -951029
-462582 414926
-177116 -439845
-647234 701208
753570 -595255
-649790 -927541
472498 118464
-676983 -649622
-452202 191015
-334713 694485
71438 360936
-645419 -854637
-128036 -790620
255178 117081
-406785 -571510
-222550 -858803
326781 -361792
404183 -216027
585576 423202
-605442 -113511
112017 554620
-165093 442057
-463028 -963704
-524903 27038
-657495 94195
-408148 -96587
-419935 456567
-588847 797629
-113093 -929175
-695206 933925
129459 -939104
-954041 748853
-107747 -228574
332518 -934833
5795 809334
651015 92938
-197318 559270
-941170 814994
-534483 692870
-994161 -960181
-874044 223445
-708191 255261
883861 -656559
-280657 -930002
476053 -374523
-974368 224431
-242567 -27347
352501 351366
301065 -96399
542696 874497
892441 -854551
-811970 -934103
-630072 752989
468130 -345144
890744 169569
-164693 -115099
340480 -937654
-979320 260119
-132332 -706763
287502 -505329
604733 274239
818426 -91013
19091 -572506
446272 533680
-907343 -694174
-609292 52607
-724531 -593474
-339641 -818494
-456953 -822912
-779498 -309234
889171 216900
544800 -5890
313116 931257
-750019 -601961
318970 -376742
-89471 880934
-582892 -241654
112787 837563
-478982 -977129
-385243 -105085
-995714 -776636
-944452 709450
501209 -779075
628752 -552914
524556 -8892
572589 -398641
-421022 -450531
624621 139985
-220041 812655
649052 324321
906031 196537
-108587 -944454
-86702 -294120
757016 314226
-924322 -154176
-914497 118636
57476 -741166
-875829 -222323
391477 -634454
320698 -392837
-825086 -427810
-45340 442456
-768482 -590820
-123977 -758914
786572 -484750
-674978 -191296
33983 291961
-755518 826579
-936734 -648618
-573867 147031
-150275 540495
-281900 -762451
-420283 111453
-590898 -783181
445348 -192629
831864 -982073
652356 -710533
-793569 104716
812112 -234589
890602 -11185
129753 -990806
-376548 -460900
-339269 -486412
-498228 -175109
854690 608730
192059 -528110
870522 -150639
-710751 -881291
-597955 -430734
603988 -925820
-493155 -739710
-936229 675996
-200894 -28172
-720061 -204306
-512842 -201620
-801761 606938
989422 539526
44604 96434
375550 331665
775250 211256
-903370 -746274
167770 -828920
-759607 -286213
-645499 -354920
891894 279852
775003 221319
-862890 175865
-868258 -595718
91964 291597
-130206 -828441
-107573 -828983
-159184 486146
465417 654019
-822153 148998
405533 223246
76791 749556
-858319 -934881
900484 -896156
-466709 -5227
-146201 541425
292833 -400410
128109 -422033
348248 -615386
-29303 -889704
-754619 -545038
952283 187040
204361 584982
892236 411725
778194 -861237
111854 804220
54674 989834
427094 471770
199599 -718023
910770 -60651
305143 460808
-434012 174639
261266 904735
12327 23847
525073 426652
564258 6946
75947 -199892
-432924 -938211
800896 -190187
898019 -801160
628795 -628133
-496503 827991
-635410 839413
507953 -152849
379846 -474967
-498554 -752819
-530257 363795
-41466 350223
196358 23219
282154 -103123
-33860 -569849
911773 596945
-181977 851077
-830000 -270428
-36885 867836
867797 546547
-291264 -887570
781497 -47702
-292899 -74723
-851222 -386991
-540629 -14320
-24582 341170
98139 839696
-456771 -51565
-17402 810000
698333 923254
-39505 573681
-798011 396164
838153 901690
838349 570767
559565 571904
-903599 463897
-14241 -963668
-68168 -142412
-782719 -465629
-631299 -179646
360130 566522
-869302 -337978
-791093 -13495
-72749 472419
-126865 -838297
176339 -556647
-32705 -567661
494647 691844
334220 -485151
610969 172988
-300525 -211106
-701225 135078
-378635 -820002
-769 820261
-852392 -464022
204431 761979
-427923 -40316
-615847 285623
385130 354048
196929 752090
-627171 -166537
274654 -803773
-313886 -131796
501825 -942454
564842 148826
432824 -907292
-345280 672641
-643973 651546
904456 -204227
45261 -339215
796187 -780890
743359 123300
713253 869648
473218 -217708
-145887 714063
472515 -165394
-370238 445288
-764057 -71228
736647 514703
816631 477440
-886220 473964
222097 -960444
-814999 -663812
993077 25652
972185 -271527
853458 168558
-103196 993037
107903 -771668
944476 -705590
595809 909314
462857 -190247
377271 216171
-75660 -231797
-298932 710925
721984 -439291
608158 290166
-328736 513417
-580377 853990
435439 -363528
797527 -831061
811372 449074
-719626 -903741
-510157 7610
682388 -52345
-97778 512565
111435 -542144
-312088 -124298
-642065 -376081
-445225 -804329
768339 415098
427378 667176
490911 -744255
-735059 -521358
-405159 550309
314916 223417
-477404 -519483
277905 -698156
716965 170347
342144 -277564
680749 -878330
-184269 -236157
890519 -316158
-825136 100717
-516948 82969
-229108 -132733
-378917 -749050
236684 -882053
-761166 -680180
53603 124040
-402609 -605112
-84772 -409483
274117 -95404
697077 304601
28227 -157455
824586 789437
860529 114556
-732522 903446
-481523 177393
-781957 -691718
838727 -920667
393409 -66037
902450 -734762
761596 374957
-364609 -792550
-112948 -372997
513580 564482
102859 942914
21939 -272034
537125 698432
75489 623254
-27852 353175
937640 448099
616900 21470
-490548 -211292
-473495 99663
-502982 504806
920111 398065
240274 -371071
394632 -276872
-166556 -467024
-311058 -878164
-90280 805051
629401 -313070
-781700 253807
134307 -787501
-483721 -633831
677228 367337
368011 -520690
-361059 304970
648111 308848
141 -88996
194604 175133
338497 250770
991380 -538780
-463535 -936476
517140 -281700
372522 -898015
-212732 504301
592391 592986
-820872 158607
653863 609784
164485 761229
81103 548506
196426 -45073
782112 732295
565947 517185
248572 937040
-48631 -750557
888352 -136011
105672 848168
-611814 47310
-471332 -772050
640853 -521481
-245176 456155
-16243 -914092
149820 -710804
-273931 -67528
-709837 -195377
-381819 137773
-327591 486929
904997 -604873
-239880 -148346
386071 -393443
783331 -65772
438242 160286
-205354 -761013
867849 -905666
950581 -823716
684590 -573724
-654700 132709
74601 373885
750256 691990
-450733 -679021
-655817 -338656
-642309 -243955
-765828 130445
944575 612033
-730295 103118
74368 -181149
906897 382810
-51297 126405
265120 285426
-709417 637300
480524 738178
-565151 124557
-23871 167358
-635377 994650
-886976 290481
20296 63092
-894620 -203418
-336309 171359
-826623 680697
-143692 456919
-355461 -630427
538616 564042
-700240 267222
5810 130807
41381 -3010
-796556 874230
-108550 2190
-472089 -97869
-809028 798030
-370273 841026
-331987 -518422
983088 199931
-852108 739812
13299 316655
-309766 360684
387852 -60697
-606866 717735
-173183 66810
-71362 754977
-335591 181422
591627 -339907
819576 267050
408461 -321425
49760 -783220
-547845 -500535
-537091 486818
719298 967431
833094 438618
-645895 -703969
641493 570857
-157305 -783149
721135 481174
-554890 731570
524672 252994
523211 421459
966963 7593
-82717 38515
-505611 -400372
-35692 -760258
4790 -304623
340300 -624546
633277 670011
-417570 -275290
931060 490518
-670915 627302
-837403 928603
194671 511458
505296 640758
-217318 -367547
-408492 219484
-396040 907613
293264 236147
444845 381728
26876 698847
-632187 -563112
789831 -666234
805239 -477929
-894682 -606914
54954 -259564
905608 -246202
-57931 570857
5642 -263758
600591 -913817
-128538 862350
-146342 -658700
721096 -522552
283147 24068
172984 773019
-801856 501197
151637 -592531
133544 -564156
190126 -140805
306697 -512024
-33779 786694
730187 643039
-208034 -534085
-555710 491953
700594 660232
-816077 -192752
539983 405648
-862637 -12049
-718098 978449
-806953 -219369
-104974 589632
-42011 675417
-656189 858035
421108 -340122
-64696 12771
-87559 -647215
110655 -413233
-572565 -136998
690131 -639862
-297004 -861546
-370244 -250611
77337 -613826
754826 -361099
-762365 -521739
268496 -909051
-388770 137692
419125 -331430
-127211 67544
-867223 -452525
-711909 -57955
799034 -118895
-882986 172550
361303 759511
-180739 -589945
-637569 -773492
637144 24472
-867031 -215494
271446 410736
14783 64810
560474 -314782
-154328 619544
706059 -955042
-225492 686592
707279 -147706
471463 159119
-671433 619268
594156 -255629
110728 -435818
201054 107842
-346914 606847
-579224 62576
739617 -505819
640580 -857188
516624 819619
-141253 -151419
235414 725949
774301 863968
-324423 97625
613938 -368152
600689 68341
476103 -804641
66567 -364524
-312497 619266
276205 184099
-833523 481716
-633609 257996
-486772 -135954
187954 158495
619279 -116779
378102 847237
853286 -388000
358686 828199
168673 190147
283107 622523
-687154 -278872
107260 505649
-722801 -761934
-254496 250267
480578 -296730
-73167 422109
-440100 843951
897704 -1968
221803 -908742
-318814 -639761
845914 -564893
-711765 -923608
-381012 719710
658298 -116789
463790 202131
967052 886016
327750 -111557
-831062 15541
3235 -297936
-608696 850105
-340719 71830
847014 -379603
880101 130686
-474125 -153977
672643 80955
123004 310246
-51416 -82953
657682 -75904
981515 247262
922588 -368820
741396 354683
273282 982670
593020 773671
664933 -368279
111742 20898
280355 -39938
831532 725299
-698710 -402058
-866657 149168
64274 528280
-604024 63094
962866 -120277
544010 713517
-584243 -156616
-844390 -618256
-686068 -744309
924208 -951711
573468 -862009
-901817 -929819
-749994 632432
218489 72465
374310 -630953
-432559 57400
-676138 -560458
387585 -816222
719177 475960
823115 192340
-374401 -870677
593553 -748713
68202 -242038
-188313 -899640
-8211 -173490
-784110 -304233
964468 -593826
745782 866876
613649 -323744
-317579 766557
467052 -638191
-102881 -374352
677514 -628735
-31633 -728552
641111 28421
-861497 355259
-7556 -905134
-242369 724847
-415860 -862823
-872585 -928998
-665646 757956
-386638 -946767
-498307 74928
-39988 -676401
577305 569759
-332583 -440068
-283916 842337
858094 -521817
-15403 -198212
163782 391298
-318873 -384261
232027 10626
-196863 425573
-119112 -731298
447469 -250453
787240 -608716
1767 -397954
-759580 -729821
-180435 541453
-511252 676910
426336 -850144
-314441 -541148
925531 506682
293481 -195423
-195961 191107
121619 359482
454665 197520
-163885 -342115
554098 168220
-323640 -143663
-868561 214243
136760 -566586
676228 583530
230456 609983
-269553 -274313
-660198 335979
-353193 -847382
-813607 633081
612126 469519
289240 696443
-657675 -571599
-885384 459115
971296 607150
-344775 -917084
-423317 22192
366322 977514
347522 147443
-485610 -493709
899679 -770784
-774012 452766
263443 735517
-844101 834563
20629 869292
405460 961619
844463 -719830
240057 -60847
832937 -787744
-477660 -240516
-515066 731811
518564 -45382
-278270 -667008
880670 499390
566568 139111
843282 -348222
384828 552772
-292986 414084
60744 -432942
258475 374352
505505 938275
-76909 521607
-340563 -334509
858109 399472
34076 -249740
-875377 982552
362526 649762
-537250 -266719
521819 776015
826038 -932222
-485553 -708364
-663174 856941
661956 446908
888040 412336
-537728 783351
594728 258321
-557446 -897179
658613 -210260
-348288 870469
-532774 -522034
-207371 -821955
32484 413824
-691043 279522
957350 117013
-388763 -349725
-596955 -689337
-581238 -216618
-386522 414540
313629 -792433
795149 514407
159618 174352
-139860 -869851
303003 617113
533705 -591603
-474644 998821
-618407 -850929
-30236 -786801
-775448 -816062
-554134 323247
-217305 57025
662399 -307170
954127 232233
-25777 -614017
-771258 295269
-280725 -654919
704481 400949
-41037 237174
402904 -142831
91371 -712144
-716856 889066
526135 987876
917428 727550
-766048 -606228
640757 418235
-254206 -493257
411314 -346380
-455399 53106
998375 226899
-602998 505156
929097 -642758
944194 388343
-766614 -334306
327604 -803519
-352475 -118942
539714 807877
628065 -124044
-284204 -430538
152662 -472558
-454055 -44346
-40469 751124
555146 -220681
-242032 -171854
-714424 -620172
-848826 845356
190890 -225414
-401191 945496
651166 589562
137233 -302127
743046 -96820
-700209 -599614
-482568 -884957
-691288 -816474
-732742 -397448
-708861 418277
-436978 -33859
-77326 -495791
424862 -904471
-475022 -762420
982946 19177
-710575 -518976
122780 566434
688530 -434722
40219 439039
-498 82763
92413 75227
-328315 511980
824245 91323
967579 271502
572983 -268636
949659 -747549
-315804 -66225
-631980 132147
652456 -332304
95709 980370
-785993 -64594
651790 -806906
-405884 -144747
877570 -867305
44691 379626
-346677 -376843
96275 -837043
728342 50411
-27606 -288841
537692 -162267
-536070 -578981
-658881 -452617
379164 984795
-465897 881865
890923 712117
-284653 8246
-886942 493304
-400811 -709348
-709397 -519420
-629217 144728
-212844 -170762
-492607 -510538
96795 -218908
-783401 982306
-118939 -247276
-245909 16652
696332 -895458
853274 433877
688055 -765888
-215340 631035
-92962 452754
279451 -130026
-318682 -16695
260603 -456809
-601346 710476
813396 -58062
-746407 -426029
126512 -838075
-489995 259491
371700 808986
91950 -411388
-86939 -487266
-113899 798776
55419 -887584
427970 612221
367689 -642801
993552 -628340
580913 986301
-532053 -876019
374996 -902859
119830 43735
629865 -168588
-349827 -418573
14688 404295
-99921 828163
937720 854392
635040 904859
-370684 -933342
691919 667891
-3950 869352
251508 -788301
-292629 683550
62146 -213530
450628 -613072
-501311 -635863
126327 322323
947034 639092
-627717 -173944
705472 -659990
-299912 -268025
181030 391976
595768 -595802
-584639 -619260
-481652 157101
-783485 -191961
-720005 831944
-820236 -670942
383940 481574
675933 399701
528511 -756238
231850 313071
-97184 419430
757680 930216
-5277 -433365
-679606 -486862
180331 -423966
876456 498251
-602862 964287
-150223 3015
-167366 -874727
532848 -533812
-861697 779215
-775241 782626
181301 -112897
-624946 719931
858842 153511
219398 -129351
17907 -949705
236394 427652
-323555 423375
-228368 -272333
-184561 752609
-265120 68520
-629800 -771466
65163 487317
690197 653577
-172319 493833
-513098 -83149
-846014 -162266
417269 641667
78667 -451531
369746 948177
446960 -941815
-726524 231494
278371 -549332
-871810 -766978
-301350 -189089
-175948 -76053
-844445 706374
-113517 -722653
179982 84760
-597258 418950
159611 -375407
305733 472079
756984 -409409
99626 382101
-331197 214389
824397 136806
-539872 -802751
413042 -362475
585386 746317
922055 732022
157007 -371621
585380 -696286
984785 -824189
647213 860386
505209 818522
137455 267431
-327939 141815
461325 574571
735027 63192
-490034 267458
-638993 -783590
-381712 -290901
-405929 455786
78499 -479025
790281 927875
-165347 -255452
-20749 -898813
406968 -835154
152829 94121
47004 472818
-843885 706358
-336961 171800
497611 746304
505845 -919885
-394063 -714105
-563657 -488361
-328678 -420169
815739 305513
-414785 -655109
276806 -779905
131725 555801
833883 877414
-247297 -788132
997476 852396
-542918 -607429
559301 -304750
-388480 593580
744700 -680171
-124229 492820
-454055 112393
3235 944293
-553075 -824275
-80680 627883
346862 984655
-352733 266726
-453557 324093
219467 522141
284403 -497748
332525 49908
-127697 843017
-163663 788828
-540932 873167
-398479 830330
-393024 -892533
262563 246719
-582634 -160934
653207 545394
71686 -826797
418572 -461095
-383268 5378
-150641 -430126
767195 190300
2873 911296
205131 867925
-388487 -538311
-746395 477911
614959 441522
-795708 474952
-46863 382162
899794 622875
554570 239817
-538010 964285
40661 512506
372863 -837407
351263 -819363
659307 134132
4467 821060
-642683 -449444
157649 -504418
948440 -272182
-395579 -386536
-601114 60477
677920 453564
396720 -823280
455157 422158
866378 50304
-352083 -374148
984998 242631
-260945 903469
-783309 -168317
-189556 -732089
109515 619832
227417 590824
-50269 -306601
-581903 665897
712674 -329623
-807746 -617396
185064 -568816
-173020 982015
-207062 -728943
-168537 603720
-556405 -936395
-528762 -183612
152611 -879384
952314 689013
559871 297984
-8533 229981
-820705 -799069
458701 -489267
-345434 202627
-30766 216083
-59807 120946
-882024 254793
-261429 -899354
944158 -198862
899022 518542
398187 504059
976205 -626197
496527 -185665
-670254 -173548
-151812 -103939
-831978 -123814
483821 -604092
580590 452526
349227 755569
61429 -769560
-746855 -92702
834245 -50319
568397 -344161
405374 451880
-695909 234376
-622865 -127798
680694 -69718
-603321 -399293
385782 756254
402511 -735618
467812 -50199
-662078 652629
642131 -554698
225057 392692
-72349 -84737
-261010 -146811
260537 -633813
888602 235108
-702602 -355984
-442139 723232
-615935 501704
-420498 -171258
-652365 408614
-902790 980242
642811 -697441
-309943 -611779
-387554 872224
715732 445813
580924 624092
849360 344588
-803638 25884
244400 -53533
-246925 -456050
-729972 620146
99080 -678240
612796 268916
80588 -720758
822544 -208672
-533508 968283
529260 -387943
878916 -454388
871026 65963
590203 288726
-45469 -85198
-53416 419415
168574 790036
684927 650720
-453798 93350
836426 -28877
519441 -877525
-440490 505270
-541627 -847916
-562560 -344126
855749 -275569
-854410 564845
798729 995441
-359858 221377
-629488 624150
-559956 -359594
-584680 946817
354987 834049
-110807 -396153
625202 -221591
-191665 -933699
959385 349805
-57569 480392
-346040 -773231
-126216 596957
-385904 -659536
