1000
6434 -7567
6449 -7567
6496 -7567
6650 -7567
7099 -7567
6466 -7567
7074 -7567
6308 -7567
6758 -7567
7080 -7567
6989 -7567
6986 -7567
7042 -7567
7107 -7567
6397 -7567
6552 -7567
6885 -7567
6460 -7567
6640 -7567
7151 -7567
7141 -7567
6883 -7567
6474 -7567
6499 -7567
6511 -7567
7124 -7567
6685 -7567
6865 -7567
7202 -7567
6971 -7567
6798 -7567
6433 -7567
6544 -7567
6694 -7567
6831 -7567
7175 -7567
7132 -7567
7215 -7567
6740 -7567
6892 -7567
7170 -7567
6478 -7567
6647 -7567
6322 -7567
6625 -7567
6452 -7567
6752 -7567
6307 -7567
6622 -7567
6529 -7567
6632 -7567
6536 -7567
7102 -7567
7152 -7567
6639 -7567
6851 -7567
6818 -7567
6334 -7567
6882 -7567
6498 -7567
6968 -7567
6987 -7567
6601 -7567
6942 -7567
6618 -7567
6794 -7567
6265 -7567
7025 -7567
6512 -7567
7095 -7567
7181 -7567
7221 -7567
7077 -7567
6724 -7567
6430 -7567
7097 -7567
6320 -7567
7118 -7567
6427 -7567
6805 -7567
6669 -7567
6405 -7567
6777 -7567
6872 -7567
6955 -7567
7134 -7567
6445 -7567
6994 -7567
7020 -7567
6412 -7567
6315 -7567
6328 -7567
7030 -7567
6890 -7567
6304 -7567
6668 -7567
6900 -7567
6689 -7567
6599 -7567
6469 -7567
6440 -7567
6291 -7567
6300 -7567
6935 -7567
6617 -7567
6866 -7567
6793 -7567
7005 -7567
6605 -7567
6311 -7567
6276 -7567
6533 -7567
7153 -7567
6653 -7567
7251 -7567
6508 -7567
6974 -7567
7159 -7567
6453 -7567
7052 -7567
6275 -7567
6789 -7567
7112 -7567
6384 -7567
6946 -7567
6861 -7567
6442 -7567
7073 -7567
7199 -7567
7130 -7567
6295 -7567
6859 -7567
6949 -7567
6367 -7567
7174 -7567
7091 -7567
7108 -7567
6922 -7567
7127 -7567
6268 -7567
7214 -7567
6751 -7567
6298 -7567
6907 -7567
6555 -7567
6780 -7567
7238 -7567
7106 -7567
6490 -7567
7260 -7567
6506 -7567
6515 -7567
6899 -7567
7180 -7567
7116 -7567
6816 -7567
6925 -7567
6476 -7567
6550 -7567
6819 -7567
6349 -7567
6678 -7567
7229 -7567
6700 -7567
7228 -7567
6402 -7567
6301 -7567
6672 -7567
6682 -7567
6393 -7567
6477 -7567
6410 -7567
6729 -7567
6929 -7567
7258 -7567
7136 -7567
6648 -7567
7149 -7567
6898 -7567
6572 -7567
6575 -7567
6840 -7567
6557 -7567
6342 -7567
6663 -7567
7122 -7567
6799 -7567
6542 -7567
6696 -7567
6879 -7567
7230 -7567
7060 -7567
6802 -7567
6293 -7567
7250 -7567
7022 -7567
6838 -7567
6282 -7567
6310 -7567
6746 -7567
6431 -7567
6825 -7567
6610 -7567
6323 -7567
6918 -7567
6722 -7567
6441 -7567
6619 -7567
6973 -7567
6475 -7567
6902 -7567
7205 -7567
6357 -7567
6568 -7567
7246 -7567
6463 -7567
7169 -7567
6407 -7567
6343 -7567
6947 -7567
7068 -7567
6513 -7567
6728 -7567
6626 -7567
7183 -7567
6770 -7567
6815 -7567
6280 -7567
7058 -7567
6522 -7567
6532 -7567
6735 -7567
6667 -7567
6750 -7567
6425 -7567
6604 -7567
6573 -7567
6944 -7567
6803 -7567
6738 -7567
7109 -7567
7055 -7567
6888 -7567
6948 -7567
6358 -7567
6836 -7567
6848 -7567
6461 -7567
6923 -7567
6309 -7567
6764 -7567
7024 -7567
7139 -7567
7188 -7567
7172 -7567
6329 -7567
6908 -7567
6673 -7567
6565 -7567
7017 -7567
6530 -7567
7114 -7567
6767 -7567
7232 -7567
6456 -7567
7010 -7567
6988 -7567
6699 -7567
6635 -7567
6377 -7567
6492 -7567
6312 -7567
7240 -7567
6306 -7567
7182 -7567
7034 -7567
7048 -7567
7197 -7567
6326 -7567
7211 -7567
6792 -7567
6731 -7567
6509 -7567
6730 -7567
6523 -7567
6417 -7567
6408 -7567
7245 -7567
6467 -7567
6725 -7567
6867 -7567
6992 -7567
7189 -7567
6919 -7567
6996 -7567
7057 -7567
7163 -7567
6376 -7567
6545 -7567
6910 -7567
7227 -7567
6657 -7567
6659 -7567
6587 -7567
6990 -7567
6931 -7567
6487 -7567
7150 -7567
6406 -7567
6482 -7567
6778 -7567
7231 -7567
7145 -7567
6485 -7567
6387 -7567
6906 -7567
6337 -7567
7242 -7567
6547 -7567
7044 -7567
6403 -7567
6563 -7567
7053 -7567
7138 -7567
6493 -7567
7168 -7567
6993 -7567
6849 -7567
6409 -7567
6830 -7567
7065 -7567
6749 -7567
6345 -7567
6920 -7567
7185 -7567
6828 -7567
7190 -7567
7192 -7567
7204 -7567
6999 -7567
6577 -7567
6649 -7567
7076 -7567
7039 -7567
6446 -7567
6502 -7567
7094 -7567
6958 -7567
6681 -7567
6391 -7567
6967 -7567
6753 -7567
6624 -7567
6842 -7567
6693 -7567
6710 -7567
6419 -7567
6379 -7567
6880 -7567
6271 -7567
6809 -7567
7255 -7567
6579 -7567
7253 -7567
6421 -7567
7131 -7567
6963 -7567
7226 -7567
6637 -7567
6595 -7567
6687 -7567
6644 -7567
6540 -7567
6820 -7567
7075 -7567
6739 -7567
6378 -7567
6641 -7567
6481 -7567
7027 -7567
6416 -7567
6586 -7567
6371 -7567
7012 -7567
7196 -7567
7059 -7567
6856 -7567
7236 -7567
6754 -7567
6781 -7567
7084 -7567
7140 -7567
6321 -7567
6877 -7567
7008 -7567
6938 -7567
6602 -7567
6772 -7567
7208 -7567
7079 -7567
6372 -7567
7261 -7567
7179 -7567
7262 -7567
7247 -7567
6455 -7567
7003 -7567
6843 -7567
6964 -7567
6713 -7567
7249 -7567
6525 -7567
6998 -7567
6382 -7567
7105 -7567
6714 -7567
7256 -7567
7148 -7567
6598 -7567
6296 -7567
6294 -7567
6571 -7567
6812 -7567
6330 -7567
7031 -7567
6664 -7567
6335 -7567
6671 -7567
7142 -7567
6857 -7567
6582 -7567
6873 -7567
6277 -7567
6822 -7567
6921 -7567
6519 -7567
7135 -7567
6903 -7567
7047 -7567
6594 -7567
6775 -7567
6576 -7567
6930 -7567
7171 -7567
6853 -7567
6894 -7567
6360 -7567
6313 -7567
7049 -7567
7147 -7567
6616 -7567
6933 -7567
7160 -7567
6941 -7567
6893 -7567
6741 -7567
7234 -7567
7093 -7567
6528 -7567
7193 -7567
6839 -7567
6288 -7567
6620 -7567
7176 -7567
6845 -7567
7177 -7567
6736 -7567
6855 -7567
6914 -7567
6560 -7567
6395 -7567
6596 -7567
6355 -7567
6943 -7567
6609 -7567
6759 -7567
7009 -7567
6340 -7567
6766 -7567
6646 -7567
6521 -7567
6561 -7567
6553 -7567
6763 -7567
7259 -7567
6447 -7567
6518 -7567
6486 -7567
7070 -7567
7001 -7567
6834 -7567
6833 -7567
6742 -7567
6543 -7567
6574 -7567
6494 -7567
6850 -7567
6904 -7567
7061 -7567
6846 -7567
6768 -7567
6688 -7567
6361 -7567
6761 -7567
6585 -7567
7243 -7567
6680 -7567
6957 -7567
6356 -7567
7041 -7567
6917 -7567
6661 -7567
6569 -7567
6501 -7567
6316 -7567
6762 -7567
6796 -7567
6666 -7567
6285 -7567
6984 -7567
6695 -7567
6435 -7567
6631 -7567
6591 -7567
7113 -7567
6462 -7567
6642 -7567
6451 -7567
6978 -7567
6443 -7567
6939 -7567
6924 -7567
6422 -7567
7200 -7567
6691 -7567
6655 -7567
6459 -7567
6590 -7567
6824 -7567
7217 -7567
7089 -7567
6972 -7567
6858 -7567
7023 -7567
6732 -7567
6726 -7567
6381 -7567
7038 -7567
6374 -7567
7100 -7567
6951 -7567
7167 -7567
6400 -7567
6643 -7567
7237 -7567
6995 -7567
7223 -7567
6686 -7567
6495 -7567
7212 -7567
6975 -7567
6835 -7567
6464 -7567
6504 -7567
6806 -7567
6837 -7567
6564 -7567
6704 -7567
6390 -7567
6411 -7567
6969 -7567
6676 -7567
7166 -7567
6979 -7567
6784 -7567
6937 -7567
6706 -7567
7103 -7567
6748 -7567
6385 -7567
6774 -7567
6755 -7567
7235 -7567
7037 -7567
6709 -7567
6491 -7567
6878 -7567
7222 -7567
6832 -7567
6886 -7567
6363 -7567
6479 -7567
6274 -7567
6982 -7567
6707 -7567
7233 -7567
6319 -7567
6597 -7567
6404 -7567
6562 -7567
6717 -7567
6718 -7567
7072 -7567
7110 -7567
7071 -7567
6976 -7567
6660 -7567
6991 -7567
6370 -7567
6997 -7567
6733 -7567
6737 -7567
6333 -7567
6534 -7567
7164 -7567
6915 -7567
6489 -7567
6827 -7567
6558 -7567
6788 -7567
6458 -7567
6314 -7567
6364 -7567
6881 -7567
6353 -7567
6656 -7567
6607 -7567
6633 -7567
6711 -7567
6578 -7567
7144 -7567
7252 -7567
6566 -7567
6535 -7567
7218 -7567
6936 -7567
6424 -7567
7046 -7567
6875 -7567
7111 -7567
6269 -7567
6471 -7567
6346 -7567
6444 -7567
7007 -7567
6538 -7567
6470 -7567
6891 -7567
6303 -7567
7096 -7567
7051 -7567
6712 -7567
6517 -7567
6350 -7567
6614 -7567
7120 -7567
7098 -7567
6524 -7567
6674 -7567
7026 -7567
6559 -7567
6702 -7567
6945 -7567
6273 -7567
6488 -7567
6438 -7567
6584 -7567
6677 -7567
6786 -7567
6347 -7567
6621 -7567
7248 -7567
6266 -7567
6950 -7567
6795 -7567
6765 -7567
6981 -7567
6901 -7567
6399 -7567
6623 -7567
7210 -7567
6510 -7567
7121 -7567
7146 -7567
6570 -7567
7043 -7567
6909 -7567
6583 -7567
6615 -7567
6554 -7567
6484 -7567
6289 -7567
6418 -7567
6705 -7567
7157 -7567
7201 -7567
6473 -7567
6270 -7567
7184 -7567
6428 -7567
7035 -7567
6654 -7567
7224 -7567
6341 -7567
7123 -7567
6760 -7567
7016 -7567
6546 -7567
6290 -7567
7014 -7567
7219 -7567
7165 -7567
6373 -7567
7062 -7567
7128 -7567
6284 -7567
6779 -7567
6432 -7567
6537 -7567
6608 -7567
6791 -7567
6829 -7567
6808 -7567
6683 -7567
6413 -7567
7069 -7567
7263 -7567
6863 -7567
6338 -7567
6630 -7567
6351 -7567
6874 -7567
6801 -7567
6743 -7567
6665 -7567
7195 -7567
6862 -7567
7186 -7567
7013 -7567
6884 -7567
6344 -7567
6278 -7567
6629 -7567
7104 -7567
6896 -7567
7066 -7567
6954 -7567
7126 -7567
6745 -7567
6365 -7567
7156 -7567
6548 -7567
6389 -7567
7162 -7567
6980 -7567
6889 -7567
7018 -7567
6589 -7567
6437 -7567
7029 -7567
7119 -7567
6747 -7567
6472 -7567
6787 -7567
7158 -7567
6429 -7567
6854 -7567
7155 -7567
6928 -7567
6500 -7567
7086 -7567
7213 -7567
6844 -7567
6690 -7567
6272 -7567
6869 -7567
6966 -7567
6457 -7567
7264 -7567
7101 -7567
6769 -7567
6692 -7567
7133 -7567
7220 -7567
6813 -7567
7178 -7567
6897 -7567
6697 -7567
6817 -7567
6756 -7567
7203 -7567
6503 -7567
6634 -7567
6727 -7567
6905 -7567
6651 -7567
7241 -7567
7032 -7567
6305 -7567
7002 -7567
6267 -7567
6366 -7567
6352 -7567
6719 -7567
7082 -7567
6871 -7567
6684 -7567
6847 -7567
6526 -7567
6662 -7567
6527 -7567
6325 -7567
6514 -7567
6415 -7567
7206 -7567
6912 -7567
6927 -7567
6398 -7567
6670 -7567
7209 -7567
6797 -7567
6362 -7567
7191 -7567
7033 -7567
6675 -7567
7063 -7567
6708 -7567
6611 -7567
7028 -7567
6339 -7567
6279 -7567
6292 -7567
6810 -7567
6327 -7567
6913 -7567
6287 -7567
6507 -7567
6593 -7567
6592 -7567
6299 -7567
6701 -7567
6556 -7567
7225 -7567
6744 -7567
6658 -7567
6396 -7567
6331 -7567
7154 -7567
6977 -7567
6606 -7567
6970 -7567
6932 -7567
7239 -7567
6324 -7567
6864 -7567
6721 -7567
7088 -7567
7173 -7567
6628 -7567
7161 -7567
6807 -7567
6734 -7567
7036 -7567
7194 -7567
6652 -7567
7019 -7567
6870 -7567
6380 -7567
6627 -7567
6887 -7567
6541 -7567
6520 -7567
6420 -7567
6497 -7567
6952 -7567
6814 -7567
7085 -7567
6776 -7567
6603 -7567
6716 -7567
7207 -7567
7143 -7567
6959 -7567
6354 -7567
6613 -7567
7000 -7567
7050 -7567
6720 -7567
6783 -7567
6336 -7567
6468 -7567
6332 -7567
6940 -7567
6348 -7567
6465 -7567
6281 -7567
6679 -7567
6638 -7567
6580 -7567
6934 -7567
6375 -7567
7067 -7567
6723 -7567
6401 -7567
6956 -7567
6588 -7567
6771 -7567
6821 -7567
6436 -7567
6953 -7567
6698 -7567
7021 -7567
7064 -7567
6423 -7567
6868 -7567
7006 -7567
6383 -7567
6505 -7567
6811 -7567
6790 -7567
6567 -7567
6297 -7567
6773 -7567
6450 -7567
7081 -7567
6926 -7567
7078 -7567
7056 -7567
6600 -7567
7115 -7567
6826 -7567
6454 -7567
6715 -7567
6480 -7567
6985 -7567
6757 -7567
6581 -7567
6960 -7567
6804 -7567
6876 -7567
6551 -7567
7244 -7567
6895 -7567
6916 -7567
6782 -7567
7087 -7567
7054 -7567
7015 -7567
6911 -7567
7090 -7567
6841 -7567
7257 -7567
6414 -7567
7117 -7567
6539 -7567
6283 -7567
6386 -7567
6483 -7567
7187 -7567
6965 -7567
6439 -7567
7004 -7567
7040 -7567
6549 -7567
6612 -7567
6448 -7567
6800 -7567
7129 -7567
6823 -7567
6703 -7567
6368 -7567
7198 -7567
6531 -7567
7045 -7567
6318 -7567
6983 -7567
6645 -7567
6636 -7567
6369 -7567
6394 -7567
6426 -7567
6852 -7567
7137 -7567
7216 -7567
7083 -7567
7254 -7567
6962 -7567
6785 -7567
6516 -7567
6359 -7567
6961 -7567
7125 -7567
6286 -7567
7092 -7567
6302 -7567
6388 -7567
6860 -7567
6317 -7567
6392 -7567
7011 -7567
5664 8233
5072 8233
5189 8233
5871 8233
5628 8233
5642 8233
5231 8233
5499 8233
5739 8233
5272 8233
5619 8233
5084 8233
5323 8233
5576 8233
5003 8233
5694 8233
5795 8233
5197 8233
5502 8233
5457 8233
5934 8233
5365 8233
5824 8233
5501 8233
5955 8233
5245 8233
5911 8233
5286 8233
5999 8233
5235 8233
5551 8233
5996 8233
5784 8233
5763 8233
5697 8233
5472 8233
5802 8233
5948 8233
5077 8233
5236 8233
5846 8233
5556 8233
5896 8233
5460 8233
5376 8233
5757 8233
5492 8233
5106 8233
5541 8233
5916 8233
5192 8233
5572 8233
5133 8233
5897 8233
5406 8233
5381 8233
5307 8233
5241 8233
5009 8233
5113 8233
5497 8233
5111 8233
5880 8233
5257 8233
5495 8233
5935 8233
5706 8233
5073 8233
5787 8233
5212 8233
5522 8233
5687 8233
5741 8233
5496 8233
5813 8233
5725 8233
5913 8233
5068 8233
5193 8233
5303 8233
5277 8233
5808 8233
5298 8233
5107 8233
5156 8233
5560 8233
5583 8233
5400 8233
5744 8233
5794 8233
5304 8233
5988 8233
5355 8233
5079 8233
5945 8233
5847 8233
5047 8233
5803 8233
5584 8233
5090 8233
5946 8233
5865 8233
5953 8233
5470 8233
5714 8233
5233 8233
5148 8233
5448 8233
5654 8233
5421 8233
5517 8233
5649 8233
5646 8233
5704 8233
5672 8233
5459 8233
5925 8233
5188 8233
5954 8233
5404 8233
5693 8233
5086 8233
5052 8233
5445 8233
5447 8233
5487 8233
5328 8233
5227 8233
5655 8233
5424 8233
5873 8233
5130 8233
5840 8233
5643 8233
5979 8233
5632 8233
5754 8233
5387 8233
5512 8233
5550 8233
5393 8233
5521 8233
5585 8233
5715 8233
5546 8233
5449 8233
5132 8233
5201 8233
5375 8233
5432 8233
5349 8233
5491 8233
5577 8233
5705 8233
5224 8233
5771 8233
5186 8233
5162 8233
5096 8233
5309 8233
5957 8233
5125 8233
5899 8233
5083 8233
5826 8233
5626 8233
5930 8233
5825 8233
5949 8233
5142 8233
5835 8233
5267 8233
5791 8233
5503 8233
5656 8233
5629 8233
5915 8233
5889 8233
5586 8233
5060 8233
5767 8233
5924 8233
5407 8233
5562 8233
5360 8233
5972 8233
5352 8233
5650 8233
5203 8233
5592 8233
5336 8233
5849 8233
5828 8233
5103 8233
5623 8233
5874 8233
5450 8233
5479 8233
5962 8233
5362 8233
5936 8233
5422 8233
5220 8233
5254 8233
5662 8233
5565 8233
5480 8233
5984 8233
5618 8233
5474 8233
5591 8233
5260 8233
5371 8233
5717 8233
5135 8233
5081 8233
5636 8233
5587 8233
5461 8233
5427 8233
5414 8233
5513 8233
5101 8233
5046 8233
5108 8233
5723 8233
5374 8233
5181 8233
5315 8233
5484 8233
5514 8233
5093 8233
5515 8233
5294 8233
5812 8233
5389 8233
5622 8233
5667 8233
5675 8233
5733 8233
5690 8233
5035 8233
5455 8233
5159 8233
5296 8233
5048 8233
5217 8233
5498 8233
5888 8233
5798 8233
5402 8233
5603 8233
5977 8233
5050 8233
5764 8233
5095 8233
5708 8233
5821 8233
5369 8233
5614 8233
5504 8233
5944 8233
5199 8233
5539 8233
5608 8233
5350 8233
5150 8233
5544 8233
5370 8233
5297 8233
5695 8233
5524 8233
5611 8233
5339 8233
5950 8233
5015 8233
5419 8233
5354 8233
5804 8233
5097 8233
5172 8233
5605 8233
5684 8233
5205 8233
5317 8233
5145 8233
5282 8233
5462 8233
5594 8233
5473 8233
5379 8233
5173 8233
5765 8233
5987 8233
5273 8233
5171 8233
5151 8233
5781 8233
5785 8233
5340 8233
5561 8233
5013 8233
5062 8233
5075 8233
5121 8233
5318 8233
5689 8233
5914 8233
5249 8233
5143 8233
5137 8233
5357 8233
5530 8233
5810 8233
5398 8233
5919 8233
5056 8233
5842 8233
5343 8233
5616 8233
5306 8233
5648 8233
5482 8233
5732 8233
5416 8233
5554 8233
5283 8233
5136 8233
5755 8233
5666 8233
5602 8233
5728 8233
5711 8233
5040 8233
5760 8233
5066 8233
5290 8233
5782 8233
5195 8233
5724 8233
5366 8233
5225 8233
5059 8233
5699 8233
5780 8233
5140 8233
5215 8233
5652 8233
5773 8233
5574 8233
5065 8233
5600 8233
5478 8233
5436 8233
5412 8233
5295 8233
5413 8233
5635 8233
5758 8233
5734 8233
5995 8233
5258 8233
5280 8233
5098 8233
5928 8233
5147 8233
5430 8233
5453 8233
5041 8233
5099 8233
5980 8233
5789 8233
5361 8233
5016 8233
5382 8233
5332 8233
5494 8233
5439 8233
5270 8233
5250 8233
5947 8233
5997 8233
5627 8233
5054 8233
5058 8233
5038 8233
5011 8233
5440 8233
5141 8233
5468 8233
5223 8233
5264 8233
5196 8233
5110 8233
5772 8233
5418 8233
5942 8233
5276 8233
5226 8233
5967 8233
5817 8233
5959 8233
5730 8233
5961 8233
5691 8233
5519 8233
5255 8233
5183 8233
5960 8233
5076 8233
5686 8233
5532 8233
5401 8233
5279 8233
5677 8233
5353 8233
5933 8233
5200 8233
5793 8233
5088 8233
5403 8233
5044 8233
5968 8233
5391 8233
5735 8233
5291 8233
5536 8233
5313 8233
5991 8233
5665 8233
5415 8233
5431 8233
5170 8233
5951 8233
5045 8233
5981 8233
5115 8233
5074 8233
5443 8233
5285 8233
5124 8233
5358 8233
5671 8233
5651 8233
5126 8233
5274 8233
5057 8233
5589 8233
5783 8233
5394 8233
5423 8233
5904 8233
5863 8233
5669 8233
5922 8233
5929 8233
5823 8233
5134 8233
5037 8233
5707 8233
5253 8233
5639 8233
5335 8233
5417 8233
5284 8233
5230 8233
5262 8233
5023 8233
5598 8233
5149 8233
5788 8233
5160 8233
5053 8233
5238 8233
5268 8233
5167 8233
5198 8233
5660 8233
5923 8233
5505 8233
5032 8233
5185 8233
5811 8233
5244 8233
5091 8233
5087 8233
5900 8233
5528 8233
5645 8233
5243 8233
5653 8233
5089 8233
5112 8233
5713 8233
5720 8233
5194 8233
5109 8233
5104 8233
5749 8233
5071 8233
5507 8233
5624 8233
5409 8233
5673 8233
5958 8233
5543 8233
5116 8233
5552 8233
5017 8233
5396 8233
5210 8233
5359 8233
5356 8233
5719 8233
5138 8233
5310 8233
5657 8233
5155 8233
5219 8233
5769 8233
5818 8233
5756 8233
5221 8233
5970 8233
5832 8233
5692 8233
5157 8233
5938 8233
5778 8233
5559 8233
5879 8233
5878 8233
5906 8233
5464 8233
5965 8233
5859 8233
5444 8233
5885 8233
5737 8233
5175 8233
5144 8233
5775 8233
5599 8233
5549 8233
5174 8233
5716 8233
5122 8233
5855 8233
5709 8233
5293 8233
5027 8233
5166 8233
5028 8233
5367 8233
5019 8233
5164 8233
5570 8233
5768 8233
5523 8233
5557 8233
5006 8233
5314 8233
5606 8233
5178 8233
5222 8233
5508 8233
5939 8233
5242 8233
5898 8233
5036 8233
5486 8233
5969 8233
5548 8233
5986 8233
5180 8233
5926 8233
5712 8233
5761 8233
5553 8233
5831 8233
5082 8233
5452 8233
5342 8233
5927 8233
5748 8233
5683 8233
5993 8233
5516 8233
5852 8233
5875 8233
5786 8233
5288 8233
5943 8233
5827 8233
5971 8233
5571 8233
5963 8233
5902 8233
5163 8233
5102 8233
5698 8233
5429 8233
5820 8233
5287 8233
5819 8233
5031 8233
5905 8233
5531 8233
5158 8233
5872 8233
5506 8233
5727 8233
5631 8233
5920 8233
5345 8233
5001 8233
5165 8233
5029 8233
5746 8233
5025 8233
5161 8233
5931 8233
5020 8233
5529 8233
5990 8233
5702 8233
5510 8233
5857 8233
5363 8233
5877 8233
5792 8233
5265 8233
5377 8233
5861 8233
5395 8233
5998 8233
5442 8233
5383 8233
5489 8233
5232 8233
5568 8233
5168 8233
5373 8233
5593 8233
5392 8233
5742 8233
5887 8233
5956 8233
5380 8233
5634 8233
5458 8233
5080 8233
5895 8233
5886 8233
5581 8233
5625 8233
5751 8233
5251 8233
5992 8233
5441 8233
5435 8233
5208 8233
5368 8233
5131 8233
5069 8233
5326 8233
5229 8233
5836 8233
5240 8233
5909 8233
5123 8233
5509 8233
5578 8233
5966 8233
5779 8233
5564 8233
5566 8233
5051 8233
5337 8233
5321 8233
5330 8233
5263 8233
5903 8233
5207 8233
5973 8233
5518 8233
5537 8233
5681 8233
5867 8233
5275 8233
5964 8233
5700 8233
5854 8233
5261 8233
5471 8233
5856 8233
5022 8233
5815 8233
5612 8233
5740 8233
5555 8233
5446 8233
5766 8233
5891 8233
5726 8233
5535 8233
5978 8233
5127 8233
5405 8233
5426 8233
5805 8233
5237 8233
5864 8233
5420 8233
5834 8233
5580 8233
5703 8233
5806 8233
5216 8233
5641 8233
5325 8233
5762 8233
5658 8233
5745 8233
5119 8233
5333 8233
5030 8233
5620 8233
5801 8233
5184 8233
5331 8233
5182 8233
5259 8233
5320 8233
5908 8233
5008 8233
5190 8233
5680 8233
5100 8233
5269 8233
5747 8233
5169 8233
5002 8233
5525 8233
5488 8233
5014 8233
5476 8233
5870 8233
5477 8233
5246 8233
5601 8233
5710 8233
5685 8233
5941 8233
5776 8233
5154 8233
5378 8233
5917 8233
5289 8233
5078 8233
5153 8233
5007 8233
5527 8233
5252 8233
5408 8233
5976 8233
5372 8233
5465 8233
5743 8233
5438 8233
5218 8233
5910 8233
5617 8233
5567 8233
5500 8233
5085 8233
5582 8233
5177 8233
5838 8233
5064 8233
5176 8233
5940 8233
5663 8233
5921 8233
5211 8233
5179 8233
5661 8233
5975 8233
5738 8233
5034 8233
5266 8233
5670 8233
5731 8233
5341 8233
5907 8233
5595 8233
5329 8233
5633 8233
5055 8233
5573 8233
5721 8233
5012 8233
5630 8233
5609 8233
5213 8233
5688 8233
5092 8233
5833 8233
5882 8233
5829 8233
5839 8233
5248 8233
5982 8233
5042 8233
5490 8233
5385 8233
5809 8233
5117 8233
5613 8233
5545 8233
5129 8233
5890 8233
5281 8233
5722 8233
5974 8233
5678 8233
5128 8233
5324 8233
5024 8233
5146 8233
5952 8233
5316 8233
5674 8233
5425 8233
5637 8233
5271 8233
5485 8233
5701 8233
5892 8233
5511 8233
5718 8233
5841 8233
5018 8233
5579 8233
5790 8233
5644 8233
5239 8233
5300 8233
5234 8233
5322 8233
5615 8233
5327 8233
5039 8233
5043 8233
5428 8233
5105 8233
5590 8233
5534 8233
5750 8233
5610 8233
5026 8233
6000 8233
5883 8233
5994 8233
5187 8233
5753 8233
5866 8233
5985 8233
5209 8233
5621 8233
5191 8233
5319 8233
5937 8233
5894 8233
5021 8233
5851 8233
5344 8233
5659 8233
5983 8233
5305 8233
5292 8233
5388 8233
5989 8233
5120 8233
5049 8233
5881 8233
5114 8233
5540 8233
5796 8233
5638 8233
5301 8233
5884 8233
5118 8233
5893 8233
5063 8233
5397 8233
5668 8233
5390 8233
5807 8233
5752 8233
5347 8233
5538 8233
5466 8233
5302 8233
5647 8233
5696 8233
5278 8233
5411 8233
5456 8233
5067 8233
5869 8233
5569 8233
5558 8233
5214 8233
5800 8233
5542 8233
5454 8233
5588 8233
5868 8233
5467 8233
5247 8233
5736 8233
5596 8233
5597 8233
5204 8233
5830 8233
5346 8233
5384 8233
5858 8233
5202 8233
5070 8233
5033 8233
5901 8233
5563 8233
5777 8233
5853 8233
5206 8233
5311 8233
5770 8233
5351 8233
5139 8233
5410 8233
5520 8233
5386 8233
5850 8233
5334 8233
5814 8233
5299 8233
5676 8233
5481 8233
5152 8233
5533 8233
5729 8233
5004 8233
5860 8233
5837 8233
5843 8233
5547 8233
5463 8233
5822 8233
5437 8233
5799 8233
5797 8233
5932 8233
5575 8233
5483 8233
5607 8233
5845 8233
5876 8233
5679 8233
5816 8233
5433 8233
5399 8233
5469 8233
5338 8233
5434 8233
5451 8233
5848 8233
5493 8233
5682 8233
5759 8233
5475 8233
5348 8233
5061 8233
5364 8233
5228 8233
5256 8233
5010 8233
5094 8233
5308 8233
5844 8233
5912 8233
5640 8233
5862 8233
5312 8233
5005 8233
5604 8233
5774 8233
5526 8233
5918 8233
