1000
25669 -34887
1915 -9207
7206 -14927
30220 -39807
5541 -13127
35141 -45127
28370 -37807
8427 -16247
-1045 -6007
11128 -19167
5578 -13167
33328 -43167
8538 -16367
20785 -29607
7946 -15727
14754 -23087
2322 -9647
33809 -43687
2618 -9967
7687 -15447
31108 -40767
32403 -42167
31700 -41407
35104 -45087
11165 -19207
23856 -32927
6170 -13807
-46 -7087
4394 -11887
15420 -23807
16345 -24807
32329 -42087
21007 -29847
8723 -16567
14939 -23287
12090 -20207
22043 -30967
1693 -8967
15124 -23487
34549 -44487
26372 -35647
25447 -34647
25077 -34247
2211 -9527
33994 -43887
14088 -22367
1656 -8927
11239 -19287
7798 -15567
-157 -6967
29850 -39407
7650 -15407
13459 -21687
25188 -34367
33846 -43727
4357 -11847
24633 -33767
10795 -18807
15309 -23687
23893 -32967
23190 -32207
16012 -24447
11868 -19967
33661 -43527
17492 -26047
31182 -40847
20452 -29247
12830 -21007
20008 -28767
26594 -35887
13052 -21247
25965 -35207
21414 -30287
1434 -8687
19675 -28407
8094 -15887
-823 -6247
5874 -13487
28518 -37967
20600 -29407
17270 -25807
27038 -36367
24300 -33407
16419 -24887
3062 -10447
14791 -23127
34697 -44647
9352 -17247
9463 -17367
27001 -36327
2692 -10047
8131 -15927
13422 -21647
24226 -33327
30072 -39647
18232 -26847
9870 -17807
21303 -30167
16826 -25327
24559 -33687
18935 -27607
30553 -40167
26150 -35407
24707 -33847
34919 -44887
23523 -32567
11609 -19687
9278 -17167
25003 -34167
29628 -39167
14347 -22647
4172 -11647
22080 -31007
8242 -16047
-1674 -5327
19157 -27847
22117 -31047
8464 -16287
8945 -16807
4801 -12327
22487 -31447
25410 -34607
28777 -38247
9907 -17847
17159 -25687
18121 -26727
17233 -25767
24485 -33607
1952 -9247
31219 -40887
26668 -35967
4616 -12127
34512 -44447
14569 -22887
-83 -7047
34031 -43927
16604 -25087
13237 -21447
25040 -34207
-897 -6167
23412 -32447
28703 -38167
13274 -21487
8686 -16527
14680 -23007
3765 -11207
22746 -31727
26853 -36167
20119 -28887
1175 -8407
22561 -31527
12423 -20567
8612 -16447
13681 -21927
29221 -38727
31256 -40927
30960 -40607
33883 -43767
25558 -34767
5689 -13287
9648 -17567
31811 -41527
10869 -18887
21155 -30007
28629 -38087
28074 -37487
8871 -16727
1804 -9087
17899 -26487
21710 -30607
33254 -43087
33180 -43007
28222 -37647
287 -7447
15346 -23727
16530 -25007
17788 -26367
3802 -11247
-1341 -5687
24781 -33927
25780 -35007
5504 -13087
25743 -34967
18010 -26607
21747 -30647
24337 -33447
7983 -15767
19379 -28087
22931 -31927
16086 -24527
29591 -39127
35067 -45047
1730 -9007
11535 -19607
1138 -8367
21118 -29967
17196 -25727
3617 -11047
9685 -17607
2544 -9887
31737 -41447
5171 -12727
11424 -19487
16493 -24967
13311 -21527
6392 -14047
2433 -9767
24374 -33487
34438 -44367
32181 -41927
18306 -26927
2359 -9687
32958 -42767
-1637 -5367
22228 -31167
5356 -12927
21340 -30207
2655 -10007
8649 -16487
8575 -16407
32144 -41887
24855 -34007
25299 -34487
8353 -16167
6466 -14127
2951 -10327
31922 -41647
8316 -16127
18454 -27087
2507 -9847
29184 -38687
4542 -12047
29702 -39247
213 -7367
12534 -20687
19564 -28287
33587 -43447
5911 -13527
17862 -26447
12571 -20727
19786 -28527
23486 -32527
11091 -19127
31663 -41367
22857 -31847
4579 -12087
22820 -31807
15605 -24007
15642 -24047
11905 -20007
12867 -21047
7428 -15167
13829 -22087
1508 -8767
3173 -10567
6059 -13687
14902 -23247
35252 -45247
34882 -44847
5097 -12647
4875 -12407
5837 -13447
12497 -20647
13496 -21727
7502 -15247
23301 -32327
-564 -6527
31330 -41007
19934 -28687
-601 -6487
6725 -14407
27519 -36887
10055 -18007
4061 -11527
22413 -31367
22968 -31967
19638 -28367
-490 -6607
17529 -26087
26557 -35847
29147 -38647
4135 -11607
26187 -35447
12608 -20767
18195 -26807
7391 -15127
16123 -24567
29480 -39007
34771 -44727
3321 -10727
10573 -18567
25706 -34927
15827 -24247
11831 -19927
21673 -30567
16308 -24767
10351 -18327
9056 -16927
6762 -14447
27408 -36767
6688 -14367
1101 -8327
11387 -19447
16456 -24927
1064 -8287
17085 -25607
26002 -35247
2100 -9407
19268 -27967
13607 -21847
32588 -42367
-268 -6847
23338 -32367
2581 -9927
23671 -32727
-1267 -5767
7872 -15647
30405 -40007
28148 -37567
2137 -9447
18158 -26767
10647 -18647
13977 -22247
5467 -13047
29813 -39367
29924 -39487
18565 -27207
9241 -17127
23708 -32767
7317 -15047
19527 -28247
10018 -17967
13718 -21967
32033 -41767
1545 -8807
14495 -22807
3025 -10407
23967 -33047
5282 -12847
16049 -24487
2988 -10367
22302 -31247
28666 -38127
21821 -30727
4764 -12287
13163 -21367
22265 -31207
6318 -13967
21192 -30047
10203 -18167
10980 -19007
18676 -27327
879 -8087
8982 -16847
30331 -39927
22154 -31087
34623 -44567
17455 -26007
15753 -24167
30886 -40527
27334 -36687
5023 -12567
28555 -38007
29961 -39527
11202 -19247
27149 -36487
10758 -18767
22524 -31487
19971 -28727
23634 -32687
20526 -29327
8760 -16607
2026 -9327
9167 -17047
34142 -44047
25373 -34567
2766 -10127
33143 -42967
20489 -29287
15568 -23967
583 -7767
13866 -22127
14310 -22607
33957 -43847
29332 -38847
8797 -16647
29110 -38607
20563 -29367
15864 -24287
1212 -8447
11572 -19647
27186 -36527
31293 -40967
16974 -25487
27630 -37007
361 -7527
5763 -13367
20674 -29487
32884 -42687
16271 -24727
23375 -32407
-305 -6807
16641 -25127
-1082 -5967
1249 -8487
32107 -41847
14421 -22727
25484 -34687
33920 -43807
31589 -41287
7280 -15007
27926 -37327
17751 -26327
1878 -9167
22191 -31127
12460 -20607
12978 -21167
324 -7487
14643 -22967
27593 -36967
33069 -42887
19712 -28447
7095 -14807
30479 -40087
1286 -8527
1027 -8247
26113 -35367
23042 -32047
31071 -40727
34586 -44527
657 -7847
12941 -21127
33550 -43407
14199 -22487
6244 -13887
6281 -13927
250 -7407
34956 -44927
19601 -28327
26927 -36247
28592 -38047
24041 -33127
25928 -35167
17344 -25887
6799 -14487
3284 -10687
34660 -44607
17381 -25927
4431 -11927
13533 -21767
34105 -44007
916 -8127
1397 -8647
28407 -37847
17566 -26127
21525 -30407
24448 -33567
12127 -20247
18602 -27247
19083 -27767
35178 -45167
23930 -33007
20822 -29647
20230 -29007
3469 -10887
16567 -25047
-1415 -5607
34364 -44287
12275 -20407
5319 -12887
7021 -14727
3839 -11287
24152 -33247
22894 -31887
18084 -26687
12164 -20287
6133 -13767
3950 -11407
29665 -39207
2729 -10087
10166 -18127
31404 -41087
31478 -41167
7613 -15367
31441 -41127
11979 -20087
14384 -22687
9130 -17007
14606 -22927
33513 -43367
23745 -32807
10906 -18927
3099 -10487
33624 -43487
18824 -27487
22376 -31327
16937 -25447
15161 -23527
34401 -44327
18047 -26647
10388 -18367
28000 -37407
18750 -27407
34845 -44807
3247 -10647
-1378 -5647
842 -8047
14051 -22327
24596 -33727
34808 -44767
28 -7167
21266 -30127
29369 -38887
32736 -42527
29036 -38527
20933 -29767
4690 -12207
4246 -11727
-712 -6367
9389 -17287
20748 -29567
12349 -20487
29073 -38567
1323 -8567
11054 -19087
21451 -30327
8834 -16687
5060 -12607
4949 -12487
-379 -6727
26816 -36127
23597 -32647
25225 -34407
32921 -42727
32070 -41807
3876 -11327
24670 -33807
3136 -10527
27112 -36447
2803 -10167
9537 -17447
19194 -27887
18639 -27287
2840 -10207
20193 -28967
6910 -14607
13903 -22167
-1600 -5407
20045 -28807
6873 -14567
24744 -33887
16234 -24687
24892 -34047
32292 -42047
10277 -18247
-749 -6327
-1304 -5727
18861 -27527
6355 -14007
3654 -11087
23560 -32607
26298 -35567
3358 -10767
13200 -21407
30664 -40287
12238 -20367
28185 -37607
25262 -34447
7354 -15087
26446 -35727
23116 -32127
21044 -29887
435 -7607
6614 -14287
21636 -30527
8205 -16007
12201 -20327
3210 -10607
12645 -20807
34068 -43967
22450 -31407
19416 -28127
7761 -15527
13940 -22207
28962 -38447
11720 -19807
-120 -7007
16382 -24847
31034 -40687
176 -7327
25854 -35087
4505 -12007
6096 -13727
10943 -18967
32662 -42447
14273 -22567
20859 -29687
13570 -21807
12053 -20167
20156 -28927
12386 -20527
3691 -11127
31367 -41047
27482 -36847
30627 -40247
34216 -44127
11794 -19887
26631 -35927
29517 -39047
26705 -36007
12719 -20887
28925 -38407
11017 -19047
27445 -36807
23819 -32887
19490 -28207
15272 -23647
27667 -37047
-1711 -5287
5245 -12807
32773 -42567
19120 -27807
14865 -23207
10610 -18607
21488 -30367
11461 -19527
5393 -12967
32810 -42607
32551 -42327
3543 -10967
24818 -33967
27889 -37287
26409 -35687
16715 -25207
20341 -29127
31515 -41207
26779 -36087
14162 -22447
15679 -24087
15716 -24127
694 -7887
18343 -26967
32514 -42287
65 -7207
139 -7287
14717 -23047
18972 -27647
27741 -37127
30516 -40127
24004 -33087
16863 -25367
26483 -35767
5800 -13407
8390 -16207
11646 -19727
8057 -15847
-1748 -5247
-860 -6207
30923 -40567
26335 -35607
8168 -15967
33217 -43047
12793 -20967
33439 -43287
29295 -38807
18417 -27047
13348 -21567
9796 -17727
32366 -42127
19897 -28647
15235 -23607
16160 -24607
24263 -33367
32995 -42807
29739 -39287
13126 -21327
24189 -33287
30183 -39767
9500 -17407
-1156 -5887
4209 -11687
14458 -22767
31552 -41247
34253 -44167
9093 -16967
4320 -11807
9944 -17887
23449 -32487
2396 -9727
26964 -36287
5208 -12767
32440 -42207
8279 -16087
26742 -36047
16678 -25167
398 -7567
32847 -42647
-1452 -5567
-416 -6687
23079 -32087
29443 -38967
546 -7727
28111 -37527
23782 -32847
22339 -31287
30442 -40047
6429 -14087
21858 -30767
34993 -44967
28888 -38367
33106 -42927
21599 -30487
32477 -42247
7909 -15687
27260 -36607
18380 -27007
15901 -24327
990 -8207
17640 -26207
1360 -8607
12312 -20447
1582 -8847
12016 -20127
10314 -18287
3728 -11167
17048 -25567
6207 -13847
19231 -27927
20378 -29167
15938 -24367
28999 -38487
1767 -9047
-638 -6447
27815 -37207
25632 -34847
2877 -10247
13089 -21287
30812 -40447
23153 -32167
22672 -31647
11498 -19567
6984 -14687
33772 -43647
11350 -19407
-1489 -5527
27556 -36927
17418 -25967
6022 -13647
1989 -9287
17011 -25527
24411 -33527
26076 -35327
19009 -27687
10092 -18047
11942 -20047
14236 -22527
15457 -23847
8908 -16767
17122 -25647
6503 -14167
28481 -37927
8020 -15807
7724 -15487
33365 -43207
24522 -33647
25595 -34807
5985 -13607
33735 -43607
30368 -39967
9574 -17487
7539 -15287
23227 -32247
9722 -17647
15531 -23927
30257 -39847
28333 -37767
10721 -18727
3432 -10847
731 -7927
31626 -41327
18898 -27567
20267 -29047
17677 -26247
21932 -30847
4727 -12247
8501 -16327
11683 -19767
5615 -13207
26039 -35287
29776 -39327
15494 -23887
7465 -15207
4912 -12447
30849 -40487
10240 -18207
6540 -14207
16752 -25247
30738 -40367
25891 -35127
24115 -33207
28259 -37687
1471 -8727
13644 -21887
5134 -12687
-786 -6287
31959 -41687
35215 -45207
21081 -29927
509 -7687
33698 -43567
2914 -10287
-194 -6927
2248 -9567
23005 -32007
24078 -33167
18491 -27127
15975 -24407
10462 -18447
26890 -36207
18528 -27167
28037 -37447
805 -8007
29406 -38927
12756 -20927
21229 -30087
21562 -30447
3987 -11447
4653 -12167
6577 -14247
9315 -17207
17936 -26527
3506 -10927
25114 -34287
27297 -36647
30997 -40647
9426 -17327
2174 -9487
9833 -17767
102 -7247
4283 -11767
34179 -44087
27963 -37367
21377 -30247
-675 -6407
20637 -29447
4838 -12367
16900 -25407
17307 -25847
27075 -36407
31145 -40807
15013 -23367
2285 -9607
6836 -14527
7132 -14847
19046 -27727
28740 -38207
29258 -38767
10499 -18487
27778 -37167
9759 -17687
9204 -17087
14532 -22847
19305 -28007
-342 -6767
10684 -18687
20082 -28847
27704 -37087
15790 -24207
32699 -42487
4468 -11967
33032 -42847
7243 -14967
768 -7967
27223 -36567
34734 -44687
13015 -21207
12682 -20847
11313 -19367
-527 -6567
12904 -21087
17603 -26167
-231 -6887
28444 -37887
15050 -23407
15198 -23567
14014 -22287
11757 -19847
-934 -6127
31774 -41487
-9 -7127
21895 -30807
19823 -28567
29554 -39087
5652 -13247
22635 -31607
22598 -31567
30590 -40207
19749 -28487
28814 -38287
2063 -9367
-1119 -5927
7169 -14887
15383 -23767
35030 -45007
34475 -44407
14828 -23167
20711 -29527
32625 -42407
29887 -39447
30035 -39607
31885 -41607
17714 -26287
7058 -14767
17825 -26407
11276 -19327
3913 -11367
9981 -17927
10832 -18847
10129 -18087
3395 -10807
18269 -26887
2470 -9807
19453 -28167
33402 -43247
22006 -30927
20970 -29807
6947 -14647
22709 -31687
34290 -44207
30294 -39887
472 -7647
620 -7807
16789 -25287
25817 -35047
14125 -22407
16197 -24647
33291 -43127
-1230 -5807
10536 -18527
21969 -30887
1841 -9127
21784 -30687
31996 -41727
7835 -15607
30109 -39687
3580 -11007
-1008 -6047
-971 -6087
18787 -27447
1619 -8887
17973 -26567
32255 -42007
5430 -13007
27852 -37247
-1193 -5847
25521 -34727
31848 -41567
-453 -6647
28296 -37727
28851 -38327
13385 -21607
4098 -11567
5726 -13327
953 -8167
7576 -15327
32218 -41967
22783 -31767
30146 -39727
4986 -12527
9611 -17527
6651 -14327
20896 -29727
19860 -28607
26520 -35807
27371 -36727
20415 -29207
10425 -18407
33476 -43327
25151 -34327
19342 -28047
26224 -35487
5948 -13567
30775 -40407
14976 -23327
24966 -34127
24929 -34087
30701 -40327
4024 -11487
34327 -44247
25336 -34527
9019 -16887
-1563 -5447
29998 -39567
18713 -27367
23264 -32287
-1526 -5487
26261 -35527
20304 -29087
13755 -22007
15087 -23447
24824 -34434
26082 -35794
1551 -9274
30300 -40354
9321 -17674
10912 -19394
-3000 -4354
3808 -11714
24898 -34514
15315 -24154
14686 -23474
1181 -8874
25231 -34874
11245 -19754
12429 -21034
-3259 -4074
13465 -22154
11541 -20074
-484 -7074
21124 -30434
13983 -22714
14242 -22994
3956 -11874
3993 -11914
30818 -40914
1884 -9634
19459 -28634
17868 -26914
4030 -11954
-928 -6594
18719 -27834
8581 -16874
3475 -11354
17165 -26154
-3925 -3354
-669 -6874
14205 -22954
21198 -30514
15241 -24074
16721 -25674
7175 -15354
13946 -22674
17905 -26954
31447 -41594
2143 -9914
3253 -11114
17239 -26234
23899 -33434
5066 -13074
30189 -40234
27821 -37674
-3222 -4114
9136 -17474
2069 -9834
3919 -11834
16684 -25634
10949 -19434
30448 -40514
-4443 -2794
-1557 -5914
5436 -13474
-1668 -5794
-3037 -4314
23307 -32794
19570 -28754
12984 -21634
256 -7874
4400 -12354
12799 -21434
7915 -16154
20902 -30194
6916 -15074
22937 -32394
19237 -28394
20236 -29474
21494 -30834
13095 -21754
16980 -25954
7841 -16074
10875 -19354
16610 -25554
6731 -14874
4955 -12954
26008 -35714
31040 -41154
28080 -37954
22456 -31874
2883 -10714
19052 -28194
32150 -42354
4511 -12474
1921 -9674
20458 -29714
1255 -8954
25823 -35514
18053 -27114
24528 -34114
15167 -23994
9284 -17634
27673 -37514
31706 -41874
21420 -30754
29301 -39274
18016 -27074
25749 -35434
30115 -40154
25638 -35314
14982 -23794
2513 -10314
10172 -18594
28265 -38154
9617 -17994
30263 -40314
7471 -15674
4659 -12634
24935 -34554
31151 -41274
23233 -32714
6953 -15114
31595 -41754
6398 -14514
20606 -29874
4918 -12914
2920 -10754
-2408 -4994
-1039 -6474
23048 -32514
28857 -38794
28709 -38634
7952 -16194
15056 -23874
17683 -26714
27081 -36874
27229 -37034
-558 -6994
29116 -39074
18793 -27914
1477 -9194
17350 -26354
1107 -8794
17091 -26074
1440 -9154
4437 -12394
10394 -18834
-3555 -3754
17757 -26794
31632 -41794
5806 -13874
-4258 -2994
20754 -30034
28043 -37914
27784 -37634
27636 -37474
8729 -17034
15130 -23954
20532 -29794
31965 -42154
17424 -26434
6287 -14394
14279 -23034
7730 -15954
7804 -16034
3845 -11754
-1076 -6434
11393 -19914
25305 -34954
3549 -11434
31299 -41434
30559 -40634
8766 -17074
5029 -13034
-188 -7394
7693 -15914
5843 -13914
19496 -28674
219 -7834
404 -8034
10098 -18514
29412 -39394
20088 -29314
15796 -24674
21383 -30714
7323 -15514
23196 -32674
8840 -17154
17979 -27034
22715 -32154
21531 -30874
17720 -26754
13021 -21674
20310 -29554
7360 -15554
19755 -28954
27710 -37554
10283 -18714
20865 -30154
28487 -38394
4252 -12194
-4739 -2474
18534 -27634
1736 -9474
-3888 -3394
28450 -38354
15648 -24514
5769 -13834
19718 -28914
30633 -40714
20976 -30274
23529 -33034
922 -8594
1847 -9594
28228 -38114
27562 -37394
31373 -41514
11060 -19554
10468 -18914
-4221 -3034
293 -7914
16536 -25474
6694 -14834
24639 -34234
5621 -13674
6324 -14434
18349 -27434
18682 -27794
31077 -41194
-1483 -5994
23677 -33194
27747 -37594
7212 -15394
16462 -25394
-1742 -5714
30670 -40754
31928 -42114
22308 -31714
2365 -10154
4215 -12154
-3629 -3674
20051 -29274
27525 -37354
-2593 -4794
9025 -17354
29708 -39714
-4554 -2674
9062 -17394
2106 -9874
28598 -38514
31817 -41994
7434 -15634
3364 -11234
17646 -26674
24010 -33554
12910 -21554
23640 -33154
30892 -40994
21161 -30474
21346 -30674
2846 -10674
26267 -35994
8174 -16434
8618 -16914
22678 -32114
30004 -40034
5399 -13434
26452 -36194
23751 -33274
4733 -12714
1514 -9234
3179 -11034
11615 -20154
18090 -27154
24158 -33714
12947 -21594
20643 -29914
32187 -42394
-3185 -4154
330 -7954
15352 -24194
27451 -37274
16573 -25514
24676 -34274
14390 -23154
29967 -39994
31743 -41914
30411 -40474
11319 -19834
-3814 -3474
31854 -42034
-1409 -6074
3031 -10874
2550 -10354
11430 -19954
11356 -19874
-225 -7354
7619 -15834
15870 -24754
11171 -19674
25971 -35674
24417 -33994
8322 -16594
5917 -13994
13354 -22034
18275 -27354
30226 -40274
20199 -29434
-3962 -3314
26156 -35874
7101 -15274
21864 -31234
3697 -11594
5584 -13634
1699 -9434
5251 -13274
589 -8234
4104 -12034
22160 -31554
8692 -16994
-1853 -5594
15574 -24434
21975 -31354
24454 -34034
18386 -27474
1366 -9074
14501 -23274
3401 -11274
-2704 -4674
28302 -38194
30744 -40834
-1631 -5834
31558 -41714
367 -7994
24380 -33954
12688 -21314
13872 -22594
21605 -30954
24565 -34154
18164 -27234
16055 -24954
9173 -17514
21050 -30354
19977 -29194
19385 -28554
12318 -20914
15204 -24034
25564 -35234
-2445 -4954
4585 -12554
16314 -25234
22641 -32074
8877 -17194
25453 -35114
18423 -27514
25120 -34754
-299 -7274
16388 -25314
10209 -18634
24343 -33914
22530 -31954
29523 -39514
-3296 -4034
1662 -9394
12836 -21474
22271 -31674
2735 -10554
-4036 -3234
6509 -14634
-2630 -4754
16277 -25194
26415 -36154
3216 -11074
7397 -15594
31484 -41634
27895 -37754
13502 -22194
8211 -16474
32076 -42274
30152 -40194
25379 -35034
24713 -34314
8285 -16554
26378 -36114
5177 -13194
6879 -15034
19829 -29034
24195 -33754
14168 -22914
-743 -6794
24306 -33874
4474 -12434
23159 -32634
28154 -38034
23344 -32834
10616 -19074
25157 -34794
18756 -27874
5288 -13314
1403 -9114
22123 -31514
13613 -22314
-3333 -3994
3734 -11634
5991 -14074
20791 -30074
23566 -33074
6546 -14674
21642 -30994
19644 -28834
8248 -16514
28820 -38754
15722 -24594
6990 -15154
2698 -10514
20421 -29674
23825 -33354
9432 -17794
31891 -42074
13428 -22114
22382 -31794
28931 -38874
-706 -6834
3327 -11194
-2186 -5234
-2075 -5354
-3777 -3514
13280 -21954
20125 -29354
30374 -40434
24787 -34394
4992 -12994
28339 -38234
6102 -14194
-2556 -4834
13724 -22434
-40 -7554
4622 -12594
23936 -33474
2809 -10634
17831 -26874
-3111 -4234
26563 -36314
-4591 -2634
17202 -26194
30966 -41074
-3 -7594
5510 -13554
7989 -16234
29745 -39754
15278 -24114
27118 -36914
8470 -16754
5732 -13794
23122 -32594
12170 -20754
21457 -30794
14834 -23634
27858 -37714
19681 -28874
-2371 -5034
12281 -20874
-2001 -5434
-1372 -6114
25897 -35594
-3518 -3794
5473 -13514
23714 -33234
22197 -31594
17461 -26474
441 -8074
9358 -17714
23085 -32554
29079 -39034
28561 -38474
-151 -7434
6028 -14114
5658 -13714
11985 -20554
12614 -21234
6139 -14234
12096 -20674
-4665 -2554
19903 -29114
20273 -29514
22826 -32274
9691 -18074
11837 -20394
11800 -20354
16166 -25074
-2334 -5074
15611 -24474
11689 -20234
20939 -30234
28746 -38674
14094 -22834
-3703 -3594
-1150 -6354
737 -8394
13243 -21914
18497 -27594
3771 -11674
20162 -29394
12207 -20794
30781 -40874
12725 -21354
11911 -20474
12540 -21154
7545 -15754
13909 -22634
15463 -24314
23381 -32874
-4110 -3154
18571 -27674
28413 -38314
3290 -11154
13058 -21714
22234 -31634
7249 -15434
31336 -41474
29153 -39114
17498 -26514
29264 -39234
25786 -35474
14871 -23674
2994 -10834
-3592 -3714
31410 -41554
17313 -26314
21679 -31034
18312 -27394
8359 -16634
27377 -37194
5214 -13234
26526 -36274
18941 -28074
17535 -26554
20495 -29754
-4332 -2914
-2149 -5274
14057 -22794
11874 -20434
27488 -37314
16758 -25714
26674 -36434
16647 -25594
26193 -35914
27044 -36834
15019 -23834
20717 -29994
8137 -16394
-3481 -3834
31188 -41314
-780 -6754
2217 -9994
13169 -21834
8433 -16714
5547 -13594
2439 -10234
14649 -23434
24861 -34474
6805 -14954
13317 -21994
11504 -20034
6176 -14274
15981 -24874
29338 -39314
12466 -21074
-1002 -6514
15093 -23914
3623 -11514
15833 -24714
1070 -8754
11763 -20314
2328 -10114
5695 -13754
6065 -14154
7138 -15314
14612 -23394
-2223 -5194
478 -8114
22604 -32034
26304 -36034
16832 -25794
6213 -14314
12762 -21394
-854 -6674
-1964 -5474
21309 -30634
23973 -33514
13761 -22474
11208 -19714
29190 -39154
700 -8354
11023 -19514
4289 -12234
18867 -27994
-3370 -3954
24750 -34354
20828 -30114
4363 -12314
9765 -18154
8100 -16354
22752 -32194
13650 -22354
6583 -14714
16795 -25754
11652 -20194
18904 -28034
1625 -9354
31225 -41354
8544 -16834
13132 -21794
16018 -24914
4326 -12274
1588 -9314
-4702 -2514
3512 -11394
-1594 -5874
12244 -20834
10579 -19034
1773 -9514
11578 -20114
26045 -35754
26119 -35834
9987 -18394
1995 -9754
9728 -18114
-4480 -2754
15907 -24794
-2112 -5314
-2667 -4714
4548 -12514
24121 -33674
145 -7754
-3407 -3914
-2741 -4634
21827 -31194
3586 -11474
28894 -38834
6361 -14474
8655 -16954
22493 -31914
6472 -14594
6435 -14554
21790 -31154
18645 -27754
2661 -10474
12873 -21514
29227 -39194
26600 -36354
25601 -35274
9099 -17434
7878 -16114
25046 -34674
17017 -25994
23418 -32914
959 -8634
4178 -12114
29930 -39954
-965 -6554
774 -8434
8914 -17234
-1446 -6034
14353 -23114
21716 -31074
18201 -27274
5880 -13954
27192 -36994
11467 -19994
19311 -28474
22567 -31994
15759 -24634
29671 -39674
25268 -34914
5954 -14034
14723 -23514
11726 -20274
25009 -34634
24972 -34594
6620 -14754
12133 -20714
19015 -28154
-4369 -2874
29819 -39834
22086 -31474
19348 -28514
15537 -24394
31780 -41954
13798 -22514
18238 -27314
2772 -10594
12392 -20994
4770 -12754
10320 -18754
6250 -14354
27266 -37074
22863 -32314
1329 -9034
14797 -23594
-1261 -6234
11948 -20514
27969 -37834
30485 -40554
-77 -7514
14908 -23714
16240 -25154
8063 -16314
16499 -25434
22049 -31434
30522 -40594
-2778 -4594
9913 -18314
2624 -10434
-4147 -3114
1958 -9714
14464 -23234
10986 -19474
7064 -15234
6768 -14914
25527 -35194
19533 -28714
25860 -35554
26341 -36074
28191 -38074
7582 -15794
-1705 -5754
27340 -37154
15685 -24554
10727 -19194
3068 -10914
26489 -36234
29042 -38994
29449 -39434
25934 -35634
19607 -28794
10838 -19314
24084 -33634
32113 -42314
32224 -42434
16092 -24994
13206 -21874
29893 -39914
23455 -32954
27303 -37114
-1113 -6394
27007 -36794
4807 -12794
3438 -11314
2032 -9794
3142 -10994
20680 -29954
-373 -7194
20014 -29234
26748 -36514
26822 -36594
16129 -25034
-262 -7314
-2482 -4914
22789 -32234
515 -8154
28117 -37994
25342 -34994
21013 -30314
17276 -26274
7027 -15194
9395 -17754
29005 -38954
-2519 -4874
24269 -33834
7656 -15874
27599 -37434
626 -8274
17942 -26994
-4295 -2954
4141 -12074
-4776 -2434
9654 -18034
31003 -41114
19422 -28594
848 -8514
25490 -35154
21087 -30394
5103 -13114
5362 -13394
19940 -29154
26970 -36754
-2815 -4554
-2852 -4514
4067 -11994
-891 -6634
19274 -28434
14020 -22754
2402 -10194
20384 -29634
885 -8554
23862 -33394
7767 -15994
9839 -18234
19792 -28994
26785 -36554
17794 -26834
8988 -17314
15426 -24274
-1927 -5514
9543 -17914
31669 -41834
3105 -10954
5140 -13154
-3074 -4274
-447 -7114
18830 -27954
-4628 -2594
-410 -7154
26896 -36674
-4073 -3194
1292 -8994
20347 -29594
10061 -18474
9950 -18354
9210 -17554
17054 -26034
29634 -39634
28672 -38594
15500 -24354
12022 -20594
34 -7634
29560 -39554
19089 -28234
-2889 -4474
9247 -17594
28635 -38554
30596 -40674
-1890 -5554
29486 -39474
30078 -40114
6842 -14994
12651 -21274
17128 -26114
22419 -31834
-1298 -6194
29856 -39874
18127 -27194
23270 -32754
14538 -23314
12059 -20634
6657 -14794
14316 -23074
24047 -33594
4696 -12674
-3148 -4194
9506 -17874
-632 -6914
29782 -39794
26933 -36714
-3740 -3554
29375 -39354
29597 -39594
17572 -26594
-2260 -5154
-595 -6954
26230 -35954
-521 -7034
10801 -19274
2476 -10274
23788 -33314
30855 -40954
22974 -32434
-2297 -5114
31114 -41234
25675 -35354
-817 -6714
28376 -38274
24232 -33794
12503 -21114
-114 -7474
7508 -15714
10431 -18874
21901 -31274
31262 -41394
30929 -41034
23011 -32474
27932 -37794
21938 -31314
-4184 -3074
10764 -19234
-3666 -3634
25194 -34834
14131 -22874
552 -8194
21568 -30914
18608 -27714
-4406 -2834
2957 -10794
10135 -18554
10246 -18674
16425 -25354
-2963 -4394
18460 -27554
7286 -15474
19163 -28314
-1224 -6274
30337 -40394
4844 -12834
10653 -19114
8951 -17274
10505 -18954
25083 -34714
-1335 -6154
19200 -28354
3882 -11794
9802 -18194
1218 -8914
2587 -10394
-1816 -5634
1144 -8834
23603 -33114
11097 -19594
14575 -23354
32039 -42234
-3444 -3874
16203 -25114
-2038 -5394
5325 -13354
10024 -18434
10690 -19154
28006 -37874
13391 -22074
11134 -19634
26711 -36474
2291 -10074
14945 -23754
21272 -30594
71 -7674
18978 -28114
32002 -42194
24491 -34074
26637 -36394
-1779 -5674
12355 -20954
13687 -22394
16869 -25834
1810 -9554
-3999 -3274
19866 -29074
13539 -22234
25416 -35074
4881 -12874
2180 -9954
28968 -38914
17387 -26394
1033 -8714
811 -8474
23492 -32994
-2926 -4434
-1520 -5954
8507 -16794
8803 -17114
16351 -25274
13576 -22274
17609 -26634
2254 -10034
108 -7714
10542 -18994
30041 -40074
31521 -41674
22345 -31754
663 -8314
24602 -34194
20569 -29834
182 -7794
28524 -38434
14760 -23554
-3851 -3434
15944 -24834
8396 -16674
11282 -19794
27155 -36954
3660 -11554
9580 -17954
9469 -17834
16906 -25874
-336 -7234
-4517 -2714
8026 -16274
26859 -36634
19126 -28274
16943 -25914
14427 -23194
30707 -40794
13835 -22554
22012 -31394
996 -8674
21235 -30554
25712 -35394
22900 -32354
28783 -38714
-1187 -6314
12577 -21194
9876 -18274
21753 -31114
10357 -18794
27414 -37234
