100 33 90
31 39
50 80
53 100
26 10
74 18
3 91
81 54
36 70
34 68
86 63
13 11
85 31
82 90
85 29
33 99
37 7
47 34
98 11
85 87
30 35
62 48
97 93
96 14
31 41
39 64
72 54
78 31
81 92
35 74
37 17
80 7
58 53
74 58
80 85
93 80
42 1
94 38
14 54
66 89
12 58
91 66
28 63
51 63
24 27
25 17
26 58
2 37
11 49
74 63
98 45
20 35
42 69
21 11
77 40
52 11
8 11
44 88
59 24
83 31
11 69
77 90
85 46
11 5
72 9
68 98
77 93
6 84
4 68
32 65
73 82
85 11
62 68
95 70
58 27
35 55
70 93
14 6
55 22
8 79
31 19
71 66
78 33
67 78
15 23
27 85
60 15
98 66
60 89
16 51
41 44
65 58
80 57
54 77
38 58
56 36
93 76
70 43
71 61
30 75
