200 79 125
92 188
171 90
131 181
93 58
69 57
97 166
96 47
53 148
22 105
47 132
143 131
46 34
119 100
112 26
19 180
49 18
126 153
146 47
142 104
10 152
47 123
173 48
75 133
173 139
169 90
127 120
63 121
10 75
46 162
145 130
89 166
29 148
13 29
135 59
136 134
184 96
29 35
9 134
110 186
52 11
172 111
18 27
56 120
105 173
21 93
119 122
85 57
94 185
190 76
47 46
17 78
115 86
69 196
10 151
65 172
120 195
163 55
117 108
132 189
83 132
94 98
160 51
175 166
180 133
29 191
3 193
82 200
95 157
181 174
48 15
138 1
179 35
17 8
64 93
140 30
169 185
177 79
27 148
90 6
57 178
66 81
53 12
87 37
91 149
183 94
161 177
141 177
84 41
80 26
159 173
102 134
57 28
102 116
114 71
185 101
1 142
123 188
177 187
61 62
118 96
163 77
189 26
17 129
114 83
27 24
54 47
16 185
16 89
185 83
170 120
25 11
46 95
182 151
148 57
183 72
43 167
30 32
87 93
177 74
179 155
170 197
173 63
5 100
154 27
57 50
160 173
109 88
184 165
152 23
33 128
42 97
26 7
75 43
68 131
99 34
134 173
77 109
108 175
39 16
34 181
172 101
36 173
115 46
173 156
176 29
166 31
150 178
80 113
4 95
137 94
125 143
41 196
47 148
158 70
47 138
119 185
60 103
40 62
114 38
191 135
65 124
71 67
3 77
56 91
109 192
56 126
101 20
30 173
64 120
164 28
60 100
177 144
107 114
182 200
166 106
90 198
67 147
33 27
101 73
190 184
47 151
47 129
120 36
88 199
183 66
130 129
168 189
89 70
179 110
14 48
26 109
91 52
44 128
71 2
161 152
40 130
46 120
148 194
24 45
