200 88 8
159 195
154 34
71 107
54 111
81 123
57 155
180 197
79 160
176 13
57 42
75 7
144 145
26 198
22 164
39 5
86 31
51 63
18 27
6 73
101 94
75 197
5 74
3 193
103 149
109 84
6 154
46 117
44 105
87 105
195 152
142 106
140 93
199 58
31 117
44 53
105 59
109 137
30 19
9 197
21 63
103 46
151 190
40 199
177 14
84 131
172 40
12 172
134 103
157 158
79 10
192 164
188 164
99 186
198 75
49 99
105 128
1 130
164 21
109 50
123 19
84 197
108 150
196 141
172 56
8 88
125 19
177 21
13 23
47 178
113 76
61 129
167 164
196 13
125 70
44 181
6 68
70 16
132 22
61 193
23 66
199 126
159 162
182 131
54 169
107 7
138 46
181 191
159 117
83 119
185 105
18 41
196 37
136 163
4 46
67 46
55 44
117 24
80 192
90 103
47 40
32 99
149 42
153 49
84 44
16 62
150 105
112 58
119 194
96 161
39 97
44 64
20 16
100 121
80 110
168 77
114 42
193 143
39 197
20 91
36 76
165 189
116 61
140 123
18 29
123 8
52 174
25 35
45 151
144 69
7 170
52 38
40 29
148 140
133 79
61 173
125 96
82 84
132 124
68 84
75 72
200 149
125 44
89 166
46 19
111 92
2 48
165 145
1 168
100 40
2 4
85 40
21 36
105 60
28 138
68 115
30 141
194 177
118 186
139 100
22 187
157 35
189 142
156 30
35 70
5 169
40 163
17 33
38 127
78 98
101 120
65 80
129 34
10 84
121 38
179 43
151 33
145 21
183 186
168 154
103 171
122 51
43 67
11 178
99 197
101 68
95 198
67 151
15 81
135 70
175 177
149 147
102 75
125 40
44 21
33 166
31 146
98 47
21 104
184 152
