200 88 199
86 65
158 7
192 75
121 115
163 43
66 10
152 109
6 185
45 156
169 36
122 37
149 178
74 91
177 73
143 180
156 34
116 176
73 118
126 13
25 37
150 26
190 160
119 157
77 156
124 125
74 168
79 191
107 35
141 116
139 148
4 61
9 37
26 186
44 17
94 160
147 84
74 55
193 69
82 30
189 128
14 135
3 181
134 142
165 46
72 16
115 109
188 125
4 39
145 80
44 81
160 28
167 192
180 118
50 188
41 160
173 58
13 80
193 35
181 75
181 44
47 196
61 104
81 110
130 136
124 53
70 68
11 198
141 30
84 40
89 172
62 66
141 83
141 108
20 30
193 24
42 141
19 196
185 160
120 170
127 35
154 193
18 89
113 151
8 86
161 12
158 112
52 147
57 9
101 96
132 73
149 155
200 125
106 31
75 195
163 113
106 179
177 98
103 194
127 8
183 52
64 98
156 168
157 96
60 149
128 150
98 150
98 47
157 146
158 123
4 120
106 174
169 118
189 48
27 113
98 71
82 9
67 30
2 143
74 89
8 141
168 97
30 76
1 66
156 111
182 175
20 99
89 164
105 141
66 98
87 169
102 133
49 9
96 197
29 113
175 187
141 33
161 80
199 49
62 194
159 117
90 182
168 130
138 72
23 42
190 173
129 126
89 131
113 92
66 88
5 120
85 107
149 66
190 108
8 184
141 31
108 13
78 59
135 116
96 32
113 115
148 70
141 168
108 54
140 152
98 46
15 72
188 162
168 27
27 187
4 73
132 139
35 11
123 150
108 16
139 56
33 38
116 166
191 65
100 74
95 123
177 108
113 117
108 75
73 124
3 114
134 46
157 141
59 82
171 20
181 137
113 22
97 133
136 51
147 119
21 197
191 144
153 148
63 23
93 41
