200 144 10
74 172
176 200
18 21
108 186
7 88
41 77
171 161
183 41
56 11
191 81
34 138
198 169
155 20
46 13
170 124
82 56
21 76
79 90
134 106
75 126
147 138
157 23
161 44
137 155
161 168
113 191
67 192
163 129
190 56
12 40
27 4
134 107
168 182
100 197
10 103
5 150
120 92
101 99
69 19
131 103
85 120
17 147
197 2
141 176
143 65
82 60
103 193
92 19
177 111
170 45
162 130
149 34
45 106
79 57
141 30
165 152
175 13
159 188
49 112
121 155
78 130
54 29
84 53
148 36
185 6
105 151
65 108
152 79
46 170
189 112
170 96
173 155
57 48
101 20
179 36
147 163
35 142
194 37
195 119
56 8
141 119
83 75
119 193
173 133
195 128
75 29
42 34
154 112
38 102
132 82
174 38
161 55
81 22
18 64
50 139
105 147
140 160
92 52
54 157
192 138
23 150
49 158
104 92
105 136
161 95
145 74
86 170
146 16
56 3
198 103
102 168
118 164
78 87
114 121
196 39
27 79
170 110
188 86
147 119
77 1
136 37
197 112
155 125
46 21
89 12
170 53
164 36
167 60
142 183
180 136
59 121
9 94
6 119
178 159
15 164
14 131
17 150
111 121
26 44
112 108
70 75
82 172
50 98
25 68
164 119
132 91
139 184
152 78
193 187
56 170
183 169
16 50
82 112
147 93
195 191
25 188
102 66
193 155
170 119
59 127
115 36
163 144
185 63
97 16
12 46
46 94
166 193
188 153
149 72
156 86
195 44
181 78
33 120
27 199
144 24
73 97
192 33
121 80
62 45
25 58
161 47
109 164
27 195
7 101
39 138
123 28
117 67
61 9
135 87
184 51
47 140
43 74
122 59
86 123
71 102
31 47
12 116
73 13
32 80
