200 200 37
78 121
14 182
6 79
114 80
14 43
3 81
119 190
72 50
21 147
19 89
142 28
72 150
8 131
74 162
94 188
137 177
131 86
44 9
118 72
96 60
165 79
23 32
199 109
29 80
8 120
59 18
54 107
65 141
125 91
173 137
89 167
2 1
36 25
8 140
44 107
18 64
23 26
195 39
82 185
156 108
184 192
171 167
63 174
198 128
12 131
107 37
103 144
18 148
183 73
62 148
104 191
15 171
189 27
137 180
63 139
158 176
103 83
14 131
23 76
89 52
169 33
79 49
90 94
163 159
138 117
166 47
183 123
176 26
16 103
120 45
188 106
57 31
115 25
23 67
144 34
153 85
108 67
110 63
184 95
152 49
160 31
100 97
161 7
26 160
172 158
102 84
139 8
78 118
43 87
26 8
161 166
100 88
84 200
152 191
98 69
187 16
42 73
186 191
129 59
54 23
93 16
8 85
120 163
26 28
193 59
61 124
149 91
173 176
152 184
139 1
118 139
58 155
126 80
16 8
112 17
20 128
158 105
152 102
40 107
175 22
122 99
35 199
143 136
63 11
120 69
71 102
107 146
116 125
66 25
83 169
115 16
68 93
93 38
199 148
147 103
155 160
111 83
173 60
49 24
13 9
43 154
129 179
59 111
77 90
36 134
181 94
40 197
152 125
55 172
133 194
94 183
89 59
111 53
189 80
184 90
89 178
130 65
42 10
8 170
30 62
121 135
3 99
74 118
130 83
34 22
168 23
128 113
4 111
74 112
132 118
72 189
5 127
70 106
196 128
97 72
111 99
90 46
120 94
48 119
41 8
54 127
119 23
39 131
81 51
144 145
164 54
124 72
118 56
128 184
144 92
157 110
163 194
75 191
138 193
119 101
89 136
189 151
147 47
94 185
