200 195 147
73 57
73 18
85 73
72 73
73 76
122 73
44 73
194 73
80 73
14 73
48 73
70 73
73 2
73 7
73 133
87 73
73 157
73 59
73 4
193 73
151 73
39 73
184 73
73 175
64 73
73 128
155 73
154 73
73 150
73 173
73 97
73 153
73 200
73 3
73 37
161 73
73 129
73 66
73 116
73 126
73 23
75 73
73 17
54 73
96 73
103 73
73 195
112 73
73 185
141 73
101 73
73 69
199 73
73 27
67 73
73 60
110 73
73 78
114 73
73 40
73 176
156 73
86 73
109 73
68 73
35 73
61 73
127 73
21 73
73 145
73 13
108 73
73 189
73 92
73 139
168 73
73 113
196 73
73 36
73 45
166 73
192 73
73 163
98 73
73 25
187 73
73 11
73 42
191 73
73 26
58 73
183 73
177 73
188 73
73 53
73 89
73 146
31 73
180 73
43 73
73 107
73 182
41 73
144 73
73 172
16 73
143 73
73 135
142 73
73 20
73 148
73 121
73 119
162 73
73 164
130 73
102 73
160 73
73 83
74 73
118 73
73 117
152 73
73 84
71 73
73 123
95 73
73 91
73 46
124 73
73 165
170 73
90 73
158 73
73 178
6 73
30 73
115 73
73 147
73 120
100 73
73 8
49 73
73 106
73 34
15 73
73 62
181 73
111 73
19 73
73 136
73 22
73 132
169 73
73 29
73 140
134 73
73 104
73 137
63 73
73 81
73 186
197 73
73 99
82 73
28 73
73 50
73 79
198 73
73 5
73 10
159 73
33 73
73 47
149 73
73 131
9 73
77 73
1 73
73 167
73 190
73 93
73 125
73 171
73 179
94 73
73 56
51 73
73 138
73 52
65 73
73 55
32 73
24 73
73 174
73 105
73 12
38 73
73 88
