200 196 169
148 79
157 166
132 103
83 2
91 116
95 191
199 34
177 127
102 152
134 199
36 182
66 163
118 141
96 71
67 198
94 64
184 181
195 170
53 46
173 163
79 97
98 10
90 165
16 130
184 136
200 95
129 65
42 174
150 26
29 128
80 53
4 17
167 23
94 147
193 110
102 22
123 39
120 63
144 176
4 60
137 143
145 127
168 111
133 75
26 85
68 140
78 126
114 178
86 40
84 125
198 60
122 156
152 172
186 161
178 136
159 33
192 179
180 12
122 188
21 26
90 14
56 6
9 67
56 97
30 10
196 6
11 99
60 153
43 61
126 76
119 182
161 163
164 179
77 109
93 177
165 57
119 160
115 100
95 7
14 18
73 108
28 18
105 121
125 70
174 27
183 197
13 199
88 140
7 5
12 52
38 176
82 6
25 105
119 49
130 24
174 74
160 122
106 148
147 194
100 182
176 103
196 133
116 71
79 162
111 23
134 132
51 175
38 33
62 117
75 190
71 84
144 48
66 189
123 30
29 171
137 172
125 46
48 20
98 2
178 50
126 193
197 57
81 179
185 72
16 108
32 151
91 151
149 30
51 59
54 73
99 58
67 89
167 186
121 5
41 56
148 81
1 145
170 112
151 115
19 155
45 164
62 18
17 24
110 101
8 133
58 166
21 155
189 142
131 158
88 143
184 129
25 107
15 34
101 80
29 42
1 150
146 107
197 185
58 187
121 118
15 39
139 146
50 35
27 22
22 44
98 195
158 40
154 77
87 86
19 147
62 154
101 37
198 135
109 86
188 104
112 171
120 152
3 23
35 175
69 20
68 94
111 48
143 92
47 15
158 75
11 45
169 191
166 61
108 59
124 146
138 70
31 88
61 189
165 55
55 113
76 185
89 177
156 139
85 180
