200 187 8
197 198
95 94
146 147
16 15
132 133
52 53
45 46
121 122
29 28
178 177
52 51
138 139
70 69
152 151
8 7
47 46
87 88
83 84
34 33
39 38
78 79
116 115
108 109
24 23
167 168
93 94
191 190
5 4
21 20
165 166
182 183
28 27
129 130
74 75
137 136
101 102
172 173
185 186
193 194
114 115
32 33
174 175
67 66
122 123
142 143
97 96
152 153
58 57
10 9
61 60
37 38
128 127
178 179
8 9
130 131
169 170
99 98
125 124
134 135
194 195
53 54
34 35
160 159
142 141
112 111
89 90
17 18
128 129
1 2
3 4
21 22
169 168
50 51
150 149
65 64
105 104
149 148
187 186
31 32
72 73
60 59
189 188
92 93
118 117
49 48
45 44
113 114
138 137
40 41
192 193
70 71
103 102
91 92
83 82
98 97
18 19
171 170
196 195
113 112
44 43
41 42
73 74
25 24
126 127
82 81
120 119
135 136
62 61
174 173
20 19
125 126
27 26
72 71
118 119
132 131
56 57
23 22
155 156
154 155
14 15
58 59
167 166
13 12
6 5
184 183
68 69
86 85
29 30
159 158
161 162
78 77
63 64
141 140
43 42
36 37
164 163
13 14
154 153
162 163
67 68
143 144
103 104
79 80
177 176
139 140
89 88
175 176
108 107
99 100
12 11
55 54
165 164
156 157
191 192
110 111
11 10
133 134
56 55
39 40
161 160
182 181
84 85
95 96
25 26
121 120
157 158
90 91
109 110
17 16
189 190
107 106
146 145
187 188
6 7
151 150
181 180
76 75
124 123
199 200
63 62
76 77
2 3
66 65
101 100
196 197
31 30
179 180
81 80
145 144
147 148
50 49
185 184
86 87
36 35
105 106
117 116
172 171
48 47
199 198
