200 193 9
123 26
145 119
21 29
104 33
18 99
182 24
179 63
39 122
170 68
158 184
167 84
46 125
129 174
1 48
76 48
120 105
85 62
196 52
107 200
46 59
198 67
147 21
100 11
69 31
65 124
62 181
112 197
55 104
85 146
26 112
120 132
40 65
86 63
94 30
86 38
61 166
180 197
138 22
21 158
137 89
196 174
32 95
68 122
190 57
83 124
48 135
136 173
200 177
85 111
4 20
151 158
53 154
25 58
173 63
88 126
199 111
142 37
170 27
72 2
25 143
136 116
190 198
88 56
155 62
152 132
77 177
173 163
195 101
13 104
76 130
78 70
45 28
9 133
47 87
156 70
15 139
6 97
156 1
45 151
107 121
192 155
95 138
150 187
192 187
9 127
23 196
74 198
119 82
109 149
103 78
191 93
114 166
165 136
24 134
49 71
119 60
125 128
58 113
112 164
97 122
114 159
91 86
182 131
27 5
41 46
137 106
138 166
120 100
72 30
106 109
154 110
190 125
44 80
66 78
1 34
82 4
47 140
51 91
8 64
117 33
15 60
17 171
100 19
160 167
74 25
114 127
81 127
64 95
156 16
92 74
161 160
153 121
151 169
80 73
162 192
157 82
165 148
43 98
118 27
102 174
176 106
8 12
65 98
75 11
43 132
115 98
195 88
186 64
160 18
177 111
29 69
175 45
141 41
35 29
58 167
4 142
109 195
14 170
144 43
102 185
23 96
15 126
47 191
72 137
36 70
73 168
191 108
154 124
79 175
126 188
80 10
73 110
142 118
172 110
155 178
87 121
11 17
200 183
108 54
187 18
76 165
17 197
107 90
42 10
41 23
103 108
30 71
55 7
91 69
10 175
189 103
8 24
194 68
118 3
55 26
87 193
33 71
60 50
97 182
