702 327 477 635 
1279 1027 2638 751 
1660 1897 2312 2365 
2695 2668 3166 2419 
3067 4006 3083 3328 
4104 1 3693 3555 
4474 4568 4625 5204 
5973 5864 5657 5275 
6750 6813 6832 7216 
8629 8535 7934 7361 
8860 9053 9182 9574 
9768 9812 9708 628 
519 522 1147 798 
1476 1180 2724 1060 
1597 1761 1851 1865 
2508 2299 2107 1905 
2553 2691 3247 2740 
3458 3036 2 2857 
3843 3989 4018 4276 
5845 5195 5188 4609 
6096 6181 6259 6866 
9266 7302 7274 7122 
9307 8759 9557 7589 
2400 1405 1944 1601 
1472 784 2985 550 
2042 4017 1810 3580 
2324 2449 4999 4819 
3816 3650 4122 3395 
5725 5411 6073 5579 
5422 5351 3 5133 
7696 5634 5896 6676 
6639 6409 6076 6831 
7462 6701 7151 6956 
8012 7362 7199 8185 
9386 7737 9057 9123 
9457 7306 8338 7564 
2709 1997 378 1037 
1959 317 1317 1052 
1380 2443 2517 2616 
3912 2940 2874 4740 
3978 4286 5888 4619 
6097 4 5998 5202 
6233 6416 6581 6983 
8315 8239 8107 8038 
8582 8661 9224 9322 
9525 9480 9452 9333 
9630 9748 2323 2139 
1034 922 681 409 
1292 1638 2100 2104 
2554 2375 2836 5061 
2635 3004 4894 3308 
3602 3585 3584 3381 
3626 4426 5 4516 
6273 4612 4096 4604 
5185 5447 5547 5581 
6285 8166 6125 5909 
6327 6640 6879 7215 
7441 7402 7311 7299 
8607 7583 8220 8362 
441 2040 8611 9842 
657 662 1107 2897 
2189 2051 1714 733 
2425 2675 2896 3478 
3287 3264 3237 3019 
4368 3805 3832 4115 
4394 6 4224 4223 
4406 4775 4827 4925 
5528 5350 5247 5141 
5924 6062 6909 7220 
7547 7442 7433 7373 
7588 7665 8035 8081 
8665 8641 8263 8099 
619 2095 612 8702 
816 786 722 625 
887 992 1389 1695 
4219 2024 1903 1806 
2352 2567 2663 2832 
3627 3936 3201 3154 
3757 7 3854 6232 
5322 5193 4753 4265 
5865 5922 3621 6338 
7017 6505 6488 6450 
7117 7241 7440 7729 
8192 8156 7960 7865 
8214 8378 8350 1424 
687 670 379 736 
5307 1023 4072 1697 
2244 2202 2197 2168 
2513 2739 4635 3404 
2754 3808 3804 3544 
4218 4510 8 4777 
5361 5318 7977 5299 
5513 5606 5678 6000 
7032 6764 6256 6248 
7543 8470 8024 8118 
8779 9025 8359 8310 
8733 832 8785 9670 
2237 2188 1349 958 
1017 1143 1196 384 
4315 3334 2176 1535 
2614 2671 8256 3370 
4340 9 4081 3830 
4661 4986 5180 5433 
6345 6013 5740 5577 
6924 7386 9149 8417 
8545 8771 9795 8514 
9196 9517 9805 9232 
1131 644 1356 489 
495 1599 974 1965 
1362 1167 1342 1658 
1385 4503 1573 1609 
3323 1948 1918 3077 
2228 2380 2814 2977 
3349 10 3139 4636 
3438 3727 3897 4054 
4832 4713 5687 6031 
4903 4930 5100 5445 
6144 7264 5693 7643 
6224 6932 7090 7105 
7143 7273 8017 9983 
395 1171 380 9590 
1160 966 903 815 
3202 1248 1543 1839 
2259 2129 1991 1976 
2644 3461 3671 3500 
3845 3665 4241 3563 
3884 11 4731 4772 
6088 5955 5746 5732 
6250 6299 6382 6512 
7628 7084 7047 6699 
7827 8085 9816 8475 
9454 9350 9147 8699 
8194 726 2036 248 
1105 1487 540 499 
650 1134 2806 1605 
2629 2405 5018 2043 
5151 3240 3713 3799 
5120 5426 4990 4690 
6664 5423 12 5452 
6219 6083 6034 5689 
7197 6694 6828 7129 
7510 7285 9055 7158 
7706 7913 8158 8259 
8454 8438 8418 8297 
9385 8799 9234 9255 
482 396 1230 9963 
689 822 924 964 
1375 2151 1154 993 
1454 1623 1734 1863 
2468 3000 2117 1875 
2487 2598 4555 3028 
4818 13 3531 3076 
4826 4957 5004 5146 
5588 5404 5298 5270 
5724 5754 5906 6251 
7077 7041 6937 6726 
7176 7194 7205 7893 
8472 8416 7903 4201 
4836 362 678 704 
2283 1390 1200 955 
2385 2494 3542 6270 
5089 4847 5545 4719 
5487 5522 14 5879 
6304 8521 6106 5929 
6325 6343 6625 6627 
9413 8288 7922 7331 
1025 1513 9026 7901 
893 856 581 570 
2617 1201 1236 1250 
1553 2637 1466 1463 
1704 2119 2270 2274 
2667 2958 2625 4073 
2946 15 3459 3886 
4992 4904 4299 7485 
5201 6108 6652 6718 
8737 7351 7305 6938 
7660 7831 7842 7891 
8095 8039 8023 8004 
8299 8877 8960 8768 
432 445 1834 8912 
876 461 620 1156 
1613 3635 1272 1494 
1740 1798 3556 1960 
2908 2730 2543 2343 
3239 3376 4630 5103 
4057 16 3925 3747 
4181 3927 4565 4693 
7681 4955 4924 4889 
5716 5873 6275 6855 
7481 7292 7150 6951 
7769 7666 7642 7707 
7918 7906 8010 7772 
2292 256 444 8610 
752 1233 4520 699 
1894 4283 2913 3009 
3418 3318 3106 3066 
2551 4491 5901 4944 
6615 17 5234 5107 
6721 6730 6805 7324 
7799 7577 7575 7338 
7892 7943 8110 8479 
8976 8909 8736 8707 
9050 9253 9271 9347 
9982 9645 2298 1091 
403 588 1057 2898 
2083 1915 1838 1152 
2131 4993 2485 3914 
3540 3276 3058 2961 
4892 4259 4289 4386 
5280 4975 18 4737 
7881 5958 6066 6086 
7008 6121 6103 6091 
7456 9122 8000 8060 
9089 8408 8113 8084 
9754 9125 9312 9402 
9943 9808 9774 9815 
2440 426 600 1176 
2007 1722 1383 1185 
2157 2311 2417 2641 
3616 2767 5190 2472 
3813 4153 4439 4506 
5259 5221 19 4527 
5329 5568 5869 6043 
6376 6368 6262 6247 
6555 6807 6820 6917 
7296 7177 7137 6948 
7624 8167 8055 8446 
510 3773 1682 8698 
712 1579 1624 1664 
5402 3074 2731 3870 
7049 4429 6384 5598 
6410 6604 5994 5654 
6473 20 6650 6923 
7656 7270 8925 7005 
7678 8262 8541 8670 
9740 9096 9394 8766 
9029 9471 9848 9626 
9295 1195 233 1076 
470 613 1013 1298 
3121 1423 4231 1895 
1913 2582 2653 2786 
3250 4469 2912 2847 
3829 4107 4136 7328 
5543 5398 21 4420 
6268 6611 6659 7065 
8339 8028 7967 8650 
8563 8613 9906 9013 
9519 9415 9397 9261 
9456 9548 9565 9859 
1637 410 2279 804 
747 902 1438 2314 
2155 2145 2081 1995 
2254 2374 3698 2316 
2964 2684 4825 2360 
3443 3511 3855 3691 
4308 22 3864 5207 
4331 3537 4927 5176 
5470 5434 5309 9214 
5834 6182 6485 6520 
8459 8413 7663 7010 
8513 9103 9308 9348 
9723 2404 1116 672 
1169 618 2528 806 
1260 3603 1155 4662 
1410 2029 2370 4337 
3186 3008 2571 4998 
3528 6648 3658 4116 
4773 6724 23 4135 
4965 5118 7091 5255 
7135 6574 6492 5776 
7459 6774 6847 6877 
7157 8018 7356 7073 
7183 7271 8320 7371 
8264 8554 7742 8224 
9207 9783 1210 9928 
1104 289 737 1092 
3690 1692 1789 2115 
2982 2980 2541 2444 
3405 3522 5094 3958 
4982 4954 24 4281 
5038 5295 4763 5684 
7089 7056 5760 5698 
7238 7685 7695 7745 
8296 8237 8165 8086 
8496 8800 8935 9270 
783 283 1449 9446 
945 2828 1618 1738 
2386 2248 1858 1760 
2430 4343 2861 3269 
4160 4148 3755 3284 
4233 6878 4551 4665 
6413 25 5631 4895 
6441 6530 5927 7322 
7566 7495 7410 7384 
7710 7909 8578 8642 
9005 8828 8808 8714 
9204 9245 9277 9323 
9766 9551 9405 9346 
3878 1769 271 526 
1584 1437 1106 230 
1647 1747 840 2643 
5017 3576 3543 3484 
3906 4146 4341 4401 
4788 4671 4575 4544 
4905 26 5030 5079 
6375 6291 6041 5225 
6766 6907 7045 7179 
7587 7449 7409 7339 
7622 7636 7641 7679 
8092 7800 7743 7708 
8719 8687 8457 2414 
419 390 320 269 
1270 429 543 427 
2768 2208 2618 731 
2447 2574 2820 2631 
464 3473 4332 3628 
3656 3683 3758 3767 
4236 27 3841 3834 
4295 4033 4411 4493 
5496 5073 4912 4711 
5541 5586 5630 6352 
7078 6883 6792 6354 
7214 7546 7573 7907 
8412 8390 205 2529 
209 356 604 673 
2086 1589 753 676 
2264 2452 5135 2639 
3235 3003 2932 2680 
4143 4190 5980 5209 
5791 5615 28 5248 
5883 5407 6068 6290 
7191 7131 7022 6466 
7211 7253 7304 7417 
8073 7775 7766 7468 
8433 8678 8827 8949 
9666 9509 9110 8955 
9907 554 300 318 
406 474 2236 324 
695 746 908 1085 
1907 1880 1498 1235 
1972 2195 2604 2326 
2822 2630 4133 2507 
3592 4005 29 4185 
4433 4330 4227 4204 
4696 4746 4936 5112 
6438 5787 5480 5345 
6479 6541 6579 6679 
6931 6812 6795 6739 
7814 7509 2276 7759 
638 2266 602 2597 
791 800 967 1562 
3815 446 2057 1940 
2373 2587 3994 2842 
3737 3369 3551 3312 
6943 3910 30 4858 
6365 6202 6002 5212 
6609 6614 6647 8235 
8161 8071 7341 6965 
8879 8476 8798 8872 
1590 1869 9757 7479 
1767 527 933 947 
1523 1464 1305 3649 
1564 1253 2532 2926 
2819 3646 2255 2030 
4757 3007 3743 4354 
3785 31 3692 3667 
4095 4114 5277 4681 
5023 4883 4838 5564 
5271 6274 5300 5417 
5702 5607 7284 5424 
5842 5872 6156 7026 
7100 6333 6690 7357 
9629 7288 946 9088 
1268 3023 471 360 
1354 1359 1826 2376 
3824 3417 6539 2787 
4269 5691 5348 5387 
5959 5644 32 5635 
6087 6287 4418 6712 
7927 7207 7098 7071 
9881 8508 9349 9392 
9596 9799 9758 8307 
694 2437 556 307 
1078 900 765 735 
1361 1547 1853 2899 
3298 3146 6523 2811 
3421 3956 4250 4463 
5519 4623 33 4485 
5567 5629 4686 6534 
7308 6918 6849 6619 
7483 7522 7538 7655 
8217 8048 7988 7915 
8295 8874 8899 9301 
715 4046 9819 9692 
467 534 553 596 
2300 1473 828 4399 
2542 2941 3116 5915 
4462 4447 5797 4083 
4515 34 5438 5475 
5926 7108 4569 5619 
5971 6101 6246 6397 
6719 6671 6535 6453 
6758 9418 7256 7614 
7996 7819 7720 7717 
9640 9374 2291 2665 
1372 3462 869 568 
1569 1969 4369 2510 
2774 2744 1087 2588 
2928 5663 6164 4898 
5672 5671 35 5240 
7626 5885 5823 6519 
6853 6769 6589 6567 
7095 7519 7582 7718 
8211 8117 8592 8313 
9355 9921 7732 9024 
417 314 3051 2302 
622 1127 1591 1657 
4823 1862 1715 1712 
2397 7007 2976 3309 
2948 3236 3132 3117 
3858 4789 36 4939 
5784 5573 5268 5123 
5848 6193 9178 7011 
7196 7142 7130 7076 
7741 7740 7276 8254 
8500 8317 8885 9570 
1255 1140 1517 267 
1850 1980 777 502 
1146 1228 1241 3615 
674 6328 1845 3460 
2186 2322 2477 2678 
3717 3399 37 3068 
3611 5067 3171 3861 
4804 4718 4342 4134 
4876 7085 5242 5710 
6743 7735 6238 5900 
6773 6829 6941 7557 
9897 7869 8249 7984 
768 1047 1103 9973 
1994 871 2734 865 
2011 867 2800 892 
1422 2192 1093 4282 
1612 1938 4543 219 
2957 38 5851 6074 
3228 3636 4979 4949 
5206 7180 7004 4877 
5758 8429 9845 8276 
7980 7974 7796 8345 
8651 8671 9302 9107 
8712 1288 8963 8989 
1033 1788 1379 948 
525 572 2072 411 
741 2794 2640 713 
1968 4559 1461 2805 
2422 2180 2232 2410 
3644 3466 2496 4674 
5616 39 4536 3731 
4470 4318 4020 3844 
6471 7461 6267 4741 
5789 5468 5375 4940 
5686 6518 5932 7868 
8225 6570 8529 7979 
9014 8474 9889 9953 
353 2824 1602 9038 
398 1128 2009 1457 
2391 1754 2984 1432 
2204 3027 2799 1502 
3678 3559 3940 4735 
3795 5127 4240 4242 
4548 40 4498 4445 
7896 4644 4537 5182 
6654 6483 6257 6216 
6714 7182 7527 7719 
8168 8014 7900 8373 
8304 8706 8653 9382 
9712 9216 8991 8720 
7693 2211 259 475 
885 820 808 680 
931 1159 1308 1594 
3920 2012 1911 1763 
2511 2677 2936 3073 
3796 3351 3966 3314 
3778 3944 41 4050 
4799 4475 4290 4271 
5084 5148 5210 5641 
6868 6858 5844 5650 
6881 6925 6998 7136 
7540 7318 7420 8667 
7451 8151 7946 7761 
1450 3822 274 435 
1142 371 1531 1636 
2953 2612 2565 1873 
2987 3311 3676 4593 
4438 4430 4015 3967 
4945 42 5099 5397 
6617 6566 6132 5960 
7231 7345 7561 7774 
8881 8440 8208 7998 
9369 9401 9841 9872 
880 757 595 2830 
987 995 1011 1293 
1860 1675 1653 1568 
2105 2256 2296 3108 
3892 3249 3179 5037 
3902 43 4727 5052 
6454 5605 5088 5054 
6476 6697 6992 7425 
8144 8011 7833 7672 
8280 8305 8560 8931 
9667 9655 9905 9449 
9543 2116 766 938 
1974 2002 1986 2062 
4642 2719 3455 3901 
5257 5826 44 4156 
5525 5757 4490 5974 
6789 6577 6340 6081 
7230 8273 8830 8859 
2579 982 9056 9701 
2205 1402 355 863 
1404 6254 1256 3939 
1506 2032 3629 3959 
4012 4427 3341 3266 
4235 4943 4075 5412 
4567 45 4396 4277 
4673 4724 6964 5022 
6966 6115 5855 8041 
6269 6297 6481 6683 
7259 7016 9280 9242 
7317 8258 9345 8379 
9211 9041 8986 8505 
9501 9422 9696 8984 
2187 490 313 2775 
665 1262 1460 1530 
2664 2661 2894 1728 
5349 3651 2889 824 
3035 2970 2938 2922 
3332 3491 5215 3670 
2882 4971 46 4620 
5408 5414 5515 5551 
6537 6399 6198 5788 
6572 6874 7508 7572 
8087 8032 7965 7826 
8558 8394 9314 8713 
381 1639 2462 1084 
914 925 2089 1122 
2808 1465 1264 1132 
1878 1892 5109 3122 
3081 2843 3426 2673 
4937 47 3447 3770 
4222 4052 3951 3873 
4454 4698 5956 5907 
5592 5486 5444 5421 
5617 5726 5850 6515 
6653 6927 6350 6765 
6680 6729 7125 8308 
225 1283 2093 9775 
2130 1381 220 1955 
1006 551 247 236 
6394 4254 4722 6806 
3107 2988 2518 4682 
3647 4009 5853 4409 
5168 48 7604 4542 
5596 6179 5597 5886 
6553 6504 7937 9673 
7629 7156 8606 9035 
8284 8630 7870 7854 
8355 8370 8531 9135 
9646 9514 9594 7613 
7579 2460 7001 7633 
1026 616 555 340 
1353 2001 2038 2080 
3093 2934 3156 2267 
3133 5096 3261 3408 
4175 3453 3419 3416 
4234 49 4371 4752 
5352 4562 5092 4784 
5593 5721 5770 5775 
6911 6666 6658 6598 
6947 7051 7315 7320 
9268 8833 8735 8360 
9847 9278 9367 9725 
1673 1278 682 3385 
1299 838 1799 5132 
3095 3866 1069 6527 
571 3613 5742 4388 
4852 4780 4758 4497 
5097 50 5211 5244 
5914 8108 5574 5302 
6203 6266 8170 6810 
9770 6999 7500 9172 
8269 8515 8550 8809 
8810 8942 8897 9947 
9857 9423 9358 9753 
3497 1243 928 2623 
1042 286 1295 1320 
927 2106 1687 1626 
3159 3295 5981 3996 
5138 5137 4920 4105 
5450 51 5457 5733 
6298 5456 5923 5919 
6657 6861 7379 7445 
8248 8179 7570 7549 
8271 8638 8686 8821 
9837 8853 9493 1787 
1794 1054 528 272 
2783 985 655 559 
1126 1401 399 309 
2206 2207 3680 1933 
2885 3049 52 4554 
5353 5196 4716 4708 
5472 5731 6188 6422 
7709 7657 7246 7093 
1645 8138 8994 9258 
2707 972 1872 4077 
232 942 3326 4678 
2813 4149 2362 4176 
3026 5825 3606 3725 
4173 53 6602 5977 
4061 4499 5007 4820 
7848 6510 5366 6497 
9259 6703 8577 9902 
7536 7493 7457 6720 
7924 7821 8510 8927 
9828 9508 9393 8640 
1331 276 350 389 
796 789 724 605 
873 891 950 1065 
1431 1347 1973 1214 
1632 1864 3523 2222 
2718 3414 2451 2338 
2747 3225 54 3420 
3653 3596 2626 3435 
3672 4326 4392 4647 
4951 4907 4754 4655 
4958 5517 5648 5897 
7237 7141 6288 6112 
1750 7689 7753 7812 
1766 1324 1355 243 
3849 337 2046 1891 
3060 2881 2353 2350 
3411 3415 4395 3557 
4739 4974 4685 4066 
4968 55 5306 5320 
6744 6311 6160 6025 
6865 6899 7169 7477 
8424 8162 7664 7584 
8850 9075 9281 9420 
9361 507 1406 1746 
629 727 882 1145 
693 1595 1581 2203 
2059 2165 2166 2657 
3042 2923 5321 2560 
3368 3612 3663 3714 
4910 4657 56 4138 
4934 5250 4346 5523 
6889 6022 5803 5761 
7159 7198 7353 7659 
8347 8333 7912 7744 
8387 8675 9021 9170 
9782 9738 9632 9516 
2486 523 730 848 
1649 1338 994 851 
1801 2427 3482 2760 
3164 3162 3137 2879 
3389 4956 3880 4039 
4216 4198 4157 4045 
4391 4416 57 4995 
6514 5659 5500 5129 
6837 7242 7275 7952 
8337 8252 8240 8209 
8540 8764 8939 9120 
9826 9788 9698 9469 
1120 3005 9880 9834 
2076 1074 668 278 
2017 4915 2586 2989 
4443 3868 3364 923 
4667 5812 5015 5416 
5829 58 5763 5636 
5930 5969 6023 6214 
7853 7616 7209 6962 
7873 7999 8097 8190 
9072 8298 8293 1627 
2628 2242 758 408 
2183 2461 496 492 
1630 1775 1809 3131 
2755 3147 3388 4199 
2915 2918 4761 5403 
3771 3383 6522 3335 
3781 4161 59 4291 
4461 5673 4477 5495 
7650 7330 5815 6054 
6419 6402 6280 6185 
7730 6632 7035 7044 
8330 7488 7902 7186 
9615 9745 7837 8062 
8887 325 645 1290 
647 683 717 899 
901 1297 952 3011 
1570 1665 2028 2064 
2504 2415 2409 2313 
2531 2945 3819 3434 
3921 3846 60 3752 
3947 3981 4251 4652 
4963 4942 4884 4654 
5223 5566 6242 6244 
6711 6426 6421 6385 
7036 7228 7521 7648 
8112 7982 7905 7886 
1188 291 566 671 
1058 1028 1008 890 
1098 1982 1412 1416 
2250 3271 1939 1733 
2782 3033 3072 3082 
3769 3492 4287 3203 
3817 61 4442 5085 
5554 5406 5296 5150 
6406 6435 6622 6822 
7074 6958 6902 6884 
7173 7346 7601 7857 
8473 8469 8444 8383 
8693 9031 8911 2231 
1369 1316 4253 392 
592 1958 3092 3223 
3793 3872 4144 3371 
4174 5520 4244 4581 
4824 4770 4629 4585 
5026 5043 62 5392 
5849 5798 5328 5394 
5875 5965 6605 6636 
7725 7235 7160 6709 
8839 7938 9080 8753 
2229 617 577 8511 
374 552 2656 691 
1588 2561 749 3787 
1642 1669 2085 1443 
2692 4747 5334 2349 
3050 5256 3879 3971 
4886 63 4154 5719 
5243 4483 5471 6030 
7947 6016 5937 6779 
6047 6528 6737 8484 
7327 7106 6863 6809 
9060 7994 8213 9173 
8937 8703 8772 8633 
7773 1674 2550 264 
1777 658 623 447 
1173 1183 1663 4349 
2506 2243 951 1693 
4441 3303 3565 4014 
4697 5157 5799 4300 
4972 5033 64 5174 
7602 5665 5533 5292 
6049 6180 6369 6531 
8334 8188 7997 9580 
8549 8637 8902 8905 
9560 9297 9194 9033 
8854 9778 9862 9992 
1198 823 373 1924 
3446 1374 1414 501 
4607 2463 2308 2177 
3662 3740 4387 3982 
4504 5695 4203 4102 
3764 65 4632 5410 
5950 5198 5529 5497 
5984 6045 6431 6526 
7372 6978 6900 6571 
7376 7498 7784 7939 
9363 8867 8507 8358 
1436 1310 433 624 
1194 1115 1029 829 
1222 3530 1366 2878 
1900 1857 1724 1698 
2234 2493 2592 5796 
4028 3988 4389 3380 
4327 4460 66 4576 
6020 7123 5378 4900 
6044 6226 6430 6491 
7432 7070 7000 6546 
9458 7342 7161 7542 
8743 8468 8251 8106 
9477 9455 9128 8784 
1077 991 2445 1771 
1086 1096 1114 1286 
2013 1966 349 4210 
2372 4821 2457 2633 
3622 3198 3044 2649 
3898 3984 4065 2003 
4844 4795 67 4587 
4873 5032 5531 5899 
6236 6124 6003 5904 
6447 6797 6897 7101 
7408 7309 7278 7213 
7531 7959 8547 9081 
1795 8756 9318 8730 
460 895 1284 1481 
6547 2021 1844 3498 
2395 2850 6763 2886 
5002 4363 4139 3538 
5130 68 5386 2346 
7252 5179 6961 6554 
7529 7620 7733 7926 
9061 8843 8838 8448 
9180 9520 9756 1987 
1244 912 834 351 
1249 1391 1459 1496 
2055 3304 1773 1696 
2307 2309 2865 2986 
3422 4191 3176 3088 
3911 3990 4743 4307 
4967 4829 69 4352 
5044 5116 5340 5354 
6123 6011 5972 5553 
6390 6396 6439 6540 
8522 8132 6993 6785 
9605 9513 8932 8952 
2167 1659 771 8845 
2143 2378 1559 2190 
3043 2470 1825 3199 
583 2235 3882 2381 
2933 2780 2624 1224 
5313 3151 1666 3360 
3953 70 3744 3699 
4345 4835 4929 4977 
5940 5816 7201 5288 
5942 6033 6788 6796 
7645 7280 9726 6886 
8177 8731 8848 9158 
9840 9687 9317 9212 
745 2435 633 8672 
1808 1225 956 852 
2078 2127 2170 2788 
3183 3120 3862 2456 
3279 3315 3336 3401 
3797 3554 3496 3444 
3821 71 3877 4011 
5021 4626 4087 4049 
5125 5595 6134 6241 
7447 7099 6735 6271 
7635 7687 7794 8200 
8914 8856 8559 8343 
8922 9364 9664 9568 
698 706 265 329 
1932 1061 1075 1296 
2110 1951 4303 1870 
2492 2566 2573 3163 
3885 3842 3645 3504 
3934 4988 4120 4360 
5278 72 4807 4535 
5699 5954 6067 6332 
6759 6582 6490 6462 
7208 7307 7516 7556 
8205 7949 7888 7607 
8471 8763 9083 9183 
9875 9971 968 252 
257 345 385 387 
2939 756 494 391 
1073 1090 1274 1281 
1920 1587 1480 1470 
2648 4579 3079 3234 
3503 3489 73 3406 
3803 3476 4142 4584 
5603 5216 5013 4806 
5660 5938 6503 7042 
7739 7347 7149 7094 
8164 8283 8453 8628 
9467 9406 9082 8751 
253 2191 376 9541 
965 2421 763 465 
1705 1119 1478 970 
941 2084 1996 1796 
2209 2403 4624 2505 
3233 4605 2711 2610 
3278 74 4079 4530 
4866 2884 3923 4549 
4882 4950 5465 5530 
6717 6521 6145 5611 
7190 7206 7224 7722 
8153 8033 7951 7921 
8219 8988 8580 870 
850 607 1560 234 
3598 1294 2318 1621 
2354 4730 2178 1633 
2845 2892 2924 3097 
6056 3567 3196 3195 
3889 4268 5093 4916 
5380 5213 75 5010 
5449 5571 7677 6258 
6814 6686 6569 6463 
6815 6973 7088 7416 
8480 8148 8139 9040 
8539 8962 9620 9504 
431 2037 9867 8376 
508 762 1313 1360 
2069 3604 1745 1456 
2121 2163 2317 2632 
3167 3055 2763 2741 
3325 3502 4285 3642 
4381 76 3720 3660 
4529 4633 4701 5114 
5572 5442 5336 5175 
5625 5685 5738 5951 
6751 6158 6065 6005 
7043 7068 7263 7359 
7777 7755 7480 7375 
8215 394 976 721 
1392 979 2387 779 
1393 1501 1558 1947 
2464 5272 2339 2282 
3329 3340 4029 4495 
5991 6501 4571 4507 
6221 6284 77 6524 
6668 6655 6638 6635 
7046 7541 7597 7822 
8245 8242 7962 7863 
8585 8943 8910 8968 
9051 8647 9537 9221 
1567 524 688 563 
1109 1044 905 1202 
2088 1337 3686 1662 
2392 1988 2698 1901 
2481 2655 4121 4839 
2972 3595 3185 3126 
3904 4256 78 4358 
5153 4509 4385 4362 
4953 7574 5466 5610 
6445 6371 6348 5874 
6533 6612 6894 6957 
8005 7464 7348 7102 
9243 7895 8404 8595 
1495 1239 1215 1749 
2713 1821 1957 2201 
2815 3158 2621 2455 
2990 6667 3160 4132 
5836 4800 4323 4183 
5913 79 5963 6048 
7050 6840 5968 6201 
7243 7298 7605 7646 
8681 8266 8124 8078 
8732 8744 8807 8990 
9810 9704 9490 9049 
9864 9986 3273 573 
1266 3450 872 818 
1511 3001 3045 984 
4053 3689 5418 3375 
4171 4195 4339 4355 
5027 4973 4606 4377 
5161 5459 80 5538 
5856 5793 5694 5658 
6042 6090 6334 6677 
7020 6987 6967 6839 
7297 7329 7502 7559 
7850 7782 7738 7700 
8631 8656 8486 8133 
579 1529 1596 8465 
632 1158 2333 1187 
1699 1163 2063 487 
1791 1868 2327 2120 
2514 3820 1328 2218 
2515 2521 2872 2887 
3283 81 3251 2975 
3337 3174 3983 4071 
4407 4380 4336 4158 
4546 4570 4611 4961 
5676 5662 5599 5578 
5690 6176 6306 6665 
7471 6913 6872 6783 
4774 268 354 1102 
2348 1971 1582 1419 
2757 2909 2998 3173 
5374 5420 4969 4577 
5389 82 5835 6373 
7232 7015 7014 6922 
7254 7803 7805 8265 
8965 8951 8664 8516 
9727 9719 1790 700 
2995 666 4131 1220 
6786 1396 2094 1694 
6131 1890 3481 1731 
1518 2249 2126 3243 
4232 5755 5560 3480 
4699 5220 83 5639 
8882 7779 6326 6319 
6608 7435 6920 7013 
7711 8543 7392 7086 
9237 8241 8980 8668 
9884 9359 8866 9198 
9967 9769 640 9852 
2101 1668 241 1628 
1149 2944 1312 518 
2355 4229 4479 226 
2701 5160 3041 3182 
4710 5311 569 3310 
5101 5537 7225 5474 
6085 5918 84 5482 
6768 7018 8591 7523 
7764 7747 7658 7555 
7859 7879 8181 8423 
8835 8717 9464 8503 
8956 9206 9831 9482 
1110 9980 9731 9595 
443 449 506 541 
1429 3253 1010 937 
1469 1765 1784 1831 
2499 2479 2123 1832 
2901 2919 4435 3552 
4238 4405 3916 3871 
4325 85 4215 4487 
4842 4841 4809 4513 
4860 5140 5370 5390 
6381 6153 6055 5498 
6826 6910 6940 7115 
7611 7424 7203 8356 
7133 3255 1640 339 
1516 1113 761 2851 
2388 2061 4069 760 
4676 3170 3149 2883 
3259 3291 3373 3733 
4658 5317 4085 3763 
7537 5675 86 5895 
6585 6516 6320 6114 
6644 6693 6727 6915 
8530 7515 7181 7152 
7668 7808 8201 8292 
9499 9500 8660 9923 
8341 246 369 8658 
368 301 281 242 
1884 459 643 4082 
2102 4560 1886 1565 
2937 3064 3579 1949 
4867 4822 4941 4523 
4938 87 5115 5230 
6206 6190 5766 5453 
6252 6263 7038 7058 
8795 8655 8546 7975 
8826 8849 9036 9240 
9545 9444 9438 9425 
9603 1902 1603 319 
1067 896 440 372 
1398 1583 2052 1778 
2289 2809 2008 5516 
2439 3965 2888 3550 
4026 7592 3891 3709 
4294 5062 88 5824 
7446 7303 6556 6253 
7544 7846 7598 7683 
7940 7864 8844 7690 
7981 8393 8544 8568 
9087 9011 9922 8648 
9730 9335 9554 9199 
2853 961 3010 9874 
978 1232 1804 973 
2994 2875 1524 1937 
4419 3289 3302 3391 
3840 3732 3657 3490 
3881 3894 3942 6989 
4985 89 4797 4733 
5039 5069 5264 5882 
7080 4813 6669 6147 
7175 7192 7222 7267 
8255 8141 8080 7985 
8326 8862 9159 1213 
1409 250 2722 4211 
2448 3254 285 2686 
2212 1827 2495 886 
5060 2454 3445 3802 
3333 5767 3048 3913 
3346 5745 3784 5233 
4702 90 4150 5638 
4830 6404 6113 5253 
7450 5356 7444 6549 
6997 5837 6210 6277 
8920 7911 6458 7496 
7025 9044 8767 7639 
9102 7760 9491 9228 
8556 3814 9319 8600 
4292 1247 821 2733 
1399 1100 1708 1751 
720 3624 4013 1842 
3826 4519 4055 1643 
4723 91 4684 4421 
5108 5647 5806 5814 
6401 6170 6019 5833 
7172 7368 7422 7600 
9188 8601 8203 7899 
9193 2034 3969 262 
1275 1164 817 1552 
1440 533 1846 3148 
2965 2490 2287 2154 
3976 3089 4594 3749 
6732 3078 3952 3835 
4023 4165 92 4597 
5794 5435 5325 4714 
5920 6183 6308 8180 
7401 6946 6794 6755 
7594 7716 7844 7961 
8747 9860 8136 8049 
8924 9043 9153 9658 
9535 214 418 361 
412 781 606 641 
1059 1671 725 708 
1477 1548 5238 2019 
2856 2838 2627 2132 
3424 3514 3730 4374 
5713 5274 93 4522 
5780 5928 6035 6077 
7081 6867 6827 6725 
7096 7377 7560 7651 
8488 8174 8149 8109 
8884 9100 9512 9601 
9617 1505 1259 833 
456 1805 1209 3378 
1489 1357 1302 2562 
1491 4213 5427 3818 
3430 4532 3224 2764 
4482 3943 4466 4306 
4786 6093 94 9324 
4896 5232 5379 5964 
6148 8375 5711 5627 
7701 6446 6624 6870 
7791 7438 7340 7189 
8645 9528 8070 8596 
9964 2910 9800 9866 
1377 2144 544 697 
649 513 776 370 
2181 615 3168 1177 
4309 2071 3098 1314 
5105 2717 1828 4019 
3632 95 5058 3017 
4329 3972 7354 3648 
5372 6433 4751 5269 
5177 5261 7780 8025 
6383 6295 6139 5508 
7839 6465 8223 7621 
8147 9376 9140 8841 
8892 9002 9608 9460 
827 1329 1877 2683 
975 986 1710 1600 
1978 3526 6172 1670 
2196 5262 2765 2773 
4058 4488 3783 2935 
4266 4715 5332 4798 
5748 96 5992 5124 
8755 6010 6118 6359 
7786 7281 7279 9202 
7818 7845 8040 8123 
8973 8929 8131 9305 
9625 9226 9273 9944 
304 3712 8349 9341 
654 819 1095 1350 
2601 2564 2519 1896 
2837 4814 4010 4221 
5491 5344 5839 4664 
5589 97 6229 6307 
7618 7513 7455 7126 
7867 7990 8120 8154 
9637 8525 8260 8218 
9104 9900 2844 357 
1946 1534 1413 2301 
4103 5128 2877 3386 
1257 3792 3721 3710 
4125 4431 5041 5078 
5492 5285 6192 5082 
5534 5623 98 6227 
7381 7333 6916 6366 
7415 7478 7815 7878 
8814 8694 8614 8352 
8941 9479 9496 9578 
9681 9856 9647 9634 
1462 653 2602 911 
1545 1544 3739 843 
1018 2140 2402 1549 
3047 2803 2789 2727 
3063 3115 6092 3779 
5939 99 5542 4257 
5997 5008 6283 6330 
6715 6641 6464 6460 
7048 7112 7364 7964 
8536 8527 8399 8371 
8950 9284 9419 9644 
1041 240 971 567 
3505 599 1689 780 
637 1289 1002 1083 
4465 1678 4578 1718 
5186 3155 2523 2035 
3970 4110 4262 4328 
6507 4845 100 6631 
5451 5501 5880 5884 
7757 6374 6063 6039 
6525 7059 6733 6836 
7166 7121 7009 6852 
7954 7355 7669 7953 
9635 9395 8129 7830 
1219 1124 277 311 
1088 1043 703 2099 
562 1190 3109 1261 
2067 1755 1453 1304 
3102 2585 2593 2826 
6146 101 2992 2962 
3643 3685 3700 4834 
6782 7612 5294 5072 
7162 7452 7532 8007 
8210 9105 7860 7793 
8238 8533 8805 8836 
9710 9241 807 7972 
1395 334 631 794 
1112 1080 814 2833 
1144 1345 1365 2777 
1898 1532 1479 1403 
1963 2669 4649 4393 
3605 3138 3100 2956 
3941 102 4272 5461 
5252 5050 4901 4653 
5293 5941 5576 5714 
6255 6080 5779 5741 
6126 6846 6293 6405 
7756 6500 7120 6588 
9523 7908 1719 1727 
1001 980 714 580 
3206 1217 1652 1181 
1786 4170 1772 1783 
1871 4205 3212 3379 
4106 3776 3751 3668 
5727 4618 103 4749 
4922 4918 4888 4880 
5068 5119 5369 5502 
5744 5729 5728 5866 
6542 6024 6178 6249 
7204 6935 6824 8974 
7662 8728 8410 8434 
799 521 7244 7591 
743 750 1333 861 
1428 2530 1216 1030 
1815 1992 2148 2174 
2930 5646 2359 2284 
2959 3032 3119 3180 
4364 104 3620 3200 
4558 4035 5463 5737 
6310 6120 6060 5795 
6551 7066 7619 7667 
8552 8518 8436 8227 
9067 9239 9269 1162 
853 294 1585 201 
1108 2609 1267 1519 
2020 1999 2320 1921 
2047 2060 2216 2217 
3823 2606 2793 2246 
2772 3090 105 3244 
4186 3960 5730 3955 
4208 4478 4603 4688 
5594 5550 4966 4750 
5618 5626 5720 7370 
6015 5773 5771 5762 
9074 7229 7269 8490 
2149 1056 2363 9690 
367 468 516 709 
1387 1287 3812 1040 
4423 1822 3356 1812 
3069 2968 2927 2482 
3188 4563 4634 4207 
5828 106 4494 5979 
4850 4856 5070 5228 
6122 5838 6674 5736 
6021 7721 6127 6264 
6890 6823 6696 7767 
7138 7470 7625 7631 
8075 7876 6389 8575 
1737 906 1538 375 
1318 1690 888 734 
1444 4919 2065 4188 
2547 2344 3423 1904 
3342 7801 3547 3664 
4245 6600 4038 3909 
4408 5029 107 5049 
6470 6313 6213 6184 
6945 6851 8309 7028 
9332 7736 7227 7054 
8043 9478 8234 8057 
9190 9000 8880 8361 
8906 8401 9453 9503 
292 287 3594 4090 
934 1007 1803 1859 
3143 3135 3037 1967 
3344 3831 5178 4288 
4347 5488 4141 4112 
4486 4564 4926 5016 
5428 5184 108 5063 
6487 5810 5986 6053 
8016 6189 6177 6095 
7019 7092 7164 7388 
7751 7715 7712 7499 
8140 7880 7991 7790 
9676 1742 8069 8027 
2572 454 611 732 
1206 1170 2522 1929 
2920 773 1954 2023 
858 3679 2305 2079 
2700 2703 3786 3307 
3711 4068 3652 3512 
5860 109 4228 4304 
4792 4583 4531 4436 
4833 4902 5025 5273 
7746 5681 5677 5620 
6168 6880 7326 7507 
8384 8765 7851 8566 
7973 8840 711 8261 
1931 415 383 707 
2371 742 778 1234 
231 2162 2018 3573 
2432 2433 2488 2817 
3687 3591 4111 3110 
3838 3853 110 4127 
6017 4810 4721 4637 
6165 6494 6591 6672 
7852 7154 6976 6687 
7983 8072 8096 8354 
660 8634 8593 8420 
2172 1819 2169 2128 
531 480 1014 1677 
2335 862 3357 2651 
6316 4280 4512 2860 
2263 5441 3597 7638 
6082 6004 3343 3193 
4270 111 6873 4645 
6442 5258 5191 4887 
5854 5905 6173 6392 
7694 6272 6089 7787 
6331 7185 6876 6821 
8528 7163 7904 9084 
9409 7652 9838 8572 
9989 3230 8895 9623 
2738 336 343 414 
2290 1685 1168 990 
2441 3297 3018 4178 
3575 5364 3361 3257 
3708 3828 3874 3928 
4538 5245 4312 4074 
6072 112 5291 4695 
6364 7770 5975 5881 
6388 6651 6663 6842 
8289 7898 8864 6986 
8449 8485 8590 8775 
8999 9114 8858 8847 
9129 9047 2613 547 
854 1384 462 290 
1151 1251 2796 1576 
3748 2033 1923 1917 
2660 5308 3125 3305 
3688 3581 4691 3433 
5898 4004 113 4908 
5371 3529 5286 5005 
5405 5462 5469 5503 
7688 5892 5705 5569 
5957 6205 6472 6675 
7505 8564 7349 6835 
9267 8089 1117 1240 
255 954 857 4802 
842 1269 1998 2262 
1575 4947 2049 1744 
4383 1928 2662 1022 
2685 4098 2473 4164 
3428 3578 114 4865 
5377 4574 4545 5080 
4840 6167 5479 6057 
7562 5357 5187 5131 
7884 5507 8724 6107 
6661 6493 6243 8083 
6740 7596 8561 8855 
7897 7889 8228 8425 
866 825 251 841 
652 481 450 397 
1909 2854 897 288 
1836 1768 1758 1622 
2122 1943 2538 2265 
4030 3103 2502 2480 
2880 115 3427 3561 
4214 5297 3837 3701 
4246 6137 5381 5583 
6347 6069 6051 5703 
7319 6355 6362 6506 
6882 7249 6903 7752 
686 8466 7856 9154 
401 940 213 1226 
1542 1020 1066 2182 
1561 1648 1421 1407 
3031 1684 1817 1830 
2689 4367 2555 2672 
2737 3363 3352 3130 
3697 116 2776 3263 
4024 7405 4384 4400 
5324 5217 4590 4514 
5894 6360 6552 6777 
8303 7336 7272 6802 
9274 8348 8419 8837 
8612 9303 1910 744 
245 331 1486 755 
944 939 913 835 
1400 3157 3625 2015 
2795 2591 2238 2184 
2798 3608 3350 3410 
3726 4748 117 3553 
4003 4212 4301 4505 
5723 4853 7728 4602 
5946 6356 6561 6734 
7763 7958 6959 6888 
8616 8285 8519 9294 
9162 1667 9298 8608 
1504 2500 2273 202 
3339 1192 608 535 
1854 3558 1735 1927 
3987 3400 1975 1945 
2890 3136 3216 5171 
4128 118 3961 5841 
4042 5668 4177 4552 
5614 6575 4759 4600 
7795 6682 6018 6222 
6791 6628 7473 6469 
8068 6950 7039 7075 
7956 7941 7661 7929 
9825 8983 1644 8314 
669 560 1137 1816 
2337 2831 1439 1625 
2257 929 3768 3187 
4868 2533 3025 2869 
2014 7217 3014 2921 
3468 4415 119 4008 
5510 4893 3852 6934 
5643 6059 6166 6393 
7104 8822 6929 6412 
7200 8311 7382 7463 
8569 8710 8104 7467 
8221 8450 8791 9340 
363 203 1899 2442 
472 2364 739 949 
1833 1726 1277 1035 
545 1953 3268 3246 
2978 2905 2752 2471 
3210 4100 4946 3618 
4370 120 3722 3638 
4680 6495 4976 5019 
5464 5327 5229 5045 
5692 6130 6200 8718 
7006 6748 6673 6562 
7437 7923 7511 8042 
8654 7492 8067 9459 
3141 347 455 478 
1730 1607 705 677 
2056 2321 2476 2746 
3285 3218 3607 2849 
3600 121 3918 3932 
5095 4899 4672 4444 
5432 5546 5831 6985 
8101 7823 7344 7063 
9329 8928 8940 9802 
9588 1435 1341 424 
642 476 594 359 
1985 1445 2073 1474 
1488 1725 2804 4402 
2973 4526 2383 2158 
3723 5301 122 4689 
5338 7061 5267 5139 
6128 6278 6475 6761 
7472 7202 9803 6988 
9465 7623 8815 9156 
8402 999 8207 9357 
3086 517 877 2681 
1925 1867 1525 1325 
2090 2315 4468 4622 
3977 3900 3619 3101 
4166 123 4324 5591 
5382 5087 4911 4869 
5511 6977 5652 5701 
9830 6752 6548 6142 
7250 7395 8036 8340 
9549 8495 8414 8382 
9879 2705 260 358 
1729 1238 1172 1157 
1970 2252 2434 2557 
2963 2729 5263 2688 
3229 3772 3867 4452 
5430 5284 124 4646 
5867 6197 6418 6513 
7265 7236 7132 6633 
7453 7454 7606 7825 
8692 8669 7910 7875 
8787 8834 9008 9365 
218 904 2070 9652 
302 609 1756 1031 
1319 1184 1045 875 
4677 2006 4816 2269 
3184 2864 2818 2704 
3194 3258 3429 4366 
4952 125 4704 5808 
5166 5167 5608 5800 
6474 6199 6036 8774 
6538 6594 6603 6745 
7963 7713 7491 6833 
8002 8079 8972 8977 
2379 2534 548 9380 
2082 2983 238 3075 
348 1536 1246 3232 
2219 4533 4641 2758 
3393 3114 2902 2821 
6395 126 4712 3533 
6335 6007 6626 3674 
4959 5585 8243 7419 
6576 6459 6403 8680 
9475 9108 7676 7811 
8013 8397 9569 9515 
9700 9688 1762 9208 
261 1468 1764 437 
333 4424 626 1330 
2580 1676 2293 1336 
4550 2141 3974 2390 
3015 2904 2646 4669 
3129 3242 127 5159 
4589 4557 7134 4484 
4595 5011 4875 4879 
5254 5181 5871 5395 
6027 5431 5666 7942 
6028 7403 5989 5931 
7167 6892 6995 6151 
8776 1285 9591 9001 
651 532 5649 2569 
959 831 239 586 
7283 1204 1554 1062 
2993 3054 8555 1776 
4094 128 3975 1792 
5664 3313 5570 4314 
6046 6052 6187 6341 
9195 7501 7391 9054 
9435 7762 8301 9559 
989 9641 7262 7475 
249 297 930 988 
1307 1223 1094 3144 
1926 2295 2398 2996 
3189 3292 3059 3039 
3265 3895 3317 3374 
3926 129 3887 3677 
4335 4692 4760 4793 
5047 4991 4978 4970 
5102 5467 5704 5817 
6498 6300 5912 5911 
6613 6930 6969 7111 
7817 7610 7466 7251 
1408 898 667 282 
1046 4051 1364 601 
2526 1189 3111 1135 
1956 1741 1615 1593 
6169 5655 5436 4284 
5006 130 4566 4553 
5098 7097 4962 6116 
7277 6607 6387 7031 
9116 7153 7193 9327 
8804 8327 8178 8045 
8903 9231 9165 9189 
8381 9289 9244 8372 
2863 458 764 770 
2005 813 2697 787 
2161 3753 2736 2745 
3274 3207 3029 795 
3439 3488 5192 3865 
4621 4434 4167 3949 
4726 5145 131 5205 
5840 5801 5556 5367 
5996 6279 6337 6645 
8116 8003 7411 6895 
8659 8122 8583 9139 
9263 9218 9556 9152 
1935 9179 9526 1211 
1753 1038 452 341 
1433 3046 1447 3577 
1539 3705 1732 1572 
1964 2114 1442 2396 
3181 4163 3728 2581 
3272 2771 132 3354 
3857 3367 2258 3601 
4070 7978 4457 4502 
5813 4994 4817 4596 
6296 6346 6816 6859 
8246 7987 7293 7268 
8098 8933 8443 8748 
439 1885 8777 9439 
485 610 849 1141 
1814 1802 1503 1197 
1820 3486 1887 1906 
3209 2827 2753 2026 
3238 133 3572 4043 
5075 4643 4351 4101 
5156 5697 5774 5846 
7287 7069 6302 6143 
7414 7421 7968 8121 
9427 9062 8501 9998 
346 1723 774 9502 
775 2171 656 434 
1179 1339 1363 2769 
2113 2054 1983 1962 
2125 3020 2220 2453 
5870 134 2725 2475 
3062 3521 4703 4787 
7072 5679 5086 5009 
5988 6211 6357 6954 
7385 7358 7168 7615 
8959 7933 8770 9127 
4517 2345 9662 8688 
2575 3052 603 2645 
1526 983 2556 565 
2004 3888 321 4109 
3142 3152 4446 2600 
5827 4928 4027 6706 
4113 135 4316 7702 
4582 4659 4859 4891 
5861 6237 5751 6770 
7955 6583 6592 8504 
7486 7428 7397 9017 
7551 8682 8483 8021 
8825 8967 8279 8917 
9424 8818 9433 9887 
9804 614 258 2384 
710 811 845 1327 
1759 1497 1417 1373 
1785 2000 2068 3593 
3099 2967 2748 2584 
3241 3890 3470 3245 
3995 3950 136 3790 
4909 5194 5624 6008 
7289 6981 6424 6217 
7482 7894 7971 8020 
8329 8173 8172 8077 
9339 8567 8618 8894 
9685 9760 8553 9115 
542 323 244 338 
874 598 2674 330 
2111 1199 1282 1368 
2223 2147 3736 1922 
3214 2706 2907 1133 
3761 3991 3735 3609 
3791 137 4756 4870 
5473 5429 5346 5323 
5494 5688 5847 6228 
7067 6996 6787 6630 
7146 7520 7841 7581 
7883 8022 7726 7948 
7563 3493 2356 932 
2670 498 342 310 
953 1207 1635 2790 
2859 2969 3948 2570 
2914 5172 4034 3564 
3807 3741 138 3630 
6746 3654 4264 4365 
8171 4805 4617 4476 
5265 5584 5792 5890 
8369 7920 9958 6448 
7647 9373 9304 8871 
295 2568 2426 8169 
1003 3262 1686 663 
1993 1888 5653 1064 
2112 3440 2563 4001 
3623 2955 2951 2761 
3413 4561 3546 5126 
6698 139 5642 3869 
5149 5165 5200 5279 
5781 6573 6728 5333 
5990 7514 7691 8351 
7858 7426 6864 6818 
9257 8806 9663 9600 
1510 1634 9746 9742 
263 646 1021 1467 
2022 1702 3358 3219 
2406 2525 2589 2658 
5071 3260 4917 2868 
3517 3539 3766 4189 
4801 140 4412 4255 
6972 4334 5506 6292 
7079 8377 6891 6702 
7147 7797 7813 7930 
8635 9396 8331 8286 
8907 8919 8964 9336 
9817 1592 9400 9744 
2710 2297 293 505 
1580 1509 1482 1186 
3875 1606 1824 2050 
4062 3750 2193 2152 
2903 4220 3534 3782 
4640 141 4086 4437 
4155 4036 4274 7389 
5916 5056 4683 7840 
5966 6428 6747 7119 
7966 8202 7260 7140 
9567 7969 8946 9784 
9581 9611 8957 9926 
1388 221 224 312 
1129 1079 597 529 
1148 2636 1550 2156 
2548 2537 2438 2175 
2607 3963 3293 3294 
4000 4448 3519 3390 
4076 4481 142 4627 
5454 5287 5003 4861 
5544 5633 6110 6138 
6808 6756 6754 6688 
7055 7114 7295 7406 
7944 7832 7789 7714 
960 2966 8044 8127 
696 1950 364 215 
919 4709 1378 1048 
5967 2708 2679 2503 
3331 3441 3666 4084 
4857 5484 4425 4344 
4980 143 5765 6825 
6207 6117 6102 5985 
6281 6499 6741 6799 
7838 7699 7165 9616 
8047 8053 8182 8216 
8597 8584 8557 8274 
9020 9064 9227 9437 
8709 400 679 208 
223 227 266 1485 
2285 530 504 425 
1153 1546 1231 1252 
1861 1616 2239 1161 
2194 2778 2241 2652 
3127 5326 144 2466 
3384 3745 4913 5001 
5769 5521 8257 5048 
6141 6239 6425 6565 
7390 7369 7040 6968 
7490 7569 7783 9962 
9167 9913 9732 8741 
3112 315 648 788 
1574 1343 1273 812 
1611 1681 2016 2294 
4851 2981 2702 2423 
3220 3946 3957 3997 
4648 4528 4279 4226 
5059 145 4855 5199 
5735 5557 5509 5358 
5948 6432 6452 6590 
7697 7374 7337 7107 
8054 8102 8197 8403 
9006 8970 8679 8512 
9530 9536 207 9684 
316 305 211 2917 
421 500 590 962 
1386 1351 1309 1036 
1608 2328 4556 2642 
4162 3494 3270 2971 
4453 146 4878 5136 
5555 5289 5208 5147 
5628 5891 6014 6100 
7210 7145 6772 6286 
7431 7637 7649 8001 
8757 8497 8432 8278 
9078 9286 2091 2210 
366 1332 1352 1340 
423 512 684 2340 
2366 1981 5718 3177 
3760 3448 3013 3451 
3398 3215 6811 3056 
7301 6543 147 5203 
6037 5970 7174 5231 
6191 6329 6477 6736 
7113 7218 7380 6545 
7429 7314 7255 8364 
8176 7398 8711 7862 
9885 8374 7503 8405 
9130 1263 9638 9131 
1711 2075 772 809 
1619 1301 3222 1063 
1707 2723 3211 2620 
2929 2871 2866 3756 
3175 4319 4413 3355 
4059 3999 6429 3365 
4152 148 5458 4518 
6427 5024 4828 4666 
5504 5949 8186 6901 
7290 7640 6723 6656 
7443 7548 8184 7807 
8451 8074 8520 8030 
8363 8598 8460 8889 
3061 690 3847 826 
915 1136 1641 1706 
3402 748 2721 1852 
3432 149 4063 3729 
5110 3800 4048 3883 
5319 5415 6317 6351 
9217 7835 7571 7533 
1739 9309 377 2699 
2367 4123 3614 1237 
3442 5419 2693 1813 
2497 4931 2137 2025 
2558 2605 4305 3794 
5222 3321 5933 2906 
3617 3809 150 5902 
5921 5121 6841 5717 
6875 5455 5706 6908 
8267 6914 5734 6423 
6848 6660 9027 7887 
7103 8006 9090 7816 
9686 8491 8873 8820 
9430 9604 9861 9518 
539 1876 1125 9761 
1370 1848 957 685 
1522 1770 1840 2735 
3104 2659 2044 4588 
2749 2810 4092 3169 
6597 4854 4382 3566 
4803 151 4932 6163 
7171 6800 7226 6380 
7223 8409 7396 8034 
8548 8913 8335 8143 
8562 8715 9851 8954 
8982 9174 8987 9272 
1448 879 546 630 
1527 1426 998 428 
3762 2357 2535 2595 
3347 2950 2696 2608 
3403 3681 4432 3863 
4473 4471 152 3945 
4492 4500 4769 4914 
6358 6133 5621 5396 
6443 6722 7060 7448 
8029 7834 7724 7524 
8253 8277 9275 8386 
1483 9587 9539 9164 
1280 1335 1721 332 
2459 1071 846 537 
2947 4230 3569 1979 
2873 4378 2053 1990 
5413 3301 5057 4197 
4779 153 4247 6061 
4781 7139 5337 5401 
7413 5862 5696 6235 
6162 9334 6593 9342 
7785 7552 7427 8428 
8015 8115 9970 9912 
8886 1743 9633 8290 
1586 538 457 1655 
284 1394 634 584 
1604 1654 3165 2714 
2351 2278 2124 1934 
2361 2622 4047 2784 
3562 154 3145 3038 
3929 5802 4124 4541 
5443 5164 4791 4764 
5562 5680 6161 6009 
6563 6444 6303 8813 
7033 7465 7512 7609 
8193 8938 8493 9085 
9893 2716 1229 1782 
661 639 420 404 
2150 2185 1736 1936 
2852 4707 4725 4524 
3022 3345 3588 3833 
5820 4298 4206 4025 
6928 5081 155 5142 
6798 7219 5752 5440 
6843 6854 8456 9233 
7986 7525 7487 7469 
8064 8336 9351 8586 
9313 9042 9113 9619 
9145 2801 9476 9563 
365 2098 1528 1835 
405 1053 1451 3472 
2762 2330 6544 5548 
2770 5772 2816 3024 
4848 156 3610 5028 
8738 5944 4348 5785 
7935 6159 8604 5859 
6621 6775 6955 7012 
8430 8037 7989 8229 
9215 9898 9678 8571 
9095 2412 9765 9869 
3153 2173 1326 2931 
2377 2224 1218 352 
4192 1912 3582 3372 
4168 3087 3876 2576 
5961 4755 4267 3980 
6186 157 4811 5590 
4736 4778 4687 5331 
6482 7810 5368 7590 
6154 9606 6342 6353 
6963 6760 6685 8058 
7110 7124 8481 8589 
8901 7995 9628 9338 
9372 8758 9573 8898 
839 759 729 2214 
889 1321 1397 1774 
3532 2058 1855 1807 
2399 2408 2478 3208 
5518 3359 3327 3275 
4016 4041 4373 4428 
4521 5020 158 4511 
5575 5987 6064 6220 
6529 6456 6386 6301 
6975 7030 7128 7644 
8689 8502 8150 7890 
8780 9137 9707 9577 
1434 2835 1123 9991 
438 1193 561 585 
7195 6921 3850 909 
1688 2227 2261 442 
4458 159 3734 2858 
5064 5347 5373 5768 
8389 6536 6517 6135 
6990 7378 7233 9511 
8157 7692 9220 9776 
9181 920 1291 1019 
4297 797 212 2549 
4060 3452 1713 1829 
4209 2474 2329 2010 
2823 6559 3479 3915 
7820 4179 160 4032 
6032 5632 5683 5750 
8091 5889 6012 9607 
6318 6029 6692 8869 
8524 6912 7567 6953 
8316 8489 8992 8657 
8233 9818 9733 9117 
575 3431 1874 9705 
2792 1315 1039 1016 
3968 2728 3827 1748 
2812 3535 3094 2911 
3456 3353 4239 4616 
6378 4615 5341 4147 
4670 161 4783 5134 
6078 5756 4776 5251 
6265 6370 7286 6496 
6803 6767 6753 6649 
6838 7673 7578 7586 
8346 8708 7829 8322 
8551 9379 8716 8998 
627 229 3085 8677 
860 1032 1182 1227 
2280 2233 1556 1455 
2306 2841 3501 3124 
3524 3509 3839 3338 
3661 3704 4310 3992 
4353 162 4248 4151 
4372 4417 4456 4480 
5170 5122 4808 4785 
5235 5310 5315 5342 
5917 5809 5804 5425 
7554 6467 7343 7387 
7553 6208 7506 2552 
1382 491 591 3150 
2288 1856 1847 1446 
2325 3811 2594 2840 
3296 3252 3213 4831 
3477 3673 4732 4182 
5000 6305 163 4293 
5012 5034 5283 5383 
6509 9175 6171 5527 
6844 6974 7021 7434 
8605 7593 7535 7436 
7871 8876 9388 9177 
2332 2369 855 805 
716 859 916 1081 
1882 1793 1499 1205 
1883 4601 4137 2436 
3465 3057 2781 2779 
3570 3634 4534 3719 
6778 164 3675 3856 
4923 4996 4997 5197 
5753 5483 5477 5260 
5778 6415 9230 6850 
8082 7627 7565 7526 
8487 8619 8625 8695 
8792 9022 8861 9506 
4614 453 589 1614 
3096 2429 2319 1843 
3436 3437 3586 3706 
4631 5877 4455 3746 
4651 4675 4771 5214 
6050 165 5505 5391 
6084 6411 7082 7321 
8204 8199 7550 7332 
8398 8422 9133 9141 
9527 9431 9792 9157 
9772 2666 3286 701 
3759 2045 1779 1165 
2268 2726 2109 3774 
4422 3140 3021 2751 
3387 3409 3754 5144 
4403 4397 166 2413 
4404 3931 4720 4885 
5565 8411 5055 4897 
5582 5953 6949 7530 
8868 8155 7617 7580 
8684 9729 9150 9462 
9203 9853 9659 9679 
564 469 1490 692 
1130 997 935 917 
1221 1323 1471 4260 
2066 2027 1889 1781 
2138 2382 2876 2999 
5807 3506 3231 3002 
4525 4734 167 4933 
5674 5304 4767 5040 
5700 5169 5903 6111 
6817 6245 6174 6149 
6893 7003 7383 7670 
8627 8319 8137 8966 
1620 9222 7861 9552 
1683 2240 926 3508 
2153 2341 1420 2407 
4496 3172 2546 2428 
3515 5613 3954 3973 
3659 168 4451 4320 
4660 5604 4467 5819 
6564 6532 6440 5887 
6618 6919 8103 8126 
8749 8727 8626 8306 
8752 1411 2334 1208 
659 621 2358 488 
3682 3299 1650 1797 
2411 3248 5739 2134 
2458 2483 3495 5910 
4080 5335 3330 3322 
4021 7632 169 6738 
6700 6595 6105 7539 
8588 6857 6898 7367 
8705 8745 7528 7476 
7749 7754 7792 8065 
9850 9724 9176 8981 
9510 9399 9018 8812 
785 514 483 2281 
847 878 1000 1578 
3392 2260 2142 2077 
2654 2676 3105 3161 
3919 3669 4376 3280 
3993 4706 4450 4650 
5162 4738 170 4668 
5241 5363 6109 6240 
6705 6486 6363 6289 
6749 6982 7127 7155 
7599 7294 7282 7188 
7671 7932 8052 8385 
3316 413 9955 9661 
557 479 969 388 
1555 1521 1458 1015 
2215 2766 2895 5189 
4638 4130 3964 3810 
5051 6150 5365 5749 
6194 171 5830 5822 
6212 6336 6670 6757 
7062 7057 6887 6885 
7083 7187 7257 7798 
8230 8128 8090 8066 
9126 9144 9362 9366 
9613 9806 9488 1493 
587 802 996 1097 
1427 1415 1367 1118 
4302 2509 4088 2694 
3277 2916 2846 2825 
3641 3742 3903 3917 
2650 4040 172 3937 
4317 4871 5076 5091 
5811 5707 5682 5106 
5934 6550 6695 7116 
7568 7394 7363 7240 
7809 7849 8134 8300 
9185 8985 8870 9387 
2133 2596 664 303 
3859 2997 921 308 
1024 2160 3267 3348 
4610 4252 3040 837 
5602 3536 3412 3924 
4960 5637 5549 3986 
5117 5524 173 5601 
6195 5764 7682 6400 
6344 8781 6407 6420 
7212 7052 6856 6801 
7654 9827 7993 8146 
8782 9007 8464 8437 
9371 9109 9521 9609 
1441 235 2039 2611 
2416 1629 1720 884 
2450 5536 2303 2230 
7064 3113 3893 4091 
4862 174 4333 4217 
4863 4628 5945 6070 
7234 8761 6681 6309 
7653 7778 7806 8900 
9223 9118 8916 9326 
9934 9669 9930 9870 
793 719 1344 206 
1005 1178 3724 1577 
2469 2424 2401 1930 
2559 2615 3016 3467 
4547 3801 175 3637 
4768 4794 5281 5359 
6461 6175 5783 5437 
6804 7323 7882 8357 
9023 8817 8652 8421 
1371 2960 4097 9564 
2520 1055 1701 3449 
883 3091 1203 2802 
2087 1780 5155 3930 
2225 1631 4263 2925 
5384 4258 4007 2942 
4261 176 4338 6215 
4414 6261 4656 6436 
7221 4598 6377 5224 
6468 7352 5925 7781 
6315 8778 8050 6451 
7366 6860 8187 8926 
7847 7494 8396 7630 
9507 9697 9235 9891 
393 1242 9612 9417 
769 299 2275 344 
503 1418 1475 2096 
2634 2347 4881 2164 
2743 3071 3178 3777 
4765 4599 4322 4278 
4782 177 5031 5226 
5667 5580 5539 5448 
6058 6129 6231 6437 
7518 7497 6606 6560 
7680 7727 7874 8135 
8923 8801 8729 8367 
9472 2108 675 2226 
1989 486 2271 1709 
578 1376 1512 1598 
2797 4243 3227 1703 
4983 5282 5962 2834 
3256 3935 3226 3070 
3282 6558 178 4321 
5163 6704 4762 4729 
6771 5478 5656 5759 
7517 6557 6098 6952 
6584 9390 6742 8212 
9593 9711 7261 6869 
9316 1507 9586 9878 
582 270 868 416 
2394 740 3084 1049 
2092 1508 4639 1121 
2393 5090 2900 2949 
3718 3518 7776 3034 
4379 4572 5446 4790 
5485 179 7037 4981 
5559 5908 6099 6324 
7504 8268 6980 6643 
8076 7931 7957 7976 
8287 8281 8452 8754 
8302 8312 8442 8995 
9265 9561 9485 8368 
3396 237 448 2286 
1346 1311 1303 754 
1515 2103 2159 484 
4864 3205 3134 2732 
3587 3765 3905 3908 
5622 5947 4812 4663 
5708 180 5952 6038 
6457 6312 6282 6119 
6587 6634 6707 6780 
7365 7087 6939 6793 
7748 7824 8191 8458 
8594 8517 8198 8723 
8617 8676 8159 977 
1012 3306 1800 254 
1818 2336 2418 2829 
3631 3499 3362 6596 
4202 4464 4539 4540 
5782 5535 181 5316 
5612 7034 7118 7144 
8222 8206 7919 7576 
8494 8739 9381 9450 
9976 9716 9665 9466 
2647 222 451 593 
1089 881 801 782 
1139 1520 2527 2619 
3006 2867 2750 3520 
3080 3464 4078 3571 
4766 4126 182 3633 
5042 5074 5314 5330 
6104 6040 5936 5376 
6223 6230 6478 6845 
7266 7239 7170 6979 
7393 7608 8400 8114 
1265 918 1651 8145 
2247 1566 1425 509 
1306 718 3836 296 
4056 3715 2489 1551 
4200 1680 2544 3320 
5409 183 3197 3655 
3848 5532 5388 4089 
3922 5777 9229 7109 
8842 5669 5276 4359 
8587 8270 9441 6234 
8478 8697 7399 6862 
9709 9540 8244 7460 
9111 8704 1175 9028 
1254 738 910 1533 
4361 1537 3933 4237 
4313 2690 4608 1540 
4180 2720 3513 5113 
5709 3457 5035 4398 
2221 3190 184 4573 
5339 7828 5722 5935 
6678 6322 6260 6026 
6710 6944 7184 7245 
7970 9749 7686 7360 
8445 8762 8936 9205 
9736 9683 9352 9262 
1752 1430 2146 4117 
2198 1050 1068 210 
4172 1452 2304 636 
3507 4093 4728 2048 
2431 2539 2682 2848 
7313 1610 6586 5077 
4187 4225 185 4984 
6157 5355 5154 7400 
6196 6484 8509 6637 
7418 7404 9247 8863 
7877 7885 8019 8380 
9328 9654 8463 8441 
9734 9984 3394 9325 
511 328 228 2491 
1072 4099 3377 2524 
1099 3684 3324 3128 
3471 4311 3639 6140 
4508 4375 186 4296 
5343 5393 5526 5747 
6349 7335 5982 5821 
6691 6819 6942 7178 
8130 7423 8196 7300 
9375 8623 8797 8865 
728 298 1691 9370 
1258 1334 1617 4108 
3695 2791 2465 1942 
3788 3860 3899 3998 
4592 4193 4140 5065 
4796 4935 4987 5046 
5460 187 5111 6616 
5493 5499 5540 5715 
6449 6398 6075 5995 
6455 6580 5227 6776 
8088 8046 7430 7334 
8125 8467 8523 8790 
9097 9252 9292 8997 
2484 422 723 830 
1358 1300 1191 1082 
1656 1672 1919 2245 
2785 2742 2577 4119 
2893 3123 3366 3469 
4472 188 3702 3568 
4273 5066 3962 5143 
6367 6225 5818 5790 
6508 6871 7024 7350 
8435 8344 7765 7595 
8461 8918 8477 8975 
2943 322 2467 2578 
3707 6276 204 3696 
1245 1166 844 466 
4700 4159 2599 6502 
4586 6489 189 3475 
4169 4194 4356 7758 
5014 4846 4745 5158 
7705 5512 7750 7914 
7023 6960 6731 9901 
9106 9331 8142 8971 
9146 9562 1557 9046 
3806 3191 836 3583 
3118 3012 2891 2331 
5878 3527 3574 4849 
2807 3789 3775 3589 
4184 4249 190 5173 
5843 4744 5600 8953 
6006 6079 6314 6610 
9093 7928 6905 6830 
8455 9722 8163 3397 
1841 1484 963 549 
4449 2516 3030 1866 
1492 3204 1716 4921 
2041 430 2603 2501 
5053 6971 191 2756 
3454 6568 6790 5558 
8816 6408 7703 5362 
8031 6689 6620 6933 
8353 7771 7684 7731 
8492 8392 8272 8009 
864 790 2097 8636 
1879 463 279 382 
520 2974 473 436 
558 3738 792 4064 
2759 4815 3549 1541 
2839 192 2979 5036 
4067 5857 4002 5645 
4501 7603 7723 5237 
5863 7698 5983 5439 
7310 6094 6781 6984 
9121 8576 8537 9481 
9538 8565 9988 9585 
275 1679 9151 9246 
493 1977 767 1271 
1941 1916 1811 2545 
3640 2179 2251 2368 
3053 2715 497 2420 
3290 3463 3487 3548 
4022 193 3599 3590 
4129 5266 5312 5587 
7027 6708 5852 5786 
7053 7312 7325 7558 
8538 8506 9789 7634 
9468 8236 1893 1276 
1914 943 536 1717 
2590 1051 3560 1661 
3896 2540 1984 273 
2687 3485 3407 3065 
4694 3425 5360 3474 
5303 4989 194 5152 
5805 5489 4843 7291 
5876 6136 6152 6209 
6896 6716 6434 6414 
7412 7148 7248 6970 
8231 8111 7489 9256 
8788 8831 8852 9101 
9720 9171 1514 216 
217 335 407 574 
1150 1070 894 803 
1174 2253 3907 2272 
3545 3483 3217 2712 
3694 3851 4031 3979 
4145 4118 195 3985 
4390 4489 4580 4717 
5246 5218 4890 4742 
5552 5993 6204 6323 
6906 6784 6599 6361 
7675 8100 8232 8722 
9822 9699 9550 9015 
3221 3319 280 9920 
1111 1004 810 402 
1757 2135 2536 326 
3825 4410 3382 3780 
4044 196 5399 5563 
6339 6294 5999 5609 
6372 6417 7029 7936 
8632 8624 8294 8063 
8760 3192 2199 2200 
1348 1823 4948 3300 
1500 2118 3798 6623 
4964 2991 2954 5290 
5858 3516 6926 3938 
6480 4874 197 4037 
5104 6629 5305 5385 
6071 5868 6578 5670 
6762 7704 6684 7866 
8944 7407 8342 8945 
9068 9801 8700 9389 
9166 9407 1322 9924 
1961 306 515 4459 
936 1908 6321 2583 
4679 2136 2342 2446 
1952 3541 2855 1646 
4591 4613 5893 4705 
5239 5183 198 4872 
5481 5712 5083 5943 
6713 6642 6511 7545 
6936 6991 7002 7247 
7992 8690 7674 7458 
8026 8093 8152 8226 
8691 9004 9073 8769 
907 1563 1837 9443 
1009 1849 2498 386 
1138 2310 2512 5476 
2389 4837 2277 981 
1700 4906 2870 3288 
4440 4357 4196 3510 
6379 199 5236 5249 
5561 5514 6155 5400 
5976 5978 6834 9019 
6994 7925 6662 6601 
7585 7804 8683 8426 
9995 8948 8570 9529 
1101 1571 8447 8602 
1212 3525 576 1881 
3281 2862 2031 2074 
5490 2952 3703 2213 
5651 5219 3716 4275 
5640 6218 5661 4350 
6391 200 5743 5832 
6646 7734 6904 6001 
9076 7258 7316 7474 
8094 7916 7855 9411 
9807 8391 8734 8324 
10000 9781 9410 9925 
9798 9779 9201 9904 
9447 9547 9300 9463 
9915 9384 9755 9908 
8851 9820 9251 9796 
9917 9951 8726 9486 
9219 9445 9675 9858 
9762 9187 9945 9892 
9650 9910 9473 9470 
9310 9610 9919 9974 
7917 9959 8742 8325 
8573 8195 7945 8250 
9777 9398 9489 9911 
9589 9741 9293 9927 
9942 9492 9534 9282 
8666 8846 9288 9483 
9315 9037 8896 9343 
9938 9932 9721 9408 
9849 8750 9598 9010 
9285 9981 8883 9148 
8439 8282 9124 9184 
8318 9794 9412 9069 
8823 9276 9648 9576 
9429 9546 9091 9743 
9948 9163 9572 9582 
9949 9689 8934 9575 
8620 8786 9442 9993 
9498 8829 9544 8406 
9786 8332 8105 9935 
8407 9895 9809 8175 
9713 9896 9814 9978 
9264 9426 8969 9003 
9311 9694 9403 8581 
8783 9566 9016 8721 
9077 8649 9434 9999 
9668 9436 9957 9377 
9877 9977 8803 8802 
9094 9674 9728 9677 
9737 9254 9773 9354 
8893 8811 8599 9169 
9404 9012 9378 9714 
9873 9785 9522 9960 
9735 9715 9890 9933 
9642 9448 9643 9835 
9058 9614 9833 9440 
9249 9558 8579 8888 
8947 9883 9320 8673 
9086 8930 9961 9767 
9168 9750 8908 9070 
9693 9583 9321 9985 
9186 9996 9702 9160 
9034 9494 9337 9461 
9672 8008 8796 9946 
9209 7950 8532 8542 
9414 9063 9344 9052 
9952 8291 9752 9306 
9639 9656 9956 9793 
9524 9597 9937 9903 
9747 9950 9876 9931 
9132 9649 8685 9112 
9631 8427 8979 9299 
8061 8639 9865 9383 
9155 8183 8824 8646 
8328 7802 8119 7768 
7534 7484 9065 8915 
8890 9599 9039 9250 
8609 9421 9200 8696 
8431 8701 8904 8615 
8663 8574 9653 8395 
9660 9248 9092 9671 
9968 8323 9863 9636 
9846 9136 9571 9813 
9791 9832 9651 9844 
9969 9894 9909 9914 
9829 9680 9888 9836 
9555 9391 9657 9929 
9142 9428 9416 9497 
9531 8832 9717 9990 
9622 9484 9592 8978 
9279 8819 8388 9260 
9213 9602 9045 9579 
8365 8603 8275 8996 
8059 9965 8921 9618 
8056 7872 7843 8160 
9763 8366 8746 9360 
9764 9691 8498 9542 
9918 9823 9059 9771 
8875 9899 9695 9099 
9821 9505 9098 9290 
8878 9368 9353 9790 
9886 9843 8662 7836 
7788 8621 8189 7439 
9225 8740 8321 8789 
9134 9009 9451 8958 
8462 9030 9495 9071 
9191 9236 9824 9759 
9283 9787 8891 8415 
9839 9975 9718 9682 
9474 9356 9138 9871 
9797 9210 9979 9987 
9939 9855 9936 9972 
8526 9940 8247 9868 
9941 9296 9032 8051 
9066 9048 9811 9703 
8725 8993 9197 8622 
9954 8499 8773 9143 
9882 9854 9119 9780 
9584 9624 9487 9432 
9330 8961 8794 8534 
8857 8643 9994 9751 
8482 8674 9238 9079 
9627 9291 9161 9533 
9532 9553 9287 8793 
9621 9916 8644 9192 
9739 9706 9997 9966 
