6
2500 9800
201 105
202 118
203 120
204 189
205 28
206 175
207 146
208 144
209 28
210 185
211 146
212 160
213 116
214 93
215 143
216 195
217 195
218 125
219 38
220 48
221 142
222 182
223 144
224 142
225 48
226 84
227 144
228 186
229 162
230 26
231 110
232 53
233 21
234 75
235 174
236 48
237 180
238 126
239 128
240 100
241 84
242 87
243 55
244 137
245 117
246 87
247 48
248 12
249 129
250 90
251 115
252 73
253 74
254 181
255 114
256 17
257 73
258 136
259 41
260 124
261 127
262 92
263 140
264 64
265 72
266 144
267 37
268 82
269 27
270 179
271 26
272 52
273 194
274 42
275 193
276 54
277 101
278 58
279 192
280 196
281 87
282 130
283 25
284 154
285 90
286 51
287 108
288 115
289 24
290 113
291 61
292 108
293 141
294 105
295 139
296 183
297 129
298 187
299 177
300 29
301 87
302 125
303 173
304 97
305 146
306 198
307 33
308 173
309 52
310 138
311 101
312 142
313 46
314 36
315 145
316 146
317 4
318 29
319 88
320 27
321 135
322 189
323 137
324 29
325 60
326 196
327 1
328 186
329 72
330 137
331 117
332 153
333 127
334 102
335 195
336 112
337 55
338 137
339 86
340 49
341 132
342 138
343 112
344 177
345 73
346 134
347 121
348 126
349 67
350 54
351 69
352 157
353 40
354 82
355 45
356 28
357 98
358 124
359 122
360 32
361 93
362 14
363 120
364 143
365 156
366 147
367 106
368 87
369 87
370 95
371 42
372 88
373 65
374 63
375 107
376 74
377 150
378 4
379 8
380 11
381 47
382 192
383 110
384 9
385 73
386 199
387 73
388 171
389 54
390 27
391 73
392 62
393 177
394 77
395 11
396 13
397 115
398 40
399 52
400 144
401 116
402 196
403 18
404 155
405 156
406 29
407 195
408 59
409 5
410 22
411 39
412 93
413 171
414 112
415 110
416 179
417 36
418 93
419 27
420 155
421 146
422 188
423 147
424 122
425 144
426 19
427 27
428 152
429 27
430 191
431 76
432 16
433 66
434 134
435 42
436 192
437 127
438 159
439 133
440 88
441 6
442 159
443 85
444 17
445 16
446 30
447 64
448 180
449 85
450 115
451 182
452 132
453 165
454 109
455 121
456 94
457 154
458 131
459 87
460 68
461 16
462 113
463 192
464 27
465 74
466 189
467 34
468 106
469 167
470 21
471 32
472 120
473 192
474 29
475 41
476 122
477 1
478 121
479 171
480 111
481 115
482 13
483 170
484 180
485 133
486 178
487 81
488 169
489 10
490 46
491 163
492 59
493 193
494 73
495 10
496 59
497 193
498 138
499 12
500 146
501 65
502 37
503 177
504 144
505 141
506 85
507 56
508 76
509 183
510 20
511 186
512 147
513 95
514 170
515 198
516 106
517 123
518 84
519 2
520 192
521 104
522 2
523 57
524 78
525 39
526 26
527 31
528 52
529 142
530 144
531 111
532 128
533 92
534 34
535 118
536 194
537 153
538 154
539 151
540 12
541 85
542 137
543 27
544 95
545 120
546 152
547 113
548 126
549 191
550 3
551 48
552 63
553 34
554 29
555 49
556 33
557 171
558 192
559 52
560 119
561 159
562 101
563 78
564 167
565 135
566 61
567 100
568 35
569 84
570 15
571 50
572 39
573 80
574 195
575 161
576 200
577 63
578 178
579 81
580 103
581 15
582 179
583 70
584 154
585 159
586 128
587 172
588 18
589 165
590 146
591 163
592 62
593 182
594 122
595 43
596 34
597 142
598 137
599 100
600 19
601 130
602 30
603 135
604 28
605 54
606 93
607 75
608 118
609 125
610 133
611 109
612 7
613 21
614 136
615 95
616 49
617 63
618 23
619 7
620 16
621 169
622 36
623 64
624 66
625 7
626 127
627 162
628 2
629 56
630 152
631 102
632 81
633 71
634 154
635 1
636 185
637 100
638 30
639 155
640 84
641 93
642 122
643 87
644 10
645 60
646 140
647 60
648 145
649 95
650 12
651 128
652 115
653 99
654 97
655 52
656 134
657 6
658 64
659 169
660 111
661 155
662 6
663 139
664 173
665 46
666 83
667 130
668 58
669 119
670 8
671 61
672 23
673 28
674 37
675 178
676 28
677 121
678 14
679 144
680 41
681 5
682 50
683 60
684 147
685 151
686 116
687 8
688 78
689 13
690 149
691 63
692 167
693 56
694 33
695 29
696 143
697 95
698 72
699 17
700 83
701 166
702 1
703 101
704 14
705 121
706 72
707 110
708 93
709 106
710 136
711 110
712 20
713 39
714 103
715 34
716 164
717 60
718 183
719 175
720 91
721 77
722 7
723 188
724 54
725 93
726 12
727 56
728 187
729 158
730 57
731 27
732 109
733 6
734 107
735 33
736 8
737 24
738 184
739 120
740 179
741 39
742 110
743 104
744 117
745 71
746 29
747 22
748 149
749 63
750 104
751 1
752 17
753 28
754 180
755 117
756 73
757 43
758 59
759 158
760 86
761 86
762 76
763 74
764 131
765 33
766 44
767 193
768 38
769 177
770 131
771 70
772 148
773 109
774 134
775 134
776 95
777 37
778 110
779 77
780 100
781 93
782 182
783 25
784 3
785 170
786 7
787 131
788 145
789 54
790 192
791 30
792 192
793 175
794 102
795 131
796 54
797 160
798 2
799 104
800 30
801 182
802 172
803 195
804 22
805 164
806 23
807 102
808 41
809 148
810 196
811 136
812 145
813 131
814 102
815 11
816 7
817 92
818 80
819 97
820 41
821 91
822 13
823 65
824 46
825 115
826 149
827 96
828 34
829 66
830 188
831 128
832 9
833 94
834 69
835 117
836 190
837 173
838 50
839 158
840 26
841 115
842 114
843 99
844 189
845 136
846 153
847 170
848 57
849 133
850 75
851 57
852 71
853 105
854 113
855 164
856 15
857 114
858 109
859 164
860 162
861 104
862 111
863 45
864 192
865 38
866 115
867 38
868 179
869 35
870 75
871 38
872 80
873 54
874 137
875 125
876 16
877 123
878 170
879 152
880 43
881 182
882 56
883 176
884 174
885 41
886 90
887 7
888 107
889 158
890 61
891 54
892 38
893 15
894 195
895 68
896 88
897 115
898 130
899 60
900 33
901 60
902 22
903 11
904 125
905 78
906 107
907 199
908 29
909 159
910 184
911 99
912 69
913 117
914 47
915 149
916 164
917 167
918 183
919 143
920 160
921 173
922 5
923 58
924 13
925 47
926 168
927 51
928 51
929 119
930 129
931 41
932 138
933 31
934 108
935 167
936 198
937 85
938 44
939 117
940 116
941 74
942 53
943 194
944 117
945 25
946 32
947 31
948 39
949 120
950 54
951 64
952 60
953 138
954 114
955 14
956 71
957 151
958 9
959 128
960 143
961 89
962 146
963 191
964 13
965 74
966 11
967 30
968 73
969 171
970 74
971 100
972 53
973 89
974 10
975 96
976 77
977 181
978 89
979 77
980 103
981 199
982 45
983 135
984 80
985 52
986 96
987 43
988 129
989 129
990 112
991 67
992 7
993 13
994 57
995 43
996 172
997 167
998 152
999 123
1000 170
1001 103
1002 100
1003 139
1004 196
1005 175
1006 48
1007 108
1008 61
1009 199
1010 85
1011 43
1012 181
1013 21
1014 111
1015 171
1016 161
1017 9
1018 99
1019 160
1020 116
1021 140
1022 114
1023 8
1024 173
1025 15
1026 49
1027 1
1028 61
1029 66
1030 104
1031 125
1032 162
1033 39
1034 5
1035 120
1036 146
1037 4
1038 132
1039 161
1040 106
1041 100
1042 51
1043 101
1044 78
1045 125
1046 130
1047 38
1048 143
1049 179
1050 185
1051 194
1052 4
1053 156
1054 52
1055 176
1056 106
1057 18
1058 61
1059 93
1060 2
1061 72
1062 128
1063 148
1064 139
1065 54
1066 116
1067 88
1068 185
1069 50
1070 195
1071 153
1072 186
1073 73
1074 58
1075 72
1076 21
1077 67
1078 33
1079 142
1080 102
1081 164
1082 188
1083 100
1084 47
1085 29
1086 67
1087 35
1088 101
1089 182
1090 73
1091 18
1092 24
1093 38
1094 129
1095 97
1096 67
1097 172
1098 61
1099 186
1100 91
1101 200
1102 82
1103 38
1104 24
1105 12
1106 26
1107 6
1108 105
1109 78
1110 85
1111 196
1112 102
1113 86
1114 67
1115 66
1116 23
1117 114
1118 172
1119 74
1120 58
1121 179
1122 47
1123 159
1124 101
1125 151
1126 52
1127 36
1128 40
1129 142
1130 167
1131 10
1132 47
1133 137
1134 12
1135 130
1136 149
1137 119
1138 199
1139 182
1140 37
1141 133
1142 42
1143 9
1144 102
1145 56
1146 37
1147 2
1148 142
1149 84
1150 195
1151 113
1152 18
1153 144
1154 13
1155 23
1156 16
1157 124
1158 81
1159 41
1160 11
1161 144
1162 105
1163 81
1164 92
1165 166
1166 189
1167 10
1168 112
1169 23
1170 109
1171 11
1172 124
1173 64
1174 195
1175 184
1176 19
1177 95
1178 175
1179 134
1180 2
1181 103
1182 162
1183 64
1184 125
1185 19
1186 141
1187 81
1188 61
1189 130
1190 101
1191 188
1192 118
1193 159
1194 66
1195 21
1196 9
1197 133
1198 65
1199 137
1200 14
1201 15
1202 78
1203 176
1204 128
1205 164
1206 109
1207 138
1208 169
1209 94
1210 24
1211 132
1212 200
1213 90
1214 54
1215 79
1216 104
1217 103
1218 157
1219 101
1220 83
1221 167
1222 66
1223 129
1224 70
1225 71
1226 116
1227 162
1228 37
1229 155
1230 13
1231 144
1232 89
1233 17
1234 110
1235 29
1236 15
1237 150
1238 124
1239 79
1240 114
1241 37
1242 177
1243 51
1244 69
1245 189
1246 126
1247 91
1248 11
1249 69
1250 15
1251 113
1252 144
1253 31
1254 184
1255 37
1256 45
1257 98
1258 187
1259 94
1260 23
1261 101
1262 46
1263 148
1264 47
1265 183
1266 80
1267 105
1268 32
1269 114
1270 27
1271 193
1272 16
1273 145
1274 73
1275 92
1276 194
1277 120
1278 50
1279 1
1280 153
1281 73
1282 137
1283 48
1284 68
1285 128
1286 67
1287 106
1288 39
1289 100
1290 60
1291 160
1292 5
1293 43
1294 75
1295 51
1296 72
1297 60
1298 21
1299 50
1300 188
1301 148
1302 94
1303 180
1304 101
1305 31
1306 183
1307 129
1308 41
1309 146
1310 66
1311 180
1312 84
1313 76
1314 95
1315 161
1316 62
1317 4
1318 107
1319 125
1320 51
1321 158
1322 198
1323 167
1324 55
1325 123
1326 157
1327 136
1328 81
1329 96
1330 127
1331 54
1332 147
1333 104
1334 187
1335 153
1336 127
1337 78
1338 57
1339 134
1340 147
1341 122
1342 10
1343 145
1344 175
1345 102
1346 180
1347 54
1348 197
1349 9
1350 97
1351 146
1352 147
1353 49
1354 32
1355 55
1356 10
1357 94
1358 188
1359 32
1360 76
1361 33
1362 10
1363 134
1364 130
1365 102
1366 66
1367 172
1368 137
1369 62
1370 151
1371 176
1372 35
1373 136
1374 65
1375 13
1376 178
1377 95
1378 143
1379 39
1380 4
1381 48
1382 163
1383 19
1384 113
1385 10
1386 146
1387 106
1388 142
1389 7
1390 14
1391 69
1392 77
1393 77
1394 154
1395 102
1396 83
1397 158
1398 88
1399 91
1400 117
1401 52
1402 45
1403 102
1404 45
1405 3
1406 56
1407 116
1408 130
1409 90
1410 23
1411 169
1412 61
1413 98
1414 65
1415 172
1416 61
1417 136
1418 177
1419 82
1420 168
1421 116
1422 38
1423 21
1424 8
1425 183
1426 152
1427 172
1428 104
1429 85
1430 185
1431 54
1432 40
1433 132
1434 159
1435 122
1436 66
1437 26
1438 22
1439 119
1440 92
1441 174
1442 132
1443 63
1444 107
1445 122
1446 163
1447 132
1448 152
1449 25
1450 42
1451 156
1452 185
1453 101
1454 13
1455 162
1456 76
1457 40
1458 171
1459 69
1460 46
1461 39
1462 99
1463 15
1464 31
1465 47
1466 15
1467 140
1468 127
1469 85
1470 73
1471 167
1472 3
1473 34
1474 122
1475 177
1476 2
1477 93
1478 74
1479 102
1480 73
1481 68
1482 141
1483 153
1484 191
1485 144
1486 117
1487 12
1488 122
1489 94
1490 167
1491 94
1492 191
1493 172
1494 16
1495 79
1496 69
1497 136
1498 29
1499 164
1500 197
1501 77
1502 40
1503 133
1504 118
1505 94
1506 45
1507 179
1508 179
1509 141
1510 140
1511 80
1512 178
1513 15
1514 195
1515 180
1516 86
1517 37
1518 83
1519 105
1520 182
1521 171
1522 151
1523 31
1524 89
1525 123
1526 135
1527 152
1528 156
1529 81
1530 46
1531 42
1532 102
1533 184
1534 98
1535 9
1536 126
1537 184
1538 107
1539 132
1540 184
1541 192
1542 116
1543 11
1544 99
1545 99
1546 144
1547 33
1548 93
1549 99
1550 142
1551 183
1552 92
1553 15
1554 128
1555 171
1556 162
1557 190
1558 77
1559 70
1560 75
1561 116
1562 30
1563 199
1564 31
1565 87
1566 183
1567 78
1568 43
1569 35
1570 60
1571 200
1572 132
1573 10
1574 145
1575 114
1576 113
1577 175
1578 170
1579 20
1580 141
1581 56
1582 82
1583 88
1584 26
1585 105
1586 154
1587 73
1588 63
1589 28
1590 31
1591 36
1592 141
1593 130
1594 41
1595 56
1596 81
1597 2
1598 178
1599 10
1600 96
1601 3
1602 40
1603 88
1604 154
1605 12
1606 141
1607 121
1608 146
1609 10
1610 185
1611 145
1612 38
1613 16
1614 165
1615 130
1616 144
1617 187
1618 25
1619 148
1620 168
1621 75
1622 115
1623 13
1624 20
1625 119
1626 51
1627 59
1628 84
1629 174
1630 59
1631 176
1632 54
1633 75
1634 140
1635 138
1636 42
1637 22
1638 5
1639 47
1640 86
1641 149
1642 63
1643 91
1644 119
1645 53
1646 198
1647 26
1648 116
1649 57
1650 169
1651 183
1652 103
1653 43
1654 154
1655 154
1656 188
1657 36
1658 10
1659 70
1660 1
1661 194
1662 78
1663 64
1664 20
1665 60
1666 70
1667 118
1668 84
1669 63
1670 96
1671 93
1672 188
1673 50
1674 64
1675 43
1676 127
1677 111
1678 100
1679 193
1680 183
1681 145
1682 20
1683 168
1684 116
1685 112
1686 139
1687 51
1688 159
1689 100
1690 107
1691 187
1692 24
1693 64
1694 83
1695 7
1696 69
1697 8
1698 66
1699 81
1700 199
1701 176
1702 140
1703 178
1704 15
1705 74
1706 149
1707 148
1708 91
1709 178
1710 96
1711 148
1712 36
1713 160
1714 6
1715 36
1716 191
1717 194
1718 100
1719 103
1720 174
1721 153
1722 19
1723 134
1724 66
1725 122
1726 120
1727 103
1728 46
1729 124
1730 121
1731 83
1732 132
1733 61
1734 13
1735 118
1736 155
1737 107
1738 25
1739 150
1740 16
1741 130
1742 109
1743 154
1744 114
1745 76
1746 56
1747 26
1748 161
1749 79
1750 55
1751 91
1752 185
1753 132
1754 40
1755 101
1756 125
1757 196
1758 115
1759 136
1760 25
1761 2
1762 127
1763 41
1764 127
1765 85
1766 55
1767 31
1768 115
1769 26
1770 151
1771 67
1772 103
1773 69
1774 158
1775 59
1776 128
1777 64
1778 88
1779 166
1780 176
1781 167
1782 155
1783 103
1784 85
1785 136
1786 103
1787 52
1788 39
1789 24
1790 83
1791 81
1792 128
1793 164
1794 52
1795 68
1796 74
1797 169
1798 16
1799 50
1800 181
1801 57
1802 133
1803 108
1804 89
1805 94
1806 7
1807 158
1808 71
1809 59
1810 3
1811 193
1812 106
1813 150
1814 133
1815 104
1816 119
1817 116
1818 181
1819 111
1820 133
1821 79
1822 106
1823 197
1824 141
1825 70
1826 32
1827 90
1828 95
1829 160
1830 116
1831 85
1832 85
1833 120
1834 16
1835 156
1836 115
1837 199
1838 18
1839 11
1840 151
1841 191
1842 91
1843 165
1844 68
1845 37
1846 92
1847 163
1848 151
1849 199
1850 37
1851 2
1852 149
1853 33
1854 118
1855 158
1856 163
1857 66
1858 25
1859 108
1860 43
1861 144
1862 36
1863 13
1864 54
1865 2
1866 191
1867 123
1868 81
1869 31
1870 72
1871 103
1872 53
1873 42
1874 161
1875 13
1876 151
1877 96
1878 47
1879 192
1880 29
1881 200
1882 164
1883 164
1884 87
1885 133
1886 87
1887 133
1888 139
1889 167
1890 83
1891 55
1892 47
1893 194
1894 17
1895 21
1896 97
1897 1
1898 102
1899 120
1900 66
1901 78
1902 88
1903 7
1904 107
1905 2
1906 133
1907 29
1908 198
1909 115
1910 117
1911 41
1912 157
1913 21
1914 194
1915 18
1916 193
1917 113
1918 10
1919 188
1920 73
1921 105
1922 137
1923 113
1924 65
1925 123
1926 129
1927 118
1928 114
1929 109
1930 175
1931 110
1932 72
1933 52
1934 154
1935 132
1936 155
1937 89
1938 38
1939 61
1940 30
1941 193
1942 187
1943 115
1944 3
1945 118
1946 98
1947 77
1948 10
1949 87
1950 143
1951 72
1952 198
1953 120
1954 109
1955 48
1956 130
1957 79
1958 62
1959 4
1960 16
1961 198
1962 134
1963 102
1964 132
1965 10
1966 67
1967 108
1968 39
1969 35
1970 124
1971 82
1972 29
1973 54
1974 44
1975 118
1976 11
1977 193
1978 96
1979 153
1980 37
1981 147
1982 61
1983 134
1984 194
1985 122
1986 44
1987 69
1988 78
1989 178
1990 153
1991 11
1992 104
1993 139
1994 38
1995 22
1996 74
1997 4
1998 114
1999 105
2000 136
2001 49
2002 44
2003 67
2004 135
2005 131
2006 125
2007 19
2008 88
2009 40
2010 160
2011 38
2012 41
2013 67
2014 119
2015 117
2016 145
2017 58
2018 110
2019 93
2020 105
2021 68
2022 140
2023 109
2024 7
2025 150
2026 133
2027 167
2028 60
2029 23
2030 31
2031 200
2032 45
2033 113
2034 92
2035 100
2036 12
2037 76
2038 49
2039 174
2040 6
2041 191
2042 3
2043 12
2044 151
2045 166
2046 55
2047 105
2048 185
2049 114
2050 141
2051 6
2052 88
2053 153
2054 134
2055 69
2056 121
2057 30
2058 158
2059 56
2060 105
2061 86
2062 44
2063 81
2064 60
2065 107
2066 167
2067 101
2068 136
2069 76
2070 125
2071 95
2072 39
2073 122
2074 200
2075 148
2076 58
2077 170
2078 71
2079 109
2080 49
2081 22
2082 126
2083 18
2084 74
2085 63
2086 28
2087 176
2088 78
2089 47
2090 123
2091 147
2092 179
2093 48
2094 83
2095 7
2096 177
2097 192
2098 156
2099 101
2100 5
2101 84
2102 87
2103 180
2104 5
2105 43
2106 51
2107 2
2108 178
2109 166
2110 72
2111 137
2112 139
2113 134
2114 132
2115 24
2116 44
2117 13
2118 197
2119 15
2120 81
2121 76
2122 115
2123 85
2124 154
2125 134
2126 83
2127 71
2128 111
2129 11
2130 48
2131 18
2132 93
2133 173
2134 169
2135 196
2136 198
2137 150
2138 167
2139 5
2140 99
2141 127
2142 170
2143 70
2144 95
2145 22
2146 185
2147 137
2148 104
2149 106
2150 155
2151 13
2152 141
2153 168
2154 92
2155 22
2156 142
2157 19
2158 122
2159 180
2160 173
2161 131
2162 110
2163 76
2164 177
2165 56
2166 56
2167 70
2168 8
2169 111
2170 71
2171 134
2172 111
2173 157
2174 104
2175 142
2176 9
2177 65
2178 75
2179 193
2180 39
2181 95
2182 116
2183 59
2184 117
2185 155
2186 37
2187 46
2188 9
2189 6
2190 70
2191 74
2192 38
2193 141
2194 144
2195 29
2196 96
2197 8
2198 185
2199 197
2200 197
2201 79
2202 8
2203 56
2204 40
2205 45
2206 52
2207 52
2208 27
2209 74
2210 147
2211 41
2212 90
2213 200
2214 158
2215 171
2216 105
2217 105
2218 81
2219 126
2220 134
2221 184
2222 54
2223 137
2224 157
2225 176
2226 178
2227 159
2228 10
2229 63
2230 174
2231 62
2232 39
2233 162
2234 66
2235 70
2236 29
2237 9
2238 117
2239 144
2240 168
2241 144
2242 59
2243 64
2244 8
2245 188
2246 105
2247 183
2248 25
2249 83
2250 61
2251 193
2252 124
2253 195
2254 22
2255 31
2256 43
2257 119
2258 132
2259 11
2260 170
2261 159
2262 114
2263 111
2264 28
2265 115
2266 30
2267 49
2268 166
2269 125
2270 15
2271 178
2272 195
2273 118
2274 15
2275 177
2276 30
2277 199
2278 154
2279 22
2280 162
2281 170
2282 77
2283 14
2284 104
2285 144
2286 180
2287 92
2288 163
2289 88
2290 112
2291 35
2292 17
2293 127
2294 145
2295 129
2296 43
2297 141
2298 18
2299 2
2300 34
2301 98
2302 36
2303 174
2304 185
2305 109
2306 162
2307 69
2308 65
2309 69
2310 199
2311 19
2312 1
2313 60
2314 22
2315 123
2316 22
2317 76
2318 75
2319 165
2320 105
2321 121
2322 37
2323 5
2324 3
2325 163
2326 29
2327 81
2328 146
2329 160
2330 156
2331 190
2332 164
2333 81
2334 169
2335 111
2336 181
2337 119
2338 54
2339 77
2340 147
2341 168
2342 198
2343 16
2344 107
2345 135
2346 68
2347 177
2348 82
2349 63
2350 55
2351 154
2352 7
2353 55
2354 75
2355 84
2356 138
2357 152
2358 169
2359 104
2360 22
2361 154
2362 53
2363 106
2364 120
2365 1
2366 147
2367 150
2368 193
2369 164
2370 23
2371 110
2372 67
2373 30
2374 22
2375 5
2376 32
2377 157
2378 70
2379 126
2380 10
2381 70
2382 167
2383 122
2384 136
2385 14
2386 25
2387 77
2388 86
2389 199
2390 127
2391 40
2392 78
2393 179
2394 179
2395 68
2396 132
2397 36
2398 129
2399 158
2400 3
2401 175
2402 99
2403 74
2404 23
2405 12
2406 140
2407 168
2408 158
2409 60
2410 39
2411 169
2412 157
2413 166
2414 27
2415 60
2416 174
2417 19
2418 181
2419 1
2420 193
2421 74
2422 39
2423 145
2424 175
2425 6
2426 139
2427 57
2428 168
2429 165
2430 25
2431 185
2432 110
2433 110
2434 124
2435 71
2436 164
2437 33
2438 142
2439 88
2440 19
2441 112
2442 120
2443 4
2444 24
2445 67
2446 198
2447 27
2448 90
2449 3
2450 174
2451 54
2452 28
2453 134
2454 90
2455 79
2456 71
2457 67
2458 169
2459 153
2460 49
2461 59
2462 47
2463 65
2464 77
2465 187
2466 144
2467 189
2468 13
2469 175
2470 70
2471 120
2472 19
2473 114
2474 160
2475 134
2476 121
2477 37
2478 158
2479 85
2480 115
2481 78
2482 106
2483 169
2484 188
2485 18
2486 57
2487 13
2488 110
2489 183
2490 92
2491 186
2492 72
2493 66
2494 14
2495 90
2496 39
2497 150
2498 199
2499 85
2500 118
2501 191
2502 115
2503 143
2504 60
2505 74
2506 64
2507 29
2508 2
2509 172
2510 35
2511 41
2512 199
2513 8
2514 81
2515 81
2516 191
2517 4
2518 48
2519 97
2520 176
2521 81
2522 109
2523 100
2524 186
2525 140
2526 130
2527 182
2528 23
2529 28
2530 104
2531 60
2532 31
2533 119
2534 126
2535 152
2536 196
2537 142
2538 115
2539 185
2540 194
2541 24
2542 34
2543 16
2544 183
2545 193
2546 168
2547 107
2548 142
2549 160
2550 64
2551 17
2552 163
2553 2
2554 5
2555 116
2556 135
2557 124
2558 150
2559 175
2560 56
2561 63
2562 94
2563 139
2564 97
2565 42
2566 72
2567 7
2568 139
2569 128
2570 138
2571 23
2572 109
2573 72
2574 27
2575 135
2576 157
2577 188
2578 189
2579 45
2580 127
2581 132
2582 21
2583 198
2584 136
2585 101
2586 58
2587 30
2588 35
2589 140
2590 194
2591 117
2592 66
2593 101
2594 163
2595 152
2596 173
2597 30
2598 13
2599 189
2600 135
2601 97
2602 99
2603 191
2604 29
2605 150
2606 105
2607 142
2608 152
2609 105
2610 74
2611 174
2612 42
2613 113
2614 9
2615 175
2616 4
2617 15
2618 27
2619 182
2620 148
2621 79
2622 154
2623 51
2624 70
2625 15
2626 54
2627 93
2628 59
2629 12
2630 29
2631 27
2632 76
2633 67
2634 177
2635 5
2636 142
2637 15
2638 1
2639 28
2640 39
2641 19
2642 146
2643 26
2644 11
2645 135
2646 127
2647 182
2648 73
2649 67
2650 172
2651 111
2652 144
2653 21
2654 170
2655 78
2656 63
2657 56
2658 140
2659 151
2660 113
2661 46
2662 114
2663 7
2664 46
2665 35
2666 166
2667 15
2668 1
2669 102
2670 138
2671 9
2672 116
2673 47
2674 137
2675 6
2676 170
2677 41
2678 37
2679 143
2680 28
2681 123
2682 185
2683 96
2684 22
2685 114
2686 90
2687 194
2688 124
2689 116
2690 184
2691 2
2692 63
2693 150
2694 172
2695 1
2696 152
2697 131
2698 78
2699 150
2700 109
2701 84
2702 145
2703 109
2704 125
2705 124
2706 137
2707 53
2708 143
2709 4
2710 141
2711 74
2712 195
2713 79
2714 154
2715 193
2716 155
2717 95
2718 54
2719 44
2720 184
2721 149
2722 90
2723 148
2724 2
2725 134
2726 166
2727 99
2728 161
2729 124
2730 16
2731 20
2732 180
2733 91
2734 38
2735 151
2736 131
2737 116
2738 112
2739 8
2740 2
2741 76
2742 188
2743 177
2744 35
2745 131
2746 121
2747 54
2748 136
2749 151
2750 182
2751 166
2752 120
2753 133
2754 8
2755 59
2756 191
2757 82
2758 126
2759 192
2760 57
2761 139
2762 156
2763 76
2764 94
2765 96
2766 171
2767 19
2768 27
2769 134
2770 156
2771 132
2772 105
2773 96
2774 35
2775 46
2776 116
2777 102
2778 144
2779 164
2780 70
2781 164
2782 61
2783 52
2784 154
2785 188
2786 21
2787 32
2788 71
2789 99
2790 138
2791 187
2792 161
2793 105
2794 39
2795 117
2796 113
2797 178
2798 117
2799 40
2800 38
2801 156
2802 176
2803 99
2804 122
2805 39
2806 12
2807 190
2808 47
2809 88
2810 151
2811 33
2812 161
2813 53
2814 10
2815 79
2816 156
2817 110
2818 125
2819 31
2820 27
2821 126
2822 29
2823 160
2824 40
2825 172
2826 101
2827 133
2828 25
2829 181
2830 43
2831 119
2832 7
2833 102
2834 178
2835 159
2836 5
2837 97
2838 93
2839 192
2840 163
2841 162
2842 30
2843 47
2844 98
2845 75
2846 172
2847 21
2848 185
2849 121
2850 68
2851 86
2852 155
2853 89
2854 115
2855 198
2856 93
2857 2
2858 159
2859 138
2860 111
2861 25
2862 200
2863 131
2864 125
2865 69
2866 148
2867 182
2868 140
2869 119
2870 199
2871 148
2872 81
2873 153
2874 4
2875 89
2876 167
2877 98
2878 66
2879 57
2880 115
2881 55
2882 46
2883 86
2884 74
2885 52
2886 68
2887 81
2888 88
2889 46
2890 118
2891 190
2892 75
2893 188
2894 46
2895 171
2896 6
2897 6
2898 18
2899 33
2900 179
2901 85
2902 126
2903 141
2904 127
2905 120
2906 150
2907 137
2908 16
2909 82
2910 95
2911 161
2912 21
2913 17
2914 138
2915 59
2916 172
2917 146
2918 59
2919 85
2920 109
2921 119
2922 46
2923 56
2924 75
2925 176
2926 31
2927 106
2928 35
2929 148
2930 104
2931 157
2932 28
2933 70
2934 49
2935 96
2936 41
2937 87
2938 46
2939 73
2940 4
2941 34
2942 176
2943 189
2944 84
2945 60
2946 15
2947 153
2948 36
2949 179
2950 152
2951 139
2952 200
2953 42
2954 197
2955 139
2956 102
2957 38
2958 15
2959 104
2960 176
2961 18
2962 101
2963 124
2964 22
2965 92
2966 143
2967 136
2968 106
2969 138
2970 46
2971 146
2972 78
2973 122
2974 192
2975 81
2976 36
2977 10
2978 120
2979 192
2980 24
2981 145
2982 24
2983 126
2984 40
2985 3
2986 69
2987 42
2988 48
2989 58
2990 79
2991 197
2992 101
2993 128
2994 89
2995 83
2996 129
2997 173
2998 82
2999 167
3000 13
3001 80
3002 167
3003 28
3004 5
3005 58
3006 182
3007 31
3008 23
3009 17
3010 89
3011 60
3012 190
3013 147
3014 119
3015 127
3016 175
3017 95
3018 112
3019 6
3020 134
3021 166
3022 155
3023 32
3024 156
3025 119
3026 53
3027 40
3028 13
3029 131
3030 191
3031 116
3032 104
3033 61
3034 179
3035 46
3036 2
3037 108
3038 154
3039 129
3040 173
3041 84
3042 56
3043 70
3044 67
3045 80
3046 132
3047 99
3048 90
3049 52
3050 63
3051 36
3052 135
3053 193
3054 128
3055 76
3056 147
3057 164
3058 18
3059 129
3060 55
3061 149
3062 134
3063 99
3064 87
3065 194
3066 17
3067 1
3068 37
3069 106
3070 178
3071 177
3072 61
3073 41
3074 20
3075 126
3076 13
3077 10
3078 92
3079 73
3080 182
3081 47
3082 61
3083 1
3084 179
3085 162
3086 123
3087 157
3088 69
3089 92
3090 105
3091 176
3092 62
3093 49
3094 161
3095 50
3096 165
3097 75
3098 95
3099 136
3100 102
3101 123
3102 101
3103 115
3104 151
3105 170
3106 17
3107 48
3108 43
3109 101
3110 110
3111 130
3112 145
3113 174
3114 126
3115 99
3116 34
3117 36
3118 190
3119 104
3120 71
3121 21
3122 47
3123 188
3124 162
3125 113
3126 78
3127 144
3128 186
3129 127
3130 116
3131 59
3132 36
3133 49
3134 180
3135 108
3136 118
3137 57
3138 102
3139 10
3140 166
3141 121
3142 135
3143 108
3144 129
3145 154
3146 33
3147 59
3148 92
3149 86
3150 163
3151 70
3152 135
3153 157
3154 7
3155 100
3156 49
3157 117
3158 79
3159 51
3160 79
3161 170
3162 57
3163 72
3164 57
3165 154
3166 1
3167 76
3168 95
3169 151
3170 86
3171 37
3172 168
3173 82
3174 81
3175 148
3176 69
3177 147
3178 177
3179 43
3180 104
3181 132
3182 84
3183 71
3184 125
3185 78
3186 23
3187 119
3188 106
3189 129
3190 184
3191 190
3192 197
3193 111
3194 125
3195 75
3196 75
3197 183
3198 67
3199 70
3200 104
3201 7
3202 11
3203 61
3204 191
3205 180
3206 103
3207 131
3208 158
3209 133
3210 120
3211 148
3212 103
3213 163
3214 137
3215 147
3216 118
3217 195
3218 121
3219 140
3220 145
3221 196
3222 148
3223 62
3224 94
3225 54
3226 178
3227 178
3228 38
3229 124
3230 112
3231 167
3232 126
3233 74
3234 73
3235 28
3236 36
3237 6
3238 133
3239 16
3240 12
3241 136
3242 127
3243 83
3244 105
3245 136
3246 120
3247 2
3248 169
3249 43
3250 21
3251 81
3252 163
3253 85
3254 90
3255 86
3256 178
3257 112
3258 125
3259 86
3260 140
3261 49
3262 139
3263 116
3264 6
3265 129
3266 45
3267 173
3268 120
3269 25
3270 146
3271 61
3272 132
3273 80
3274 131
3275 158
3276 18
3277 172
3278 74
3279 71
3280 170
3281 200
3282 178
3283 81
3284 25
3285 121
3286 166
3287 6
3288 199
3289 89
3290 193
3291 86
3292 129
3293 142
3294 142
3295 51
3296 163
3297 112
3298 33
3299 169
3300 197
3301 153
3302 89
3303 64
3304 69
3305 113
3306 181
3307 109
3308 5
3309 36
3310 84
3311 42
3312 30
3313 128
3314 41
3315 71
3316 171
3317 129
3318 17
3319 196
3320 183
3321 150
3322 169
3323 10
3324 186
3325 76
3326 53
3327 158
3328 1
3329 77
3330 169
3331 143
3332 46
3333 90
3334 9
3335 59
3336 71
3337 81
3338 162
3339 118
3340 77
3341 45
3342 107
3343 111
3344 108
3345 155
3346 90
3347 152
3348 173
3349 10
3350 117
3351 41
3352 116
3353 161
3354 132
3355 148
3356 106
3357 111
3358 140
3359 158
3360 70
3361 112
3362 181
3363 116
3364 58
3365 148
3366 188
3367 132
3368 56
3369 30
3370 9
3371 62
3372 157
3373 86
3374 129
3375 80
3376 16
3377 186
3378 94
3379 103
3380 66
3381 5
3382 196
3383 59
3384 144
3385 50
3386 98
3387 166
3388 59
3389 57
3390 142
3391 89
3392 170
3393 126
3394 186
3395 3
3396 180
3397 191
3398 147
3399 37
3400 118
3401 71
3402 149
3403 152
3404 8
3405 24
3406 73
3407 194
3408 49
3409 166
3410 117
3411 55
3412 173
3413 139
3414 54
3415 55
3416 49
3417 32
3418 17
3419 49
3420 54
3421 33
3422 69
3423 107
3424 93
3425 194
3426 47
3427 115
3428 114
3429 125
3430 94
3431 161
3432 149
3433 113
3434 60
3435 54
3436 165
3437 165
3438 10
3439 131
3440 139
3441 143
3442 150
3443 22
3444 71
3445 90
3446 65
3447 47
3448 147
3449 176
3450 80
3451 147
3452 160
3453 49
3454 191
3455 44
3456 161
3457 184
3458 2
3459 15
3460 37
3461 11
3462 35
3463 193
3464 182
3465 164
3466 39
3467 175
3468 119
3469 188
3470 136
3471 186
3472 156
3473 27
3474 194
3475 189
3476 73
3477 163
3478 6
3479 160
3480 83
3481 83
3482 57
3483 195
3484 26
3485 194
3486 133
3487 193
3488 131
3489 73
3490 89
3491 46
3492 61
3493 138
3494 146
3495 169
3496 71
3497 51
3498 68
3499 181
3500 11
3501 162
3502 76
3503 73
3504 72
3505 100
3506 167
3507 185
3508 168
3509 162
3510 199
3511 22
3512 109
3513 184
3514 93
3515 168
3516 197
3517 140
3518 179
3519 142
3520 182
3521 134
3522 24
3523 54
3524 162
3525 200
3526 96
3527 190
3528 23
3529 113
3530 66
3531 13
3532 158
3533 126
3534 141
3535 161
3536 173
3537 22
3538 68
3539 140
3540 18
3541 198
3542 14
3543 26
3544 8
3545 195
3546 139
3547 107
3548 193
3549 192
3550 88
3551 30
3552 85
3553 117
3554 71
3555 1
3556 16
3557 55
3558 118
3559 40
3560 194
3561 115
3562 154
3563 11
3564 138
3565 64
3566 151
3567 75
3568 188
3569 153
3570 164
3571 182
3572 133
3573 110
3574 190
3575 112
3576 26
3577 132
3578 114
3579 87
3580 3
3581 113
3582 157
3583 190
3584 5
3585 5
3586 165
3587 180
3588 155
3589 190
3590 193
3591 110
3592 29
3593 136
3594 108
3595 78
3596 54
3597 111
3598 75
3599 193
3600 121
3601 132
3602 5
3603 23
3604 76
3605 102
3606 53
3607 121
3608 117
3609 137
3610 156
3611 37
3612 56
3613 50
3614 150
3615 37
3616 19
3617 150
3618 120
3619 123
3620 104
3621 7
3622 67
3623 139
3624 91
3625 117
3626 5
3627 7
3628 27
3629 45
3630 138
3631 181
3632 95
3633 182
3634 164
3635 16
3636 38
3637 175
3638 120
3639 186
3640 193
3641 172
3642 76
3643 101
3644 39
3645 72
3646 31
3647 48
3648 95
3649 31
3650 3
3651 46
3652 109
3653 54
3654 138
3655 183
3656 27
3657 89
3658 23
3659 168
3660 76
3661 162
3662 65
3663 56
3664 107
3665 11
3666 143
3667 31
3668 103
3669 170
3670 46
3671 11
3672 54
3673 163
3674 126
3675 164
3676 42
3677 129
3678 40
3679 109
3680 52
3681 152
3682 169
3683 27
3684 186
3685 101
3686 78
3687 110
3688 113
3689 80
3690 24
3691 22
3692 31
3693 1
3694 195
3695 187
3696 189
3697 116
3698 22
3699 70
3700 101
3701 115
3702 188
3703 200
3704 162
3705 132
3706 165
3707 189
3708 112
3709 88
3710 98
3711 109
3712 97
3713 12
3714 56
3715 183
3716 200
3717 37
3718 179
3719 164
3720 76
3721 98
3722 120
3723 122
3724 175
3725 53
3726 117
3727 10
3728 132
3729 149
3730 93
3731 39
3732 89
3733 86
3734 159
3735 137
3736 137
3737 30
3738 192
3739 99
3740 65
3741 138
3742 172
3743 31
3744 70
3745 144
3746 165
3747 16
3748 113
3749 92
3750 141
3751 103
3752 60
3753 131
3754 166
3755 25
3756 148
3757 7
3758 27
3759 166
3760 147
3761 137
3762 152
3763 86
3764 65
3765 180
3766 140
3767 27
3768 119
3769 61
3770 47
3771 59
3772 124
3773 20
3774 166
3775 190
3776 103
3777 177
3778 41
3779 99
3780 196
3781 59
3782 141
3783 96
3784 90
3785 31
3786 109
3787 63
3788 187
3789 190
3790 136
3791 137
3792 98
3793 62
3794 150
3795 40
3796 41
3797 71
3798 197
3799 12
3800 149
3801 175
3802 90
3803 73
3804 8
3805 6
3806 190
3807 138
3808 8
3809 150
3810 171
3811 163
3812 106
3813 19
3814 91
3815 30
3816 3
3817 61
3818 94
3819 60
3820 81
3821 71
3822 42
3823 105
3824 32
3825 196
3826 91
3827 161
3828 112
3829 21
3830 9
3831 108
3832 6
3833 155
3834 27
3835 92
3836 183
3837 115
3838 110
3839 162
3840 89
3841 27
3842 72
3843 2
3844 39
3845 11
3846 60
3847 149
3848 183
3849 55
3850 159
3851 195
3852 119
3853 110
3854 7
3855 22
3856 164
3857 132
3858 36
3859 173
3860 187
3861 37
3862 71
3863 152
3864 22
3865 131
3866 50
3867 124
3868 58
3869 139
3870 20
3871 85
3872 62
3873 47
3874 112
3875 141
3876 157
3877 71
3878 26
3879 63
3880 57
3881 89
3882 70
3883 149
3884 11
3885 72
3886 15
3887 129
3888 135
3889 75
3890 136
3891 88
3892 43
3893 174
3894 89
3895 129
3896 194
3897 10
3898 67
3899 187
3900 123
3901 44
3902 43
3903 172
3904 78
3905 180
3906 26
3907 195
3908 180
3909 107
3910 30
3911 69
3912 4
3913 90
3914 18
3915 160
3916 85
3917 172
3918 121
3919 170
3920 41
3921 60
3922 183
3923 74
3924 173
3925 16
3926 129
3927 16
3928 112
3929 154
3930 176
3931 166
3932 121
3933 184
3934 72
3935 178
3936 7
3937 172
3938 197
3939 45
3940 40
3941 102
3942 89
3943 94
3944 41
3945 152
3946 145
3947 60
3948 138
3949 131
3950 136
3951 47
3952 92
3953 70
3954 168
3955 105
3956 33
3957 145
3958 24
3959 45
3960 105
3961 118
3962 188
3963 142
3964 171
3965 88
3966 41
3967 42
3968 161
3969 92
3970 100
3971 63
3972 95
3973 168
3974 127
3975 128
3976 92
3977 123
3978 4
3979 195
3980 157
3981 60
3982 65
3983 81
3984 67
3985 195
3986 173
3987 118
3988 66
3989 2
3990 69
3991 137
3992 162
3993 170
3994 30
3995 136
3996 51
3997 145
3998 187
3999 148
4000 142
4001 139
4002 192
4003 117
4004 113
4005 29
4006 1
4007 176
4008 119
4009 48
4010 97
4011 71
4012 45
4013 91
4014 64
4015 42
4016 158
4017 3
4018 2
4019 95
4020 39
4021 169
4022 193
4023 92
4024 116
4025 155
4026 88
4027 135
4028 66
4029 77
4030 115
4031 195
4032 160
4033 27
4034 138
4035 104
4036 141
4037 197
4038 107
4039 57
4040 172
4041 158
4042 118
4043 133
4044 196
4045 57
4046 34
4047 154
4048 149
4049 71
4050 41
4051 130
4052 47
4053 80
4054 10
4055 91
4056 183
4057 16
4058 96
4059 148
4060 160
4061 53
4062 141
4063 149
4064 192
4065 67
4066 55
4067 192
4068 109
4069 86
4070 132
4071 81
4072 8
4073 15
4074 112
4075 45
4076 142
4077 53
4078 182
4079 74
4080 169
4081 9
4082 87
4083 34
4084 143
4085 86
4086 141
4087 71
4088 172
4089 183
4090 108
4091 174
4092 151
4093 185
4094 128
4095 31
4096 5
4097 176
4098 114
4099 186
4100 120
4101 133
4102 65
4103 98
4104 1
4105 51
4106 103
4107 21
4108 187
4109 135
4110 100
4111 110
4112 108
4113 135
4114 31
4115 6
4116 23
4117 185
4118 195
4119 188
4120 72
4121 78
4122 3
4123 150
4124 154
4125 98
4126 182
4127 110
4128 118
4129 193
4130 171
4131 83
4132 79
4133 29
4134 37
4135 23
4136 21
4137 164
4138 56
4139 68
4140 187
4141 108
4142 73
4143 28
4144 62
4145 195
4146 26
4147 161
4148 25
4149 53
4150 90
4151 162
4152 148
4153 19
4154 63
4155 141
4156 44
4157 57
4158 81
4159 189
4160 25
4161 59
4162 146
4163 132
4164 114
4165 92
4166 123
4167 131
4168 157
4169 189
4170 103
4171 80
4172 185
4173 53
4174 62
4175 49
4176 53
4177 118
4178 112
4179 160
4180 184
4181 16
4182 163
4183 79
4184 190
4185 29
4186 105
4187 185
4188 107
4189 140
4190 28
4191 69
4192 157
4193 187
4194 189
4195 80
4196 199
4197 153
4198 57
4199 59
4200 183
4201 14
4202 181
4203 65
4204 29
4205 103
4206 155
4207 106
4208 105
4209 160
4210 67
4211 90
4212 117
4213 94
4214 115
4215 85
4216 57
4217 174
4218 8
4219 7
4220 141
4221 97
4222 47
4223 6
4224 6
4225 185
4226 145
4227 29
4228 109
4229 84
4230 153
4231 21
4232 83
4233 25
4234 49
4235 45
4236 27
4237 184
4238 85
4239 161
4240 40
4241 11
4242 40
4243 178
4244 62
4245 107
4246 115
4247 153
4248 162
4249 190
4250 33
4251 60
4252 173
4253 62
4254 48
4255 140
4256 78
4257 99
4258 176
4259 18
4260 167
4261 176
4262 100
4263 176
4264 138
4265 7
4266 96
4267 157
4268 75
4269 32
4270 111
4271 41
4272 102
4273 188
4274 141
4275 200
4276 2
4277 45
4278 177
4279 145
4280 111
4281 24
4282 38
4283 17
4284 130
4285 76
4286 4
4287 61
4288 108
4289 18
4290 41
4291 59
4292 91
4293 163
4294 88
4295 27
4296 186
4297 160
4298 155
4299 15
4300 64
4301 117
4302 172
4303 72
4304 109
4305 150
4306 94
4307 69
4308 22
4309 95
4310 162
4311 186
4312 112
4313 184
4314 128
4315 9
4316 135
4317 172
4318 39
4319 148
4320 168
4321 178
4322 177
4323 79
4324 123
4325 85
4326 54
4327 66
4328 100
4329 95
4330 29
4331 22
4332 27
4333 174
4334 140
4335 129
4336 81
4337 23
4338 176
4339 80
4340 9
4341 26
4342 37
4343 25
4344 143
4345 70
4346 56
4347 108
4348 156
4349 64
4350 200
4351 133
4352 69
4353 162
4354 31
4355 80
4356 189
4357 199
4358 78
4359 183
4360 72
4361 184
4362 78
4363 68
4364 104
4365 138
4366 125
4367 116
4368 6
4369 35
4370 120
4371 49
4372 162
4373 158
4374 93
4375 186
4376 170
4377 80
4378 153
4379 179
4380 81
4381 76
4382 151
4383 114
4384 116
4385 78
4386 18
4387 65
4388 50
4389 66
4390 195
4391 57
4392 54
4393 102
4394 6
4395 55
4396 45
4397 166
4398 184
4399 34
4400 116
4401 26
4402 122
4403 166
4404 166
4405 85
4406 6
4407 81
4408 107
4409 48
4410 196
4411 27
4412 140
4413 148
4414 176
4415 119
4416 57
4417 162
4418 32
4419 89
4420 21
4421 91
4422 166
4423 106
4424 127
4425 143
4426 5
4427 45
4428 158
4429 20
4430 42
4431 98
4432 152
4433 29
4434 131
4435 85
4436 109
4437 141
4438 42
4439 19
4440 199
4441 64
4442 61
4443 58
4444 121
4445 40
4446 135
4447 34
4448 142
4449 191
4450 170
4451 168
4452 124
4453 146
4454 47
4455 165
4456 162
4457 132
4458 159
4459 198
4460 66
4461 59
4462 34
4463 33
4464 181
4465 100
4466 94
4467 168
4468 123
4469 21
4470 39
4471 152
4472 188
4473 152
4474 1
4475 41
4476 138
4477 59
4478 105
4479 84
4480 162
4481 142
4482 94
4483 63
4484 127
4485 33
4486 108
4487 85
4488 96
4489 195
4490 44
4491 17
4492 152
4493 27
4494 106
4495 77
4496 168
4497 50
4498 40
4499 53
4500 152
4501 192
4502 132
4503 10
4504 65
4505 117
4506 19
4507 77
4508 186
4509 78
4510 8
4511 158
4512 111
4513 85
4514 116
4515 34
4516 5
4517 135
4518 148
4519 91
4520 17
4521 158
4522 93
4523 87
4524 155
4525 167
4526 122
4527 19
4528 145
4529 76
4530 74
4531 109
4532 94
4533 126
4534 164
4535 72
4536 39
4537 40
4538 112
4539 181
4540 181
4541 154
4542 48
4543 38
4544 26
4545 114
4546 81
4547 175
4548 40
4549 74
4550 127
4551 25
4552 118
4553 130
4554 52
4555 13
4556 146
4557 127
4558 104
4559 39
4560 87
4561 139
4562 49
4563 106
4564 108
4565 16
4566 130
4567 45
4568 1
4569 34
4570 81
4571 77
4572 179
4573 184
4574 114
4575 26
4576 66
4577 82
4578 100
4579 73
4580 195
4581 62
4582 135
4583 109
4584 73
4585 62
4586 189
4587 67
4588 151
4589 127
4590 116
4591 198
4592 187
4593 42
4594 92
4595 127
4596 132
4597 92
4598 176
4599 177
4600 118
4601 164
4602 117
4603 105
4604 5
4605 74
4606 80
4607 65
4608 184
4609 2
4610 173
4611 81
4612 5
4613 198
4614 165
4615 161
4616 161
4617 138
4618 103
4619 4
4620 46
4621 131
4622 123
4623 33
4624 74
4625 1
4626 71
4627 142
4628 174
4629 62
4630 16
4631 165
4632 65
4633 76
4634 106
4635 8
4636 10
4637 110
4638 171
4639 179
4640 141
4641 126
4642 44
4643 133
4644 40
4645 111
4646 124
4647 54
4648 145
4649 102
4650 170
4651 165
4652 60
4653 102
4654 60
4655 54
4656 176
4657 56
4658 86
4659 135
4660 168
4661 9
4662 23
4663 180
4664 97
4665 25
4666 148
4667 58
4668 170
4669 127
4670 161
4671 26
4672 121
4673 45
4674 39
4675 165
4676 86
4677 125
4678 53
4679 198
4680 120
4681 31
4682 48
4683 141
4684 91
4685 55
4686 33
4687 157
4688 105
4689 122
4690 12
4691 113
4692 129
4693 16
4694 194
4695 112
4696 29
4697 64
4698 47
4699 83
4700 189
4701 76
4702 90
4703 134
4704 125
4705 198
4706 170
4707 155
4708 52
4709 143
4710 84
4711 27
4712 126
4713 10
4714 92
4715 96
4716 52
4717 195
4718 37
4719 14
4720 166
4721 110
4722 48
4723 91
4724 45
4725 155
4726 131
4727 43
4728 185
4729 178
4730 75
4731 11
4732 163
4733 89
4734 167
4735 40
4736 157
4737 18
4738 170
4739 55
4740 4
4741 39
4742 195
4743 69
4744 190
4745 189
4746 29
4747 63
4748 117
4749 103
4750 105
4751 95
4752 49
4753 7
4754 54
4755 157
4756 137
4757 31
4758 50
4759 118
4760 129
4761 59
4762 178
4763 24
4764 154
4765 177
4766 182
4767 167
4768 175
4769 152
4770 62
4771 165
4772 11
4773 23
4774 82
4775 6
4776 161
4777 8
4778 157
4779 153
4780 50
4781 153
4782 177
4783 161
4784 49
4785 162
4786 94
4787 134
4788 26
4789 36
4790 179
4791 154
4792 109
4793 129
4794 175
4795 67
4796 187
4797 89
4798 96
4799 41
4800 79
4801 140
4802 114
4803 151
4804 37
4805 138
4806 73
4807 72
4808 162
4809 85
4810 110
4811 157
4812 180
4813 89
4814 97
4815 192
4816 125
4817 132
4818 13
4819 3
4820 53
4821 67
4822 87
4823 36
4824 62
4825 22
4826 13
4827 6
4828 148
4829 69
4830 90
4831 163
4832 10
4833 109
4834 101
4835 70
4836 14
4837 199
4838 31
4839 78
4840 114
4841 85
4842 85
4843 194
4844 67
4845 100
4846 189
4847 14
4848 156
4849 190
4850 106
4851 145
4852 50
4853 117
4854 151
4855 145
4856 106
4857 143
4858 30
4859 135
4860 85
4861 142
4862 174
4863 174
4864 180
4865 114
4866 74
4867 87
4868 119
4869 123
4870 137
4871 172
4872 198
4873 67
4874 197
4875 127
4876 37
4877 38
4878 146
4879 127
4880 103
4881 177
4882 74
4883 31
4884 60
4885 166
4886 63
4887 111
4888 103
4889 16
4890 195
4891 135
4892 18
4893 119
4894 5
4895 25
4896 94
4897 166
4898 35
4899 121
4900 66
4901 102
4902 109
4903 10
4904 15
4905 26
4906 199
4907 54
4908 113
4909 136
4910 56
4911 123
4912 27
4913 144
4914 152
4915 58
4916 75
4917 140
4918 103
4919 107
4920 51
4921 191
4922 103
4923 164
4924 16
4925 6
4926 108
4927 22
4928 135
4929 70
4930 10
4931 150
4932 151
4933 167
4934 56
4935 187
4936 29
4937 47
4938 87
4939 36
4940 39
4941 87
4942 60
4943 45
4944 17
4945 42
4946 120
4947 114
4948 197
4949 38
4950 74
4951 54
4952 125
4953 78
4954 24
4955 16
4956 57
4957 13
4958 54
4959 126
4960 173
4961 81
4962 130
4963 60
4964 197
4965 23
4966 105
4967 69
4968 55
4969 82
4970 129
4971 46
4972 64
4973 80
4974 55
4975 18
4976 120
4977 70
4978 129
4979 38
4980 143
4981 179
4982 24
4983 178
4984 185
4985 89
4986 9
4987 187
4988 72
4989 194
4990 12
4991 129
4992 15
4993 18
4994 132
4995 57
4996 164
4997 164
4998 23
4999 3
5000 163
5001 144
5002 68
5003 142
5004 13
5005 113
5006 130
5007 53
5008 99
5009 134
5010 75
5011 127
5012 163
5013 73
5014 189
5015 58
5016 108
5017 26
5018 12
5019 120
5020 158
5021 71
5022 45
5023 31
5024 148
5025 109
5026 62
5027 80
5028 156
5029 107
5030 26
5031 177
5032 67
5033 64
5034 163
5035 184
5036 192
5037 43
5038 24
5039 89
5040 167
5041 98
5042 182
5043 62
5044 69
5045 120
5046 187
5047 129
5048 144
5049 107
5050 102
5051 171
5052 43
5053 191
5054 43
5055 166
5056 141
5057 153
5058 95
5059 145
5060 90
5061 5
5062 88
5063 108
5064 159
5065 187
5066 188
5067 37
5068 103
5069 89
5070 106
5071 140
5072 101
5073 27
5074 182
5075 133
5076 172
5077 185
5078 98
5079 26
5080 114
5081 155
5082 98
5083 198
5084 41
5085 61
5086 134
5087 123
5088 43
5089 14
5090 179
5091 172
5092 49
5093 75
5094 24
5095 121
5096 49
5097 50
5098 130
5099 42
5100 10
5101 84
5102 129
5103 16
5104 197
5105 95
5106 172
5107 17
5108 91
5109 47
5110 149
5111 187
5112 29
5113 184
5114 76
5115 87
5116 69
5117 173
5118 23
5119 103
5120 12
5121 150
5122 162
5123 36
5124 96
5125 71
5126 139
5127 40
5128 98
5129 57
5130 68
5131 114
5132 50
5133 3
5134 161
5135 28
5136 146
5137 51
5138 51
5139 122
5140 85
5141 6
5142 155
5143 188
5144 166
5145 131
5146 13
5147 146
5148 41
5149 139
5150 61
5151 12
5152 194
5153 78
5154 185
5155 176
5156 133
5157 64
5158 189
5159 127
5160 84
5161 80
5162 170
5163 178
5164 154
5165 139
5166 125
5167 125
5168 48
5169 167
5170 162
5171 118
5172 138
5173 190
5174 64
5175 76
5176 22
5177 95
5178 108
5179 68
5180 9
5181 127
5182 40
5183 198
5184 108
5185 5
5186 100
5187 114
5188 2
5189 171
5190 19
5191 111
5192 131
5193 7
5194 136
5195 2
5196 52
5197 164
5198 65
5199 145
5200 139
5201 15
5202 4
5203 147
5204 1
5205 131
5206 38
5207 22
5208 146
5209 28
5210 41
5211 50
5212 30
5213 75
5214 165
5215 46
5216 73
5217 116
5218 195
5219 200
5220 83
5221 19
5222 150
5223 60
5224 176
5225 26
5226 177
5227 187
5228 106
5229 120
5230 87
5231 147
5232 94
5233 90
5234 17
5235 162
5236 199
5237 192
5238 93
5239 198
5240 35
5241 170
5242 37
5243 63
5244 50
5245 112
5246 195
5247 6
5248 28
5249 199
5250 56
5251 161
5252 102
5253 90
5254 127
5255 23
5256 63
5257 44
5258 111
5259 19
5260 164
5261 95
5262 96
5263 124
5264 89
5265 138
5266 193
5267 122
5268 36
5269 95
5270 13
5271 31
5272 77
5273 109
5274 93
5275 1
5276 183
5277 31
5278 72
5279 139
5280 18
5281 175
5282 178
5283 163
5284 124
5285 98
5286 113
5287 142
5288 70
5289 146
5290 197
5291 112
5292 64
5293 102
5294 101
5295 24
5296 61
5297 115
5298 13
5299 8
5300 31
5301 122
5302 50
5303 194
5304 167
5305 197
5306 55
5307 8
5308 113
5309 22
5310 162
5311 84
5312 193
5313 70
5314 182
5315 162
5316 181
5317 86
5318 8
5319 149
5320 55
5321 56
5322 7
5323 137
5324 116
5325 92
5326 144
5327 120
5328 62
5329 19
5330 182
5331 157
5332 96
5333 139
5334 63
5335 169
5336 76
5337 153
5338 122
5339 184
5340 69
5341 161
5342 162
5343 186
5344 97
5345 29
5346 137
5347 159
5348 32
5349 46
5350 6
5351 3
5352 49
5353 52
5354 69
5355 185
5356 90
5357 114
5358 145
5359 175
5360 194
5361 8
5362 191
5363 170
5364 112
5365 171
5366 53
5367 131
5368 157
5369 103
5370 85
5371 113
5372 95
5373 159
5374 82
5375 39
5376 182
5377 114
5378 66
5379 94
5380 75
5381 115
5382 123
5383 163
5384 176
5385 197
5386 68
5387 32
5388 183
5389 82
5390 85
5391 165
5392 62
5393 186
5394 62
5395 127
5396 152
5397 42
5398 21
5399 196
5400 199
5401 153
5402 20
5403 59
5404 13
5405 113
5406 61
5407 28
5408 46
5409 183
5410 65
5411 3
5412 45
5413 153
5414 46
5415 149
5416 58
5417 31
5418 80
5419 150
5420 82
5421 47
5422 3
5423 12
5424 31
5425 162
5426 12
5427 94
5428 108
5429 137
5430 124
5431 127
5432 121
5433 9
5434 22
5435 92
5436 130
5437 175
5438 34
5439 192
5440 155
5441 111
5442 76
5443 154
5444 47
5445 10
5446 179
5447 5
5448 177
5449 75
5450 51
5451 100
5452 12
5453 87
5454 142
5455 150
5456 51
5457 51
5458 148
5459 80
5460 187
5461 102
5462 113
5463 104
5464 120
5465 74
5466 78
5467 129
5468 39
5469 113
5470 22
5471 63
5472 52
5473 137
5474 84
5475 34
5476 199
5477 164
5478 178
5479 114
5480 29
5481 198
5482 84
5483 164
5484 143
5485 179
5486 47
5487 14
5488 108
5489 194
5490 200
5491 97
5492 98
5493 187
5494 137
5495 59
5496 27
5497 65
5498 85
5499 187
5500 57
5501 100
5502 103
5503 113
5504 148
5505 165
5506 140
5507 114
5508 95
5509 145
5510 119
5511 123
5512 189
5513 8
5514 199
5515 46
5516 88
5517 54
5518 158
5519 33
5520 62
5521 144
5522 14
5523 56
5524 173
5525 44
5526 186
5527 163
5528 6
5529 65
5530 74
5531 67
5532 183
5533 64
5534 98
5535 181
5536 174
5537 84
5538 80
5539 177
5540 187
5541 27
5542 99
5543 21
5544 142
5545 14
5546 121
5547 5
5548 156
5549 173
5550 105
5551 46
5552 195
5553 69
5554 61
5555 146
5556 131
5557 145
5558 191
5559 179
5560 83
5561 199
5562 154
5563 196
5564 31
5565 166
5566 60
5567 33
5568 19
5569 113
5570 128
5571 75
5572 76
5573 36
5574 50
5575 158
5576 102
5577 9
5578 81
5579 3
5580 177
5581 5
5582 166
5583 115
5584 138
5585 126
5586 27
5587 193
5588 13
5589 97
5590 157
5591 123
5592 47
5593 49
5594 105
5595 71
5596 48
5597 48
5598 20
5599 81
5600 190
5601 173
5602 173
5603 73
5604 168
5605 43
5606 8
5607 31
5608 125
5609 196
5610 78
5611 74
5612 181
5613 168
5614 118
5615 28
5616 39
5617 47
5618 105
5619 34
5620 109
5621 152
5622 180
5623 98
5624 136
5625 76
5626 105
5627 94
5628 146
5629 33
5630 27
5631 25
5632 160
5633 142
5634 3
5635 32
5636 58
5637 173
5638 90
5639 83
5640 200
5641 41
5642 139
5643 119
5644 32
5645 192
5646 104
5647 91
5648 54
5649 128
5650 41
5651 200
5652 123
5653 139
5654 20
5655 130
5656 178
5657 1
5658 80
5659 57
5660 73
5661 200
5662 81
5663 35
5664 128
5665 64
5666 127
5667 177
5668 118
5669 183
5670 197
5671 35
5672 35
5673 59
5674 167
5675 86
5676 81
5677 109
5678 8
5679 134
5680 154
5681 109
5682 172
5683 160
5684 24
5685 76
5686 39
5687 10
5688 137
5689 12
5690 81
5691 32
5692 120
5693 10
5694 80
5695 65
5696 153
5697 133
5698 24
5699 72
5700 167
5701 123
5702 31
5703 115
5704 129
5705 113
5706 150
5707 172
5708 180
5709 184
5710 37
5711 94
5712 198
5713 93
5714 102
5715 187
5716 16
5717 150
5718 147
5719 63
5720 105
5721 49
5722 184
5723 117
5724 13
5725 3
5726 47
5727 103
5728 103
5729 103
5730 105
5731 52
5732 11
5733 51
5734 150
5735 145
5736 106
5737 104
5738 76
5739 169
5740 9
5741 102
5742 50
5743 200
5744 103
5745 90
5746 11
5747 186
5748 96
5749 171
5750 160
5751 135
5752 155
5753 164
5754 13
5755 83
5756 161
5757 44
5758 38
5759 178
5760 24
5761 56
5762 105
5763 58
5764 173
5765 143
5766 87
5767 90
5768 159
5769 144
5770 49
5771 105
5772 156
5773 105
5774 133
5775 49
5776 23
5777 183
5778 164
5779 102
5780 93
5781 139
5782 181
5783 175
5784 36
5785 156
5786 193
5787 29
5788 46
5789 39
5790 188
5791 28
5792 138
5793 80
5794 92
5795 104
5796 66
5797 34
5798 62
5799 64
5800 125
5801 131
5802 154
5803 56
5804 162
5805 194
5806 91
5807 167
5808 125
5809 162
5810 108
5811 172
5812 58
5813 132
5814 91
5815 59
5816 70
5817 129
5818 188
5819 168
5820 155
5821 186
5822 171
5823 35
5824 88
5825 53
5826 44
5827 135
5828 106
5829 58
5830 171
5831 121
5832 200
5833 91
5834 22
5835 82
5836 79
5837 90
5838 106
5839 97
5840 131
5841 118
5842 31
5843 190
5844 41
5845 2
5846 133
5847 137
5848 36
5849 62
5850 47
5851 38
5852 193
5853 48
5854 111
5855 45
5856 80
5857 192
5858 197
5859 156
5860 109
5861 135
5862 153
5863 192
5864 1
5865 7
5866 103
5867 124
5868 197
5869 19
5870 134
5871 127
5872 31
5873 16
5874 78
5875 62
5876 194
5877 165
5878 190
5879 14
5880 100
5881 112
5882 89
5883 28
5884 100
5885 35
5886 48
5887 168
5888 4
5889 160
5890 138
5891 146
5892 113
5893 198
5894 116
5895 86
5896 3
5897 54
5898 113
5899 67
5900 37
5901 17
5902 150
5903 167
5904 67
5905 111
5906 13
5907 47
5908 179
5909 5
5910 169
5911 129
5912 129
5913 79
5914 50
5915 34
5916 141
5917 162
5918 84
5919 51
5920 92
5921 150
5922 7
5923 51
5924 6
5925 176
5926 34
5927 25
5928 93
5929 14
5930 58
5931 127
5932 39
5933 150
5934 172
5935 184
5936 182
5937 63
5938 73
5939 99
5940 70
5941 102
5942 70
5943 198
5944 156
5945 174
5946 117
5947 180
5948 145
5949 148
5950 65
5951 76
5952 180
5953 166
5954 72
5955 11
5956 47
5957 113
5958 18
5959 32
5960 42
5961 157
5962 178
5963 79
5964 94
5965 62
5966 141
5967 143
5968 79
5969 58
5970 147
5971 34
5972 69
5973 1
5974 44
5975 112
5976 199
5977 53
5978 199
5979 106
5980 28
5981 51
5982 186
5983 192
5984 65
5985 143
5986 108
5987 158
5988 134
5989 127
5990 139
5991 77
5992 96
5993 195
5994 20
5995 187
5996 131
5997 99
5998 4
5999 196
6000 8
6001 200
6002 30
6003 67
6004 111
6005 76
6006 190
6007 126
6008 136
6009 154
6010 96
6011 69
6012 160
6013 9
6014 146
6015 105
6016 63
6017 110
6018 118
6019 91
6020 66
6021 106
6022 56
6023 58
6024 103
6025 55
6026 184
6027 127
6028 127
6029 160
6030 63
6031 10
6032 160
6033 70
6034 12
6035 93
6036 125
6037 147
6038 180
6039 100
6040 182
6041 26
6042 80
6043 19
6044 66
6045 65
6046 128
6047 63
6048 79
6049 64
6050 165
6051 115
6052 128
6053 108
6054 59
6055 85
6056 75
6057 114
6058 177
6059 119
6060 104
6061 153
6062 6
6063 100
6064 158
6065 76
6066 18
6067 72
6068 28
6069 115
6070 174
6071 197
6072 112
6073 3
6074 38
6075 187
6076 3
6077 93
6078 161
6079 190
6080 102
6081 44
6082 111
6083 12
6084 165
6085 84
6086 18
6087 32
6088 11
6089 111
6090 80
6091 18
6092 99
6093 94
6094 192
6095 108
6096 2
6097 4
6098 178
6099 179
6100 146
6101 34
6102 143
6103 18
6104 182
6105 169
6106 14
6107 114
6108 15
6109 170
6110 142
6111 167
6112 54
6113 90
6114 86
6115 45
6116 130
6117 143
6118 96
6119 180
6120 104
6121 18
6122 106
6123 69
6124 67
6125 5
6126 102
6127 106
6128 122
6129 177
6130 120
6131 83
6132 42
6133 152
6134 71
6135 159
6136 194
6137 115
6138 142
6139 95
6140 186
6141 144
6142 123
6143 133
6144 10
6145 74
6146 101
6147 89
6148 94
6149 167
6150 171
6151 127
6152 194
6153 85
6154 157
6155 199
6156 31
6157 185
6158 76
6159 156
6160 55
6161 154
6162 153
6163 151
6164 35
6165 110
6166 119
6167 114
6168 109
6169 130
6170 91
6171 163
6172 96
6173 111
6174 167
6175 175
6176 81
6177 108
6178 103
6179 48
6180 64
6181 2
6182 22
6183 92
6184 107
6185 59
6186 157
6187 128
6188 52
6189 108
6190 87
6191 147
6192 98
6193 36
6194 171
6195 173
6196 185
6197 124
6198 46
6199 125
6200 120
6201 79
6202 30
6203 50
6204 195
6205 113
6206 87
6207 143
6208 162
6209 194
6210 90
6211 134
6212 171
6213 107
6214 58
6215 176
6216 40
6217 136
6218 200
6219 12
6220 158
6221 77
6222 118
6223 182
6224 10
6225 188
6226 66
6227 98
6228 137
6229 97
6230 182
6231 177
6232 7
6233 4
6234 183
6235 153
6236 67
6237 135
6238 37
6239 144
6240 170
6241 71
6242 60
6243 114
6244 60
6245 167
6246 34
6247 19
6248 8
6249 103
6250 11
6251 13
6252 87
6253 88
6254 45
6255 102
6256 8
6257 40
6258 75
6259 2
6260 184
6261 176
6262 19
6263 87
6264 106
6265 161
6266 50
6267 39
6268 21
6269 45
6270 14
6271 71
6272 111
6273 5
6274 31
6275 16
6276 189
6277 90
6278 122
6279 131
6280 59
6281 143
6282 180
6283 99
6284 77
6285 5
6286 146
6287 32
6288 54
6289 170
6290 28
6291 26
6292 140
6293 102
6294 196
6295 95
6296 132
6297 45
6298 51
6299 11
6300 129
6301 158
6302 133
6303 154
6304 14
6305 163
6306 81
6307 97
6308 92
6309 174
6310 104
6311 55
6312 180
6313 107
6314 190
6315 176
6316 111
6317 149
6318 160
6319 83
6320 86
6321 198
6322 184
6323 195
6324 179
6325 14
6326 83
6327 5
6328 37
6329 147
6330 99
6331 111
6332 72
6333 31
6334 80
6335 126
6336 171
6337 131
6338 7
6339 196
6340 44
6341 128
6342 157
6343 14
6344 173
6345 9
6346 132
6347 115
6348 78
6349 186
6350 47
6351 149
6352 27
6353 157
6354 27
6355 115
6356 117
6357 134
6358 152
6359 96
6360 116
6361 195
6362 115
6363 170
6364 112
6365 30
6366 98
6367 188
6368 19
6369 64
6370 161
6371 78
6372 196
6373 82
6374 100
6375 26
6376 19
6377 176
6378 161
6379 199
6380 151
6381 85
6382 11
6383 95
6384 20
6385 60
6386 158
6387 130
6388 112
6389 105
6390 69
6391 200
6392 111
6393 119
6394 48
6395 126
6396 69
6397 34
6398 187
6399 46
6400 173
6401 91
6402 59
6403 126
6404 90
6405 102
6406 61
6407 173
6408 191
6409 3
6410 20
6411 165
6412 119
6413 25
6414 194
6415 164
6416 4
6417 196
6418 124
6419 59
6420 173
6421 60
6422 52
6423 150
6424 136
6425 144
6426 60
6427 148
6428 141
6429 148
6430 66
6431 65
6432 145
6433 95
6434 194
6435 61
6436 176
6437 177
6438 29
6439 69
6440 168
6441 25
6442 111
6443 152
6444 154
6445 78
6446 94
6447 67
6448 138
6449 187
6450 7
6451 176
6452 145
6453 34
6454 43
6455 187
6456 158
6457 180
6458 90
6459 126
6460 99
6461 175
6462 72
6463 75
6464 99
6465 95
6466 28
6467 162
6468 176
6469 118
6470 107
6471 39
6472 113
6473 20
6474 125
6475 122
6476 43
6477 147
6478 182
6479 29
6480 197
6481 45
6482 157
6483 40
6484 185
6485 22
6486 170
6487 108
6488 7
6489 189
6490 72
6491 66
6492 23
6493 114
6494 110
6495 120
6496 161
6497 53
6498 129
6499 143
6500 102
6501 77
6502 189
6503 73
6504 48
6505 7
6506 115
6507 100
6508 188
6509 163
6510 53
6511 198
6512 11
6513 124
6514 57
6515 47
6516 86
6517 159
6518 39
6519 35
6520 22
6521 74
6522 59
6523 33
6524 77
6525 100
6526 65
6527 50
6528 63
6529 158
6530 25
6531 64
6532 168
6533 78
6534 33
6535 34
6536 159
6537 46
6538 125
6539 32
6540 69
6541 29
6542 103
6543 147
6544 156
6545 147
6546 66
6547 68
6548 123
6549 90
6550 172
6551 104
6552 116
6553 48
6554 68
6555 19
6556 88
6557 178
6558 178
6559 160
6560 177
6561 117
6562 120
6563 154
6564 168
6565 144
6566 42
6567 35
6568 191
6569 75
6570 39
6571 65
6572 46
6573 139
6574 23
6575 118
6576 126
6577 44
6578 197
6579 29
6580 187
6581 4
6582 72
6583 135
6584 178
6585 86
6586 185
6587 180
6588 102
6589 35
6590 145
6591 110
6592 135
6593 153
6594 125
6595 169
6596 181
6597 151
6598 49
6599 195
6600 107
6601 199
6602 53
6603 125
6604 20
6605 62
6606 177
6607 130
6608 83
6609 30
6610 190
6611 21
6612 78
6613 129
6614 30
6615 17
6616 187
6617 42
6618 168
6619 33
6620 191
6621 156
6622 61
6623 197
6624 94
6625 14
6626 126
6627 14
6628 118
6629 197
6630 137
6631 100
6632 59
6633 124
6634 180
6635 77
6636 62
6637 185
6638 77
6639 3
6640 5
6641 99
6642 198
6643 179
6644 86
6645 131
6646 200
6647 30
6648 23
6649 161
6650 20
6651 112
6652 15
6653 47
6654 40
6655 77
6656 148
6657 51
6658 49
6659 21
6660 150
6661 114
6662 199
6663 112
6664 12
6665 81
6666 49
6667 79
6668 77
6669 89
6670 171
6671 34
6672 110
6673 120
6674 106
6675 113
6676 3
6677 80
6678 184
6679 29
6680 47
6681 174
6682 118
6683 45
6684 197
6685 157
6686 75
6687 110
6688 142
6689 191
6690 31
6691 186
6692 160
6693 86
6694 12
6695 172
6696 106
6697 43
6698 139
6699 11
6700 169
6701 3
6702 140
6703 53
6704 178
6705 170
6706 135
6707 180
6708 193
6709 62
6710 184
6711 60
6712 32
6713 198
6714 40
6715 99
6716 194
6717 74
6718 15
6719 34
6720 53
6721 17
6722 152
6723 148
6724 23
6725 93
6726 13
6727 86
6728 139
6729 47
6730 17
6731 189
6732 92
6733 100
6734 117
6735 71
6736 147
6737 63
6738 169
6739 29
6740 114
6741 143
6742 178
6743 37
6744 55
6745 125
6746 138
6747 141
6748 120
6749 170
6750 1
6751 76
6752 123
6753 161
6754 142
6755 92
6756 142
6757 171
6758 34
6759 72
6760 157
6761 122
6762 197
6763 68
6764 8
6765 47
6766 26
6767 161
6768 84
6769 35
6770 135
6771 178
6772 146
6773 37
6774 23
6775 156
6776 187
6777 116
6778 164
6779 63
6780 180
6781 192
6782 101
6783 81
6784 195
6785 69
6786 83
6787 137
6788 70
6789 44
6790 191
6791 118
6792 27
6793 180
6794 92
6795 29
6796 70
6797 67
6798 155
6799 143
6800 151
6801 173
6802 116
6803 161
6804 175
6805 17
6806 48
6807 19
6808 142
6809 63
6810 50
6811 147
6812 29
6813 1
6814 75
6815 75
6816 132
6817 167
6818 139
6819 186
6820 19
6821 111
6822 61
6823 106
6824 103
6825 143
6826 85
6827 93
6828 12
6829 37
6830 190
6831 3
6832 1
6833 125
6834 199
6835 113
6836 100
6837 57
6838 161
6839 80
6840 79
6841 150
6842 112
6843 155
6844 163
6845 182
6846 102
6847 23
6848 150
6849 33
6850 164
6851 107
6852 100
6853 35
6854 155
6855 16
6856 173
6857 169
6858 41
6859 132
6860 176
6861 51
6862 183
6863 63
6864 139
6865 55
6866 2
6867 93
6868 41
6869 178
6870 94
6871 188
6872 81
6873 111
6874 46
6875 150
6876 111
6877 23
6878 25
6879 5
6880 109
6881 41
6882 115
6883 27
6884 61
6885 171
6886 70
6887 171
6888 117
6889 56
6890 106
6891 140
6892 127
6893 167
6894 78
6895 131
6896 194
6897 67
6898 169
6899 55
6900 65
6901 148
6902 61
6903 115
6904 200
6905 190
6906 195
6907 26
6908 150
6909 6
6910 85
6911 49
6912 160
6913 81
6914 150
6915 86
6916 98
6917 19
6918 33
6919 168
6920 83
6921 159
6922 82
6923 20
6924 9
6925 41
6926 197
6927 47
6928 155
6929 119
6930 129
6931 29
6932 10
6933 191
6934 119
6935 103
6936 198
6937 13
6938 15
6939 180
6940 85
6941 37
6942 186
6943 30
6944 184
6945 107
6946 92
6947 49
6948 19
6949 166
6950 118
6951 16
6952 178
6953 160
6954 134
6955 156
6956 3
6957 78
6958 61
6959 117
6960 189
6961 68
6962 58
6963 157
6964 45
6965 30
6966 45
6967 80
6968 144
6969 129
6970 194
6971 191
6972 140
6973 75
6974 163
6975 158
6976 110
6977 123
6978 65
6979 182
6980 179
6981 136
6982 170
6983 4
6984 192
6985 121
6986 112
6987 80
6988 122
6989 89
6990 159
6991 198
6992 43
6993 69
6994 199
6995 127
6996 137
6997 90
6998 41
6999 50
7000 66
7001 47
7002 198
7003 167
7004 38
7005 20
7006 120
7007 36
7008 18
7009 100
7010 22
7011 36
7012 156
7013 83
7014 82
7015 82
7016 45
7017 7
7018 84
7019 108
7020 80
7021 163
7022 28
7023 189
7024 188
7025 90
7026 31
7027 193
7028 107
7029 196
7030 158
7031 130
7032 8
7033 154
7034 181
7035 59
7036 60
7037 179
7038 87
7039 118
7040 144
7041 13
7042 73
7043 76
7044 59
7045 26
7046 77
7047 11
7048 99
7049 20
7050 79
7051 49
7052 173
7053 193
7054 107
7055 142
7056 24
7057 171
7058 87
7059 100
7060 152
7061 122
7062 171
7063 121
7064 174
7065 21
7066 104
7067 137
7068 76
7069 133
7070 66
7071 32
7072 134
7073 23
7074 61
7075 118
7076 36
7077 13
7078 27
7079 140
7080 89
7081 93
7082 165
7083 171
7084 11
7085 37
7086 83
7087 180
7088 75
7089 24
7090 10
7091 23
7092 108
7093 52
7094 73
7095 35
7096 93
7097 130
7098 32
7099 71
7100 31
7101 67
7102 78
7103 150
7104 119
7105 10
7106 63
7107 145
7108 34
7109 183
7110 157
7111 129
7112 99
7113 147
7114 142
7115 85
7116 172
7117 7
7118 181
7119 141
7120 102
7121 100
7122 2
7123 66
7124 157
7125 47
7126 97
7127 170
7128 158
7129 12
7130 36
7131 28
7132 124
7133 85
7134 127
7135 23
7136 41
7137 19
7138 106
7139 153
7140 141
7141 54
7142 36
7143 10
7144 181
7145 146
7146 137
7147 140
7148 194
7149 73
7150 16
7151 3
7152 86
7153 130
7154 110
7155 170
7156 48
7157 23
7158 12
7159 56
7160 62
7161 66
7162 101
7163 111
7164 108
7165 143
7166 100
7167 127
7168 134
7169 55
7170 182
7171 151
7172 91
7173 61
7174 147
7175 89
7176 13
7177 19
7178 186
7179 26
7180 38
7181 86
7182 40
7183 23
7184 184
7185 111
7186 59
7187 171
7188 170
7189 94
7190 74
7191 28
7192 89
7193 130
7194 13
7195 159
7196 36
7197 12
7198 56
7199 3
7200 119
7201 70
7202 122
7203 85
7204 103
7205 13
7206 74
7207 32
7208 72
7209 58
7210 146
7211 28
7212 173
7213 67
7214 27
7215 5
7216 1
7217 119
7218 147
7219 155
7220 6
7221 176
7222 89
7223 151
7224 74
7225 84
7226 151
7227 107
7228 60
7229 105
7230 44
7231 42
7232 82
7233 159
7234 174
7235 62
7236 124
7237 54
7238 24
7239 182
7240 172
7241 7
7242 57
7243 79
7244 103
7245 184
7246 52
7247 198
7248 194
7249 115
7250 123
7251 129
7252 68
7253 28
7254 82
7255 147
7256 34
7257 171
7258 200
7259 45
7260 141
7261 178
7262 127
7263 76
7264 10
7265 124
7266 182
7267 89
7268 132
7269 105
7270 20
7271 23
7272 116
7273 10
7274 2
7275 57
7276 36
7277 130
7278 67
7279 96
7280 70
7281 96
7282 170
7283 128
7284 31
7285 12
7286 161
7287 133
7288 31
7289 136
7290 148
7291 194
7292 16
7293 132
7294 170
7295 142
7296 19
7297 80
7298 79
7299 5
7300 186
7301 147
7302 2
7303 88
7304 28
7305 15
7306 2
7307 72
7308 33
7309 67
7310 192
7311 5
7312 193
7313 185
7314 147
7315 49
7316 200
7317 45
7318 41
7319 115
7320 49
7321 165
7322 25
7323 175
7324 17
7325 193
7326 109
7327 63
7328 21
7329 80
7330 59
7331 14
7332 165
7333 98
7334 187
7335 186
7336 116
7337 145
7338 17
7339 26
7340 94
7341 30
7342 66
7343 162
7344 121
7345 42
7346 61
7347 73
7348 78
7349 113
7350 188
7351 15
7352 176
7353 56
7354 95
7355 100
7356 23
7357 31
7358 134
7359 76
7360 184
7361 1
7362 3
7363 172
7364 99
7365 180
7366 176
7367 169
7368 91
7369 144
7370 105
7371 23
7372 65
7373 6
7374 145
7375 76
7376 65
7377 93
7378 159
7379 51
7380 147
7381 98
7382 119
7383 167
7384 25
7385 134
7386 9
7387 162
7388 108
7389 141
7390 144
7391 128
7392 83
7393 182
7394 172
7395 123
7396 151
7397 135
7398 147
7399 183
7400 185
7401 92
7402 5
7403 127
7404 185
7405 116
7406 142
7407 197
7408 67
7409 26
7410 25
7411 131
7412 194
7413 153
7414 133
7415 98
7416 75
7417 28
7418 185
7419 126
7420 41
7421 133
7422 91
7423 186
7424 85
7425 43
7426 139
7427 153
7428 135
7429 147
7430 187
7431 146
7432 66
7433 6
7434 163
7435 83
7436 163
7437 120
7438 94
7439 31
7440 7
7441 5
7442 6
7443 148
7444 90
7445 51
7446 88
7447 71
7448 152
7449 26
7450 90
7451 41
7452 101
7453 124
7454 124
7455 97
7456 18
7457 53
7458 198
7459 23
7460 182
7461 39
7462 3
7463 119
7464 78
7465 154
7466 129
7467 119
7468 28
7469 155
7470 106
7471 81
7472 122
7473 118
7474 200
7475 127
7476 169
7477 55
7478 98
7479 29
7480 76
7481 16
7482 136
7483 33
7484 81
7485 15
7486 135
7487 155
7488 59
7489 194
7490 144
7491 125
7492 120
7493 53
7494 176
7495 25
7496 90
7497 177
7498 65
7499 108
7500 50
7501 128
7502 80
7503 147
7504 179
7505 113
7506 162
7507 109
7508 46
7509 29
7510 12
7511 120
7512 154
7513 97
7514 139
7515 86
7516 72
7517 178
7518 177
7519 35
7520 137
7521 60
7522 33
7523 84
7524 152
7525 155
7526 164
7527 40
7528 169
7529 68
7530 166
7531 67
7532 101
7533 149
7534 81
7535 163
7536 53
7537 86
7538 33
7539 169
7540 41
7541 77
7542 66
7543 8
7544 88
7545 198
7546 27
7547 6
7548 148
7549 51
7550 165
7551 135
7552 153
7553 162
7554 162
7555 84
7556 72
7557 37
7558 193
7559 80
7560 93
7561 42
7562 114
7563 137
7564 2
7565 164
7566 25
7567 160
7568 172
7569 144
7570 51
7571 149
7572 46
7573 27
7574 78
7575 17
7576 181
7577 17
7578 161
7579 47
7580 166
7581 137
7582 35
7583 5
7584 55
7585 199
7586 161
7587 26
7588 6
7589 2
7590 157
7591 102
7592 88
7593 163
7594 92
7595 188
7596 114
7597 77
7598 88
7599 170
7600 91
7601 61
7602 64
7603 192
7604 48
7605 79
7606 124
7607 72
7608 182
7609 154
7610 129
7611 85
7612 101
7613 47
7614 34
7615 134
7616 58
7617 166
7618 97
7619 104
7620 68
7621 95
7622 26
7623 122
7624 19
7625 106
7626 35
7627 164
7628 11
7629 48
7630 176
7631 106
7632 169
7633 47
7634 193
7635 71
7636 26
7637 146
7638 111
7639 90
7640 148
7641 26
7642 16
7643 10
7644 158
7645 70
7646 79
7647 137
7648 60
7649 146
7650 59
7651 93
7652 111
7653 174
7654 173
7655 33
7656 20
7657 52
7658 84
7659 56
7660 15
7661 118
7662 103
7663 22
7664 55
7665 6
7666 16
7667 104
7668 86
7669 100
7670 167
7671 170
7672 43
7673 161
7674 198
7675 195
7676 126
7677 75
7678 20
7679 26
7680 177
7681 16
7682 173
7683 88
7684 191
7685 24
7686 184
7687 71
7688 113
7689 54
7690 88
7691 139
7692 159
7693 39
7694 111
7695 24
7696 3
7697 145
7698 192
7699 143
7700 80
7701 94
7702 135
7703 191
7704 197
7705 189
7706 12
7707 16
7708 26
7709 52
7710 25
7711 83
7712 108
7713 125
7714 142
7715 108
7716 92
7717 34
7718 35
7719 40
7720 34
7721 106
7722 74
7723 192
7724 152
7725 62
7726 137
7727 177
7728 117
7729 7
7730 59
7731 191
7732 35
7733 68
7734 200
7735 37
7736 107
7737 3
7738 80
7739 73
7740 36
7741 36
7742 23
7743 26
7744 56
7745 24
7746 109
7747 84
7748 180
7749 169
7750 189
7751 108
7752 115
7753 54
7754 169
7755 76
7756 102
7757 100
7758 189
7759 29
7760 90
7761 41
7762 128
7763 117
7764 84
7765 188
7766 28
7767 106
7768 81
7769 16
7770 112
7771 191
7772 16
7773 62
7774 42
7775 28
7776 179
7777 76
7778 174
7779 83
7780 95
7781 176
7782 80
7783 144
7784 65
7785 153
7786 96
7787 111
7788 31
7789 142
7790 108
7791 94
7792 169
7793 101
7794 71
7795 118
7796 38
7797 140
7798 171
7799 17
7800 26
7801 107
7802 81
7803 82
7804 199
7805 82
7806 174
7807 148
7808 86
7809 172
7810 157
7811 126
7812 54
7813 140
7814 29
7815 98
7816 150
7817 129
7818 96
7819 34
7820 160
7821 53
7822 77
7823 121
7824 180
7825 124
7826 46
7827 11
7828 184
7829 161
7830 100
7831 15
7832 142
7833 43
7834 152
7835 149
7836 31
7837 59
7838 143
7839 95
7840 141
7841 137
7842 15
7843 47
7844 92
7845 96
7846 88
7847 176
7848 53
7849 172
7850 80
7851 109
7852 110
7853 58
7854 48
7855 200
7856 115
7857 61
7858 139
7859 84
7860 101
7861 167
7862 147
7863 77
7864 88
7865 7
7866 197
7867 97
7868 39
7869 37
7870 48
7871 162
7872 47
7873 58
7874 177
7875 124
7876 106
7877 185
7878 98
7879 84
7880 108
7881 18
7882 175
7883 137
7884 114
7885 185
7886 60
7887 150
7888 72
7889 113
7890 158
7891 15
7892 17
7893 13
7894 136
7895 78
7896 40
7897 113
7898 112
7899 91
7900 40
7901 13
7902 59
7903 13
7904 111
7905 60
7906 16
7907 27
7908 102
7909 25
7910 124
7911 90
7912 56
7913 12
7914 189
7915 33
7916 200
7917 162
7918 16
7919 181
7920 138
7921 74
7922 14
7923 120
7924 53
7925 199
7926 68
7927 32
7928 190
7929 118
7930 140
7931 179
7932 170
7933 134
7934 1
7935 156
7936 196
7937 48
7938 62
7939 65
7940 88
7941 118
7942 127
7943 17
7944 142
7945 162
7946 41
7947 63
7948 137
7949 72
7950 102
7951 74
7952 57
7953 100
7954 100
7955 135
7956 118
7957 179
7958 117
7959 67
7960 7
7961 92
7962 77
7963 125
7964 99
7965 46
7966 141
7967 21
7968 133
7969 141
7970 184
7971 136
7972 100
7973 109
7974 38
7975 87
7976 179
7977 8
7978 132
7979 39
7980 38
7981 88
7982 60
7983 110
7984 37
7985 89
7986 155
7987 132
7988 33
7989 156
7990 97
7991 108
7992 198
7993 173
7994 63
7995 157
7996 34
7997 64
7998 42
7999 58
8000 18
8001 146
8002 125
8003 131
8004 15
8005 78
8006 150
8007 101
8008 102
8009 190
8010 16
8011 43
8012 3
8013 126
8014 40
8015 153
8016 108
8017 10
8018 23
8019 185
8020 136
8021 135
8022 137
8023 15
8024 8
8025 95
8026 198
8027 108
8028 21
8029 152
8030 148
8031 191
8032 46
8033 74
8034 151
8035 6
8036 123
8037 156
8038 4
8039 15
8040 96
8041 45
8042 120
8043 107
8044 142
8045 130
8046 187
8047 143
8048 33
8049 92
8050 176
8051 16
8052 170
8053 143
8054 145
8055 19
8056 47
8057 107
8058 157
8059 47
8060 18
8061 81
8062 59
8063 196
8064 155
8065 169
8066 171
8067 120
8068 118
8069 108
8070 94
8071 30
8072 110
8073 28
8074 148
8075 106
8076 179
8077 136
8078 79
8079 125
8080 89
8081 6
8082 164
8083 114
8084 18
8085 11
8086 24
8087 46
8088 187
8089 113
8090 171
8091 160
8092 26
8093 198
8094 200
8095 15
8096 110
8097 58
8098 132
8099 6
8100 195
8101 121
8102 145
8103 168
8104 119
8105 127
8106 66
8107 4
8108 50
8109 93
8110 17
8111 194
8112 60
8113 18
8114 182
8115 153
8116 131
8117 35
8118 8
8119 81
8120 97
8121 133
8122 131
8123 96
8124 79
8125 187
8126 168
8127 142
8128 171
8129 100
8130 186
8131 96
8132 69
8133 80
8134 172
8135 177
8136 92
8137 167
8138 52
8139 75
8140 108
8141 89
8142 189
8143 151
8144 43
8145 182
8146 173
8147 95
8148 75
8149 93
8150 158
8151 41
8152 198
8153 74
8154 97
8155 166
8156 7
8157 159
8158 12
8159 180
8160 47
8161 30
8162 55
8163 190
8164 73
8165 24
8166 5
8167 19
8168 40
8169 137
8170 50
8171 138
8172 136
8173 136
8174 93
8175 127
8176 147
8177 70
8178 130
8179 51
8180 92
8181 84
8182 143
8183 81
8184 148
8185 3
8186 148
8187 176
8188 64
8189 31
8190 58
8191 180
8192 7
8193 154
8194 11
8195 162
8196 186
8197 145
8198 180
8199 165
8200 71
8201 86
8202 141
8203 91
8204 165
8205 72
8206 181
8207 122
8208 42
8209 57
8210 101
8211 35
8212 178
8213 63
8214 7
8215 76
8216 143
8217 33
8218 97
8219 74
8220 5
8221 118
8222 181
8223 95
8224 23
8225 39
8226 198
8227 104
8228 113
8229 156
8230 171
8231 194
8232 195
8233 159
8234 107
8235 30
8236 193
8237 24
8238 101
8239 4
8240 57
8241 83
8242 77
8243 126
8244 182
8245 77
8246 132
8247 16
8248 51
8249 37
8250 162
8251 66
8252 57
8253 152
8254 36
8255 89
8256 9
8257 144
8258 45
8259 12
8260 97
8261 108
8262 20
8263 6
8264 23
8265 82
8266 79
8267 150
8268 179
8269 50
8270 183
8271 51
8272 191
8273 44
8274 143
8275 54
8276 38
8277 152
8278 146
8279 135
8280 43
8281 179
8282 137
8283 73
8284 48
8285 117
8286 140
8287 179
8288 14
8289 112
8290 152
8291 100
8292 86
8293 58
8294 196
8295 33
8296 24
8297 12
8298 58
8299 15
8300 172
8301 128
8302 179
8303 116
8304 40
8305 43
8306 168
8307 32
8308 46
8309 107
8310 8
8311 119
8312 179
8313 35
8314 117
8315 4
8316 160
8317 36
8318 137
8319 167
8320 23
8321 31
8322 161
8323 76
8324 200
8325 162
8326 89
8327 130
8328 81
8329 136
8330 59
8331 140
8332 127
8333 56
8334 64
8335 151
8336 155
8337 57
8338 3
8339 21
8340 123
8341 85
8342 197
8343 71
8344 188
8345 38
8346 161
8347 56
8348 116
8349 95
8350 7
8351 139
8352 98
8353 191
8354 110
8355 48
8356 85
8357 175
8358 65
8359 8
8360 49
8361 107
8362 5
8363 148
8364 147
8365 54
8366 47
8367 177
8368 178
8369 138
8370 48
8371 99
8372 129
8373 40
8374 147
8375 94
8376 74
8377 140
8378 7
8379 45
8380 185
8381 129
8382 123
8383 61
8384 109
8385 170
8386 152
8387 56
8388 59
8389 159
8390 27
8391 200
8392 190
8393 88
8394 46
8395 76
8396 176
8397 126
8398 165
8399 99
8400 182
8401 106
8402 121
8403 145
8404 78
8405 147
8406 129
8407 127
8408 18
8409 151
8410 103
8411 166
8412 27
8413 22
8414 123
8415 27
8416 13
8417 9
8418 12
8419 116
8420 110
8421 175
8422 165
8423 84
8424 55
8425 113
8426 199
8427 85
8428 153
8429 38
8430 156
8431 76
8432 146
8433 28
8434 103
8435 188
8436 104
8437 173
8438 12
8439 137
8440 42
8441 185
8442 179
8443 132
8444 61
8445 184
8446 19
8447 198
8448 68
8449 112
8450 118
8451 148
8452 179
8453 73
8454 12
8455 189
8456 155
8457 26
8458 180
8459 22
8460 147
8461 188
8462 29
8463 185
8464 173
8465 80
8466 115
8467 187
8468 66
8469 61
8470 8
8471 72
8472 13
8473 61
8474 39
8475 11
8476 30
8477 188
8478 183
8479 17
8480 75
8481 157
8482 10
8483 135
8484 63
8485 112
8486 80
8487 164
8488 93
8489 160
8490 105
8491 150
8492 190
8493 154
8494 181
8495 123
8496 24
8497 146
8498 47
8499 13
8500 35
8501 133
8502 158
8503 84
8504 135
8505 45
8506 193
8507 65
8508 32
8509 185
8510 53
8511 62
8512 145
8513 22
8514 9
8515 50
8516 82
8517 180
8518 104
8519 117
8520 148
8521 14
8522 69
8523 187
8524 160
8525 97
8526 16
8527 99
8528 111
8529 39
8530 86
8531 48
8532 102
8533 101
8534 10
8535 1
8536 99
8537 192
8538 193
8539 75
8540 57
8541 20
8542 102
8543 83
8544 88
8545 9
8546 87
8547 67
8548 151
8549 64
8550 50
8551 161
8552 104
8553 136
8554 23
8555 128
8556 89
8557 143
8558 46
8559 71
8560 43
8561 114
8562 151
8563 21
8564 113
8565 192
8566 109
8567 136
8568 88
8569 119
8570 199
8571 156
8572 110
8573 162
8574 76
8575 105
8576 192
8577 53
8578 25
8579 108
8580 74
8581 118
8582 4
8583 131
8584 143
8585 77
8586 155
8587 183
8588 169
8589 157
8590 112
8591 84
8592 35
8593 110
8594 180
8595 78
8596 94
8597 143
8598 148
8599 113
8600 89
8601 91
8602 198
8603 54
8604 156
8605 163
8606 48
8607 5
8608 117
8609 78
8610 15
8611 5
8612 115
8613 21
8614 98
8615 78
8616 117
8617 180
8618 136
8619 164
8620 129
8621 31
8622 13
8623 186
8624 196
8625 164
8626 168
8627 167
8628 73
8629 1
8630 48
8631 80
8632 196
8633 62
8634 110
8635 140
8636 190
8637 64
8638 51
8639 85
8640 52
8641 6
8642 25
8643 10
8644 5
8645 94
8646 81
8647 77
8648 88
8649 118
8650 21
8651 38
8652 175
8653 40
8654 120
8655 87
8656 80
8657 160
8658 86
8659 131
8660 86
8661 4
8662 31
8663 76
8664 82
8665 6
8666 148
8667 41
8668 83
8669 124
8670 20
8671 38
8672 69
8673 108
8674 10
8675 56
8676 180
8677 160
8678 28
8679 145
8680 126
8681 79
8682 135
8683 199
8684 166
8685 85
8686 51
8687 26
8688 133
8689 158
8690 198
8691 198
8692 124
8693 61
8694 98
8695 164
8696 78
8697 183
8698 19
8699 11
8700 197
8701 78
8702 6
8703 63
8704 182
8705 169
8706 40
8707 17
8708 161
8709 142
8710 119
8711 147
8712 37
8713 46
8714 25
8715 151
8716 161
8717 84
8718 120
8719 26
8720 40
8721 118
8722 195
8723 180
8724 114
8725 13
8726 180
8727 168
8728 103
8729 177
8730 67
8731 70
8732 79
8733 7
8734 200
8735 49
8736 17
8737 15
8738 156
8739 181
8740 31
8741 144
8742 162
8743 66
8744 79
8745 169
8746 47
8747 92
8748 132
8749 168
8750 142
8751 73
8752 168
8753 62
8754 179
8755 96
8756 67
8757 146
8758 156
8759 2
8760 196
8761 174
8762 184
8763 72
8764 57
8765 109
8766 20
8767 90
8768 15
8769 198
8770 134
8771 9
8772 63
8773 13
8774 125
8775 112
8776 126
8777 132
8778 176
8779 8
8780 158
8781 173
8782 173
8783 118
8784 66
8785 8
8786 129
8787 124
8788 194
8789 31
8790 187
8791 119
8792 164
8793 6
8794 10
8795 87
8796 102
8797 186
8798 30
8799 12
8800 24
8801 177
8802 115
8803 115
8804 130
8805 101
8806 139
8807 79
8808 25
8809 50
8810 50
8811 113
8812 168
8813 154
8814 98
8815 122
8816 191
8817 175
8818 135
8819 59
8820 150
8821 51
8822 119
8823 137
8824 81
8825 135
8826 87
8827 28
8828 25
8829 129
8830 44
8831 194
8832 60
8833 49
8834 124
8835 84
8836 101
8837 116
8838 68
8839 62
8840 109
8841 95
8842 183
8843 68
8844 88
8845 69
8846 148
8847 112
8848 70
8849 87
8850 55
8851 180
8852 194
8853 51
8854 63
8855 114
8856 71
8857 10
8858 112
8859 44
8860 1
8861 164
8862 89
8863 185
8864 112
8865 186
8866 83
8867 65
8868 166
8869 160
8870 172
8871 138
8872 30
8873 150
8874 33
8875 41
8876 163
8877 15
8878 39
8879 30
8880 107
8881 42
8882 83
8883 142
8884 93
8885 36
8886 152
8887 58
8888 108
8889 147
8890 80
8891 27
8892 94
8893 113
8894 136
8895 110
8896 147
8897 50
8898 156
8899 33
8900 174
8901 157
8902 64
8903 130
8904 78
8905 64
8906 106
8907 140
8908 106
8909 17
8910 77
8911 61
8912 14
8913 151
8914 71
8915 80
8916 174
8917 135
8918 188
8919 140
8920 90
8921 47
8922 71
8923 177
8924 92
8925 20
8926 176
8927 53
8928 121
8929 96
8930 106
8931 43
8932 69
8933 132
8934 132
8935 24
8936 184
8937 63
8938 154
8939 57
8940 121
8941 98
8942 50
8943 77
8944 197
8945 197
8946 141
8947 108
8948 199
8949 28
8950 99
8951 82
8952 69
8953 190
8954 151
8955 28
8956 84
8957 141
8958 31
8959 134
8960 15
8961 10
8962 75
8963 37
8964 140
8965 82
8966 167
8967 135
8968 77
8969 120
8970 145
8971 189
8972 125
8973 96
8974 103
8975 188
8976 17
8977 125
8978 60
8979 85
8980 83
8981 169
8982 151
8983 117
8984 44
8985 172
8986 45
8987 151
8988 74
8989 37
8990 79
8991 40
8992 160
8993 15
8994 52
8995 179
8996 54
8997 187
8998 161
8999 112
9000 107
9001 126
9002 94
9003 120
9004 198
9005 25
9006 145
9007 173
9008 124
9009 31
9010 142
9011 88
9012 113
9013 21
9014 38
9015 195
9016 118
9017 135
9018 169
9019 199
9020 143
9021 56
9022 164
9023 175
9024 35
9025 8
9026 14
9027 150
9028 182
9029 20
9030 29
9031 61
9032 16
9033 64
9034 103
9035 48
9036 87
9037 148
9038 38
9039 80
9040 75
9041 45
9042 155
9043 92
9044 90
9045 59
9046 188
9047 112
9048 16
9049 79
9050 17
9051 77
9052 100
9053 1
9054 128
9055 12
9056 44
9057 3
9058 109
9059 41
9060 63
9061 68
9062 133
9063 100
9064 143
9065 81
9066 16
9067 104
9068 196
9069 137
9070 106
9071 29
9072 58
9073 198
9074 105
9075 55
9076 200
9077 118
9078 146
9079 7
9080 62
9081 67
9082 73
9083 72
9084 111
9085 154
9086 106
9087 88
9088 30
9089 18
9090 150
9091 135
9092 76
9093 190
9094 115
9095 154
9096 20
9097 187
9098 41
9099 41
9100 93
9101 194
9102 90
9103 22
9104 97
9105 101
9106 188
9107 37
9108 126
9109 172
9110 28
9111 182
9112 85
9113 155
9114 112
9115 136
9116 130
9117 160
9118 174
9119 13
9120 57
9121 192
9122 18
9123 3
9124 137
9125 18
9126 171
9127 134
9128 66
9129 111
9130 146
9131 146
9132 85
9133 165
9134 31
9135 48
9136 74
9137 158
9138 26
9139 131
9140 95
9141 165
9142 61
9143 13
9144 171
9145 154
9146 188
9147 11
9148 142
9149 9
9150 166
9151 191
9152 131
9153 92
9154 114
9155 81
9156 122
9157 165
9158 70
9159 89
9160 105
9161 7
9162 116
9163 132
9164 152
9165 130
9166 196
9167 143
9168 106
9169 113
9170 56
9171 194
9172 50
9173 63
9174 151
9175 163
9176 169
9177 163
9178 36
9179 131
9180 68
9181 158
9182 1
9183 72
9184 137
9185 172
9186 103
9187 176
9188 91
9189 130
9190 107
9191 29
9192 5
9193 91
9194 64
9195 128
9196 9
9197 15
9198 83
9199 88
9200 80
9201 198
9202 96
9203 165
9204 25
9205 184
9206 84
9207 22
9208 125
9209 102
9210 26
9211 45
9212 70
9213 59
9214 22
9215 156
9216 40
9217 149
9218 131
9219 176
9220 159
9221 77
9222 167
9223 174
9224 4
9225 31
9226 96
9227 143
9228 89
9229 183
9230 164
9231 130
9232 8
9233 155
9234 12
9235 175
9236 29
9237 83
9238 10
9239 104
9240 87
9241 101
9242 45
9243 77
9244 130
9245 25
9246 191
9247 185
9248 76
9249 109
9250 80
9251 180
9252 187
9253 17
9254 113
9255 12
9256 194
9257 139
9258 52
9259 53
9260 59
9261 21
9262 184
9263 131
9264 120
9265 179
9266 2
9267 112
9268 49
9269 104
9270 24
9271 17
9272 150
9273 96
9274 116
9275 152
9276 137
9277 25
9278 49
9279 59
9280 45
9281 55
9282 154
9283 27
9284 99
9285 142
9286 146
9287 6
9288 150
9289 130
9290 41
9291 7
9292 187
9293 154
9294 117
9295 19
9296 16
9297 64
9298 117
9299 85
9300 194
9301 33
9302 38
9303 116
9304 138
9305 96
9306 100
9307 2
9308 22
9309 149
9310 164
9311 118
9312 18
9313 155
9314 46
9315 148
9316 177
9317 70
9318 67
9319 89
9320 108
9321 106
9322 4
9323 25
9324 94
9325 184
9326 174
9327 130
9328 185
9329 121
9330 10
9331 188
9332 107
9333 4
9334 153
9335 88
9336 140
9337 103
9338 157
9339 136
9340 119
9341 95
9342 153
9343 147
9344 100
9345 45
9346 25
9347 17
9348 22
9349 32
9350 11
9351 155
9352 184
9353 39
9354 114
9355 34
9356 26
9357 122
9358 49
9359 83
9360 47
9361 55
9362 171
9363 65
9364 71
9365 124
9366 171
9367 49
9368 39
9369 42
9370 185
9371 172
9372 156
9373 138
9374 34
9375 186
9376 95
9377 116
9378 113
9379 161
9380 124
9381 181
9382 40
9383 81
9384 187
9385 12
9386 3
9387 172
9388 163
9389 197
9390 178
9391 67
9392 32
9393 52
9394 20
9395 99
9396 140
9397 21
9398 161
9399 168
9400 140
9401 42
9402 18
9403 118
9404 113
9405 25
9406 73
9407 196
9408 147
9409 110
9410 200
9411 200
9412 137
9413 14
9414 102
9415 21
9416 61
9417 175
9418 34
9419 99
9420 55
9421 78
9422 45
9423 50
9424 134
9425 87
9426 120
9427 133
9428 63
9429 135
9430 149
9431 165
9432 12
9433 134
9434 116
9435 128
9436 116
9437 143
9438 87
9439 131
9440 109
9441 183
9442 129
9443 197
9444 87
9445 176
9446 24
9447 187
9448 111
9449 43
9450 181
9451 31
9452 4
9453 107
9454 11
9455 66
9456 20
9457 2
9458 66
9459 119
9460 94
9461 103
9462 166
9463 194
9464 84
9465 122
9466 181
9467 73
9468 193
9469 57
9470 172
9471 20
9472 177
9473 172
9474 26
9475 126
9476 155
9477 65
9478 107
9479 98
9480 4
9481 192
9482 84
9483 150
9484 59
9485 178
9486 176
9487 12
9488 171
9489 161
9490 79
9491 89
9492 154
9493 51
9494 103
9495 29
9496 98
9497 66
9498 129
9499 86
9500 86
9501 44
9502 133
9503 107
9504 75
9505 41
9506 163
9507 175
9508 52
9509 28
9510 168
9511 159
9512 93
9513 69
9514 48
9515 125
9516 56
9517 9
9518 149
9519 21
9520 68
9521 173
9522 112
9523 101
9524 90
9525 4
9526 131
9527 165
9528 94
9529 199
9530 145
9531 61
9532 6
9533 7
9534 154
9535 91
9536 145
9537 77
9538 192
9539 152
9540 183
9541 73
9542 45
9543 43
9544 129
9545 87
9546 135
9547 187
9548 21
9549 123
9550 195
9551 25
9552 167
9553 7
9554 88
9555 66
9556 131
9557 2
9558 109
9559 128
9560 64
9561 179
9562 188
9563 155
9564 175
9565 21
9566 118
9567 141
9568 71
9569 126
9570 36
9571 73
9572 132
9573 156
9574 1
9575 132
9576 137
9577 158
9578 98
9579 59
9580 64
9581 140
9582 132
9583 106
9584 12
9585 191
9586 177
9587 152
9588 121
9589 154
9590 9
9591 126
9592 60
9593 177
9594 48
9595 83
9596 32
9597 90
9598 142
9599 80
9600 138
9601 93
9602 59
9603 87
9604 149
9605 69
9606 157
9607 160
9608 94
9609 173
9610 164
9611 141
9612 175
9613 171
9614 109
9615 58
9616 143
9617 93
9618 47
9619 155
9620 75
9621 6
9622 59
9623 110
9624 12
9625 96
9626 20
9627 7
9628 157
9629 30
9630 4
9631 85
9632 56
9633 152
9634 98
9635 99
9636 74
9637 97
9638 146
9639 95
9640 33
9641 128
9642 111
9643 111
9644 99
9645 17
9646 48
9647 98
9648 137
9649 89
9650 172
9651 73
9652 124
9653 76
9654 185
9655 43
9656 95
9657 67
9658 92
9659 166
9660 76
9661 170
9662 134
9663 139
9664 71
9665 181
9666 28
9667 43
9668 116
9669 174
9670 8
9671 76
9672 102
9673 48
9674 115
9675 176
9676 107
9677 114
9678 156
9679 166
9680 69
9681 98
9682 26
9683 184
9684 145
9685 136
9686 149
9687 70
9688 125
9689 132
9690 104
9691 47
9692 33
9693 106
9694 120
9695 41
9696 44
9697 175
9698 57
9699 195
9700 125
9701 44
9702 105
9703 15
9704 79
9705 159
9706 5
9707 158
9708 1
9709 182
9710 101
9711 178
9712 40
9713 125
9714 113
9715 112
9716 181
9717 60
9718 27
9719 82
9720 193
9721 145
9722 190
9723 21
9724 169
9725 49
9726 70
9727 82
9728 114
9729 166
9730 88
9731 84
9732 144
9733 160
9734 184
9735 112
9736 183
9737 113
9738 56
9739 5
9740 20
9741 154
9742 138
9743 135
9744 139
9745 58
9746 138
9747 89
9748 4
9749 184
9750 106
9751 10
9752 100
9753 49
9754 18
9755 187
9756 68
9757 30
9758 32
9759 29
9760 136
9761 149
9762 176
9763 47
9764 47
9765 155
9766 25
9767 107
9768 1
9769 82
9770 50
9771 41
9772 165
9773 114
9774 18
9775 46
9776 158
9777 161
9778 64
9779 198
9780 12
9781 200
9782 56
9783 22
9784 141
9785 112
9786 129
9787 27
9788 57
9789 193
9790 39
9791 71
9792 165
9793 94
9794 137
9795 9
9796 182
9797 25
9798 198
9799 32
9800 93
9801 196
9802 121
9803 122
9804 134
9805 9
9806 171
9807 200
9808 18
9809 127
9810 79
9811 15
9812 1
9813 73
9814 125
9815 18
9816 11
9817 140
9818 159
9819 33
9820 180
9821 39
9822 195
9823 45
9824 29
9825 117
9826 57
9827 173
9828 52
9829 69
9830 123
9831 84
9832 73
9833 109
9834 57
9835 111
9836 69
9837 51
9838 110
9839 27
9840 70
9841 42
9842 4
9843 39
9844 73
9845 38
9846 74
9847 49
9848 20
9849 143
9850 169
9851 151
9852 82
9853 166
9854 13
9855 23
9856 98
9857 50
9858 176
9859 21
9860 92
9861 149
9862 64
9863 74
9864 79
9865 85
9866 93
9867 75
9868 23
9869 155
9870 173
9871 26
9872 42
9873 112
9874 87
9875 72
9876 89
9877 115
9878 177
9879 122
9880 57
9881 32
9882 13
9883 108
9884 83
9885 146
9886 39
9887 134
9888 69
9889 38
9890 112
9891 175
9892 172
9893 153
9894 71
9895 127
9896 125
9897 36
9898 156
9899 41
9900 97
9901 189
9902 53
9903 92
9904 198
9905 43
9906 21
9907 28
9908 182
9909 70
9910 172
9911 161
9912 153
9913 144
9914 70
9915 187
9916 6
9917 180
9918 45
9919 164
9920 195
9921 35
9922 88
9923 86
9924 196
9925 199
9926 140
9927 154
9928 22
9929 67
9930 174
9931 89
9932 146
9933 111
9934 174
9935 127
9936 23
9937 94
9938 145
9939 25
9940 22
9941 16
9942 154
9943 17
9944 96
9945 176
9946 103
9947 50
9948 135
9949 131
9950 90
9951 180
9952 100
9953 38
9954 13
9955 170
9956 94
9957 116
9958 138
9959 162
9960 112
9961 106
9962 144
9963 11
9964 93
9965 49
9966 5
9967 82
9968 74
9969 71
9970 153
9971 72
9972 23
9973 36
9974 167
9975 27
9976 181
9977 116
9978 125
9979 26
9980 84
9981 142
9982 17
9983 9
9984 184
9985 105
9986 79
9987 25
9988 191
9989 110
9990 60
9991 158
9992 64
9993 131
9994 10
9995 199
9996 105
9997 5
9998 133
9999 117
10000 199
