4444 1000 378
2705 4066
2153 1274
1855 3883
1631 459
916 1334
2202 2474
3165 216
4227 2
1179 2061
3597 2894
1987 3150
2181 3993
4029 4131
9 2822
3248 3737
4203 1149
3894 3842
3969 2792
788 3845
2982 200
4052 2237
1362 3659
1824 4074
465 2063
4094 2572
4110 652
2013 54
2271 1950
3125 1707
1221 1196
4432 1271
2012 4359
2449 2577
4214 2749
4084 458
2195 2083
2831 2594
1268 61
1740 339
3248 1432
1815 1213
571 328
3112 2436
1684 189
2042 734
1258 3259
1451 1050
3828 3400
869 2239
2966 2739
4295 120
1264 4006
3372 4237
2103 2573
727 1197
4417 2208
1789 2820
309 2757
2580 2899
2457 1058
3057 1781
2002 4056
4178 454
4199 4057
759 4364
224 1672
2375 1519
910 856
3031 3095
4361 2421
937 4152
989 2613
3612 4319
2199 3872
2771 3066
3496 556
2105 4384
1015 1858
388 1211
424 3997
2417 3752
2063 3176
80 2075
521 1585
302 1768
501 1716
2704 539
851 3310
225 158
4177 2021
3522 1966
4318 3629
3016 400
1777 391
1961 2922
2086 1782
1994 272
2231 576
2465 3913
1429 2670
3862 2758
282 3234
2579 2046
584 178
3138 4051
3824 620
4001 2414
4276 3877
376 1804
1171 2891
1516 3293
1546 329
1195 1693
4422 1984
2275 4434
3623 3212
2534 3297
3612 2655
1834 2960
486 3034
547 3311
68 2820
4222 2258
2139 3122
24 1817
952 2989
2632 873
900 964
741 3257
3841 4062
170 1494
3141 2562
3090 3782
3770 1304
2061 1534
2187 3070
643 1641
2457 3979
1852 1252
532 3203
2698 3271
3670 2704
1097 3369
3238 3641
3699 1913
542 2376
2265 1107
1880 708
3627 783
1830 2691
1914 3798
1252 4286
1417 629
3411 122
1465 1118
3593 1707
2257 2034
1089 3033
586 1854
4288 990
2274 3964
2659 126
488 3291
2758 1975
2391 2791
3815 3377
3251 461
2637 3969
4290 2655
3738 3677
2470 1028
3575 2067
356 231
248 2961
1874 4199
28 944
2113 344
2327 4264
45 1481
58 3598
4261 277
3324 2634
1288 3865
3692 1641
2976 1983
1826 3107
2098 2792
468 3708
2463 2792
371 1627
2943 2008
4383 2089
3086 1353
3809 4136
1144 435
1211 3647
4108 1226
1890 3983
479 1364
741 1289
3342 1793
3096 3517
2366 3956
2922 1452
3672 3955
3676 2967
2806 1326
1105 2425
1194 593
1435 2677
3287 1433
3863 605
2765 1440
1291 115
2879 1024
2466 2664
2722 379
3576 2887
2538 1889
3006 1924
2850 3941
1871 2812
763 880
1488 3690
3761 407
1848 2389
2310 3783
1865 2139
2827 1732
3723 3987
786 2693
3840 417
1240 1158
1887 104
853 3123
4365 3778
1998 3648
2782 4162
2541 3043
529 627
1549 3726
3577 3811
3185 3948
295 930
606 150
1666 1453
1554 541
2939 1145
578 3228
751 1
4161 3220
2325 198
3724 3472
3217 467
938 3221
4319 4292
2730 2207
249 978
1735 3389
1895 115
2851 2700
1459 296
1929 2193
2993 1615
1542 3420
1330 2539
758 1345
2562 4118
4060 1401
3305 2924
3536 1111
4435 4292
493 3475
3545 3754
3388 2707
3526 572
1989 2855
3544 3772
1682 1044
3814 4153
905 273
860 390
1918 2192
3225 1900
4407 158
3762 1573
3307 2303
2389 1229
3247 2959
4087 1064
357 1427
391 2688
4276 317
409 3288
3917 2254
469 4271
1693 3751
3423 974
2986 2645
1357 829
1181 3669
658 2581
788 3128
3298 616
3624 448
3113 28
1548 832
2074 4248
4129 1669
4042 2546
3629 736
1618 4377
584 318
871 4234
938 474
2533 3615
472 667
4119 189
219 3431
717 3514
1465 3093
2317 4218
4052 4036
2037 957
4417 1700
2450 179
3648 3173
933 2634
239 3127
1549 3245
565 559
283 1327
1860 3951
3154 199
679 2448
1754 3981
396 3936
723 4118
3533 2307
3746 798
4393 3008
97 3068
1274 1042
3224 3645
2828 3561
4042 2997
2986 3923
4290 2679
2037 119
2166 2673
4061 2438
1562 593
4060 970
1163 3676
3268 2405
3550 3253
1188 1989
2339 4088
118 1218
2621 168
1567 2978
2933 1286
950 1715
2953 2154
2669 2731
126 3210
3545 2050
1835 2033
2409 1562
1778 1286
272 624
1900 1139
909 4001
2908 1414
947 4281
3025 3062
2240 851
2176 1302
523 3995
1420 3586
2269 3425
1437 3158
455 1673
2214 3231
3152 3653
282 1078
2020 859
1386 2459
918 1439
3792 1519
1853 2525
3885 3552
1658 400
878 1391
3292 1258
408 661
3131 28
796 255
2163 2334
2290 3080
2322 1079
2017 2876
3873 3084
1095 3932
1788 3612
2806 2808
2878 234
3789 4165
270 3901
2266 3456
1623 1606
501 3165
2544 938
2156 3968
1748 3490
446 3221
1364 3628
2580 449
364 2476
1244 1291
2872 4284
854 299
1607 3330
3388 2066
3486 154
442 1311
4087 4356
3760 1221
1675 162
3553 3108
3587 1848
3633 3873
2706 2904
3332 3987
3637 1599
1004 4420
4071 2130
1760 165
4107 4394
2354 3926
381 3780
2438 1511
2653 2554
2157 3038
1160 467
3239 2613
445 4179
835 4116
3611 2737
3995 346
4248 1504
3577 1615
4208 3264
554 2375
2018 403
1913 3985
2951 3965
1069 2721
1516 2919
2587 2835
1352 3504
2884 2274
758 4439
1267 3367
4224 2624
2963 3976
3141 187
4189 1051
2719 153
639 1792
2524 1863
1178 2846
848 3695
3307 2294
1714 3871
3528 1292
1165 646
2052 174
1711 664
608 1618
3373 4386
4045 4299
380 2597
2147 809
1326 2632
2866 563
1437 970
2392 1190
1904 1246
1455 2244
4289 4159
1519 1568
3913 1193
1986 444
695 2622
3610 4207
1667 1635
3280 2512
1111 2785
1997 482
124 4147
17 3566
2491 4339
1365 552
832 3698
1240 4317
3078 902
612 3413
2022 2857
2012 1888
3609 3976
1668 4086
1280 834
1707 2704
2477 3298
3352 2813
765 4046
3531 1305
2222 2307
4023 1462
2821 197
3151 4244
1318 3683
932 1987
2848 1036
3651 3380
4340 1064
443 3919
593 530
838 390
796 3554
3155 1061
3512 2233
1459 3360
2103 3252
1114 4164
1184 367
403 808
3981 1732
2195 260
4325 3122
3939 1265
4364 1427
731 3659
2960 557
44 1602
4282 465
503 3815
477 4102
2909 3532
934 2658
784 2863
3301 1773
1885 3689
4128 488
4251 3181
146 931
1963 76
635 903
1541 3773
917 2126
3628 807
1400 1057
676 1362
1945 247
626 3943
3462 3844
4074 3381
311 3277
398 690
438 1509
339 2066
658 1954
4016 1176
1089 3804
3375 3787
831 4202
1010 2311
2422 558
2465 430
3087 1121
1950 3559
3445 234
2324 4056
3385 564
2467 2588
1622 3741
4104 1749
1814 2149
3307 1124
3335 2667
29 1487
3088 1032
4093 3072
1325 1359
638 1083
2966 2423
2287 441
2236 3577
2463 2756
1025 326
3475 478
889 770
3789 3214
3735 1364
428 1182
222 722
2485 1867
1430 965
2160 3596
4221 1135
1664 4201
1503 4311
1255 2084
2393 4113
3365 1016
298 3212
1299 4342
3148 1058
2763 907
1108 3909
3927 2384
4133 4211
1334 2092
711 4152
3220 3700
644 1848
1059 115
3574 2550
4171 3100
68 3632
209 2384
4226 2294
4288 3799
4196 1486
4248 4274
4042 2099
3812 1741
818 2941
517 2667
2790 1819
1492 2039
3492 3950
1000 2312
386 1472
4408 319
2727 559
1898 1889
1810 3755
3962 294
569 658
810 3122
533 3133
2009 1203
1099 576
2996 359
992 2755
2710 1760
1807 3898
2364 4440
4137 3540
2082 2543
2497 1322
3073 3071
3469 3862
3028 3324
2582 490
3614 3165
3938 3861
1386 3703
4042 1753
1729 415
4358 3941
3031 1265
843 1301
66 88
3541 2576
1688 4122
2134 1941
94 4118
857 3813
2844 1334
1304 643
1939 868
4423 1424
1550 1009
4419 630
2277 13
1335 452
2485 2810
2729 2367
3408 507
726 866
1986 2399
1963 1384
2561 1991
1753 1419
852 4349
2456 1761
2293 754
501 3365
124 168
376 2043
564 4126
4006 232
4382 2743
2499 3532
906 1895
984 2638
2242 946
1366 2529
570 3448
1161 450
1091 1184
1636 2696
3684 2902
3306 3165
1396 925
3325 2808
3981 2542
3619 2916
1913 2730
564 3530
933 2683
2047 3653
1758 1484
2949 589
1669 3340
4140 4195
3779 969
872 1056
30 2453
2291 1486
696 1840
2409 3796
3010 3333
1129 4226
4042 4437
566 276
282 3319
1060 2102
4051 2590
2265 3532
2032 3984
96 513
2054 3555
699 2333
145 4413
2867 125
303 1157
1196 786
1035 2008
352 2550
4408 2637
3354 1453
4253 1531
2186 2731
817 2821
440 742
1150 1710
2818 1849
4415 3962
1338 2127
3217 2086
3628 2242
3602 3998
862 4013
2370 2045
1546 2590
278 2256
1842 2834
453 4120
3165 3042
3069 4387
2113 554
3387 3273
2125 3635
676 4042
2853 1670
1234 4165
518 3426
4325 2300
1321 1536
3076 4440
4067 3902
574 889
1149 3532
943 1285
146 908
860 686
2558 596
1742 1473
2668 2128
4119 2234
2652 511
4305 300
3086 2734
566 1940
3645 538
712 2989
3652 2498
2226 3331
102 3929
1281 2584
666 2094
4168 2728
2695 272
3493 2384
1094 1669
2879 2475
1918 1957
243 1315
2833 359
2765 1088
929 2904
666 2318
3967 1655
1281 1724
2205 1423
4194 709
4383 1721
2500 2213
2526 4180
1598 609
346 846
975 1638
1867 3098
2784 2822
315 3648
792 1854
2674 3705
3418 2702
609 2582
3149 4160
3343 2657
2472 2152
2348 3606
2664 1393
2628 3836
2386 3265
2795 3058
2979 995
776 2856
2065 177
3097 2540
1445 3154
960 3102
246 991
1626 2815
3885 3117
636 4122
638 1854
2372 4325
765 2770
669 4066
898 3400
89 777
2481 3733
2871 4063
2485 4433
1597 760
2462 162
3055 3166
3850 1150
581 948
3809 1197
1309 1720
2295 3936
1979 2562
289 3453
683 3721
2082 646
3122 2424
331 4213
2377 4355
4158 194
2005 3916
3430 1675
1183 3394
4437 1480
2696 2800
1467 425
3199 1098
1372 3684
4267 841
3970 297
1526 385
1341 2530
124 981
1290 3496
693 1390
978 230
1600 3466
2454 1684
4250 1546
3601 2685
2328 3587
4041 4309
4236 1981
1035 4439
1515 2281
1826 3542
1819 1377
130 2509
3436 3290
125 2312
2154 4332
2282 3428
4432 144
1613 610
3887 328
2424 3079
3688 48
3277 603
4002 2564
3600 2610
3479 1275
1715 1020
387 3265
3532 2915
3691 2128
3048 4331
336 2990
4101 2379
1647 2801
1323 2103
173 1411
1912 741
4329 1772
2723 1347
4439 668
2428 1037
1291 157
2121 305
3193 1931
180 1960
55 3361
1877 2595
158 3955
1898 851
4395 1384
3573 593
3506 3989
557 3760
2510 4353
3506 2913
2305 2777
1106 2944
3764 743
2033 3730
756 1143
2983 4264
729 2900
1079 4438
4392 3746
528 936
1554 688
2779 3485
3184 4431
3644 3970
1466 3400
426 4099
2548 1574
2147 2733
604 3239
3788 612
89 1029
1871 680
1246 2250
726 904
625 2104
1598 2210
2433 3523
638 223
3677 3201
3578 4185
2787 3533
3587 2199
70 205
2131 3940
1683 2957
2460 245
2937 1896
272 2878
3971 3799
869 2201
2010 3991
3628 3311
507 416
1581 1276
3147 3656
73 3139
1552 2808
3113 1848
2138 4398
3729 899
1598 3009
3685 2246
2672 2525
3566 3551
4267 691
3926 4037
288 3251
4169 2676
2865 1226
1771 1716
2601 2945
2179 3852
142 2647
1685 1316
2768 1879
1172 800
3533 1864
3533 1029
1971 2924
597 1939
1558 4129
2743 1261
706 2440
690 1885
1445 1915
1349 3418
2230 248
4067 4216
1939 3277
2964 3117
1724 3934
4197 1117
2131 3575
3579 1487
3871 3980
4137 1971
1161 4397
1982 1890
962 1368
1162 148
547 1532
4197 3441
722 660
2975 2428
2814 1866
232 2491
1388 1022
79 223
4278 3545
2407 2792
4087 3982
2808 2225
4278 4405
1136 810
2416 3420
2852 2757
210 366
2401 668
2455 1757
2148 4009
624 794
965 831
430 2203
2470 723
589 655
2779 3706
1836 2167
2449 3222
2605 1143
1092 1334
3920 2299
1236 877
3440 3314
3398 3545
299 4026
976 2029
463 4209
4245 3570
907 1326
1992 2215
730 2578
2532 2696
1228 1419
722 1364
4202 644
2503 3081
118 1036
4193 432
620 1635
2895 3264
34 4048
865 3594
2200 4264
2869 4033
827 4256
2572 3282
3287 4096
1537 3392
1561 2811
536 3245
541 419
3182 1096
3650 3376
2503 1252
1356 2218
546 1207
2355 3774
2931 344
193 1267
3607 1832
3548 2671
3660 1035
1443 371
1150 1674
807 3297
2718 3577
2182 1298
4437 2917
1953 4321
4195 3220
345 1233
2607 1331
4091 3729
98 1972
3926 4054
272 1755
70 844
4328 4009
3719 2719
2562 1517
2876 3474
1346 1355
698 3955
983 354
634 3580
757 326
466 1374
115 3701
2370 1521
664 3635
479 899
3547 2037
2581 2309
2144 3406
3255 3307
580 100
2196 3220
1760 4318
2428 2655
3063 2821
1934 871
2222 1630
2468 175
3505 1026
2336 702
2346 3365
191 1265
2572 3650
285 3856
3531 3159
27 111
2811 1614
3760 32
805 3661
1563 3574
2431 4283
3059 3939
932 669
940 705
595 928
4299 2120
236 1967
2031 1469
260 2023
1891 4372
3033 2602
1911 4283
1027 633
49 935
1011 1412
3013 2904
1347 3766
2577 2545
1035 4172
2261 3847
3655 3731
166 3778
262 1413
1850 2279
241 995
2532 1334
3612 1952
2448 366
190 1583
392 1181
475 1326
3905 3753
4389 74
2659 2269
1815 3868
1326 3086
1546 252
3663 1390
141 4263
2293 451
4235 3663
1707 62
2435 3501
4077 2785
1378 1191
476 3248
1327 1407
363 2765
3124 395
2861 2043
3658 987
3372 1576
159 2800
1171 1845
1806 89
1905 3758
3660 290
1227 3775
1652 2508
3130 2250
2345 2906
30 509
3022 1555
3742 1763
954 3184
2963 1598
4043 2482
1617 3173
3693 2991
4428 1714
3037 4437
3654 631
2582 3416
219 263
1490 1154
3135 4119
3677 1434
1582 3503
3105 93
4379 2924
900 1600
2742 254
4064 3087
4067 2569
127 3488
2050 2704
2497 201
637 870
4144 330
563 1528
3995 1444
1093 2641
52 1817
711 1823
162 553
1943 1825
1946 1875
4022 4130
4200 2966
4234 895
1601 2963
707 1063
3365 3787
143 1717
121 2199
1248 1434
2946 321
2892 2402
406 2932
1131 3480
99 1060
2215 1922
1735 3104
1702 3794
3019 1497
1987 720
1030 1502
53 1141
3628 855
3621 2539
392 3468
3125 3613
1031 3757
770 379
637 4291
136 2504
3708 2704
2207 548
329 100
791 3875
3556 1901
3909 3524
2920 13
2007 4418
395 2799
4384 2676
2851 1972
2728 4397
4307 2559
3856 480
4401 2268
3478 1468
3839 2025
1266 231
3421 3716
3435 1807
1283 720
1993 3541
2287 3304
1194 164
1131 1617
206 2287
1916 2640
35 1625
1500 2618
936 3906
1665 3444
2463 4362
1766 2665
1991 1891
1638 240
140 1335
3409 2214
689 963
701 3321
3877 3995
1726 1373
4312 383
1635 4368
3003 3569
2351 3589
2048 3644
3713 2197
4444 2237
320 283
1445 3007
3054 1778
3988 4411
1450 1277
2282 3381
2381 499
4253 2675
1674 391
1125 777
4188 2327
2290 2262
1446 1874
1164 4051
2134 4221
546 4170
1393 4239
1659 2405
4039 3010
3001 807
494 3294
2864 1967
4070 3505
3185 1987
598 1027
2995 1084
4396 588
714 990
3968 2569
3347 2083
12 392
316 2849
4193 3548
3351 4001
4254 3136
3066 3108
1131 558
997 3759
988 2392
4191 1774
3102 4145
1833 2346
4407 3528
3996 2009
674 3954
3292 4333
1378 1290
4008 3298
244 621
354 4176
1883 2101
543 4076
444 805
2694 3437
4014 3395
878 4413
2889 1720
1326 3759
2935 4270
439 489
3361 3328
1146 1131
985 194
3047 2539
1928 1641
4439 970
1057 3922
3806 978
1826 3081
134 2382
2010 2686
3102 1390
3261 2704
2789 2106
1250 3785
1971 336
125 3860
932 2965
3645 3673
3667 4390
1282 3875
1166 4108
371 3362
3492 3231
422 2784
3975 781
3679 322
640 3771
1628 3917
505 3558
3280 4
4390 446
4363 862
640 2635
2687 1751
1853 3862
1893 336
2569 1327
3577 3927
4205 4382
494 2009
2183 691
3323 906
3036 3628
1729 912
2691 4207
4155 1589
4241 1562
2870 2936
822 4028
2636 3710
3664 1946
1821 284
1221 3648
2837 2735
487 3553
2377 1896
885 3352
3482 2710
2335 3385
3206 3334
2470 607
3079 4024
1304 833
1827 2942
1348 3169
876 3519
2436 2294
450 1297
330 2582
3851 402
3957 2211
4173 2887
2271 2011
3864 1133
3991 748
2554 268
3442 2252
377 1389
2020 1262
4105 2711
2951 2176
1359 3497
2923 2516
685 36
1733 3917
936 3599
1736 1471
3852 404
148 766
1062 1199
2679 1980
173 3773
3025 4117
371 2873
2571 1913
3580 761
274 649
4238 3670
237 3240
1420 4001
3796 2845
2164 3604
2985 3766
2559 3132
2436 1618
749 1970
3631 2469
1827 1139
4026 1593
2065 2557
1763 913
3467 1549
272 810
3665 3472
4100 1231
2766 4433
1931 3022
1143 3648
1655 1171
2620 1077
2471 1197
4434 621
547 1247
1704 2135
4219 3345
2079 3482
3358 1102
2904 1675
3263 1383
182 2322
3294 296
2874 243
1529 2141
2350 3265
44 3769
955 56
3361 402
2482 4369
668 3682
4252 3507
205 4109
1181 200
3459 3901
2990 3228
259 4344
1926 1723
1065 1148
827 3562
668 2197
4437 3933
2594 2437
2929 3239
101 4095
4188 1798
3942 1557
3906 3571
2978 1524
3405 321
1219 2515
1185 740
1104 1676
1480 3012
970 2838
1994 3721
2035 2156
4249 2510
986 1080
2353 2017
1369 1250
4227 3700
4422 2393
1130 3787
1838 2451
1991 1993
1757 214
218 1390
693 372
3264 167
3299 3302
4346 68
16 3382
3059 2681
867 4186
2373 2059
531 2837
1708 3149
1292 734
3750 3854
1145 2650
1051 3399
1360 2641
883 2213
454 4016
3318 2990
1617 479
1675 1535
753 4308
4303 1544
502 1387
63 1413
1487 810
243 1364
3895 545
472 3407
3942 3172
1415 896
492 32
2726 725
2574 1755
2872 1898
1290 3119
105 3161
3072 70
2064 617
2869 2970
3349 3759
4406 2957
1855 3302
4221 4146
4126 4138
1594 585
4234 4112
1276 1212
1453 2147
4258 1736
2100 624
1889 1280
4068 501
3249 987
1202 676
3173 2987
1571 4296
3521 3122
993 1482
380 2090
2565 2310
1254 4088
243 775
566 1123
3081 4425
2385 4366
2988 1076
2375 3033
2544 4180
2901 2590
3280 1985
3273 4368
4204 4237
1197 996
1342 2450
3705 2538
2566 2634
104 3214
2315 1266
2246 1672
3208 195
2226 410
1168 2458
3617 3020
3412 3103
1954 2180
424 4331
198 1132
2580 1527
259 4326
848 3947
2555 329
3178 790
3058 1656
215 2122
3926 4301
830 3829
960 3245
4375 3302
762 301
2584 3856
4087 810
3998 175
4001 3683
3620 1312
2158 2667
3030 1214
774 3439
291 157
2398 4118
1131 2483
1205 1991
2258 816
3281 1981
2057 1205
1946 3532
498 4407
3077 3646
3372 434
1009 1101
3574 1546
2646 3383
3825 3849
3684 4095
561 2410
1748 4302
2338 1250
596 1521
313 1608
3207 3681
3253 3888
2799 1221
3380 1393
3170 3476
497 38
2123 1485
1225 4405
394 3552
1055 1189
673 4039
2435 241
3267 2350
4000 3005
2199 327
924 319
1611 1502
1978 3630
4206 933
829 1857
2760 2137
2056 1412
4052 26
1096 1255
3327 4106
3279 3698
1470 3568
2659 658
2084 697
3591 3736
2525 3980
308 1781
1022 3945
3805 1456
3714 3933
1584 258
1314 1217
1053 3518
1722 2802
2342 3725
1429 3113
528 4255
3089 2610
4281 747
3346 401
1553 1756
2617 1007
3496 4427
4111 3132
565 2839
4421 2659
108 3812
3149 2752
1352 556
4336 677
3674 3367
1286 1825
2592 1578
3242 1651
1531 623
501 2226
334 3608
1742 577
3732 4177
4090 1364
638 806
2874 368
1399 3248
258 3103
2000 175
3921 1319
1566 1906
4253 183
2087 463
64 2075
1574 17
160 1731
504 1653
3463 4441
2068 3109
3374 2507
1476 2373
54 3949
287 1111
2582 2452
3684 2600
4348 1652
437 2613
41 158
3158 1947
2558 2572
3354 2952
3784 4154
1595 3175
1405 125
1755 1077
3493 874
2417 2408
4231 705
121 186
3903 281
114 560
54 3253
3051 3691
4411 2990
3595 4012
226 3914
3528 862
420 3534
2949 4167
1316 2459
3984 1538
3367 1122
4063 1936
2715 3021
3401 1056
852 1277
2427 3134
1590 1428
1060 860
41 3424
1378 4280
2204 1720
3940 1662
2154 488
4127 1236
2384 2606
4001 3240
3452 1504
2154 3554
1941 1478
3137 1856
2389 2592
3495 2661
3720 1972
2511 1291
2340 1969
2388 1770
1023 442
95 713
134 3345
4222 4246
2397 2154
827 3768
1730 3680
217 1953
3467 16
3010 1043
3009 1525
243 2219
3910 4320
2976 828
3163 2477
734 10
3355 1036
1893 1791
980 583
4252 3015
1794 2859
2952 1240
2759 3535
1501 46
2697 1642
2540 1072
3577 3164
1032 1226
2565 1660
2351 2764
3154 3648
587 2772
839 2735
3427 2643
1181 2203
1185 1491
2214 4314
1266 1019
2460 806
10 2941
2905 1468
3458 1351
281 1289
3209 4100
2256 2215
112 1403
145 3235
803 1007
2226 2323
3795 2073
3017 723
1012 982
1115 2909
286 69
226 1741
433 1603
161 766
1969 3311
3834 3132
1151 4412
729 3794
2434 3594
1033 1607
2599 11
127 4345
4194 2419
136 3751
3349 2708
3341 4013
3759 3767
3330 2383
2540 926
76 2598
3201 3819
2833 3420
2311 1900
2006 1297
4338 3009
1815 1333
2081 3061
3930 3146
1399 1440
3336 21
4267 1138
653 1965
3067 4159
1493 1560
853 4350
3339 51
406 1700
2673 1086
4031 4231
2715 3458
273 447
2644 1458
3756 3312
2482 2189
1244 1818
3890 1363
2383 3033
1690 609
1663 220
1354 1873
1458 2907
1477 2296
3427 2704
4036 684
1457 2788
3634 3291
2220 1649
2131 3126
2676 3327
4293 2062
2286 1425
4367 286
3564 3899
2683 3763
2728 3961
1286 2736
519 4113
3843 3087
3156 1232
1116 634
1619 2369
2092 1406
85 3980
4272 1364
379 2893
3511 1092
1887 3820
1656 1421
3678 485
1682 1851
4017 3434
4 4120
2643 3279
3238 3151
3581 1311
4177 3211
2995 2092
125 271
4399 284
3460 1009
363 139
2019 281
1770 3262
331 2269
1468 1689
2017 1502
2776 2909
3677 20
4298 2431
133 2150
3142 2478
165 2972
3857 3162
1943 1713
4090 4432
3943 2417
368 1367
2937 3258
19 2829
3938 2062
445 2483
543 88
258 1279
2652 4242
2686 2568
884 3612
3185 2945
594 144
2150 3567
3897 108
1312 2167
3432 3056
689 4214
3975 4438
4062 2343
3982 3494
81 218
813 3875
3104 3679
4249 2678
2755 858
3339 892
3620 3417
782 1607
3418 3370
3704 778
1854 1639
2781 2837
103 4310
3125 1637
2745 700
3822 536
753 682
57 4267
3002 2457
238 4063
2539 1752
2551 2857
2913 666
1777 1174
4185 1594
1403 2046
2658 335
3572 1228
129 802
3757 3060
3122 718
1058 2805
3296 3533
807 4253
1712 438
4418 1653
171 1903
1907 592
2913 1623
3462 671
483 2667
1699 3910
4153 823
2935 877
954 1990
2595 1334
3723 3901
4430 912
3144 1547
2358 779
3592 2280
236 168
2643 3833
531 67
1562 719
1546 1699
815 3328
1764 3454
1201 2706
2772 1592
535 921
284 459
3499 2937
2738 1032
616 1034
869 2142
4439 2083
1802 1419
1335 4318
3393 570
222 464
3172 3265
1991 1481
1848 1171
3690 3807
1739 2720
1187 3847
2417 93
1217 1755
3723 230
670 4400
2384 3560
3289 3591
1632 2286
2443 258
2592 378
3793 1142
1462 908
3943 3033
4247 236
3879 1598
362 3854
1909 2666
2786 947
2560 4267
204 2913
2898 4290
2346 999
2481 4048
3911 3125
101 767
1682 2173
3357 1016
3601 3355
227 3236
119 1296
729 4225
595 153
2016 3442
2585 3156
702 747
1180 4068
4254 2872
2407 956
829 1477
2373 1016
1726 2479
1578 2648
1048 1719
1944 136
306 3290
1991 925
885 4325
1554 1598
624 643
1008 3722
4352 3726
3464 669
2766 2321
4207 962
3614 1769
1079 2163
901 3358
1036 2020
1268 3314
1467 2374
150 1935
4177 1682
1267 635
1407 4108
3636 945
700 3560
70 2732
560 882
74 3948
1303 2882
383 1931
1504 2359
1958 3718
1662 4029
2872 3408
3198 2026
1380 730
84 2802
3041 875
3500 2149
1328 2748
2762 2523
4198 2496
4237 4257
753 267
1572 2875
2248 2656
4185 3830
3100 380
1610 168
1612 1663
335 4437
1678 2126
1673 3365
2332 2980
638 2412
4090 1762
1956 1463
3233 1101
3148 149
316 1177
1242 1695
1840 701
2387 1487
1786 1648
1588 1687
888 1888
365 4358
1464 4216
1465 1349
2247 315
2737 1198
4294 3919
1973 3361
1071 4060
2429 2379
3269 1090
3959 1257
2019 639
739 801
2070 4385
1697 2214
932 2617
4166 2188
1933 4167
2978 1153
2723 2140
1648 4066
2562 116
522 3838
18 4296
3361 3247
2558 489
2668 2417
3809 935
589 1626
3066 2778
4410 2557
3606 1800
4139 1886
3422 918
1498 590
77 293
2890 773
3668 2066
2589 3451
3169 1026
2218 257
3083 3544
527 1596
4120 1021
1410 1132
918 2602
1622 4215
3716 3279
2714 1652
3676 2670
921 3702
3471 644
2492 100
3344 2663
454 3926
2028 3599
458 2746
825 771
2830 2566
2262 2232
273 3856
1141 2397
3316 4151
1626 1854
2227 2907
2024 4134
4224 534
4085 283
3448 3509
3602 1260
2810 3142
2633 2702
3337 1639
544 2658
3113 2490
3007 22
1520 1590
2491 4051
4404 2918
1898 562
1728 3694
91 2460
290 400
3607 2285
440 1237
2974 3665
4387 690
4398 4190
2436 1686
3773 107
3092 3928
359 676
337 359
1397 1503
2136 2728
1454 3236
3994 1372
247 1881
430 3035
192 2115
1649 3445
1863 4036
3153 3403
1110 3096
3200 2670
979 2605
4222 3168
2664 2107
1569 279
2761 324
2590 1306
1642 3446
3686 3538
2923 3615
4397 753
3086 1451
1650 3564
2543 1416
2480 27
900 2274
3142 1309
2375 219
2117 1824
1904 4243
4101 1794
3984 152
994 8
2029 1258
2432 3221
3065 132
807 196
2375 4031
2764 3508
2597 2021
4068 3515
1908 2069
4114 2809
3751 1155
1376 4339
3160 3142
4303 3577
4403 3371
1923 2852
1644 387
1236 4154
1672 1177
1699 1456
1299 3173
4231 4132
2725 3139
2843 887
3085 1950
516 2707
3314 3605
4019 361
1757 742
2536 3224
2273 1119
431 1342
3322 3620
3624 1929
3205 3913
795 2204
938 3014
4142 2765
4434 1285
2877 3283
489 2990
2867 3024
2485 333
1389 2862
2660 1569
1284 1406
4283 146
2306 373
2294 661
1593 2998
1324 2982
941 1562
2373 4079
2483 2474
1164 1917
1395 3917
3082 369
3390 3603
1417 3220
2046 2326
1480 3793
4097 3816
2138 2879
3449 4029
2682 2115
1384 2569
2228 3856
1745 4417
413 1242
223 1510
489 3966
1426 2519
2705 2938
190 1300
2947 485
3855 281
1969 3588
2279 1876
3613 3363
4280 1003
4277 3350
1326 485
1704 3442
2199 3862
704 3452
4376 2364
4364 618
758 2280
239 1968
933 2411
3878 1067
3147 1468
2544 211
1273 3125
2145 3367
47 2030
673 3039
1711 2542
3812 593
462 1100
4408 2734
3549 1208
728 2977
296 212
479 331
3037 4026
2311 3972
2542 2025
1258 418
3519 3236
2973 3587
576 2301
1889 733
3701 1119
3064 105
2170 3508
3183 3423
1331 3489
4437 561
4438 3132
2616 1070
4336 109
2907 1139
1373 2459
1160 3640
4104 2815
896 3214
3747 3781
3795 2662
3099 2480
1691 384
652 1315
1687 889
2243 165
1036 2945
2024 1902
3231 2976
2235 454
1621 2480
284 4233
2380 1594
4183 3812
1522 508
6 3257
324 1265
2378 4032
949 1160
1400 3009
2833 2635
1440 2590
563 1663
936 827
1765 1955
4259 528
1630 1270
113 2657
393 4081
3024 1017
565 3192
2393 272
2598 312
87 3918
1810 2637
3236 2643
1175 2767
2595 2358
3745 4041
3676 3485
523 1848
4378 3878
336 2677
1735 50
4000 3564
1300 1106
3937 2523
1375 3623
2875 3104
1972 1734
3431 1074
4306 2488
969 3717
1823 1938
138 4290
2138 3220
1966 2178
2744 908
3190 952
341 2891
1703 151
819 3363
3330 355
281 1066
281 4154
2209 3033
1884 1425
454 97
3884 1680
4082 3947
2197 1643
107 4182
360 2821
2976 3982
3128 2720
345 1414
1082 4381
3003 3048
4 3203
3791 3459
259 156
4357 294
236 2668
163 3775
917 1623
2292 4123
634 3137
3699 2329
1869 3691
2878 3188
3462 240
3995 3940
2729 2525
225 1692
2326 3765
1223 3343
3698 2124
501 3808
3924 3660
4443 2304
982 3577
3328 2988
1462 930
674 1281
3433 3821
4405 1920
3322 3827
2349 2521
2811 2963
2830 4341
2945 3147
2123 2799
2841 2784
3357 301
1599 168
2981 329
2999 4016
3420 3241
3101 1211
1358 44
1309 3490
2286 3941
1460 2143
736 2832
1510 1680
495 2392
3905 1565
1507 2260
3743 960
3019 1930
4197 601
404 1309
251 2389
2832 2971
741 2680
3894 2047
2295 4015
1354 2070
1254 423
1442 3122
2080 4299
541 72
409 186
2550 3857
477 3278
1730 696
2906 2673
4414 4135
3740 253
1878 3285
1937 3610
2146 779
3782 2592
2366 2391
2191 972
1779 320
2867 202
4343 2251
2017 889
2200 2626
2841 1361
3368 1831
3120 3308
2859 4218
4090 3264
3151 2666
119 1617
966 48
1189 4041
454 1292
422 4105
2082 4042
3817 2393
3873 2375
2435 3797
3330 467
3871 2507
3397 3459
1166 2169
971 3275
508 659
1432 4429
4319 4297
2748 2151
934 2287
1393 3948
379 747
3780 1634
938 3361
3832 1801
2914 3180
1013 2942
1255 2605
2415 3112
752 2715
2670 3583
3449 3386
2797 3928
3913 3011
2264 2152
2617 3657
1516 1790
125 2489
1577 1410
631 3372
1364 4050
3977 944
953 3328
3878 336
248 1256
3514 4268
1036 2377
1940 4032
3532 3741
755 4087
2646 3133
2610 3269
29 3004
2776 3229
618 1913
715 1163
729 2001
915 1704
504 2221
832 1069
1970 2413
388 2798
1346 2632
906 2066
39 770
3397 1949
265 1677
331 3144
2869 3655
622 2737
1827 3309
1681 1652
2840 1224
3500 678
2495 4181
359 2754
94 5
2652 2660
1006 1138
3537 2826
1946 3735
2063 1484
2828 1855
1790 3037
3222 2072
4056 3528
1930 3643
2143 1718
1198 602
737 2842
3461 2696
3495 2516
2314 4052
4347 3352
325 2115
139 3527
1384 1220
1941 3904
3854 284
1810 4400
2362 2136
4074 2737
3686 4174
1406 4373
4197 2310
78 2548
430 2565
1026 1290
2472 4287
3324 3722
3206 2101
427 4056
2070 4106
3833 2612
3836 1661
969 3835
1974 4319
1638 1440
1526 4197
2234 1424
2566 3881
644 2344
3747 1946
2066 1659
2565 281
2485 3577
3961 2347
1756 3375
938 4226
2739 789
3746 2542
302 2810
4163 1420
266 4305
3244 313
2588 1243
831 3825
1139 746
3500 840
1041 669
2703 1984
4044 3075
4199 3140
2716 2890
1810 3946
3732 3407
1708 3003
3944 3580
4420 3086
3649 2070
641 4274
1913 2342
3618 3556
2003 1338
207 959
1344 1136
542 1761
2209 1545
3453 3598
505 449
1633 2029
1958 1898
1765 1257
258 1197
1484 142
2985 3171
2968 198
4233 2868
215 2517
1825 499
380 4424
4053 735
2515 4324
4319 3608
477 721
2078 1308
897 4052
1780 1526
55 1251
1153 162
27 1794
2634 4437
2951 2199
2233 1679
918 84
716 795
2279 200
2174 3839
743 4382
1047 3311
1334 1126
1672 2954
1645 1866
1359 1964
1690 1173
1480 1127
3236 3684
2448 1291
2588 1235
1889 3253
3330 3584
495 685
1064 2449
2445 4070
2129 3129
1593 3070
4038 1055
3435 4075
328 2033
73 771
189 2930
1049 1016
922 1546
1456 3885
4374 3154
2096 1189
2955 2162
158 4367
3264 1132
3187 4040
3911 1214
3616 23
377 1987
3728 1887
1808 1781
965 3696
4101 823
1690 2720
720 2818
1932 954
4418 1682
3177 1292
1055 68
1794 1051
2485 1819
1204 2063
3061 223
4407 974
1828 303
1840 3858
583 3624
3056 2844
2132 1530
699 520
1743 1649
2288 922
810 1440
708 3876
2024 2168
1167 2569
4313 3444
4148 1200
1287 1819
1398 886
2843 2459
3269 733
2629 651
458 4323
2919 59
1616 1113
3833 3243
3896 1425
1496 3874
2611 2097
2255 182
275 18
2512 2331
3396 2635
4090 3587
589 292
1781 3223
2932 3315
4330 606
4062 4195
3554 835
1919 3887
2265 3638
3882 420
642 703
2392 489
1735 523
515 3446
24 4010
1238 1548
154 2671
4115 1732
4034 1081
1533 4335
654 2379
3220 1100
2389 1412
3244 2069
3935 1646
1148 2651
3264 1559
1796 3570
73 1594
2254 1249
3585 3684
3071 333
1648 2819
293 3681
1898 1212
692 465
1394 2485
2984 1784
3587 1652
1158 323
3227 1065
2470 1518
2194 199
3000 1827
2664 1233
723 97
2701 1768
2337 742
2353 2394
4269 3739
1374 3603
3040 1711
2698 2359
2914 567
778 1192
3146 886
1313 3025
3036 2216
2765 3610
1642 2404
1996 4442
397 3857
27 763
540 2852
3587 810
691 3050
2882 4349
3264 1343
1889 2603
1342 2499
1465 1334
481 1206
87 1900
1408 4415
235 1043
1267 2872
4058 735
4401 2637
2593 2446
3008 2389
528 2419
672 3691
701 4412
1563 1014
1605 4182
2487 1489
845 2061
336 752
71 2115
4300 2666
3389 4285
975 783
3199 2642
2218 4154
3907 2449
522 3940
639 1075
1848 488
4281 3339
2775 1737
1205 1326
149 1246
4304 3913
2549 2965
1870 2818
2450 2319
2226 412
40 666
303 3806
3697 2755
1181 4403
1659 128
2050 4025
1472 4363
377 15
4114 456
2241 1863
2740 2470
3779 2630
2712 555
2720 2514
233 3661
3666 930
2011 4069
1332 366
2535 500
3468 2673
1327 148
889 4350
2076 2788
3987 256
3318 2506
2329 3027
135 3339
215 347
879 1734
2483 178
3332 342
2473 1253
1456 3624
3644 1054
2997 117
2262 3365
1903 2663
336 3314
2689 1444
2796 1547
3608 537
528 590
909 826
2030 1948
3948 403
458 2980
1705 2084
396 3622
600 2773
3585 2991
2129 3624
1767 3317
3719 3414
3988 699
1338 2330
1272 3257
3491 3537
1256 3366
4265 1517
3912 2355
967 1708
1829 685
428 1113
2618 3291
2627 1009
550 2119
593 3270
1605 2922
3202 3660
4063 1699
4240 627
1139 86
802 1013
2368 2916
3676 2690
824 813
3498 1468
3597 1480
2307 3974
862 3174
931 2521
565 336
4048 1914
1432 3082
110 1924
549 866
579 2234
3358 1399
3864 910
2078 2839
2226 3194
2397 2934
633 1327
3354 185
2242 2101
668 3328
3306 2015
1778 242
2997 2783
1429 2892
1504 4073
3400 3747
3411 1236
1390 1840
2625 2209
3403 4101
2400 1060
627 2943
2031 1241
3402 1476
3908 2575
467 721
1418 1363
2591 2623
4433 1976
526 752
536 2496
4030 1854
2913 3748
4078 1248
170 2361
822 4397
1317 4199
4062 919
403 3526
2994 4415
2333 914
2635 1910
1342 2494
902 3390
2794 1662
2111 3672
1305 3802
157 491
2846 3999
565 1978
3900 590
3113 1486
2261 1315
545 2025
1143 1408
2686 2210
2363 1939
4172 1506
3529 1785
2553 860
1809 2337
2855 1085
338 3251
2199 3111
2069 2590
1858 2806
3244 1775
1148 3988
1145 2468
3906 1140
1664 1278
1046 3934
428 2465
3279 3528
1953 2976
3217 1397
1265 3545
228 198
3204 3660
3945 367
3808 1350
565 4419
1947 2043
3170 2544
2654 3917
1347 1785
1920 820
760 2732
1266 2909
2302 2790
389 579
375 1978
2897 107
3126 2451
343 1933
3110 2591
3465 383
1288 4125
2374 1295
1812 1848
3115 1855
1460 2665
4060 3514
3185 1042
1258 510
2835 1814
1640 1080
365 614
198 3251
2589 1617
1974 1706
317 421
1044 1670
477 2646
672 353
2441 1471
2258 4214
1171 215
864 2506
3686 3982
3457 3430
628 4395
423 3877
2990 247
3817 401
50 1045
170 488
1865 870
3802 272
474 3992
2247 725
3699 3142
2750 1634
1699 3920
25 1231
336 970
3317 1635
3285 2207
1337 834
496 2272
3848 2803
2058 865
3988 2746
2665 2308
1216 3154
3571 3665
2356 1699
1296 3576
2846 675
917 120
4234 1632
150 4253
3185 1529
1797 3419
1370 1599
2609 3625
3709 1993
43 3556
3364 2355
970 810
2615 1985
3354 166
2925 1867
2547 4358
2337 3516
264 1649
1390 4406
123 1019
797 220
2516 1848
3245 1292
4386 1371
4124 3284
1043 581
3423 1894
207 2913
13 39
3488 2450
848 223
1428 2903
565 2657
3290 1460
2666 713
3938 3873
2263 1829
451 3686
1404 3308
1891 3455
1340 2230
2069 1087
3120 2776
305 837
3064 1291
1871 2847
2881 3181
3856 155
624 2063
1549 2044
2115 2716
1477 3065
1648 2775
1729 720
1242 2211
3821 2634
3421 180
1480 573
2139 2962
2284 2553
1111 4275
1988 3032
259 3446
1935 1803
4391 2282
2660 2132
2124 1215
2925 4354
1523 3574
4020 2063
1533 1340
2439 3607
2877 981
2175 951
694 4066
4217 3042
1773 662
1759 3519
2460 2159
4316 2496
2523 1478
1523 23
2940 690
4006 2313
4083 395
4266 3660
1097 221
890 1855
2907 812
728 2403
3404 2965
2729 3744
3341 2171
1691 1100
1809 3287
1725 280
4204 1317
995 2911
3333 1382
2446 3873
56 2709
3105 208
3692 3800
2774 363
525 2447
4052 3687
2921 2428
2807 1146
3104 2717
4062 188
4175 3217
3742 1907
2490 3823
2165 2177
2360 2481
1484 2152
857 2136
1753 2390
1499 2795
4228 30
2326 3006
3094 1544
1190 2297
251 4402
1370 2049
2360 1210
2528 3675
860 2142
1483 4368
3277 131
4388 3687
2395 233
733 2719
1750 3907
2910 823
2148 506
778 475
3799 638
2704 1556
4150 501
190 2639
2630 3920
3114 3621
3388 1701
1595 143
3907 1575
390 3711
1647 1440
832 381
3919 2383
2531 3712
1897 2764
4232 250
1930 4052
565 2334
47 3553
3545 3077
2396 1066
1474 307
2495 190
4366 4360
1453 4315
2542 3506
3009 3868
3161 405
2004 1745
3606 2424
1813 1888
536 2365
1120 801
1573 3777
373 1721
3081 3277
804 3768
3983 1049
2596 4211
765 2542
3091 195
1892 4410
1417 65
293 1461
279 33
4098 2872
1927 3971
3115 2855
1280 3864
1377 349
877 1328
2341 2817
364 56
2816 543
1134 3134
56 3995
2900 1533
3263 3962
2631 160
3753 1809
3348 2724
1769 613
1360 35
587 2668
1677 402
2521 4409
3227 4442
3149 2185
2541 180
3596 897
672 2055
431 4123
31 3670
2956 3898
2398 998
630 1629
2446 106
1401 3518
2583 921
3982 1231
1832 2093
1926 3875
2885 606
197 160
2658 3765
3735 1995
2366 1656
1662 2283
2320 3200
1865 68
793 3257
2253 4343
2323 1861
751 73
2052 1171
1436 2423
1921 2575
1816 3387
1145 3935
1104 1369
1952 4436
4264 3354
4185 1674
3410 2658
1316 4055
302 858
1583 2847
831 842
3320 851
3327 2511
1586 2318
2706 4279
1905 3454
482 882
4249 3179
1685 2115
1557 2403
172 2819
2050 1992
451 1070
1543 718
3566 2531
3684 1159
3421 2106
2525 2797
3935 4439
3881 2205
1656 3311
1914 3167
3377 1856
800 1793
653 1088
3687 3662
1554 3735
936 2485
1946 1025
4133 1413
2143 243
3840 630
3716 3677
3367 2053
486 1364
477 4187
473 4364
1738 429
3157 1360
500 374
1635 2570
4199 1052
2536 3328
648 1805
720 3880
3187 434
3535 1682
1648 3520
1512 1645
2935 3510
1620 936
3190 2888
1778 973
1908 1772
77 2261
2502 2639
2260 723
3058 3232
371 1504
2569 2565
3901 850
600 1537
3831 3700
2777 897
3636 2353
2165 2965
3334 2259
3173 1760
3227 2108
2118 4374
3084 4099
3009 1717
2655 3961
1473 3280
2912 2041
2883 1337
2527 1461
4052 4214
3781 83
484 4145
3904 1811
37 1029
3926 3044
3594 2175
1073 2528
2793 1610
2904 4018
942 3870
2405 4134
449 2631
1460 3384
2746 3751
1107 1999
1409 1952
2916 3963
1727 525
3532 599
3053 2379
2155 2294
3952 3861
1453 893
4419 1860
3154 4368
2588 3300
1704 2224
3503 1746
4414 2765
4119 1431
1783 4318
1384 2667
1407 4014
2366 4141
3716 3116
3052 1106
811 1595
749 1480
3214 2823
1901 2605
280 1007
1040 3370
165 1657
436 1478
3809 984
599 3062
2643 3256
3326 3002
1569 3372
726 1794
4174 169
3231 66
3623 2269
1208 1853
3036 3925
3361 1288
534 2817
4157 2874
75 2095
3368 674
2854 3616
76 130
1104 2926
2990 2226
2040 611
3254 2456
1239 2659
958 2297
1189 1447
1397 3148
4060 3429
1812 1966
4312 2588
4438 3439
463 3557
4273 17
340 700
3023 3944
1829 2330
3286 1969
1039 2710
810 4074
885 194
2988 3018
2867 3020
141 3385
1189 1168
1656 2741
1617 1183
1477 2354
4367 3931
3026 3883
1459 1512
615 2918
1147 511
3215 361
3142 2856
3303 3028
785 1652
2246 470
565 4211
162 1844
2298 1775
986 125
1224 2605
3518 611
3864 1822
1309 732
3219 2193
527 923
430 1072
4249 219
1377 2447
962 3041
1525 1942
4248 80
2134 3249
1209 1035
4386 4061
2663 233
457 2327
1603 1112
2232 1513
1532 2029
3695 92
2918 3965
1039 1580
1197 4090
4413 1682
867 2676
939 2383
1392 3474
3155 2678
2826 3935
33 3049
528 4052
4210 2850
1672 3356
2710 1009
2637 1569
3448 822
837 1744
284 1987
3590 107
3438 3796
3385 2538
2603 3484
449 3801
2870 3372
1573 3868
4262 2397
1002 1031
2400 1294
4410 2420
1721 3926
750 2230
151 3565
2851 1056
1617 4103
121 310
1189 2444
3877 2739
847 4140
2370 2636
2719 3109
1120 54
3611 2486
3677 1459
266 400
4080 223
3313 2232
2305 1671
4127 1613
3369 3237
1018 1480
1875 4007
1181 3045
1478 1698
657 4168
2536 991
2836 1246
3892 220
4343 600
4130 2586
308 2005
2047 489
4318 542
1765 3165
3729 568
4268 3046
3877 738
1340 1374
1484 4001
1310 2323
482 2664
1587 4396
3311 1312
1205 2560
3794 3195
3831 2088
2281 794
2214 4324
1729 1387
2983 3032
3502 3322
4172 4252
3338 108
3893 3161
2948 4343
1186 813
771 1661
1426 46
862 911
1276 250
1248 2530
3158 1672
4120 4260
1453 3790
3239 3172
3353 391
3464 2860
3260 3725
1925 436
4021 197
3186 2719
2537 1118
629 4072
4264 2271
3156 3421
3430 4361
2270 3513
3323 1540
3355 2713
2107 3198
2346 1307
4289 3648
1194 938
3888 3415
3072 1533
3766 1951
160 2932
199 2223
612 1263
1381 2312
3749 979
3323 4047
2124 4220
1554 2928
787 1574
3889 1663
3379 1931
2501 912
4278 1807
1105 3087
1132 3087
420 4434
3585 2245
2986 4229
1899 4399
3483 1338
2951 3701
3514 2051
548 3276
1169 1901
4050 4380
314 101
90 1998
3848 485
3776 1583
651 2663
604 780
2109 105
4044 2407
3591 4059
3270 3803
3083 157
4081 4407
721 1179
2751 3594
3818 2246
3715 2777
527 3280
3198 277
1598 4351
1002 3568
900 1821
1359 528
3545 2784
325 1514
2742 3981
695 4224
3705 2275
3146 11
125 1695
1455 4188
4382 2148
2257 1254
1875 888
3465 814
2034 2520
351 110
3557 635
151 3727
358 3153
2375 274
19 836
2686 2461
2872 3774
852 2720
4101 523
2563 3358
3107 1144
1765 891
512 1774
3599 2767
3178 1018
642 1060
1275 2238
1617 513
2318 1334
4414 3891
1875 1134
1060 1570
3826 404
1349 3984
2278 2936
3995 1263
2383 223
745 3999
3459 4164
524 3707
131 3446
1212 645
735 3302
3045 3523
2992 768
2308 2522
3886 3490
414 4439
329 3250
4275 3612
1152 2816
523 2842
1654 2856
2867 1566
4192 4428
2213 3660
1322 4149
1787 674
4 3941
1882 1458
1510 1103
1579 861
442 897
3359 2946
514 2501
1841 3543
2764 2037
4056 1801
4230 42
2984 1181
2824 2604
331 1295
1824 2518
576 4280
2203 3525
2734 634
4395 1137
2505 44
4443 2516
1797 1556
1977 1038
1676 2249
2946 50
3319 147
274 1508
986 1098
4386 1296
2143 3459
272 4
1197 1347
2137 1269
2233 4267
3528 1898
3917 1111
2128 4114
3345 862
1622 137
73 3086
1648 968
11 1991
1987 1855
1339 3240
539 361
3595 2222
1664 200
404 1227
530 3348
2649 931
4153 2586
3281 2083
559 1112
889 2872
2916 1068
1179 2986
3555 4310
920 2047
2927 1824
1488 104
1717 1809
2211 1095
1731 14
1200 4419
2197 4381
2688 4337
3208 2538
73 3214
2630 46
3964 954
151 97
1539 1849
2769 2761
2539 3794
4124 3826
4049 4325
1438 25
1059 3242
1711 1589
3660 2473
2580 1853
2551 1947
1551 936
3740 235
3116 1479
3747 3837
438 1060
3960 4044
931 3262
3503 3331
4224 3705
94 1320
3191 233
1066 2591
2608 1700
2327 1428
2199 1956
971 1756
3456 504
2161 671
2430 4077
1056 993
1484 4299
2134 3546
3555 96
3607 3999
2639 2574
3443 2333
3800 3477
1586 551
4228 1668
2834 2614
3329 3217
1587 3893
3942 3029
186 2484
1607 4008
1478 643
4184 539
1384 3990
4070 4065
590 42
2892 307
3870 4162
1496 3571
1862 2605
1422 93
18 2395
212 3642
1913 8
1635 1093
2114 3165
1872 2407
2586 2513
145 348
1704 3885
524 423
1170 584
821 1373
1005 3617
1719 1655
1844 1962
703 863
2516 3185
3793 1449
4151 1933
2587 4371
4119 4050
4089 248
1919 2729
1031 1451
2746 1298
3101 489
4011 260
3965 1892
1230 2700
1846 3655
1794 4034
4119 1475
3122 430
2498 1393
2734 1290
2076 3084
1747 1636
2047 1591
2369 3614
3543 2195
4413 3973
952 4318
3694 3705
3274 637
3999 479
2097 3553
2041 3322
1441 4224
3143 3131
1492 1607
1083 4315
359 3639
1952 4156
4090 3262
1495 664
446 1847
656 2434
1422 1977
3444 2699
836 2673
3450 261
1128 1427
2875 3786
3816 1607
1746 4004
3906 3391
3411 1319
1641 3866
2072 3986
1650 1016
364 3859
304 1039
2426 2574
399 3194
3528 2199
3194 3197
3945 2747
285 429
561 2969
162 3330
3766 2825
2129 3447
812 2110
2276 3405
2027 2293
2272 3681
2665 1776
1064 1736
1402 2065
3940 3591
2804 1901
2497 3941
119 772
854 894
1843 865
3281 1708
2777 2442
2907 3231
546 2318
2810 107
2073 261
151 1259
3165 3369
2872 744
2556 1155
229 4245
1775 2357
1365 1083
2896 2571
3626 1488
927 736
3331 2552
3631 1865
1326 4005
4223 3628
676 336
2144 4267
2137 144
4313 3920
3829 1016
2860 3272
1995 1778
2884 3437
4407 3936
937 4031
60 3915
2485 3587
3404 3378
673 2810
3216 3189
2112 2706
3935 1078
3194 2307
1060 1064
2666 2008
2914 1599
1805 3037
3218 1982
3523 2181
2190 663
799 3747
3121 2124
1898 575
1795 2997
2528 379
3598 1825
1372 769
1227 2564
1329 194
4008 518
2112 2487
4084 7
2365 4035
4177 3262
767 1604
2575 2651
4414 3434
3608 1369
1347 2212
2837 1985
2019 3945
283 743
3311 3758
3295 359
430 2886
3936 38
4163 3846
2289 934
1166 4139
2692 538
508 609
1315 3196
1715 2391
3870 4267
1432 3761
471 1573
3756 3913
555 1041
3414 1275
2251 1293
1609 2203
1037 1001
1323 3280
3810 3378
3936 4048
1959 2030
2172 2739
17 2734
1713 2880
3074 1397
3096 3106
739 4027
2133 2821
1667 1222
4081 3246
2653 3955
693 3213
976 2493
1762 1154
3808 2567
522 4370
2494 3582
4039 382
1331 305
4245 596
4087 1880
2038 2881
1326 2418
2516 3739
3612 1598
591 3012
2091 3917
2640 3010
1918 54
2619 4289
2433 370
2085 3041
4426 953
4416 1
2858 2444
75 4429
2157 1069
1199 3194
2768 4381
3645 4271
768 359
2162 935
1647 181
3118 1092
1549 3481
1837 3889
3563 1903
3970 998
1366 3130
307 239
1523 4366
3587 2637
2950 766
1706 582
4327 2696
2482 3285
1931 3528
650 3226
3266 3830
3072 2951
3203 2753
3216 3375
4212 1236
3862 3943
296 4143
1895 1245
1564 1689
2604 1835
1390 977
2248 1132
4107 430
3222 3055
2270 1312
619 2842
1560 4248
2014 3026
3349 1709
2360 1505
1375 213
3245 1108
2663 843
740 3311
1617 2594
1733 3539
2198 1199
647 2580
2687 1089
3226 2356
2092 3548
60 2334
3978 4040
3953 1378
1663 2103
1638 184
1545 4191
131 1242
2755 3929
1224 4336
3 3678
3610 3625
4364 3473
2152 1579
44 2195
870 4334
1854 1379
1574 1624
2440 3452
1778 350
146 241
411 1393
3734 3446
131 2605
2625 4343
2392 605
3879 285
1336 1118
1434 972
2316 3554
3145 1729
2228 332
4092 3348
1156 3964
609 2184
521 1952
2312 374
2658 707
1676 2488
1453 1793
203 1109
308 4107
2047 1068
2614 1118
2060 2948
724 3240
2848 3220
4176 3108
2263 3853
4189 4003
2036 1858
3265 2525
1536 1036
1735 233
1821 3890
4299 2121
3245 2459
2578 2334
1009 2116
557 4122
3358 4441
4214 849
2206 3131
2038 656
1885 1670
82 2258
1737 1385
3350 1589
2190 2347
642 2780
2852 2424
2863 2364
126 3671
460 691
3604 172
1558 4362
966 789
4414 784
2590 1814
3470 2297
2877 2464
2130 935
2660 632
335 1773
857 2352
1083 2851
3230 1994
4176 1504
2267 1735
2064 1797
550 3170
1931 4228
2139 3475
4177 666
3336 932
2434 2984
4032 2211
1799 1994
2071 981
921 157
881 4113
3698 1206
24 2227
1859 947
448 3487
46 1696
710 1089
3867 2867
561 665
2958 812
3122 4121
279 764
681 4130
3142 1504
1109 2850
687 1105
1432 2150
2690 269
2371 1987
3869 652
2428 2217
1240 2406
3614 1469
961 2409
659 2188
2581 1820
2658 1907
3958 624
2229 1967
3864 1868
1839 1805
1814 2077
1694 1523
4322 1259
1453 1110
176 906
886 2186
2104 2132
2990 1926
2226 2869
1653 3795
1448 3548
495 2684
