2000 2000 2000000 20000
2 16419 1051389
1 388 556004
2 18505 248164
1 342 1109246
1 98 1402418
2 184 550284
2 17878 390364
1 15293 1534298
1 6660 672798
1 17843 340220
1 12363 1049755
1 1598 535196
1 10793 182815
2 4553 170514
2 16092 1138207
1 18928 840801
2 10658 1052017
1 154 1583078
1 18450 1499218
2 2728 30234
2 9116 389613
1 3506 879634
2 12098 45469
2 13412 957067
2 17712 1393865
2 7646 271917
2 1676 1913520
2 18169 88051
2 12760 1286135
1 14711 1299365
1 5579 1633323
1 7015 1559127
1 13374 756929
2 3712 1899265
2 3842 707374
2 9250 417847
1 11433 1777801
2 4698 483485
2 11422 1268442
2 11333 448559
2 16727 1454188
2 9790 1837178
1 5656 1612235
1 9729 972750
2 8047 276420
1 3805 1537621
1 13386 1287076
2 3204 1840021
1 13727 1773905
2 3928 677738
1 4428 852041
1 6989 1790355
1 9202 350891
1 13905 1428868
1 17008 1961836
2 2276 1547209
2 12478 1454596
2 14293 1472503
2 9072 1818558
2 14373 480649
2 8021 230657
1 5330 1465859
2 7574 627476
1 10971 920825
2 6910 164149
1 3624 245780
1 1719 1105704
1 11833 981299
1 2135 55989
2 13170 12932
2 9472 1760138
2 15973 1300072
2 18857 111616
2 19529 1528183
1 18865 1564309
1 15344 1821298
1 6371 1356038
2 18851 1744994
1 19856 1104804
2 16312 201967
1 15709 376191
2 3582 561636
2 18468 1087939
1 13850 501646
2 12224 1526689
1 15886 1567876
2 18361 1970343
1 4154 1400324
1 19011 970232
2 939 1647459
2 15590 1805332
1 3985 1832828
2 7637 1373454
1 2160 295660
1 108 1229366
1 11659 211109
2 5090 1099009
2 13942 766754
2 9441 226633
1 12695 999339
1 11989 414355
2 10973 1282983
1 18694 53256
2 10554 1767121
1 12469 1112200
2 6943 332934
1 14761 1041840
2 13440 823090
2 19930 593405
1 3146 618529
1 3614 792193
1 4348 1102668
2 9543 594107
1 2603 307725
1 3026 131123
2 15331 260789
1 18024 289251
1 11442 1867274
2 4318 4553
1 19353 949862
1 9580 100152
1 7953 511631
2 10958 426446
2 9753 651404
2 11543 1428770
1 7824 1304324
1 8988 1648855
2 10540 1898537
2 253 1075766
1 1121 69335
1 18062 672554
1 18991 1013731
2 8233 811214
1 9190 155399
2 16831 161893
2 6285 296334
1 161 574763
1 12204 1751137
2 14757 1295454
1 19651 1885376
2 11672 1454338
2 16830 1938029
2 19741 397397
2 6143 946895
2 15586 884820
1 13046 1202277
1 1249 1471701
2 4944 1939632
1 7493 720815
1 2521 1034374
2 12352 451278
1 8571 880078
1 10824 503636
1 14212 1024237
1 7923 1466038
1 15240 1852934
1 19374 883738
2 15938 1988161
2 14033 1596655
1 11443 1302717
1 19794 1434644
1 16713 863638
1 5686 79963
1 5788 351642
2 6617 1158654
2 11344 1567126
2 2708 568880
1 6531 254902
1 3749 1022931
2 16198 1159314
1 2476 1960535
2 18293 36023
2 880 1387685
2 4831 187405
2 13323 659872
2 304 149077
1 1543 1992910
1 4964 697851
1 16407 1145697
1 7762 59289
1 9165 1480781
2 1439 1736631
1 19566 762550
1 15146 1477787
2 15619 554792
1 19876 1888909
2 15451 259993
1 11423 855782
2 17921 1868895
1 18699 503697
2 13709 861010
1 11941 1403580
2 18927 614396
1 6380 1892835
1 10574 348871
1 10710 100981
1 18324 554064
1 3471 1141548
1 1305 806801
1 2380 1012786
1 2226 201142
2 16544 669762
2 10650 433418
1 6158 924654
2 3495 826825
1 4180 804617
1 16090 1559439
1 6177 1306182
1 19249 1865404
1 3500 1758735
1 2759 551124
2 15677 129057
2 198 1281661
2 7604 656904
2 2123 1895904
1 18774 1713443
2 18466 1581812
2 19230 934101
1 7957 163923
2 17325 602721
1 4526 358242
2 9831 1005575
2 18957 1297037
1 7535 728055
1 10733 947023
2 13564 1544828
1 6870 1592102
1 657 263848
1 6260 654990
1 16085 693593
1 19817 1940048
2 12765 397911
2 6707 759120
2 3227 1807434
2 19334 1588139
1 10267 1750574
1 18651 76090
2 9878 882941
2 16144 1394663
2 13301 492817
2 15502 1089847
2 16472 1497595
1 5726 1233350
1 14894 993918
2 9278 278137
2 16768 894972
1 4121 151500
2 9443 1929914
2 13356 904074
1 6790 970397
2 16921 1571963
2 16585 698396
1 5805 1221557
1 5724 662626
2 17086 777823
1 3483 1597264
2 616 498573
2 5211 284979
1 2178 327440
2 5950 1659967
2 853 1766373
1 8118 934892
2 7542 605003
1 8775 646397
2 2797 877100
1 3439 1269145
1 10344 648509
1 18685 1502373
2 18643 581439
1 5159 1458110
2 17051 64309
2 6183 1552483
1 5810 773696
2 332 61491
2 17614 853859
1 5023 1875967
2 8333 227857
2 18888 446654
2 6314 806347
1 15320 40106
2 5633 1574990
2 17638 1349739
2 7730 1351760
1 19881 1166515
1 12370 574500
1 3831 171591
2 7169 1157399
2 15967 410249
1 4384 1336119
1 3976 1402690
2 2656 823309
2 4615 1954016
2 16177 957440
1 364 718590
2 14884 118865
2 12193 1626350
2 11316 1930687
2 15894 489102
1 4996 1519650
2 9090 1462614
1 19039 32805
2 12190 1826285
1 14581 1835517
1 6774 692500
2 4305 941417
2 12582 34658
1 10007 1081366
1 8678 1852726
2 17317 1996525
1 544 1239733
2 14022 435761
2 15006 1234051
2 3244 1838385
1 9137 1228603
2 7926 764285
1 4450 399921
1 12146 1753087
1 14017 1525247
1 1980 416240
2 15166 454330
1 3450 135461
1 12344 716033
2 1295 500874
1 9217 853950
1 6828 33836
1 1289 671071
1 4388 7984
1 15131 1643442
1 19378 8828
2 19197 1162461
1 13902 290504
2 10258 1676738
1 3774 708215
2 11606 464653
1 10970 1848120
1 215 238507
2 10281 1164325
2 13053 1864183
1 16354 959099
2 7375 329589
1 5271 918773
2 7945 1331775
2 16188 1123525
2 4438 816028
2 3197 1713011
1 12570 1374073
1 9728 177510
2 15746 921749
2 5538 846240
2 19336 829043
1 8204 777519
1 16838 1174278
1 1580 724662
2 1375 292298
2 18802 801754
2 13178 729010
1 15721 1828401
2 14590 1777404
1 5130 1542358
1 16732 1275111
2 9581 461176
1 8960 811087
2 10947 764594
1 3847 462706
1 14867 1393605
2 6138 1984850
1 12831 1969661
1 97 594506
2 15704 1208528
1 13131 785486
2 4633 1625368
1 1622 1612821
1 11107 1339976
1 11242 1665348
2 15462 1794679
2 4079 557466
2 7161 1817674
1 203 1923024
2 7947 1632421
1 3076 582698
2 18719 1031391
2 7340 1301787
1 3548 178675
2 8818 1830474
1 13560 553320
1 300 1479538
1 7433 755136
2 19012 981428
1 18602 1608097
1 16736 205884
1 5647 1251897
2 8353 1797555
2 10360 993679
1 3005 1756818
1 14146 1021887
2 16949 1883312
1 5214 657898
2 11866 1972295
2 11080 1323873
1 425 1489403
1 5948 597928
1 14142 1113655
2 9911 325383
1 10912 443920
2 4456 1892146
1 15860 1034856
2 5152 640754
2 17982 1192220
1 13650 519805
1 15289 727226
2 4797 27197
1 13647 69557
1 974 515742
2 16563 1091988
1 7917 873221
1 10070 202784
1 12461 1014163
2 7527 1522374
1 16623 1415080
1 3849 1366177
1 15115 229457
2 10227 9060
1 5135 1279609
2 4966 689998
1 3979 710762
2 11428 1863357
1 8093 1908391
2 4714 637313
1 18666 1036289
1 19008 1578989
1 19488 1435498
1 8517 1081431
1 10316 1198059
2 19792 62323
2 826 1260675
2 15429 1665400
1 3314 767683
1 2876 1681316
2 2723 1679259
1 1034 337392
1 658 1903421
1 17992 840446
2 17356 1468917
1 4410 492389
1 14210 604236
2 13384 34173
2 15658 1144250
2 855 1939444
1 15038 482791
1 2456 263485
1 17895 1048222
2 2972 1897086
2 1423 1350634
2 1203 421166
1 12001 1405140
1 2392 1379522
1 11083 724012
2 6807 1455481
2 9252 1732597
1 19097 116371
2 3918 1528087
2 4404 1475072
2 19531 682210
1 13766 870932
2 8219 550413
2 48 41154
2 19053 964273
1 16260 1146326
1 10577 1227162
1 9442 3605
1 1566 171992
2 7770 1555941
2 8261 1395109
2 19151 291332
1 8482 641715
1 12750 264667
1 12037 1274090
1 18507 1652174
2 13599 1345756
1 1712 1606747
1 17833 298443
1 9972 223739
1 18036 1853329
1 12096 1194197
2 9703 768899
2 12817 1296392
1 16803 1633310
1 12600 1829156
2 726 1540679
1 15152 1438301
2 13889 1513343
1 15237 392738
2 11617 1500610
2 10670 1273445
1 5357 772679
2 11401 1201177
2 6424 1581240
2 19578 540252
1 1115 806775
1 9903 307824
1 18797 876069
1 18700 1657946
2 17581 915192
1 7533 1592742
2 15865 923280
1 6253 375125
1 2118 21582
1 12260 100275
2 6818 1784033
1 9035 555116
2 18856 1393596
1 17498 1961817
2 7615 1204409
2 5149 816348
1 16451 1047274
1 16149 33309
2 16851 1244507
1 525 517068
2 14217 1841560
2 19588 218084
2 9800 134927
2 11179 125197
2 13136 1207213
2 13028 220559
2 8904 741426
2 10861 1970503
2 18708 1951439
1 16416 955539
1 226 1229677
1 5945 103414
1 5253 976224
1 634 1973056
2 5731 332310
2 3287 1421791
1 2412 1153052
1 8160 788048
2 4086 1853014
1 3376 655195
2 9011 610569
1 578 600866
2 15782 640972
1 13573 542954
2 10433 414223
2 742 985859
2 15288 878714
2 8654 1313660
2 1120 16403
1 14058 481914
2 18956 1779424
2 12394 887912
1 6244 1732046
2 8808 54837
1 10545 1895559
1 19725 1142644
1 2785 537934
1 18804 1586974
2 3479 912935
1 16309 453428
1 14499 1401763
2 9762 1887911
1 5226 729852
2 18824 438291
2 6215 726390
1 4034 931027
1 7624 1255581
2 10922 166557
2 15101 1848218
1 15169 1770208
1 5418 1081850
1 11306 1561440
2 9414 612076
1 13079 1051932
1 17417 232571
2 15250 1052546
1 13072 1057295
1 2829 1033001
2 474 1577541
1 10609 1605076
1 13661 89452
2 8638 185361
1 8642 998150
2 2286 6492
1 1417 25249
1 9943 1474017
1 10059 1609544
2 9638 1923776
1 17989 1268659
2 6638 1433413
1 14040 671101
2 19659 247959
2 3732 516479
1 11164 1180356
2 5216 836806
2 153 1407483
1 16897 368678
2 11920 349169
2 12991 50153
2 13037 115791
1 18690 1525264
1 13321 1611613
2 350 307513
1 14185 1306080
1 561 600189
2 13543 1499916
2 11255 1668569
2 16589 1347664
2 11583 1439355
1 1464 1642029
2 3679 1605495
2 19080 647375
1 14419 528170
1 19871 1009880
1 13284 302604
1 5180 244650
2 7384 1644607
2 15185 46781
1 15510 1238427
2 14222 354626
1 14481 1997240
2 1132 472488
2 4084 588740
2 17633 274136
2 6894 579974
1 2352 1314449
1 16384 855319
2 677 642984
1 16707 175442
1 16999 1661509
2 11594 1831749
2 12165 1002685
2 3583 1114835
2 7369 159085
1 15495 1018413
1 1224 950702
1 7134 184115
2 1149 325207
2 16184 1173018
1 19038 380012
2 4494 1926698
1 15043 1112031
2 13145 1769090
2 6271 55489
2 11149 1428445
2 16719 550705
1 3579 404063
1 1648 579020
2 3606 851898
1 18397 440769
2 7765 57823
1 13706 1369232
1 16748 1896906
1 13724 1780409
1 5990 1926774
2 11610 282638
2 8375 1704744
2 18228 1730941
1 7505 1441380
2 7842 1687029
1 11983 1699021
1 6968 1390131
2 9758 291246
1 1241 607424
1 19677 1356268
2 19034 371955
1 7866 1074062
1 11674 1510785
1 14455 1800355
1 10948 1244622
2 3695 1636251
2 17976 827053
2 2754 1277427
1 12179 1482053
2 5385 939307
1 4937 192725
1 1621 591531
2 1824 1358782
2 4418 1967973
1 8210 1293439
1 19791 1522064
1 5486 1806102
1 5568 67271
1 13522 1790903
1 10591 1817059
1 10613 124468
2 16551 1784639
2 19157 317812
1 7075 926295
1 14123 512483
2 11816 1738274
2 17490 662713
2 13806 1259172
1 10170 826722
2 17791 1688420
2 1382 1061223
2 13143 1475075
2 17569 1327288
2 3751 182675
2 10290 159461
2 18688 1646021
2 11058 1272483
2 7973 1006140
2 11869 441416
1 14567 249125
1 4270 995337
1 13517 696552
1 5032 1366523
1 19142 1080417
2 18273 1718961
1 6733 1298840
2 11527 1246284
2 9951 374874
1 14019 53958
2 7667 1044389
2 391 704651
2 2279 14564
1 5319 457675
2 6507 1378861
1 11367 471797
1 8283 1831423
2 19840 1179394
2 15898 711127
1 9066 695559
1 16341 786901
2 13728 55644
1 11686 1024878
1 19509 1773112
2 359 952220
2 11350 286926
2 12207 664618
2 16147 1999843
1 13483 743508
2 6500 170768
2 230 240543
2 3689 1127200
2 9538 1083666
2 11776 313189
1 7982 887746
1 5913 1154643
2 17302 293641
1 7899 280202
1 5195 1444587
1 11427 1509829
1 15897 193427
2 15248 430637
2 9959 946654
2 14534 115510
1 3155 527052
1 16997 609709
2 12241 1112800
2 15390 1555451
2 12719 616178
1 15496 959051
1 4299 1700411
2 2973 1202529
2 18399 1303562
1 17395 411477
2 11770 1735145
1 5368 380931
1 5040 1908435
2 14274 1103106
1 10700 1709090
2 11655 551921
1 11095 1275510
2 8915 1388935
2 19193 545783
2 16122 1688476
2 16836 293645
1 10774 993232
1 18237 1610927
2 19625 1267184
1 6053 1545918
2 18638 722670
2 14015 418217
1 19090 171178
2 7753 801241
1 13052 1824195
1 7832 840924
2 15018 1202245
2 14111 5699
1 7227 1638798
2 10111 152662
1 3418 1676346
1 14817 1453854
1 9156 1805732
1 7341 450228
1 15994 579480
2 16275 315889
2 12007 727393
2 11048 873053
2 8279 1902947
2 9076 833630
2 5088 338545
1 13509 73914
2 1484 5092
2 19472 1741369
2 9255 1264679
2 5397 390737
2 8572 726370
2 19060 1588335
1 5939 23982
1 18213 31688
1 2323 1816058
1 5523 282056
1 6076 226634
2 13327 1755837
2 5491 1535082
1 16613 955418
1 14632 1843204
2 18321 1056354
1 18910 757653
2 2410 408120
1 9796 1701866
2 12865 1533625
2 2512 550552
1 12893 1623434
2 1920 218026
1 18123 60689
2 5451 104250
1 19098 1506060
1 10925 927192
2 9677 654449
1 12627 856971
1 13486 1779426
1 18386 87811
1 1152 841706
2 1537 86813
2 5208 190718
1 11189 1596481
2 16415 550106
1 19238 921519
2 10381 160453
2 3285 152209
1 15121 681727
2 6180 1914455
2 1925 810487
2 17969 402909
2 18018 647374
2 8677 1551885
1 2575 1767048
1 11070 1213847
2 5957 1513321
2 15207 1059914
1 1947 1906572
2 17487 245685
1 6118 474930
1 5764 1323276
1 6048 1888387
2 15286 1926873
2 9652 1103504
2 15400 646366
2 18371 1354046
1 8526 740393
1 12203 1870074
1 12317 691626
2 3235 411198
2 12599 532673
2 6843 609892
1 19801 1389216
1 15758 1398043
1 9710 246681
1 2347 1068409
2 15370 380227
1 16134 1376049
1 19812 932580
2 18318 730993
1 4612 935577
2 7357 1578263
1 6036 1193557
2 2998 904524
2 13286 40892
1 15343 378404
2 13162 328876
1 4386 445573
1 10537 166213
1 15427 1148476
2 8149 1389585
2 9052 819508
1 4579 1211790
2 7079 170912
2 13960 1112602
1 2167 92810
1 15976 1589247
2 19023 371409
1 15312 1925505
2 8739 924402
2 12526 102269
2 2811 901115
1 17465 1152572
2 1402 535671
1 423 454263
1 5122 462533
2 4043 1304028
2 12536 772223
2 5531 1265615
2 15956 380394
2 6284 435356
2 5290 1594003
1 16739 1392717
2 17778 250857
2 16333 1880127
1 5227 1534737
2 95 211538
2 19348 128009
2 18517 239630
1 8191 1845006
1 17990 370429
2 337 1960096
2 2429 841995
2 5322 493812
2 11134 25074
1 11208 732183
2 4945 706107
1 7905 897623
2 3950 1627529
1 4489 598318
2 11064 858460
2 7191 1386394
2 1212 686547
1 14424 633847
2 8708 1048213
2 12124 1850912
2 14904 263296
1 2749 1473104
2 5739 717626
2 3850 850857
1 15425 509525
2 1043 1369181
1 6554 159246
1 11478 1346476
2 19638 404359
1 7644 155218
2 17409 420303
2 11186 591697
1 5914 1766101
1 11755 1450328
2 704 1332131
1 15798 898110
1 1985 1936880
1 5968 1467013
1 12553 1251853
1 1907 109118
1 11396 1955675
1 17859 499530
1 6732 892826
1 19245 1024659
2 1322 898049
1 14359 731281
1 4423 604905
2 16886 1005229
1 12572 24350
2 10089 1194884
2 990 1230315
1 10324 1298572
1 14786 1652898
2 17597 870139
2 11493 1625184
1 19288 1959992
1 4843 1292021
2 3625 240784
2 9390 1132763
1 16569 1524324
2 13683 99077
1 9295 1465185
1 16388 344562
2 12682 1751146
1 4634 757200
2 13371 799578
1 18775 160767
1 13676 946157
2 6512 287649
1 5635 1435223
1 1041 1995938
2 3969 870633
2 16448 1551875
2 1725 413166
1 7434 722940
1 7124 642461
1 17429 482460
2 15838 1454356
2 19330 536502
1 11728 790683
2 3295 231254
2 14461 1985311
2 3589 652107
2 15011 1516565
1 12521 651135
1 4183 1954767
2 19221 1462713
2 1602 995756
1 11642 415795
1 11227 1615527
1 7778 1007146
1 5350 1766639
2 1987 1105519
1 17045 1503720
1 1504 1032432
2 19096 569459
2 13230 917256
1 4719 804310
1 16818 208078
2 8716 1670075
1 9525 1326315
1 19024 694830
2 15649 1060976
1 16306 488836
1 13289 221520
1 3927 1100766
1 11421 1548577
2 2547 1682426
1 8849 954572
2 14829 873408
1 13190 1974222
2 8161 1817673
2 10611 27611
2 3412 221150
2 15511 876520
2 5489 602746
1 5449 1721516
1 5343 1422452
1 14982 1554204
2 6749 234000
2 6047 1867957
2 15920 260533
1 11964 57498
2 11559 384417
1 9184 377455
2 13816 1227032
2 943 285466
1 3741 99625
2 74 505715
1 12358 1284008
2 8240 1765454
2 19027 1640429
2 7411 866083
1 18866 1419801
1 10003 1681149
1 5316 1017294
2 2722 1509743
2 19830 830318
2 13559 1436477
1 4376 1038790
1 13306 827366
2 19004 1845617
1 1427 1265165
1 6585 362835
2 10902 1278518
1 7994 1696228
2 5011 1041344
1 9007 1135197
1 3922 1102984
2 3640 699104
1 16599 1488399
2 2327 712329
2 2047 1019568
2 16700 189409
2 7650 550507
1 4558 1268228
1 17783 1962600
2 17142 103404
1 16239 581580
2 16537 1937975
2 5087 539562
2 3738 1930584
1 13686 1198615
1 93 1911605
1 1233 49038
1 17075 701673
2 6675 76836
1 931 503838
2 18138 324271
2 16118 1516660
2 16150 1169114
1 17824 1398848
1 3727 581573
2 15778 350772
1 15336 972153
1 19665 1835208
1 16465 1930997
1 18914 1631489
2 3435 362418
2 11973 531095
2 1479 1596691
1 2434 616024
2 11889 1077195
2 9895 1003228
1 595 1351610
2 10646 590013
2 19915 872736
1 576 251330
2 12764 281259
2 2194 1615571
2 18669 1232750
1 5275 627809
2 15334 927255
1 18873 71351
1 614 1883737
2 4561 1724746
1 15446 1742412
2 19275 315367
2 16155 814429
1 13400 602096
1 15801 1320344
1 19278 1520888
1 16801 1888302
1 1038 1548497
1 15221 836138
2 10095 153556
2 5728 397801
1 950 284538
1 12153 1915172
2 16939 1707155
1 14456 979389
2 5308 205035
2 13628 1219262
1 16422 1839134
1 18961 1988007
1 9954 1535728
1 6857 597200
1 16643 881504
2 3628 1986165
1 5775 1740788
2 9023 908336
2 8821 1086116
2 12690 235896
2 6915 806110
1 2831 1925758
2 6830 436846
2 15033 218782
2 15916 80688
1 10232 652720
2 14605 1153003
2 15679 1682475
1 16481 383909
1 9211 997723
2 15104 553413
1 9602 288993
1 17818 1522952
1 5190 1614389
2 14486 669648
1 3309 1311491
2 2793 378364
1 17462 1770932
1 4962 756623
1 622 271308
1 763 796316
2 19701 104518
1 9825 1671734
2 564 1821170
1 8258 936339
2 16917 95836
1 13471 604297
2 13075 50456
2 5766 688927
1 13324 1351073
2 16651 200636
2 15453 932555
2 2346 1310978
2 13457 1658060
1 17898 1252819
2 12156 433194
2 14156 1283552
1 6451 122864
1 10300 1846709
1 915 329780
1 9140 1985520
2 10428 1314091
2 3066 497626
1 7189 1605988
1 2096 1979126
2 4589 866598
1 18547 348499
1 19207 1997942
1 7632 1064338
2 15002 355581
2 3839 855588
1 11798 1514138
1 3808 1192211
2 4140 1452441
2 6045 1901685
1 5780 1475764
2 18841 456576
1 15381 474535
1 17361 1405683
1 10564 536370
1 8127 1960855
1 1286 800731
2 1239 1682948
1 10114 1238723
1 14702 423605
2 10106 1181356
1 6475 1498660
1 9832 1879929
1 17274 682249
1 9259 470884
1 19150 1940982
2 17723 793193
2 5617 1101199
2 5457 719616
2 5942 1112255
2 7639 727537
1 14403 1505406
2 14676 1146631
2 17911 23751
2 2242 626497
1 2332 1463100
2 3215 1582788
1 8476 498546
1 11499 1597394
1 14717 1541552
1 7848 1421989
2 13627 178503
2 363 213590
1 824 850233
1 1062 1199928
2 13463 1894158
2 7814 927712
1 890 1743255
2 10055 44268
2 2971 586016
1 12859 247542
2 196 670531
2 6404 1649465
2 2762 513804
1 19505 1567151
1 4258 1310612
2 10423 1255233
2 12891 53509
2 18729 637609
2 9645 1490705
1 14323 121813
1 10835 1986168
2 3775 492921
2 10827 96838
1 8129 978733
1 14260 1768188
1 14163 1442984
2 18017 1393910
1 17571 722591
2 3367 1389280
1 6545 1518095
1 4128 321521
2 3959 1553825
1 16463 839561
2 6134 857405
1 1924 634476
1 17765 597554
2 8842 1239734
1 1229 190783
2 2892 95054
2 10934 617183
1 19279 1406229
2 16852 1856027
1 2832 1442938
2 14436 1770545
2 11374 346043
2 9428 1381936
1 7010 1821971
1 12604 994980
1 2257 636057
1 17268 726741
2 13875 649517
2 2382 1284286
1 17621 1934397
1 15800 31036
2 10485 853612
2 12437 1764534
1 13774 1736671
1 17234 786032
2 14215 1232733
1 19182 1918422
1 5335 302638
2 13797 1822457
2 10266 913004
1 12405 1953662
2 9289 513926
2 12709 201355
2 1065 1410486
2 6167 489537
1 7729 505195
2 18202 93662
2 18788 180788
1 9134 1473725
1 15478 513791
1 5964 611117
1 4518 980067
2 4738 307894
1 16799 1992318
1 14911 1767371
1 5363 337903
1 3018 1728419
1 11808 1687152
1 10383 712715
2 9879 812761
2 3158 1656734
2 1285 855096
2 19562 275161
1 1271 884363
2 8734 152419
2 14283 1365743
1 19684 1508542
2 6108 1278571
2 19205 1024589
1 3134 144458
1 7564 341070
2 4621 350484
1 19418 1839409
2 2120 1724344
2 10293 1825609
1 18311 1287008
1 393 1600556
2 19838 1841412
1 8713 1294424
2 2359 32324
2 19909 545001
1 16810 78193
2 13669 1474618
2 16942 1823863
2 6722 1895188
2 13927 1522908
1 695 394548
1 4826 270988
2 12424 1704814
2 3397 246779
2 18132 1910890
2 12223 1668672
1 2911 125317
2 13030 641846
1 6430 867207
2 13408 623423
1 10389 1114463
2 19210 1755674
1 3267 620376
2 6939 122756
1 16628 1272186
2 15457 1202625
2 14315 103023
2 19161 1094445
2 18568 790076
2 2508 1818523
2 15731 1083792
1 18285 62287
1 4926 270370
2 942 1742078
1 13413 843141
2 14900 1851302
1 13478 1878646
2 4488 94389
2 12150 1632382
2 12929 1385570
2 7373 1263245
1 19003 1953138
2 14200 641713
2 18331 214163
2 9477 477763
2 6594 714036
2 4830 407314
2 18451 1868103
2 6881 1744447
2 6563 1674608
2 14379 1036340
2 14149 1457202
2 9715 1505444
2 4851 1553951
1 8282 1605852
2 5045 633668
1 12612 1878180
2 19404 696404
2 17260 1237523
1 8867 839983
2 16402 1096952
1 13956 1572899
1 13971 514640
2 1792 1521953
2 10077 267793
2 12281 763239
1 4436 1666846
2 2350 273860
2 2146 519891
1 5365 247721
2 13532 994029
1 16500 1470414
2 3154 1063035
2 5376 463704
1 18405 1798535
2 4860 1251747
1 1272 267873
1 19555 1223773
1 3932 305086
2 8278 129942
2 941 1567445
2 3848 62229
1 18001 371002
1 18992 1695914
1 15269 842200
1 5059 26486
1 1936 106313
1 4875 266359
1 12039 1586482
1 17854 1669733
1 14242 663666
1 15843 841168
2 12785 1795343
2 5762 1509235
1 12936 1011155
1 9197 679798
2 10139 769980
2 11846 201536
2 12607 563757
1 3274 182184
1 1250 175384
1 4557 152923
1 17433 113270
2 9204 405513
2 1538 1241194
2 14381 1892600
2 18908 713442
1 19654 640302
1 16802 1272677
2 14316 1883221
2 7788 935807
2 2691 1957086
1 18636 859934
1 10539 381391
2 18235 945103
1 10490 537248
1 11646 1331948
2 4619 413274
1 4884 905505
2 10757 1027886
2 1904 1687822
2 9497 1092752
2 1970 1043158
1 477 1686019
2 6583 1287016
2 18391 1097288
1 13965 250118
1 14234 763028
2 15508 497889
1 17079 353455
1 11198 1086560
2 2852 1404872
2 15711 1655732
1 16567 1490301
1 13743 1959724
1 10292 279594
1 12721 864474
1 2560 1726842
1 19656 834229
2 2906 97069
2 8625 1329116
1 13861 164979
2 6834 1814592
1 6821 1717050
2 12779 1023750
2 582 1499240
2 15036 185461
2 10638 1827880
1 12505 965751
1 7383 1743342
2 8559 1503688
1 10075 1256257
1 9508 1988197
2 11680 1304126
1 1794 1720990
1 1158 40916
1 803 1289915
2 12497 1759444
1 10147 184132
1 13410 210934
2 11197 1796229
2 252 27400
2 16525 939207
1 4298 1103749
1 1044 1785782
1 18355 1312102
2 6019 694594
1 6502 1745827
1 4466 393011
2 7122 1710509
2 5289 1690958
1 16020 821921
2 13196 1519915
2 7020 371387
2 17644 1621605
2 5133 1237087
1 11648 73057
1 2189 1691760
2 10195 858978
1 1196 804924
2 17190 1267126
2 11718 1235302
1 16315 1378039
2 6524 1049879
1 15523 1110370
1 9433 1954917
1 5381 292191
2 17469 58366
1 12194 1393286
2 9573 1072146
1 1849 1599297
1 5908 1876633
1 11101 1852918
2 1945 25377
1 4024 1151358
2 14239 1733910
1 4960 599839
1 14012 216183
1 16509 1254760
2 11980 511766
2 318 731241
2 4198 732452
2 11498 707659
1 7752 1824146
1 14394 1967301
2 7330 428336
2 3342 1454931
1 694 1356527
2 12804 1764174
1 8215 930658
1 11397 1229261
1 11656 900844
1 18414 1606854
1 3040 983539
2 19370 1019410
2 19319 1906694
1 8689 437916
2 16259 1896318
2 5047 1146844
1 6126 1432401
1 14067 502764
1 14644 1859652
1 14994 623529
1 2855 145388
1 15837 831626
1 8076 57797
2 11071 1874856
1 8939 1812795
2 16528 270669
2 706 1291314
1 10588 1100052
2 62 917545
2 12327 255031
2 5158 245974
2 16637 1471954
2 14939 188653
2 14887 1109974
1 10878 1086374
2 19941 1125689
1 5849 298226
2 16754 1825026
2 7578 1647613
1 18415 1184601
1 19179 1160599
2 9296 400925
1 11060 532157
1 1100 850214
2 12686 643007
2 6396 1029900
1 10836 1893406
1 11884 1167948
2 4026 851477
2 2788 1158861
2 14199 1416595
1 10247 926242
1 18782 144343
2 18365 1977758
2 12516 1040451
2 7516 835968
2 14807 653253
1 13326 114103
2 6265 1074322
1 7718 661390
1 14235 573894
2 8163 230286
1 6891 1841537
2 17598 1732126
1 9932 1905188
1 19082 601068
1 18720 1798691
1 1650 1680294
2 1743 1509173
2 5577 123557
2 3622 181593
1 9099 1132359
2 12398 1448700
2 17623 1734408
2 10825 1288208
1 1873 824857
1 13802 1135392
2 9266 584561
2 6205 426716
1 7785 1643083
1 16864 193082
1 18502 1020068
2 15283 464519
2 19747 290589
2 8363 499508
2 2173 1229933
2 16091 396290
2 15376 658615
2 13872 613018
1 14505 412807
2 15553 850091
1 2570 954328
2 17708 1189798
1 16048 1904167
2 19320 69835
2 2268 1509952
1 3590 775787
2 16620 1774724
1 7423 712934
1 3096 1211923
2 7171 1271442
2 16228 1275086
1 4133 1759720
1 4622 1161258
1 13347 322785
2 3564 1474316
2 8022 515747
2 940 460131
1 2858 403321
1 8407 903819
1 17631 1355175
2 3761 393635
2 4451 1385796
2 17270 1527443
1 159 74539
1 2485 1237200
2 14866 1078878
1 13741 1087850
2 2960 1488598
1 16712 649608
2 14479 143113
2 17367 1519765
1 7417 115312
2 4865 840294
1 19335 1260048
1 11821 170017
1 7226 1250393
1 8058 670924
1 10762 1484931
1 10829 60050
2 13128 835897
2 1127 1806726
1 13943 859060
2 15635 249321
1 5819 1993880
2 18778 810107
1 16485 1614928
2 15520 1534660
2 14733 1904643
1 8182 461914
1 5496 152909
1 17683 177066
1 1639 684145
1 3349 1695119
2 6823 1250006
2 16242 732362
2 8367 1974624
1 1025 1044565
2 3417 853046
2 2303 1758950
1 16114 192566
2 4149 856070
1 11283 1607933
1 16618 214695
1 19363 644133
2 11140 12528
2 14861 192779
2 4347 1658566
1 6799 115430
1 8361 1906826
2 2148 1814410
2 19147 1593840
2 18647 1295268
2 13995 1040293
2 14261 449657
1 8840 1860946
2 16847 567116
1 11311 1763690
1 1625 129451
1 10199 1537918
2 9501 1535608
1 4850 1321437
2 13049 592934
1 6770 926037
1 10271 1711373
1 15642 1003274
1 6740 196092
2 10647 299780
1 4569 1384430
1 9043 1107398
2 1878 1427545
1 13429 1174839
1 886 1308463
2 13334 622927
1 11327 762805
1 16400 1783664
1 6023 857683
1 7449 1970537
2 19526 1949468
1 463 1387330
1 2935 901122
2 9358 521779
1 1635 1627280
2 5679 999418
2 4301 114061
2 17412 938975
1 12994 656363
1 15216 753035
1 17265 1702389
2 3388 1615036
2 14578 1909077
2 15238 186466
1 2753 1926166
2 8623 1495908
1 3946 144646
2 19850 110968
2 2132 1248071
2 563 1016029
1 18937 678421
1 2307 397077
1 14314 1962386
1 19036 1179225
1 4992 1102868
2 5020 1120989
1 5987 799781
2 3941 1455663
2 8628 1485561
1 14267 108252
2 9047 830446
1 1059 107810
1 9136 659865
1 13475 792101
2 1624 1646659
1 8793 1036558
2 17316 129727
2 7477 285562
2 10839 734158
2 13206 480698
2 9658 1110563
2 7567 1691572
2 5100 1275956
1 19962 348365
2 14915 780900
1 18353 1164154
1 3549 1433395
1 14831 1382231
2 17555 629610
1 8114 1889475
2 9239 1246025
1 18025 1805397
1 8264 1199053
1 14113 333932
1 2827 1745979
2 12666 820687
2 16521 241273
1 2991 597404
1 865 1052054
1 13399 829423
2 448 1000573
2 2250 1623945
2 13234 778758
1 17082 1505810
2 15155 765501
1 7300 494468
2 1095 1210658
2 12314 785727
1 7748 841335
1 14204 1272459
2 4400 1085209
1 1351 1848889
2 17758 1796201
2 4744 143005
2 13154 1494430
1 3114 1416822
2 12905 310936
2 2902 1101082
2 15181 68745
2 16823 1996731
2 12555 1813503
1 8103 1896916
1 18807 1769328
1 11525 1179939
1 13740 49616
2 2376 516100
1 7518 1754190
2 9662 617407
2 2921 399203
1 6588 327522
2 18185 1559852
1 11957 357712
1 13513 1387099
2 8030 1942597
1 7962 1961693
2 11366 891987
2 11393 1644139
2 19818 527474
2 4472 371955
1 9608 1385501
1 15391 282164
1 14548 281675
2 7921 369099
2 5853 912813
1 344 959576
1 13897 1713098
2 2181 1786018
2 10122 306446
2 18876 1537297
1 13697 398403
2 19911 1375101
1 2117 1808049
2 6616 1312823
1 2190 420449
2 4549 1540664
2 901 1670890
2 15969 625001
1 4645 1377130
1 9329 463780
2 13023 1474279
1 18750 955472
2 10919 116222
1 6470 629775
2 15189 1807327
1 18272 1189968
2 19947 1993946
1 7549 34927
1 12805 833190
2 16052 1375001
1 12945 31297
1 5882 1385515
1 46 1356904
2 3049 139804
2 10918 733301
2 12184 508335
2 19775 1564896
1 1506 435105
2 2484 452777
1 5490 1007712
2 426 1228227
1 4148 1197188
2 10665 1426771
1 1674 216529
1 7001 1853425
1 16744 1251078
1 979 96065
1 8983 152202
2 17055 229337
1 18362 822778
2 4373 1136495
1 12188 1941085
2 5327 172418
2 6018 465111
1 14246 607540
1 5311 921406
2 17681 947028
1 8376 1535405
2 17208 23521
1 16535 981356
2 12159 142107
2 16919 1591647
2 1264 1406705
1 8800 1277756
1 17680 94923
1 2669 1649490
2 5462 1127182
1 10309 999183
1 4474 139571
1 1334 1060179
2 19395 238337
1 7401 1517101
1 3258 1420143
2 3584 1538827
2 4188 710962
2 14231 271850
1 1652 1238262
1 2469 1792058
2 15167 1899823
2 6887 947813
2 630 696692
1 14077 1627640
2 1400 639050
1 12273 484013
1 7659 232164
1 10259 434893
1 3735 51802
1 14830 425401
1 7029 946511
2 18862 227093
1 19419 283126
2 7950 1443630
2 6817 1848733
1 8903 1694714
1 5975 978552
2 3316 345813
1 12620 293540
1 6268 1811662
2 14354 1075370
2 10392 1941723
1 17944 1994673
2 5312 1245181
1 11328 793199
2 10869 1564435
1 2822 570718
2 8674 722381
2 13953 1983743
2 11754 64344
2 10040 832509
2 19693 479683
2 11104 1313338
1 11317 565824
2 703 950809
2 14127 1552852
1 12927 301815
2 18447 1694951
1 6063 824739
2 17968 90949
1 8050 1864078
2 7322 153884
1 15629 943836
2 15071 137485
2 3152 941228
1 10525 1015325
1 17057 360753
1 2530 1216170
2 16355 965317
1 14812 1676910
1 17279 958754
1 15905 1312669
1 6214 1169978
1 6487 31392
1 10274 1558815
2 6737 1130340
2 19771 1228771
2 12507 47702
2 11859 994687
1 1405 1685168
2 13281 853393
1 18161 1951635
2 19686 1596135
2 17243 1858781
1 3128 442800
2 11425 570958
2 12981 1821367
1 7043 1593382
1 2399 559341
1 13337 644923
2 967 379857
1 5543 976772
2 381 1400323
2 268 535023
2 577 1343666
1 15157 1647445
2 14108 643324
2 399 1281904
2 5336 661328
2 3568 1451894
2 9737 1655137
2 9030 634423
1 5027 21813
2 3027 135383
1 5223 284360
1 6628 1669226
2 14367 509953
2 4490 581158
2 240 411141
2 14824 890437
1 4340 1501309
1 10865 1524360
2 7376 359120
1 4324 367240
1 14865 1332492
1 6351 173945
2 830 818819
1 5320 1346538
1 1307 1880757
2 12266 1755215
2 15267 1080990
1 1407 1505682
1 7398 651530
2 17403 804126
1 19723 1922875
1 11530 789133
1 19206 1034758
1 1020 1028705
2 18725 1493264
1 4653 330495
1 9855 1291439
1 18541 605826
2 15574 373244
1 16813 1836556
2 19611 1674363
1 17150 1920927
2 15420 1300592
2 16032 247728
2 12914 1344837
2 1238 624936
2 15089 1405485
1 5364 1636501
1 19839 1024898
6100 51626 14815 1822055
12920 1509357 6978 523144
11528 1238059 12811 1575455
16986 461659 13253 1796257
5442 169106 17019 407781
12126 1982413 18262 782624
18519 1698542 12699 1616394
3256 1511680 12290 420219
9347 997820 10977 433376
3754 473308 3895 529316
8423 1445883 5836 1264623
15372 967499 7623 80271
19442 316095 3926 1472185
12346 1132809 1406 237586
17256 1031177 3007 715607
1689 957251 2423 1748950
18830 1052408 7077 528130
4068 1756098 836 1487930
6665 1507488 1856 186905
14349 1797536 18314 470032
769 1956901 10379 1606949
10311 514289 7287 1755630
7588 269244 7511 1744446
5137 78285 104 393421
14722 57940 1190 781554
10706 1590041 8017 470569
9121 1160049 3746 394463
4941 1136585 8770 1902956
11982 428355 16725 1067376
3003 1922310 11033 1012656
16970 854428 15740 1052521
12853 107912 1321 735310
6240 1836719 12584 1797050
14334 391155 6591 1479461
17164 591008 6493 1130404
3081 547774 3430 808678
19028 1885683 17525 1846511
18712 918469 3404 340812
2612 480818 1353 1294419
6987 1257518 19382 323514
18163 1877541 13307 988028
3499 1885310 5791 853990
1490 1460970 19013 1439933
12391 1665117 6644 540031
12017 1662990 6175 1578078
5488 1315460 9956 247585
2006 1623538 13423 713924
8272 443909 7264 1206442
13635 1778192 8167 706300
4662 1833288 14679 1126338
13567 1763021 7560 1874054
11933 1153703 2488 997423
12748 1025471 1916 372825
2331 876551 19595 1592865
1131 885001 15357 1109183
12485 913688 13776 1139516
1541 574026 11936 1261411
11079 281725 16307 1574083
11292 1581629 9801 1071961
16435 649652 17908 1451393
12316 13988 6286 793909
6338 1246205 458 1172050
19696 429201 13185 509743
3812 26708 10458 119880
7658 650193 17323 576156
6561 1117457 19809 1830291
6421 741095 5848 120325
19608 1812079 16726 183253
11244 655261 6267 181833
18663 1621504 17877 1059252
12603 924777 15428 609271
8583 316972 14280 1931800
6567 246092 1603 982512
12369 1068933 11950 613224
1579 1839793 7201 1629937
18233 1084876 17381 626772
17735 1088469 2845 70643
4201 1993519 19666 1468350
6974 1468470 7224 1846168
7072 154566 18021 525720
1431 412856 8001 199588
8518 1485618 1813 1616257
6888 404657 19540 1933868
2689 1691119 17605 1050727
1700 484554 18417 1004642
12761 1946890 9171 10179
11504 1159702 16498 102780
18467 1350055 18743 1312748
11406 892167 9025 509552
9246 1916545 19603 367759
2904 1857011 3580 355277
17653 1590024 7205 1172727
2241 847487 18029 1089795
5734 1027017 4137 1878521
3451 329153 5165 360496
9978 1438485 10066 1311185
11684 1459938 9727 1312468
8123 715465 5107 1803753
3474 1543640 700 28238
10594 1833038 15759 1492016
12712 1248079 3696 1409358
3010 1710141 13062 410126
1005 234838 5886 1617036
13714 898720 7347 1382853
7386 1303999 8685 1278708
16710 1336942 10517 1713149
14521 1332886 894 1208351
15588 64668 3750 395377
16041 1470113 6203 1750601
12744 617369 5248 44561
18075 1589427 14028 461256
12482 776873 207 1396766
10923 1391879 9748 903237
6559 511921 19712 1663247
16113 1552734 15087 1980784
12078 162086 13026 195915
1696 1001211 540 104417
5943 533967 5621 1449940
13459 1243412 9915 1235258
8380 452233 17061 1338662
16609 285082 16644 1743031
2725 506469 13122 809199
1978 1810322 5132 1024858
14760 663282 68 415524
3119 1827208 13134 332264
11400 1169725 2714 463513
7872 1308450 5862 1590000
4205 1526630 2743 601729
16200 539600 14545 1645993
1398 992618 9717 1671003
12283 1166415 1898 532911
6663 921555 6179 956181
4136 631998 1136 1525848
8850 621862 6093 740697
10149 444662 3498 144746
6788 1167608 18086 453746
3626 1456270 335 671296
18523 936107 3420 1889589
5018 326109 13257 1594208
10153 1533389 831 1509787
9996 851419 12643 1676743
12875 1586497 7655 1114339
7177 297000 2712 8747
442 1622014 4088 149973
13548 1366495 8525 1037574
9298 768074 7431 1898982
992 1021443 17842 198793
6488 924121 6080 1978787
19811 1813129 18723 1106482
16947 802776 7413 651177
570 1230767 1737 754474
523 896685 14629 715782
7188 1203301 16251 1302289
19851 1315685 2215 1527193
3504 171647 11712 597924
13221 992786 1014 1104031
12021 19526 15880 1043134
6139 492810 16262 1553032
7032 1252269 9555 1549979
16877 508439 12493 713202
13308 652899 13873 420205
18250 1304916 4788 1236275
5408 1524707 11819 751789
2550 97659 1666 1147742
12388 993756 9993 572047
13581 1984754 11258 1018902
13244 1943016 17946 1806364
9909 173182 17470 487120
19030 229195 14972 238756
1832 501467 5610 668853
10384 1743884 7078 195310
17471 562941 2477 1626100
15818 1901159 1591 800381
2292 1762843 11948 1294483
50 693815 912 529708
7820 1289677 6264 938894
15059 1909082 18634 1140842
15311 1818744 12528 1161755
15282 1952475 7611 487899
13536 87567 15307 1863881
12840 1746964 6312 417254
8612 106417 15490 640316
6178 385368 19460 277857
5233 23873 19195 1771756
12657 1487625 5461 1281907
17271 1521412 15182 302254
7105 1715237 16657 754237
18972 1249751 12413 1512843
4673 394849 10494 1486541
13168 229164 1193 1195104
5759 482022 7804 1418354
18696 140927 15783 833397
5286 1630126 11251 1930310
11514 1311419 19222 1813414
17999 213061 4512 1394160
17428 249107 18794 537322
12752 838249 12756 768677
9660 1821340 16479 1607017
10822 197011 10708 911934
4225 1696817 11661 1798059
15863 535166 8687 1921801
6198 94871 11931 1692836
4758 452366 17964 277411
13830 1199000 14903 231984
9616 836591 11618 1266863
6428 1587264 14412 1181089
16825 1606802 3634 963155
9417 1114244 1101 500201
7920 880590 762 505926
9106 1427934 13934 1447565
6464 542888 11861 1854476
1883 660477 14301 1337040
19935 1539642 12212 554878
17573 495009 6979 1263430
12053 627015 11286 1191850
5065 1319879 15129 1453382
5887 1113635 411 660934
5382 1289099 18156 1098035
4919 1526865 4694 1266857
18675 627793 17121 451114
6909 970348 6795 452936
4172 894731 13452 1047212
10082 1388958 17044 1806293
9661 1980054 2956 524649
4094 436789 13999 1885685
5173 1532376 9386 1865719
12776 977596 898 1029642
18484 900551 8471 1697508
11236 402233 11349 411139
17835 1998490 9449 343836
5800 1474722 9074 1630552
18776 760864 7850 1470909
6348 622700 18721 1552886
7726 1624710 11220 1453169
4706 1033359 8773 1571602
3786 1888955 3448 102875
14610 125285 8221 922239
986 1752120 4145 913266
12402 1218366 10561 263424
5872 133960 13415 528433
7520 72402 2741 684096
9655 1774001 17209 1420152
13641 1465667 18999 1671211
9930 621118 13394 137443
16829 1789164 5202 1951980
1073 1765335 11250 993140
2054 1075117 12321 46242
7008 107597 528 842880
2542 1846310 978 288936
246 994712 3457 378324
16424 1427745 7071 1686473
8533 788452 18376 964129
14981 489637 19546 1501515
2856 356326 11679 1973952
12057 1083522 12025 1202197
17205 1056664 15719 1483944
10024 738531 9869 1708568
19832 550543 4659 935851
17171 474510 15003 7001
6574 486305 16182 443837
3088 215337 10136 1644161
15930 1762736 17770 1148444
9720 6404 19955 1597567
5068 228104 7823 52659
6469 892960 5098 475168
5034 1778507 16629 1125359
10156 1141301 4711 1760513
1562 1572303 14082 1926193
4067 797102 16666 65058
2030 1709040 13058 306558
3216 48443 17408 1166922
9524 965106 1867 898547
14603 1553460 12845 124454
17267 535730 16243 1185434
2354 1228779 17370 1322781
3140 1381679 14110 290468
613 1682491 10634 1847811
6476 1629175 1571 479467
12708 1199726 8062 1026255
19698 302509 1001 1094194
10376 208106 9080 1131668
8174 59465 12419 389289
3522 376264 11341 245937
5321 1566490 14221 692753
7894 300739 15781 524118
19736 820910 13720 1867065
4263 1062662 15085 1788185
15869 1420160 1909 80766
14973 616422 6266 1159742
491 1009489 5153 47765
13503 499121 19091 1421888
7240 299826 11265 1939497
11248 161695 17760 1712850
6480 50561 13725 1443263
1679 1145659 2065 1661447
6046 964559 14662 455175
17366 478608 8350 625621
10509 1374409 11061 1790055
4808 1202703 12727 237002
10041 449191 2659 1974993
18481 1517173 9704 1846249
9694 1019714 17056 1664465
12654 1825228 3519 49295
12590 1215033 18590 656088
11201 166412 157 1977193
17547 1643217 13824 1221534
16119 1530968 1796 524222
16688 1709170 10704 443034
11133 1521718 12258 552863
15113 1792417 7083 327506
2295 1667780 5104 566748
6528 772610 10130 598059
2473 1357583 4923 1139458
15567 1252095 9008 597117
11215 841013 12751 128511
11947 1248888 12848 1581118
3643 859437 1890 214425
17584 461039 19266 1518589
19229 1551048 6495 925944
5270 1290547 15116 1599716
16929 1879820 6364 458518
14765 1321413 4890 888839
14371 1170947 17481 1316896
6676 996140 10503 683628
17761 1908554 1072 632403
11464 910567 4119 356138
9578 1490337 78 1366669
1826 1438813 7299 1253879
12338 1195172 139 1968368
13909 123715 16106 1700708
1968 1809877 15873 626539
6727 395759 2893 500511
9858 789830 7273 1090828
6680 654014 19884 1303992
12967 1450206 7159 1494783
3917 473687 16832 1866171
6751 933058 1991 1659246
11961 1296945 10486 1442714
12656 1568538 18686 1323465
5188 1695181 4338 876481
16204 417705 5822 1593423
319 1614544 1389 1768677
4878 1809665 8033 261843
13141 75506 9332 1432621
11939 1246583 17489 1158937
18811 1223947 4720 311780
15485 32424 17582 154048
10009 227101 17845 1958285
4517 29070 6454 1699421
9995 1661913 15081 1340079
17247 110081 121 1935527
2859 1610774 11890 111079
19185 1512559 6684 1987396
8332 1677068 14138 1731863
13852 1015881 2907 1708222
404 66321 13227 1480396
14961 1163127 15926 1436321
4575 1113896 9401 1979284
2033 1016042 3385 1043919
2209 1627508 15528 1721393
12595 1782918 13764 627176
13135 120221 503 1515332
1218 1967299 14327 1099696
12810 75533 8878 300599
9189 844108 13722 452457
6081 748198 1094 1731904
13140 1163418 18868 1549158
6370 1416905 5738 1516108
18360 796646 12456 895995
6560 847118 19788 293682
19507 1395994 10852 757674
11587 410988 6929 1486083
11576 1663400 14604 114689
15899 671833 14584 1969440
10812 80041 10160 1397095
15987 847427 2094 1857726
10597 600787 6814 1141340
7031 253709 14266 1205430
11886 349993 19783 1287736
18555 716739 539 1786335
9423 1880154 17033 1964412
3659 1733874 3561 1340394
2057 1052387 16367 1331857
10649 1189278 17188 587740
12143 1667985 14503 1535599
16502 516263 6025 637652
6446 1650536 2313 468755
8267 370525 19913 1704107
3431 1694985 17896 1224211
12192 1342677 7243 1322182
10056 1794746 17264 287058
18002 1334688 19753 207068
18834 1834072 5803 1162655
15937 550780 871 259536
966 1882348 19333 1212776
17876 1508382 12242 240844
16357 1626327 5866 1357065
12618 1383141 10012 78023
12467 699350 18546 180668
6519 967934 63 488318
8622 1126504 19895 448486
12240 44839 2044 1949591
17223 1284844 7573 124214
19322 1089494 15436 1895924
15958 55416 17448 268825
11720 1152248 11826 495716
9865 760819 9992 1145679
8447 1753143 9874 1456312
19734 1833620 4366 145597
735 405103 30 1152755
10287 1299086 17579 311588
16352 744720 6182 363829
13983 94534 13057 1643840
12638 674265 2159 62408
10163 1427259 10177 1771400
9115 1310984 16298 1227527
5419 207013 12360 1157747
12881 75444 15021 869857
2008 675102 10313 896971
18825 1827227 586 1198503
6326 1101711 9990 568413
4787 863164 14285 1273985
2305 853264 16672 1102618
12996 925605 2786 308415
3797 1000076 13002 1314618
6760 619166 8196 1281640
1942 1372712 2086 3179
13267 455527 3858 1967720
3674 1794400 1066 1736950
1465 1733637 17695 1655675
2577 147813 12820 1499809
4284 476536 6598 147786
1585 1431100 17869 1184137
15795 160020 8035 330326
10728 1316367 13376 183680
8761 688181 6766 580576
3755 679441 13225 122891
5096 731903 19726 770702
9983 392191 13151 1003616
19591 1319111 42 1841433
6700 731574 10683 544674
2023 536228 6200 674515
18382 308352 11986 20165
4889 1258812 18823 1296125
7643 1861810 12733 425219
11745 1444850 6084 1883160
10682 1286694 15366 122106
2404 1553877 7109 792081
17820 959875 4963 1772056
3562 644566 5936 476681
2735 342607 5005 87786
19073 663040 1997 1297475
19394 624020 16759 1533545
13991 1880900 13512 264264
8563 995137 1410 1937960
9923 764229 17907 1280600
19770 689388 17784 1381096
17497 1142231 7059 621373
12089 709601 6307 1275604
14666 472675 5508 724376
8043 175281 3217 1732234
18167 1476938 18238 59579
3426 108864 2244 1744282
13006 733492 16082 1507384
15383 915318 16431 199068
1440 1195644 18485 206401
19576 1627443 1311 1743881
12963 290811 11011 964603
13921 1151482 4097 603268
14006 453567 3911 1839489
15983 228578 9621 92398
8828 844602 5022 434364
16232 213334 3188 1716865
11382 165946 15888 42792
5398 1413681 9691 1072443
17937 1903545 2088 1322822
7991 1718556 13993 940817
11359 1769759 2413 1386838
18477 260259 6511 1698868
13373 1955513 14236 162802
8087 235999 18358 662373
18026 527625 14748 1690934
16635 1020411 4862 1392418
14756 115624 7988 1791653
5332 812310 1110 1555045
19219 404175 19604 833563
731 1165094 8743 1410450
18301 982488 19127 373089
1097 715556 2520 808358
10451 662151 7906 286281
5539 150541 3645 1977759
341 1333267 7583 563750
8474 1986254 18576 1464622
645 145719 17897 668181
17565 1664445 16429 762744
250 909366 17304 1930886
1568 1036454 19896 887720
1948 1465446 2084 900817
2555 285279 4816 631158
5264 234649 19332 873679
9696 477977 6620 548721
1777 1510580 11462 700946
7944 1129559 17172 1477591
7428 1800888 8497 297769
4169 32858 15143 1826405
11181 1687672 405 1948568
12565 1717484 9078 346156
12717 838323 15793 1900566
19807 530888 18810 1167464
16412 552161 17240 1206556
19636 1349717 13336 615270
5839 1564601 9752 717600
8465 1269639 16326 1325752
8699 13511 18252 1521645
6803 1219183 1766 129511
10308 834089 10739 1369285
228 1901843 9876 1574572
16658 845378 2596 1797800
5526 807473 19086 109970
10619 351821 8355 119596
6290 1549703 16916 658828
6142 738083 10337 454761
13515 871039 12868 456046
10414 1631490 9351 1445299
4486 1969001 16941 872033
1106 43046 829 1043337
17980 23160 12691 1680511
3951 1086486 5661 1501269
7859 1494730 3707 1519281
9495 236975 17253 1933311
13719 604821 15954 755422
8104 1867162 3998 70511
11922 1506470 2606 490620
10811 1007493 9794 639964
12349 627335 14496 1505234
15395 67389 18255 1987345
2034 1571617 10192 1698745
12176 1998231 12350 1578039
16766 1962809 16129 969218
11399 483007 7793 671596
1789 143655 11743 14683
11507 1972747 728 1445124
11217 1968026 11615 826263
10864 1076114 7913 1556749
3615 138737 16983 1292994
18641 1691979 1701 262446
14345 1587041 15689 876696
5896 1041869 7884 631628
1174 1429780 16722 1504499
17491 431856 17452 538561
11112 1609 10497 1035874
12044 1963772 11044 725377
11337 351886 12270 418752
13886 82055 7118 863310
12213 125949 5986 33179
17734 1081843 17640 194490
18016 1614000 8516 85138
4265 1873292 12723 385611
2640 983140 10583 1453516
3868 1825815 175 635763
543 479378 8230 97917
775 1417806 19581 218677
15192 1444108 1192 1037467
17430 41841 18731 623008
7562 973266 6741 983548
7204 1308718 8451 1777982
932 1330825 18539 1889975
3923 982407 9341 652271
2 1669219 5390 1009802
13968 674295 17804 1615952
19516 1113344 557 1430586
3811 140295 2408 1399052
6106 999091 980 1490728
3874 559484 2978 182309
17753 1437934 17974 510909
4755 112670 585 937067
19944 612819 15644 529314
4459 776483 7719 1836350
19615 1158995 753 879923
3701 655004 17637 1340612
16973 109212 2152 634621
5293 1642089 17105 1674400
312 1432408 6078 202448
7976 462909 8948 1713785
2312 876694 921 1742026
16667 1807554 9583 669593
8755 1738658 5003 863411
11039 139711 5146 285750
3115 380594 15814 465627
15447 764132 13091 944172
9705 1387703 19538 467122
10154 1429340 13696 1627297
2618 409251 9033 792543
10325 1799166 150 896019
13333 1548554 4176 1180315
8683 369551 500 315106
16522 235655 9982 998604
5931 1009729 3846 1755880
7474 1014055 10927 1902323
15133 588270 16283 764881
17848 69537 18973 1282700
6185 823070 14103 526215
17857 1392075 5050 401280
7238 568330 5209 1852703
5863 1386361 13554 1858060
12313 1921874 5616 1190440
2585 1322186 15582 1126481
3001 1705897 16102 961046
269 1676755 18543 1746428
15736 349528 8082 359484
13750 1989309 16593 563550
18356 114900 1078 732284
4642 1437564 12367 1551318
7802 1808932 1016 392111
12766 1805755 15595 1108020
5916 1276844 2314 1171700
6964 626622 16905 9077
9257 580311 3229 1620589
9884 1751851 663 1083958
15991 1573584 17387 890168
8515 1366732 12533 1833129
13354 945651 12718 376120
9499 1466803 18777 90747
2834 864172 1143 1652924
19152 692203 5246 1794751
18210 959536 18452 1491816
12956 1737513 8615 1962784
15890 977020 412 846458
13735 1539180 5147 1956952
7482 1779799 6355 25104
15634 1279676 11843 292538
5218 1647318 13638 812044
8165 892315 1979 1661078
8711 959760 19412 1192302
5460 726958 14820 279734
19058 1371861 14337 1016038
13069 1696969 6745 1594467
17988 1748928 19772 1082498
619 1605440 10406 819054
5884 71091 18309 781403
4181 187128 7703 1006744
14846 708841 3655 1876723
3368 485676 7649 300279
14408 1822500 15492 580678
4873 477654 4278 1435842
9871 1647663 18323 1644050
15365 187278 17705 316833
8328 1147320 15341 197178
7365 183987 10099 919157
11938 246057 6690 1766520
1667 1434377 10465 794938
15397 1279447 9283 44631
19449 518314 17007 227506
10586 518610 15917 876759
2693 929697 14971 1838647
6982 1565613 2813 1775783
5110 85794 993 530600
11369 156302 5796 1322421
9382 867704 9519 582158
4401 1869885 18932 749477
19176 375258 2995 1298329
11996 323873 9789 162889
4433 1229032 15126 509862
4162 1762118 17262 1919660
2641 778684 19752 695103
19905 857570 6223 35376
14467 1009332 7724 594829
3132 1713280 14186 926876
10298 568735 4560 472190
18921 471011 16073 1592071
10953 670837 7665 4688
935 379249 6826 1422606
15546 897546 12548 480522
8308 699798 17017 1584877
6171 965122 11620 417910
1989 1445872 18320 1296355
18027 1622217 15714 194936
11751 1517470 7367 1589267
4155 1731516 12771 266181
10045 928559 9999 20199
17731 774716 10519 965300
15984 883912 7871 154815
17014 1057934 10377 368739
17136 208639 19341 1382540
12630 1993038 17649 860928
13603 1365040 10601 1482664
15327 499225 1039 486075
16982 1458435 19286 1918671
11050 1441874 19402 1848595
5081 617589 5879 1205315
12161 1891821 6133 1342605
8077 1360103 2220 1571395
6128 289423 19971 1735586
2009 1164342 15261 1676510
2260 1719529 4293 1554196
4477 1176853 3545 430863
5292 1985695 10354 515827
17666 1670413 9689 1924989
3233 74803 17690 280044
6123 1108681 13961 504870
11549 1132397 10242 1766928
8244 446232 379 1226004
1488 262510 10397 296437
12508 1091019 19894 1038123
1485 1407157 13494 710599
5544 1798035 5946 821077
5409 1024278 18709 1811486
17930 1905392 18995 430666
15540 1236880 18248 1827247
18783 1059703 7004 1465563
16605 18805 10874 1507697
8589 1420387 15193 394711
18427 439415 1283 1828612
17047 1877503 3829 990291
8133 710163 13121 1306507
18083 57593 12457 624507
15374 550243 14364 1077562
7907 1911458 4906 1688608
14804 1304741 14202 1815606
1037 975303 8101 808857
5644 1254506 18664 1880948
9162 1252527 3032 1364970
10520 742159 15765 761306
7319 1226481 5606 15216
19310 1704044 19043 1250125
12142 1511685 1977 213777
16871 575078 9331 1793827
8527 137761 11713 1858940
3760 1382859 7712 1178828
278 1934011 17106 934041
13097 917289 14402 1252487
351 128021 6389 1882883
12082 458327 17125 1404749
2461 1086538 11811 357262
12968 435419 13530 1115718
4294 1177722 18448 117008
12480 1666369 7215 328274
5906 1193727 16427 1869252
10399 1487187 2330 1599150
10523 1071438 11136 785479
1393 1593977 13917 403557
17400 1517419 4925 1140414
4223 550380 14893 1381805
17634 902248 14009 715302
14991 127204 12268 1872980
9439 514120 2383 1112607
429 1073508 9560 1915888
7374 892990 2311 1520526
13389 339644 3518 1551504
1275 1073763 17721 346662
4508 1607906 18058 980732
6557 1500530 19361 1890806
3637 1108596 900 510505
18003 1124707 3620 378679
2705 1978825 19426 451293
14480 1830898 12705 241628
19543 1979307 1198 469769
8226 1474741 12794 117884
9343 549656 13292 1626460
14959 1624767 1558 993388
12669 543569 13506 1252497
17165 227005 132 1993100
17919 451439 1694 938846
14558 1125382 19837 866208
18176 1226933 647 169586
4683 228272 10696 1705271
9547 1756346 3595 947098
18948 30254 15259 206870
5414 1953805 7555 1797861
759 1886334 10639 1911721
9665 226918 7164 1579637
7145 1533590 7143 784303
10226 1623970 2853 565710
8837 1519931 14576 1163505
1452 64800 12255 1164777
10888 1200944 7915 1555782
3475 152661 16809 1038172
15638 860484 11028 55269
8901 689754 14827 368506
8096 1252050 8280 812922
12951 1078039 8846 1735538
12201 498768 16280 1426236
14720 1555630 7799 1593236
81 1781632 19190 1042198
14513 732380 10668 875490
3167 1308805 17175 1233608
10210 1372032 16826 1124341
7532 353120 11895 212330
14670 759840 10131 572454
18526 1688280 2081 324428
15516 48425 4979 1821192
11441 1499054 14906 1208124
10590 536743 11629 884599
6981 268157 13595 1335839
18249 471079 14463 962779
4059 996754 7565 1787672
3322 838298 14047 412414
1733 1802638 4590 18681
13879 366341 18838 949702
17273 1164932 16050 1493922
4973 562837 12303 524688
18551 1319463 607 1007828
1314 873766 9413 1998589
5545 747631 2216 809136
12337 1828902 2745 757408
202 377678 8236 1501455
560 241023 10678 624115
11522 484203 10627 1942403
1946 420314 5053 206628
11739 1903434 13587 907179
18716 32988 2137 33451
13040 514603 472 1746041
2326 599995 15728 1421246
4863 55124 1578 1154968
4308 463866 18266 1712717
18006 947701 2301 675972
7337 1601087 4567 1378638
5392 1407727 1397 1303378
173 616172 18469 68053
8705 639890 6281 598296
17517 1153261 18548 773030
15738 1695035 19589 1609461
15678 1107809 16869 1458834
14758 1450575 13442 1378923
4872 783020 17965 1038850
16272 1784401 482 817222
1651 1606814 2020 1272492
17977 1286798 2504 1959142
8186 96372 12368 155862
11492 1642485 7652 679596
5592 140533 16284 1205029
19641 632830 18571 145335
11725 1291108 4408 906618
7509 266470 10355 521543
10643 821976 2675 871262
8519 542528 1695 584092
2150 1030490 13005 917428
8606 478392 1561 911361
5112 1415174 5108 1846336
3540 427208 17414 618970
651 1827146 16179 1798836
16252 1426684 13511 797575
15433 968916 14849 525259
9337 1538875 14543 850039
13986 407495 9744 929668
12947 252296 7265 51271
15763 1343320 7783 79343
19634 1873610 19652 279885
2124 542634 18673 693275
9405 782017 1862 1413900
17130 1161609 9287 1089126
7421 84426 3408 84707
11677 1126365 2885 726918
9213 1624073 11135 1352732
17026 1128864 5478 1488372
13171 707185 5304 500723
12870 120286 10463 687596
6336 877831 6944 659168
13538 1646101 18256 583363
16115 1141932 6090 1672290
15807 458097 11975 1344165
10103 1745185 14771 1042755
17229 1508681 13481 1089158
10005 668519 12775 256450
7094 1509038 2844 584060
13446 1652377 5530 1855726
7496 523796 345 1830700
10705 650997 10037 1761683
10229 1090070 2166 1951850
11545 551254 933 1057
5391 1522699 4248 1532636
6146 416255 18051 189049
8358 934457 2499 537905
14542 324087 11688 1727514
11711 1134550 19525 1861021
16256 1272186 3466 1847057
18736 523630 11855 460426
19738 175068 16894 572144
8402 1640494 14672 461316
15278 1130693 9567 1197401
3833 7082 7362 733154
14122 231777 1202 1040988
11449 588286 11128 792208
12928 532977 14183 738195
7479 1202454 5790 509217
6229 69085 6392 1515458
2955 1098500 11295 1656660
7841 878016 1157 1508500
8688 1183461 2870 783199
13519 1189537 3395 467377
6320 175439 3454 1638185
9569 1352801 16979 1684814
5826 1346298 10699 1768150
9746 768470 15868 882057
12462 1861253 15409 810549
13981 677585 13450 351961
8661 868316 9046 988066
223 1591399 10470 300968
14568 1122013 13392 605580
5417 860585 1888 1054548
11598 175977 16358 1864612
4360 1389372 2825 6304
3341 1099603 19988 587754
502 353002 1244 1270381
3945 1922212 7416 1710124
10346 94116 1503 1028020
17564 1395261 8595 1721063
6504 972759 19908 421431
16347 446173 14384 1038563
5394 1883669 18338 400693
6767 311651 11343 95134
386 492004 8203 1609246
10176 1243030 12846 389061
9 1454870 6259 1296059
3211 1921052 3860 13394
13219 1988466 6465 682557
1845 745570 16543 1199948
2105 3500 8854 592559
3731 1535688 5911 1994701
18111 1539819 18127 220924
8198 542420 5129 912979
17601 474466 14721 1604846
10722 374229 5060 542810
15030 887150 12676 723587
4725 1330342 17410 859914
5797 1862915 17342 1957707
11253 1724414 19631 879874
11963 1634121 4185 673881
8730 786574 3009 1471383
1370 1162239 10863 1120454
5037 1305643 17118 441286
9584 193220 18878 1256931
11792 552894 4424 1697717
10109 109652 18096 1536220
18142 398881 3172 1780325
15716 384277 19582 112008
5715 1290783 14065 1425412
8671 1031847 5522 592961
4019 562035 11078 974255
16662 1667212 19889 697532
13562 1807436 4498 678023
9572 1753241 3509 181022
16193 1386857 5752 613064
9701 1519633 860 890538
5481 470820 16884 981672
10662 218663 3178 170277
10088 1135464 4806 1046033
245 588461 5917 643513
3908 1587038 17104 599446
18433 1046460 17500 1124842
2294 287480 14237 215765
5294 339943 14425 1353134
18607 1520245 3571 20226
16538 1303403 16499 117123
5348 1909788 4129 744327
15621 718372 11750 649513
19866 998910 19153 553900
2127 1372876 19421 1656875
14380 1108464 15876 638154
260 1753522 4093 1832109
3682 1330520 4354 563612
16703 1073905 920 1404786
3183 521666 19177 968402
15154 737022 14975 1923823
17593 439039 3375 1005838
6914 773139 19647 1492563
2884 1679240 14704 1612223
14621 1816083 15594 1107464
4869 708485 18091 614071
16433 285656 8256 1322499
8185 1927063 15605 1151135
17478 1680479 10438 1310530
2062 355937 2411 357507
19267 519675 11145 518584
4958 433064 19761 1059785
10326 420219 17222 682191
19159 227804 6875 1559298
15861 15500 12522 1491311
3100 699847 4159 1034585
11960 962354 12005 147457
11657 1266207 10542 1433857
7849 1754264 10054 1465410
13572 495734 18332 266604
14706 235303 12450 1281673
14353 1660909 16558 927959
13878 826003 13290 984313
4141 491462 2083 80857
693 1640685 4434 463496
596 395156 18640 1365249
5242 857567 15993 723161
19606 570610 8607 99936
5273 553329 8600 1923365
16246 1419025 15170 364098
18444 816845 4103 496084
1682 100153 15051 1271636
15211 1435241 16561 1301709
6274 3907 17191 644138
3992 586164 11742 1840867
1277 449616 17090 483064
17768 1649717 13646 1004612
2180 1185196 9491 920935
19973 390149 7470 545576
10599 595595 15494 676574
972 755122 8632 1203046
13778 1491871 7275 386348
4924 862406 4334 698305
9048 1199908 16674 508976
7455 1918357 13804 1024930
10252 1555051 19590 1811314
6706 234237 9483 1467543
5903 151622 12252 1561975
10515 1498056 11676 1629610
15206 1694679 14184 633894
17663 782399 5674 1071906
9958 157405 6060 1150672
10080 992226 3653 1118247
11766 49473 3242 798887
9300 441216 9693 660036
7502 1976180 2230 305112
2164 129503 4222 259418
8777 1032384 14701 402774
5338 289113 18422 1486984
4660 1310836 16293 974733
17632 54968 7840 1263670
9864 1589660 14919 1859532
5168 1743301 9310 1269658
14416 1715320 18971 1559634
15692 773851 12562 827534
17011 1410789 16749 598388
9671 1365925 3243 1711295
5547 448710 6609 463936
18623 1536212 11315 1201399
8860 1513103 4387 1928786
5954 868576 16297 261483
14286 1702046 10209 157686
11027 70860 8249 1269517
3116 1029635 19940 635371
626 1382542 17550 1262900
6869 620878 7396 949255
10726 1333363 16647 1009130
815 1350741 16812 1069006
12559 1955309 7492 1681799
181 1828788 14376 661271
1927 546247 6027 588091
10285 1578694 11360 1951480
5757 971222 19386 1940281
180 417386 6029 993584
6145 154502 18181 263741
15770 1168687 3163 1897715
1371 879207 7767 416939
9187 1808330 19134 1826479
3698 1312129 6765 1262401
4521 234847 9323 647778
18919 389988 15517 126973
16501 146942 724 1864420
2158 223840 3501 1195769
2985 642364 17002 140717
18170 386043 19920 505813
2887 1453303 4971 377041
3016 1220030 7113 234036
13551 1639955 3546 274491
17809 1426278 19401 90876
8742 1117601 8320 749373
17590 107878 16046 585704
1783 13463 5349 1549200
5745 137512 4392 895455
17107 1290896 11876 1491775
12152 152701 5406 338948
9793 990545 12298 1796821
8270 1423102 15929 1696116
15009 204012 11482 788211
4111 1847717 17437 984300
12503 1000011 15062 388717
15480 269140 6623 1935806
9480 205254 18617 854679
11544 531919 12990 1370838
13360 171311 15943 1993623
19951 1107136 10715 1713942
18489 400598 32 1141343
5295 140471 6157 1887126
11554 775060 12852 1931772
5854 1567159 5597 110070
13623 451646 9667 1454745
2772 57495 1868 1166288
10104 1276328 12815 865129
17858 255826 8961 863115
18464 1731703 4409 348037
15149 235572 12984 1724762
12731 151107 18861 757846
1840 1427702 2803 1728574
13087 805526 4578 1801673
1033 1566656 8108 1538165
7503 1543890 4051 667825
18792 165400 3103 1336739
4399 1608594 17951 1376723
11233 235658 9916 16201
282 1713513 15733 427300
18903 1651336 14918 869363
16024 90540 4691 1190253
113 929177 19500 1253253
16058 768119 14855 849791
13637 97604 1881 663335
2141 119110 748 1450299
16554 613185 10820 1932929
4678 666266 19076 349131
14601 842856 3773 1363374
16290 491403 10240 1754089
18195 1550939 19295 1496196
18244 1186853 11644 1484977
8758 558719 16409 16953
7056 21450 10138 726123
4776 1645298 4478 1961939
19942 1534946 165 1147331
3577 771806 14134 596582
13656 1880402 18953 1829037
11899 819909 9240 468807
16845 749094 3476 252897
8341 1119704 8276 731084
19963 179972 15616 404535
18654 1658203 11666 1526511
13780 399812 1447 969137
18595 36972 3029 1402412
13 1042425 4000 1705541
9135 1964902 12576 1521050
15200 993953 19632 335810
9215 953012 15558 1748404
10921 1701513 18019 790365
5252 782339 17455 1653870
5535 1070133 7415 1406744
10871 132003 7774 354522
3487 1329746 13216 647237
15583 342937 761 816515
18684 1890821 18835 1982681
6024 1339438 15959 89089
13233 1103326 17998 1878407
16649 1800147 16957 1617753
8784 1923725 12799 840894
19926 1442039 12587 1466301
5825 62611 14896 807980
7910 1424975 11121 1953748
1914 1224976 13258 662470
14980 1445135 1996 253392
800 364982 16040 249989
3351 217394 5085 567756
7371 1072078 18101 375714
1045 1231127 6756 109928
14683 1471804 14414 318045
17970 400102 4539 1289512
8255 984324 1379 318966
17321 49799 16758 757104
17698 1102108 3458 1395372
5422 772778 10063 1719629
17642 81382 13769 1053959
8505 1999823 9069 1025473
8321 788949 10551 1264577
1812 835994 18072 1658994
11774 1179554 1649 951869
7246 1519173 7274 1602436
3317 437700 1282 1757894
4054 477416 7248 1631045
16359 740398 8920 88654
3855 286621 16013 740528
15651 367831 19493 1499322
19457 1878900 10065 1262032
12611 1255950 11325 791354
11439 1674958 15414 1268220
12041 1971652 15998 687362
427 768474 4978 1216093
2231 1444994 124 416515
5601 723820 166 544880
15305 402203 11546 1298183
5852 1518985 18392 1792451
527 471340 4804 346878
6899 253594 5257 1109970
2983 1179519 17126 804910
520 830461 10126 934912
18305 14241 11460 157637
259 407953 14514 1408620
2348 1263324 9962 1089742
16235 428365 1308 1894903
19469 833469 10582 536380
14182 1286867 14021 1244549
16844 291399 3710 71670
10931 1276603 594 1498634
15378 1853451 15298 1300655
4968 1018005 4327 371280
9599 446919 6016 747771
10828 857438 17704 1526561
10006 971718 16051 173220
1348 1924863 10898 9913
17074 1464816 5463 648123
531 368309 19519 517598
19943 1331687 19226 601125
11199 352763 7790 1496834
8548 1682309 8003 429329
8567 624024 5835 1818137
7066 1598209 17891 1469572
19174 1042147 5634 1841656
12222 1312454 18978 412571
18789 766037 8443 390862
15684 729227 12730 441499
15676 1755661 13282 203421
9738 915972 14868 586228
4611 1247793 17524 555466
8929 1507892 16287 1672822
1993 64335 18803 1297307
6889 1548284 9798 1850881
15933 35813 17138 1129208
66 1195956 10999 385800
15997 270721 12228 1790956
10023 629175 1199 840954
12602 119187 11952 1406932
9910 697150 18497 1477430
9445 1154632 2455 1932564
13106 1011007 13293 409079
7584 1388044 6651 1189226
8263 120750 11187 1211919
17701 1542314 2207 1797354
14835 759572 3006 494329
7898 749064 8899 2568
2866 650411 16720 1571850
2833 1263045 17902 839665
9222 1617031 4604 1304384
18145 590696 8613 1489891
5552 1085650 7305 1718571
16797 505397 4581 932032
16007 700585 5441 497555
16238 1096608 2227 1759845
16138 555210 1851 1171246
2688 1385639 5646 748037
10430 1196611 7488 1964315
18274 614477 86 221856
8715 177343 8271 619432
17003 622588 7886 1753684
1293 972840 7194 26561
9397 1721213 4253 1106280
16420 1995208 4595 319299
8947 527999 19313 1204791
9307 1965705 1064 822238
15411 39423 7206 1612123
3191 201819 19907 1730304
9391 689521 6067 956962
4049 205722 57 1870911
15901 227292 18438 639499
13799 150630 13723 1418399
16067 1889074 11072 595911
692 1228534 10691 511231
8561 1301962 1138 885295
18858 346329 8435 339539
17840 1825038 3399 596042
10 373917 1891 1504525
10086 1346680 16218 116409
19984 1344762 13977 63436
7017 1953847 10417 1893671
7253 1842561 8667 127720
7167 532816 1822 1964198
3126 480454 989 1264876
19667 815668 14917 1220782
9085 1908237 10797 1783372
14347 517337 18076 1899354
3975 879289 14205 1397031
8436 172210 17413 307901
19465 695000 3019 809598
3292 322454 7174 1497880
2950 127372 3208 1865127
15386 391957 17129 1158111
13222 269484 14343 1029934
15668 672773 18010 553726
19883 1414454 11616 846185
8656 1975083 17948 366302
19376 1403686 18813 1270128
6166 1175090 15600 1692032
11662 516098 7586 1070753
10257 17965 11339 1514051
2505 1614118 11390 1522008
17836 292976 15020 676255
17067 1103920 17326 1919665
8609 1521048 14045 1619891
8676 224525 16279 1542292
893 1779792 17144 1079907
19601 517146 8647 1786983
7051 1694559 10420 1969364
4568 351186 526 615063
7403 1589890 17046 1180825
19703 1141560 18660 1283330
15455 1289515 6113 1774929
991 375817 12897 672062
2171 1858869 16 57972
4559 1289147 7106 1176676
6661 95160 1352 1149088
7723 1127344 10630 483438
9251 1014470 15826 1970201
5850 66520 7760 1002818
2182 1090219 17048 962812
3024 864882 19112 260327
12141 472473 19268 1970832
11619 123597 12114 66304
524 1924782 13182 310523
2869 1539655 16769 1808385
5367 868885 15315 144231
19357 1108557 1846 1208089
643 221427 3654 1202113
5288 126584 10456 306172
6463 1734851 8171 307600
5377 775939 13096 1373988
10224 1397135 14589 285771
10830 181817 5904 1981467
19718 613624 193 421200
19690 1861022 6815 1195332
11494 1113936 4657 1538652
11977 747355 6705 1584907
11093 769310 3444 1028075
908 636428 19977 504081
12772 694312 7792 1098776
8155 652744 17401 1634200
1855 1503970 5278 380231
15703 1187079 12823 1135491
7891 1653104 6522 1756188
3282 935017 6831 432103
7798 1743715 5430 116816
10535 397748 8362 1221371
15966 1109419 7647 1021039
938 1360655 3793 1985321
18771 1998582 18667 594384
16952 1932983 18786 516466
7203 704371 1630 466837
12145 1764496 10547 481612
4917 281542 12186 960550
8764 1166673 4607 1863280
15124 1465772 12549 1340566
1148 63186 2115 1827859
11918 1460815 2828 1270096
11154 882642 11087 38528
4697 1165197 19169 1211174
9419 361684 1063 1929171
11637 451143 54 56346
18747 1615561 3161 1327296
16289 1064431 9750 490486
19140 1234874 9022 573460
17261 1520522 14674 568591
5743 317 4616 1850675
19533 1598865 16365 1112040
3865 968411 4712 890695
17724 770782 9029 928215
2465 694855 14607 488987
2407 1141616 7809 1393657
19235 1637510 9475 1922577
347 1243115 12132 1339273
1502 1623118 14051 1813780
10629 370057 3072 880206
16786 1535740 6117 65358
15037 114934 13264 1589034
9309 1641470 18616 1168873
19063 528941 1449 1083067
19846 1761278 17025 1757131
7028 666229 28 1928792
8968 1261258 4699 1116871
1188 796221 969 545853
9496 442902 2357 431728
1042 1203423 9201 1527522
10698 689327 2808 769587
8942 805254 8010 1898729
13350 84046 5305 1503230
19620 1748281 3139 1283333
11675 1722872 7090 1550687
4306 429693 6553 1402254
7528 1656765 4426 1565217
11180 1154742 5366 1099699
12807 228121 11456 1525619
16940 928492 10760 89991
5306 777047 3902 1877108
9256 1307854 7846 990093
1104 1940429 12295 899594
4164 362648 14566 1101010
9988 1132397 15180 942901
6577 1213648 3553 868844
11023 53753 11647 600924
12861 1745324 766 1175592
9143 926330 2519 1492520
13609 641470 3118 873308
665 190598 18949 1516035
8858 408242 13074 514965
19933 695183 9975 658528
16096 25977 8200 1959754
10196 235150 17216 1316057
12235 357397 8514 1276511
1473 804475 11031 664075
15806 1319394 3414 1910538
6717 1686926 11351 142933
16603 1589053 5515 1275339
10476 236626 14810 1957805
3062 108002 13032 147792
16126 1405550 1312 1499788
5179 120547 15672 1279922
7378 1450705 11981 862420
3184 992249 895 1559011
12597 1315937 13161 1098933
1525 921323 3627 555508
2287 1886499 1088 157871
6237 7063 4537 821597
14018 1272684 3520 984961
1377 875451 4953 342028
14530 603142 1194 45178
750 64962 14317 455807
9774 498026 15445 263173
8726 1135335 19793 790794
6330 57204 17577 748653
8993 486021 16477 1783505
17756 364779 8265 1730103
7768 1611563 9377 1919715
12269 239032 17246 1685335
575 755593 17531 1905438
13305 866655 2986 338990
18242 42359 919 1114077
4747 1482326 24 139254
5466 1020505 16464 1845535
13788 1240453 4591 1083470
3036 278323 13278 110944
9330 718579 5963 1842289
4620 1229135 18608 1920544
11908 1678780 5375 583408
1616 822964 13809 1357004
17004 1400544 16074 1513692
2165 624499 5988 1683493
8825 476965 15481 468493
7919 24857 16245 1007248
16513 1848439 1434 184647
14730 186047 8498 665231
356 758911 5785 53088
15663 1296892 6250 1501828
16171 62783 11571 784253
14257 1445376 6388 5581
13300 261271 4226 150537
2779 247437 3000 1322320
11782 1156892 6049 884534
7998 822140 14860 1316238
5792 752051 13236 1219911
10807 1374323 2073 202548
11780 1128890 15690 1748559
16783 632865 5069 556997
8535 1418107 5885 1507816
6581 804024 10068 1454792
19422 1386095 408 1281709
18754 1798719 8028 1062202
18561 348102 3765 1909599
6819 785467 743 1879017
16049 621584 4001 385987
14393 390313 5196 830748
5763 1438550 16640 530232
15700 1538107 15577 235949
18751 1650612 8597 1864323
7069 1042047 12033 1939558
19428 1226094 8664 383021
7936 200261 856 1211719
19329 735329 17947 558838
14667 1462882 16678 1559937
17961 991122 14712 1280617
15450 367020 15874 1531590
6339 552752 4762 631523
11216 786446 1498 618117
5735 145314 13644 406913
8569 1162957 11696 952146
1340 158541 7922 1193581
14572 396657 18759 1311089
7050 503705 2993 1019773
10372 1822359 7450 1860511
4969 112288 12386 990818
6696 254719 11763 27684
13585 343035 446 1041374
15184 830774 3825 1895895
17651 605275 6541 230047
14681 452878 6431 1246183
17040 1289461 1933 1630947
6548 598203 13105 197144
19 1259122 3821 1611096
14366 1006039 6132 820469
17319 1305469 5063 1853268
11378 328001 17884 1810341
16425 1643584 10636 356716
1093 1304182 8079 1173539
16909 1609551 5550 1426482
18342 476393 15050 326990
16915 1434239 5410 1346585
19360 442065 17867 675306
10957 955542 14790 1621039
11416 400731 17380 502109
10125 946584 5498 1064456
1169 1301108 13552 267282
5924 883778 17254 1042136
18504 689765 7860 459921
5073 1864380 4757 1324084
15015 1530081 15208 879662
14825 1805574 17715 1473361
13362 1052156 1326 1883435
19137 747636 1939 580448
2896 1229956 4538 568149
33 991806 2984 114141
9159 1278797 16676 1605623
8974 1427288 12335 1640171
7271 1076514 14269 169749
9605 1495168 15330 692025
4495 67180 7506 103606
9596 970124 7458 1606907
14962 1279204 13366 1340251
5680 345756 10875 1322457
12136 532304 7552 608687
5747 73139 3555 334580
8322 431967 10046 1145830
8032 1172283 16224 1006511
6604 1690544 14310 1544539
3822 1697284 13860 1168992
17087 756828 9688 833340
12199 1558527 6494 1106558
4004 879678 5851 157657
3541 1597712 1800 11887
529 456522 6003 829497
3937 533442 10663 737904
5121 1381834 16440 753397
15963 1716473 14993 31756
1735 1090662 13666 363002
9479 113708 11864 455107
13633 1699117 2262 1956535
7687 1946721 13195 228540
2428 212371 15069 1487270
12664 433451 8421 730769
2543 427822 8031 1138209
14341 678755 494 1690928
5329 232797 18459 838834
4126 1669640 19643 783249
82 1695149 14071 348233
88 1205561 13858 1403067
12329 1668778 13391 887096
18959 1661684 9890 1094186
2358 688583 4708 215202
19172 1877347 5983 428935
12220 199922 3192 1357001
17762 1048711 7325 991004
19425 533538 14921 269346
6901 1044009 3419 642447
6681 847823 7836 688937
4463 523675 5593 921863
12259 58227 4098 1492244
13313 565479 5596 1870637
4099 1912480 261 511126
5224 1401869 6187 487693
1671 1214439 17436 598634
17495 642607 13303 337109
9741 975751 17315 1896501
9955 481980 1531 1561030
18203 1328723 14816 947
5016 646579 18950 981142
11414 54313 3905 439481
10783 1875758 3497 1671300
13912 1618587 10127 1736152
15891 1175723 10814 213320
18131 1406073 12488 22026
3436 1964179 9601 958449
13238 1803010 17940 1682838
9371 1678756 9406 1037296
6612 1102957 12175 1963556
11047 1503607 4914 1240038
15507 1941074 17303 391614
3069 186587 11459 775842
10786 655648 7207 1464803
19355 1572368 16937 1565257
1906 584537 7070 747773
10282 663289 2447 778798
13703 1034764 17850 1467921
17915 484027 6056 1255429
6846 1500300 6055 950910
2710 437426 17714 1147088
18112 947526 3411 565411
10064 1431876 18217 1927368
14104 733324 11635 891616
11144 1723868 16065 406990
4061 612881 11707 1745191
6359 1864813 2954 633492
18511 453085 7498 202223
11336 1095352 18965 1984038
17186 1260705 7697 1733661
18887 364237 3386 1751870
17383 1059217 8377 1102843
14609 416403 18284 1839111
15345 1297108 6484 1620282
3532 1952761 7175 542998
15573 1978744 8524 1636326
6309 1839263 11385 720418
5717 1073777 18980 1744804
466 1760385 5779 1993747
19676 1253675 16495 118770
954 363689 8501 1260663
10685 1278049 3265 1128278
6304 1559806 15230 928961
13914 1182429 7700 1282190
3277 311330 5888 1714663
10834 1653252 3882 957868
4811 42938 8120 224640
16030 1316881 4150 1949318
9028 543259 11089 285549
15183 982224 18303 558387
3792 538192 11387 1963822
7895 1224998 12084 1419027
12889 1013649 8206 1212463
14561 1989857 13712 1995704
1642 1562584 11508 885276
19556 240484 2316 802133
10983 385715 13188 88299
10805 1020847 6584 1971409
19078 1905501 5869 1886073
10151 1611519 18513 1498706
9383 1406 2046 264401
12330 1076738 13099 1460654
3543 1411803 889 140702
1437 1935314 10813 285923
5204 1472740 15606 429643
6456 1904946 4342 284713
5620 492544 13223 301010
2129 749150 15074 404862
8889 671576 8449 641243
16555 1874763 1160 42587
8905 1088223 11506 1653606
266 262357 15961 84907
11143 192839 15067 799572
4732 1907506 7834 964355
14842 1307577 2910 165758
4631 250786 13734 922206
17281 1127707 17662 625028
11924 1736728 10579 1302730
12468 1401372 5727 1860655
258 408250 17010 843724
5711 1190269 13090 1764187
7173 1890444 14864 1918866
2566 72632 17156 200115
19731 336380 15264 222572
6415 1702270 12679 1784364
2284 869202 4291 458259
5690 1317053 8614 1906060
18160 932842 19593 150117
4652 444780 2926 849919
17249 842503 12237 217165
6983 1311225 315 1070496
13611 979802 5287 171412
3432 249624 7326 805749
2915 1385848 9834 1255793
14802 972442 14556 58052
12763 1242192 7537 1431224
11147 1086888 10928 1907853
8067 353678 19924 840790
15364 1403006 8239 1195958
9474 836703 4648 867015
16899 1518559 19798 614162
6862 1069769 1409 386518
3252 1618288 4882 1357159
1816 204888 7979 1106959
14622 419114 13086 198752
2731 10612 15468 1357282
19423 1914588 4647 1593330
13009 327457 12624 1804099
10431 425170 13755 1074772
11769 1830266 4075 1719466
8274 221463 5465 1848283
15669 1415730 14902 273937
14726 513797 640 889679
19898 733376 3587 1243069
10787 654397 12696 466024
14391 1149615 7013 742198
17530 1259936 19228 1441231
12379 1217264 17039 24306
1450 1006978 10661 216246
6614 583524 19784 175311
2975 409166 6599 1945327
5007 1081987 13751 22079
2373 691317 3056 566732
12557 401838 7784 121377
14497 220783 16139 1349735
3715 119462 16790 1115128
12667 594334 19890 1191987
9881 572891 15829 1516884
4374 822924 8574 1009698
17790 1266919 13380 1749199
11851 593425 7861 978629
7713 1709409 8084 118939
7196 404002 15585 782645
1549 784958 13877 1854
19108 1484702 7294 1205294
15656 1609746 18867 812830
9653 1161457 7548 511943
18288 997365 13555 1010462
14882 668649 19653 223330
12819 1347775 12795 1879269
17596 1433584 4296 1142910
1638 1322262 6445 1739327
11943 1351404 16180 1035587
6039 1654796 18713 1587717
9002 222676 10036 722146
6111 528249 316 864017
8034 802399 11570 1932252
6564 1448670 17196 177748
12133 1236265 2818 483203
10048 644345 5569 1973438
2142 714848 15466 1680101
212 272328 7807 706978
12029 1063558 5967 659436
2697 244134 15754 495576
2247 577085 19064 1470658
9261 1132809 17618 1269272
16094 1450319 7508 1202156
18632 157188 699 1204585
9614 37826 5873 1097964
9318 1288864 2162 349321
4081 1439402 17996 1063927
9769 1525134 4465 268101
10514 41731 19492 1422119
18039 1839558 593 985393
7360 528550 16457 1333678
5402 1063297 4810 1241893
15764 1775599 1953 184615
9186 716853 8115 1516656
17557 618852 5469 411879
10230 757465 18456 1999363
12813 1646006 15921 474688
2979 1810403 3025 1762391
9634 1066723 3890 327903
4654 1263315 16421 642666
13785 182775 5268 388563
12395 1336236 18030 841213
14754 1240900 10944 1107391
3919 896098 14420 187151
13675 458967 3681 401709
10318 486965 13831 1788767
9782 1268235 9041 1071262
9369 409516 15448 1349402
13832 1744543 10913 1419278
8954 762405 11193 1723919
1497 1228610 6833 1221263
2552 297640 17480 766155
12832 1971522 3064 1073387
314 1780814 4881 1881044
17702 1671928 18986 797428
4473 1595716 9810 915622
13358 630237 8900 1635644
10087 279606 11664 355833
19649 1886555 3447 1049862
2395 1544627 8428 636396
17069 1129463 13085 1752810
688 329362 3648 996793
1178 1515746 265 1981806
16164 1800448 16356 1339254
17392 613834 7544 113023
3189 1948375 10637 781348
4130 781321 11022 721017
4481 1766587 9238 1613297
6279 838529 12566 1238849
13156 1528675 8168 1346606
1693 1894611 6755 764331
16496 1264879 11810 892512
10305 198927 15245 197280
15632 310861 2597 1641747
13721 1737056 5046 263746
690 1178683 1971 1040348
16597 1966730 2130 818859
2296 787595 16624 1371413
4837 139970 1137 1591393
16841 1123119 3364 1392462
14559 1785292 3787 1680570
14010 1236592 17113 1346817
19120 969366 11173 1615617
16371 1525575 8425 1316836
9040 1220682 4454 154483
12009 1690472 13801 1046983
7754 1925151 11322 1524434
485 1045241 3347 1919996
8169 467354 12157 34351
2707 797541 2320 1912227
3446 1973501 13310 1543256
17419 1158010 1795 671968
12002 879424 7612 742865
15413 1987780 2097 601825
18544 305503 1213 1916993
19202 160727 4955 1932674
2072 1470304 6621 233130
5875 1911053 2232 1507694
12396 765728 3650 1300907
8152 1434462 2470 1315738
9245 366517 13680 112842
6726 1396273 16408 673853
10140 203644 9218 1035607
16762 125268 6303 1725180
7132 593047 13527 1920048
9537 997935 19280 1197061
16866 1632357 832 1172027
12070 1982469 7437 240177
18425 1508455 2622 171159
8580 1692686 12191 1903138
18787 932748 19594 893180
9467 1262446 5307 20219
5813 1492737 13653 781786
8507 1311533 14936 652260
19923 1259623 17806 1397503
10440 903803 1684 1943782
590 427012 3791 188340
14112 1320272 11848 1868253
10459 1394365 18768 1071479
13600 474603 18367 585641
2349 1270122 9123 1333517
1756 1785858 8740 472240
3690 901538 8327 165826
8069 945935 19461 1821826
10759 1462542 11561 1734423
497 342545 15990 1613778
873 1796909 10769 1863884
145 1886021 15271 1406686
5668 1930046 9845 52549
6153 1946729 29 1779290
4349 901379 1035 1021897
11278 398179 11601 67239
15648 42943 5824 1087734
8603 1733124 5709 1570990
810 1296833 9504 255267
16656 1261762 9393 68057
15947 1579508 11167 1472422
10675 354038 7081 709832
9176 1330061 3733 596484
13941 810383 1897 1027893
7129 105002 9575 964355
17669 7106 19709 1376883
18884 1606170 19991 709774
9360 638417 9042 1996007
8865 1390829 19618 578012
2573 1403954 1254 1683522
14162 134078 3892 1513209
1223 840168 1532 1158766
4372 277073 2467 1187293
3223 1377811 5631 955059
10178 1059044 5653 450148
16291 770712 5477 211728
22 1529893 16580 610118
7571 303638 13691 1780752
1501 884382 17329 206985
5860 361242 14753 1557176
10799 184802 11934 480075
17161 193656 5401 1495752
10963 1483612 16098 1790060
10768 1533552 8071 383416
15688 617371 8158 1535816
4586 992291 12970 952117
12520 598952 764 1990517
8110 263290 6902 1084053
13000 898377 1784 307296
18009 1303041 370 1751927
15107 118961 13343 1925874
13615 1488727 7529 523756
16314 1669779 4171 1994116
12492 1636531 12217 1936058
7628 1676035 5013 1869603
15439 865620 4262 1252964
3403 1889332 13226 1556891
14063 652090 5407 324757
13970 1852602 1705 1836477
15222 1964960 1661 734947
19983 1410501 11777 1814030
7739 192978 11497 381203
1871 1753620 11073 1516873
4107 1816600 7216 138023
10427 74156 9095 91483
18604 1322891 14819 1349888
9757 988882 190 676035
19014 1243278 19609 745430
9799 1197140 10587 619198
15399 744577 3201 1335678
10980 439836 19188 439695
10446 1544569 10959 1133533
17586 4836 2757 913235
1665 365576 7095 1709552
9713 623310 4551 1631007
3338 1367188 8356 153850
9963 469789 1865 252157
11581 1407427 4214 1340009
8159 485732 3991 84625
4070 1261264 15303 1970958
8749 1046699 6946 597555
18151 39688 10039 1443622
10684 574646 18053 665848
14459 1141554 7839 1540982
4157 1904416 2643 1593925
7800 1998015 15134 915894
11796 911454 15196 531310
17975 1301476 17894 993869
12218 657803 247 293131
6670 1401048 10533 639863
16972 688022 8833 778411
13397 209865 10621 1662284
12871 621399 4506 1641876
10283 1298190 13544 1600616
14190 1225259 5816 242927
11496 404007 6262 52403
13859 1890575 19779 907459
2941 1356820 13791 1080917
11122 461769 5846 1781868
18542 1831411 10461 280591
1017 291060 16018 1908250
11901 577710 512 1191671
3678 720214 8822 928968
14693 313503 16100 781219
2574 594828 12683 1006199
8888 1722405 1748 1292978
235 1437386 17693 1294466
4207 767858 17226 206533
11953 602793 6669 1091004
722 770922 4585 64387
9913 851301 2245 1647175
13425 997232 8938 1967838
16217 1025198 8432 943066
5658 1993214 6735 145160
19749 314262 18767 701994
14881 331599 13963 1203305
11923 242212 3877 489955
12506 1762954 16417 1943041
11630 1547756 116 1672685
4907 596328 10692 583111
5919 176472 3440 1533562
15792 1414246 18251 777125
6468 206201 16881 569575
13016 1619212 13033 536589
7127 384617 14738 1890745
10914 1250247 9582 1504012
6221 462927 5301 6253
2319 543803 8658 925850
14954 8395 18860 260157
394 82553 2103 1180565
9502 1194064 18232 1639612
6102 1745415 3226 649491
1772 196316 2686 1635317
13029 1893076 6558 575841
8148 251116 40 269473
10624 1523978 330 1453241
4380 674664 11622 1856476
5844 1422225 11185 861968
19455 1071965 10488 1935741
19491 53975 12525 1454592
1831 446166 5589 777662
6127 1596912 2514 1192386
10620 193937 18692 377866
19953 1036953 4427 1817222
11632 1211798 861 1076869
9110 750531 12860 1406734
7089 1461634 12926 1988232
546 320410 18304 1761576
646 139105 6791 1949683
3756 633350 7036 632137
1928 1051 4297 117157
4785 1927016 17132 129451
18419 1342596 624 4189
17284 852145 14949 1116120
16209 231433 15285 277436
15712 993079 7400 376814
14226 826128 2999 1649079
7601 1140432 1791 597442
3091 691670 17173 1372797
16980 140474 15123 535829
14958 1126075 10529 945990
929 692545 4515 1829593
3566 843950 7211 398028
8727 1683324 5197 715677
11900 961214 12459 440934
11685 1950815 12423 1866079
14518 802167 14648 1097683
16330 1010739 3558 1628972
19630 1168677 636 1030365
4200 1468 3035 113354
7679 509477 11025 1020901
19650 1081941 6935 1503290
6091 1194403 10454 1773434
5648 1221856 17220 55578
18212 432358 19236 26302
689 1634615 1279 1964854
8190 1202661 3120 1651191
10556 1252324 10129 1745076
5455 963748 10956 1003230
19189 1740784 18193 851277
4939 1335366 19717 296245
13065 1401335 5623 339137
6015 1293706 17359 1274379
10794 1482167 19662 82205
6650 275419 12356 124910
14296 1626531 2415 717543
5507 1252447 5663 740934
1597 462601 16855 636833
1539 1013293 383 1950888
9400 1200508 16675 430353
10856 844693 8291 1353850
5049 1443937 7447 1528887
14192 404770 16811 1822791
11854 1219337 16837 1790427
7603 620954 11479 1413399
8537 393097 4871 671188
6247 211907 9684 1077188
3619 960379 1892 1108581
8555 367060 10552 743856
773 143413 10168 548412
