299041358
200145251
47530931
139775189
405687144
228876831
216554162
291410561
59085148
5270589
85806773
283628921
543417682
352338843
485558137
26847321
412111537
100747562
153143774
147565813
304095056
103060639
3452459
149398715
451049710
84240533
167478033
127832798
182750536
253501014
38063689
375500414
210628983
264592739
378238125
11422999
55237905
519601337
42805756
444339223
177962847
67352748
597100514
187476343
192092858
141315463
377522289
33543141
186862696
339884893
205285802
297352265
355236544
600967672
486305416
52625741
330197794
200335066
51824999
46496516
196369163
179901497
247807635
210283786
343395974
477849426
18090665
109786144
163314435
29898524
116288009
198939093
156358740
16292534
176487360
28413266
504646720
542367102
6626152
383056403
209627146
214054518
452788495
507175412
569972465
125585715
190747174
10620429
78302186
382661919
24693858
369562763
541765978
51065609
45334289
3743268
70063535
102440394
87821446
199480961
294597425
329284353
154603041
217983500
42190154
229223262
450416514
407990353
352255828
252721754
150051250
388613088
45914015
471296927
45860126
38768929
33936826
8228227
130623474
306177324
1457984
341089889
93281712
482644270
327195293
274571184
62125952
45855967
65630998
258337488
338342419
17141228
97080820
91021138
206878947
396112392
103986265
514724885
283163628
294463884
94549517
173643098
139209074
110136347
172743390
59422411
568687370
12715250
54566903
339068689
33292432
463487093
321627641
622881478
255774109
401777358
153902247
358250223
75687193
170931435
19243419
469144751
207112209
32253637
83411808
86644193
172861072
280628403
147829649
123400976
106812828
509612471
484428247
310163992
26691347
50877257
126269697
115096724
277239255
74521365
215984564
254046907
475682167
494615707
236584162
72753427
336347682
245401723
187591331
393417443
66531433
94739989
197528201
288959325
466942858
48175809
69576
256441866
1861031
236569932
263568063
187576194
458320281
43076465
68131942
273175415
448400444
259406059
220716766
169316649
178211083
412130703
297714147
371760037
28035766
351475113
166635217
443272182
4510655
51847185
6889638
309839343
254152683
205071048
328155415
136526086
384032920
352505598
2714121
302725160
102781232
386592515
431413213
115918803
130618518
9651200
223923049
100008039
64807809
256704070
151308689
282670877
200373002
130400027
409657201
324973304
332561270
203198879
53905470
103258495
330748777
350313552
170903267
278831671
887277
47714910
7920500
541147409
79765037
340473804
222315816
57561890
392504630
93842906
47671831
409401305
177087041
408612834
433805177
364352146
483824637
241778398
66833238
35291318
511166264
359359537
316421379
150128663
156254545
646251410
46216580
142674257
243248834
302494413
288235024
233054495
370831983
479439510
302407115
135793140
207585289
128903206
241144515
245013769
11169944
296872504
320465899
17917364
266207902
230581590
321934457
275258103
293079264
221859225
351100687
139720934
492558945
225644762
42922762
278272749
83788049
115420415
70327053
244009223
56493952
34746239
61816115
64553832
453080118
343674359
373401395
336059269
118885233
122003231
563440352
236722556
295340020
172335225
389024303
93770744
476098617
116347996
80519931
479617746
193980079
445052947
151225832
46397718
220069457
20832406
364826782
31440257
105509115
137237350
210565800
489112142
69050005
282125742
61575438
188961918
574912422
285966688
442212880
199288271
358146164
415720612
42325477
150696532
46266847
461053046
49156559
408390575
436975732
135089768
158688704
157608433
211045770
20095067
221535017
473122976
324064957
148867045
118221505
55502762
18807202
478415250
121860846
245817598
302992910
605643132
279444408
3182286
488636894
244387933
92716562
368701904
133050974
430837196
488873353
165635100
264121022
74482571
456189646
513084392
633986775
203923566
367341393
92410222
227290721
203132762
421697517
333494158
343452630
139939874
46641759
6176532
5494635
38902312
542778811
26085071
266535094
358443023
31522388
344714978
344155
265483440
228813945
84631815
267732758
617305667
115064142
322432915
493902517
330975054
300722311
46395298
6919511
307606526
87033068
551419442
329712965
75691870
547028867
281027726
99200435
62608094
312481654
526649269
114638913
670748827
125490731
130379212
239990327
487100771
173614113
181303199
184407582
149896773
450303304
68923219
64171149
584397155
100385418
16508743
225301538
290654061
83443940
365631332
186116465
310777035
152544125
4463182
46551338
123571060
34747438
577366458
630996771
70182230
325419984
331527565
242684358
127971662
446973967
179282164
131682531
540230248
203460933
282162675
417921125
30764586
366689157
124654055
412485426
234217081
132515281
16361329
249570494
31684445
49316107
86197091
58020996
223105745
357488366
577599904
39437751
574075918
639077186
2352209
65372604
502400128
92965286
310219411
329291468
37485670
374387769
338770842
119027001
124538169
49675687
28563135
235309131
117796852
281132950
342282841
160029221
8727727
297623113
478658022
472828647
71239261
371633431
140004697
26410986
40949174
432845839
7103586
195399134
52430155
128925205
286998308
94312352
128868793
295430486
37427156
83900690
94128678
260576074
6473346
17737546
116256327
318068686
339988516
11075561
97186434
453204761
576991031
60111155
63350883
529003873
3318466
20252596
33764669
36274207
226435413
210655215
887447
338049802
278840445
249758645
117412757
240874538
643616209
476106621
45432588
27350903
42289591
597721897
167119174
167445593
142068519
647466251
46749032
159480951
30046823
10857406
126479501
161294557
102688099
644839870
477794380
504987786
417207147
177431374
31330824
40291793
264520617
125990779
195411146
434266212
95949612
368005318
124757589
199255873
322112746
305122370
254783914
243066569
64076746
113140231
46227107
47555484
268266741
445106792
71477144
258624760
218382795
443982592
449737528
613246709
279748554
109059312
587368612
251839165
216801793
115685924
116281672
350028306
188463264
284233834
44346514
133504987
25267643
337109830
59815659
490656996
6899952
151719640
518986064
296358592
38187744
151572717
283736652
196344607
392746493
317249296
175290396
213745690
75605232
309871173
434060049
111339610
372213095
131300318
50700454
15866009
311334381
74206453
255619621
90503286
168872427
280399229
232571826
97904234
207658520
413058818
129066553
123193699
177055458
6494493
504322979
554299476
81931411
365107727
451002136
596384472
497601986
233897464
361929384
185816249
97111820
107611287
184773294
125444832
307801332
175853661
556450238
77875116
142518039
281243657
2605686
262778202
295567276
242361432
86930386
187837017
108255280
487866028
87963892
317061087
31233688
200723756
189454737
502367596
453111148
67422286
25012516
170982430
297295717
493089378
266391027
42323062
243330017
285340918
290562862
394745015
12006306
459885696
41554729
88322257
412143755
217939611
240881398
584903717
449760292
171321156
211546952
49933473
98685985
22349567
225785596
450989784
188580219
201339602
51417340
13599748
326656449
278746431
101734185
122074469
563238070
46617145
183245108
193403041
298012674
21605307
489042960
172622838
370312292
260628242
20953970
412098592
436250184
361632475
140008921
107061243
218892589
280677015
160824171
323140909
557480747
468800906
458585212
89375094
488503903
583010207
65892929
633689747
153090017
141897287
447322342
32347169
573327956
549816264
205308353
591668422
191812602
182271990
128699371
70751885
311232235
74619306
749289
230678653
202969923
351360174
97957151
454182815
179759471
209662228
7749602
139681142
157997281
239564391
647878649
143347969
477657379
244425527
142288399
163352733
564500231
377391854
132011701
35084757
222546688
141194936
112029444
351459463
89693078
185301416
38127125
245440145
605483679
252936196
107768638
308705352
252429199
316639248
32581777
94809105
72462543
565520812
402602972
461737911
98159029
479791059
538062348
87508561
126215238
613692663
75899660
33770884
139796691
39221968
44631470
455248285
528747601
10148049
525189389
140739214
123339903
373196192
46118309
232780863
94421297
250314576
218626520
356008875
218510702
431166
470718252
524230710
108081812
32530127
190222668
155423305
192340657
289770093
4555777
563153484
236607798
286966378
123193178
276473505
66211723
400412234
268381609
83407995
21289081
174343386
357309601
156530964
167736658
141401697
97806391
134969026
267428899
220224731
24094498
260066053
337326903
35465696
419693773
183197467
111036839
296634641
435365789
254017303
111123046
216110080
217136283
107121267
426485147
12693323
44044851
54454824
7029084
261833264
212164508
181294302
332377410
85214504
273968167
154224093
234992563
123546539
16263303
12542995
322094818
42908343
112350322
184667671
46785933
583580350
17750091
107940925
282869643
324049899
486344880
78793815
452192246
146208093
241858249
94391563
194067731
24932043
233081385
503107620
218402664
67261197
1318911
106315844
107788574
185932807
91527393
440639645
402943843
314274380
247205222
177635796
301191428
425434052
340394299
235929537
289280331
508645596
140088895
280501749
97111609
223979071
130725485
302295285
184468780
368052516
273595540
398673945
233799748
173450169
174574954
451405926
29594117
397866736
313138676
509652185
3644601
38330210
156888362
39507479
602839499
63410784
118336540
20076706
533827406
548160834
6052034
483717895
452828149
391940897
44461548
460515058
295371156
269590114
258267463
15504263
303878285
532427232
251080882
433459088
137034024
30590557
3189452
36386257
69899903
176211112
86674478
87352155
19915192
69121907
112332790
607913091
381699955
400509527
110479761
38821453
493319858
450452806
48633322
381774120
243916467
538614315
153045915
230341888
456818340
191256886
240029878
222774446
12957495
278282948
218586892
347878491
86215167
212424338
36685507
49403893
417156570
124920551
201805928
271414600
8266011
169506582
68584229
209421546
455691903
404391882
349117212
190449851
135976853
169862327
129160325
7732491
197882906
32761558
268730417
143039802
363645764
145228453
90564955
589402210
569283392
16443536
223048296
540093906
167273831
464836488
130921876
34313573
485094634
179751245
423487073
432665167
201376444
361092618
95692655
150964787
116269801
531132693
51945044
477444392
78326450
56470046
129198367
327387323
67729948
11370980
50159242
113142169
42392846
199052594
220446961
93627345
280795041
135418188
457080781
103060773
316239163
331768024
53077637
105571617
354211032
620800554
30471741
47500042
7915892
143005521
34843661
95016956
317757108
483708191
86211657
225240509
36525925
285327378
224464946
107806745
532232214
466607225
49685504
520248316
143783878
397368304
660402643
55915395
386335987
38503262
219840400
501267061
363518396
224948584
48237721
246962822
278273513
97791743
10387933
684047898
344633513
200311910
88672317
456396462
4798101
164053544
258527384
407741146
526976238
125917445
115726283
160259355
238838713
263178794
426974762
58243315
101390632
317510660
500861184
10032899
350954046
175524318
11486858
137696972
288788619
311102860
106063680
376184296
437081425
516303559
44073006
380683498
179372224
12487272
464913999
217163332
18810850
482800092
149421802
145090342
15674782
70031006
553453816
321401996
83291
69839049
99202257
270690899
417479107
137074161
348758502
49377356
158440257
158790067
130924322
59943818
169197703
151085763
437410980
127797897
59268956
480330990
301932321
253064107
467019656
242203506
508175683
335070518
5216171
451868881
325493234
6764450
13886018
111134359
255663207
230796319
303872462
403717608
648742597
36923927
112775956
15861183
87182291
376148854
472795107
250757675
365269671
118565446
98112636
191777584
449185652
268354984
573212246
85259162
36834456
348334395
148958152
280326315
27507189
313101863
216723134
5261069
30415479
96983173
530390846
393761592
34074877
471806865
507869867
146517047
340739383
53002836
422169903
373830874
481687398
491721703
92735432
96377490
612774051
13653917
326576209
190633826
160213179
411670648
379026640
260022288
294366189
587717371
102843435
126846775
84462866
5800025
195061092
310108262
235175104
368365417
488689493
55466665
230206725
236184609
111165236
44954127
171309745
71550807
179850788
55261415
136573544
338203958
317367394
570155458
122121314
7619541
55172653
39959371
77237185
322479562
334522971
29135845
338391136
131446331
35457374
278587725
99357257
10560952
190346295
278995940
549256216
400346637
108537620
123944965
341517770
50273075
335483750
388627935
66254386
83764402
167795889
95074373
247015130
60199044
507383881
551238583
270809856
18088116
409204931
473158070
350767618
609422759
96497965
171398002
56146213
260164970
161307083
155483936
669133483
462513319
219736945
170730882
237778204
661615744
167133004
328790512
105259786
118008752
41025465
111300187
78984903
66211794
300469279
93343375
4979576
61310951
176610673
54165258
242970249
133404548
101297403
29210390
286766701
4578237
505486753
259673553
364676582
530416577
248452350
364694078
98042124
37570787
117910401
21193001
312610832
405408948
169767015
361915135
370697733
412363459
235252534
377126973
69557675
335713734
602150670
115675808
222339605
137089800
5133829
220876115
255156188
245457604
31208497
277109343
570507383
144128770
71942742
99557542
189141545
49460833
233687245
36072111
44406009
362249734
351701582
194891088
90157956
19472229
387473007
204373730
340366841
617494799
147204121
377772773
287767365
260562759
125448635
304449556
426167354
147690929
386502146
155564815
321639708
506862272
374153756
150150018
73325039
24586534
70490179
36847791
53658366
341501851
106471979
445597534
445692566
221333994
410135906
394272532
273537578
335182195
48452599
187973692
570666463
337833098
587143429
148085551
382995672
308193732
333755003
106130167
483487641
210647975
399966231
27157170
120954577
246704498
300708107
511988197
217032290
167901976
334580617
181539738
266414586
300473690
6238752
185955649
235826896
251297872
276976005
157132059
412453412
84887799
110348663
648767472
379255909
506291049
186920752
418598021
314307102
380770195
4439745
363181067
159313003
396192743
221942910
57371037
78954574
119630616
12457600
52142266
310235353
263476762
101071854
208349824
150734297
129289963
97544598
248066131
163906870
423499380
389140112
389978686
284153181
516207807
220838490
120519628
281586520
433256351
241708524
218493477
222786617
396515882
116732905
401485381
66140778
138080220
225406478
147607627
407919915
396170980
375496390
8302030
11577072
109050277
395173677
591018690
47803287
95128306
276044827
114289428
240109995
218369068
97324187
65700157
62802597
166191626
146912781
62951227
50898597
294941648
261349207
329969578
275662093
191514128
57245768
62216114
167864807
210960156
401267678
41875655
388922381
81893760
378403809
191426973
423878492
140269981
172115253
451881534
458005477
541706076
454506639
447796054
44389336
334615723
71802021
466596533
293494063
367358670
170550764
107494106
36172113
38203774
265903308
256763801
117222314
32977627
533981336
156840908
284455806
266886938
128138627
491841263
237768515
223021714
132582338
197521422
210508072
186450841
172220922
641495
182814010
201430214
59698722
264743859
112224614
93555273
168290818
248464546
152705674
411920945
26825305
509338690
499697482
297058915
92556437
191739967
242420268
104250588
390075661
285364135
338140989
531484184
315728298
132597487
319185099
110180016
259042947
161460609
464669518
163097849
121687594
239410229
233317339
312589925
212382733
80001798
216440390
109927427
409872163
68341711
107916713
239758099
137110984
155992447
35589938
314296984
600877565
78753197
132717409
462626277
302665723
230729830
32820655
89581995
294879135
370278865
65206551
255294425
437771981
11092065
524635763
84546074
527410655
148209251
101523887
394229271
305803561
12874490
46507209
220342088
560749688
249409595
265042867
498188363
166480977
209040660
67180702
92350581
60362510
50660085
187152762
207185971
280893056
117221491
214138974
5558814
174423282
9110322
437698317
259569985
150376600
116838014
171877300
46234757
197330706
56577798
438049327
522059080
13459663
119286654
246091540
88954683
35300678
462542198
574164054
71532668
251868907
63230355
177278308
291390635
473232533
113366823
302068824
25224964
159349772
68818566
447218151
281150700
226911501
133241798
162747806
130530328
15930399
301651444
401163858
419910136
110343987
61257791
173293760
181474772
634284
459853488
149395922
167998150
439525747
33586688
176537211
115539205
373358602
295594231
141974686
460677975
236392549
198031680
446424447
579717628
303939096
310894747
601292098
116928829
228088969
479017624
163094411
335233484
587617013
325717017
22415360
473857255
33154140
420935135
296256990
126808786
1763792
175341058
408601962
292623177
211638672
138857353
350246602
324857124
123289347
18502572
230934361
107946948
75625463
168305067
507424137
314252927
136917703
49866400
166696605
156355057
50878470
558836367
193789452
148117431
93663785
24930597
4735226
347522031
235658653
221955198
151347121
204463343
170223427
160772184
179918435
186066805
444752521
294056087
34637636
496213200
491895388
113925409
460565880
360703250
121304456
294310960
282100925
144598001
68178069
115537699
88294409
131815229
16773333
321298839
531971464
143739441
460320233
590360139
505090198
145082631
118401874
279250905
177055136
154928560
341604130
32400047
367939415
215227538
361276887
542800714
152669363
536827841
123985217
38401003
135384739
261235445
227827160
94258205
280672717
101038845
86777021
299139353
177867507
214395589
220654182
146850317
412496665
29863683
521696316
311319665
508290277
131530876
190654379
106876498
11718193
346810161
92431552
268290530
271087150
186983506
110096204
168757010
397910790
73403819
83520035
52921315
9314998
391092954
46852817
338334679
11933633
59376279
76160096
145127183
378191136
558523577
207706118
535981687
301647269
39464380
411092854
198380135
84915691
275032117
276520414
374109575
38250211
367898457
590093539
66951771
205844207
419304146
5382636
89780829
388985023
325072498
290578415
403866344
460049586
316773151
125087721
295529745
98964962
49298771
138797688
292519294
27215583
31871670
420065179
303004231
16522423
502995196
175766644
160136847
157211576
258457382
234772427
130341099
389007337
55662893
295155490
272945355
228093564
47533743
259624303
135679446
6573272
382855239
124479902
292722358
104844721
275388242
116406881
281843164
170768498
230416940
356725793
169883839
294302735
511494695
358126762
159713716
62740891
326727704
225557835
585676578
447795578
171313601
117618814
243230868
157536843
278279157
34937637
49615190
37418444
254066647
156226300
361287057
187239684
73345007
80177346
369674885
1714700
259474187
44815951
33225086
202946684
139656858
47048649
318405948
87126892
32034391
215871422
256753515
323884703
231968910
172933260
333769981
268873847
123347448
106949283
293448175
553455977
340364604
129930931
194484985
598111876
191609195
103828373
76696347
431542528
598726022
84373672
33188295
301021857
368636426
185344580
478351433
67460070
165685112
112159316
111143231
116183931
21508985
28526338
4557926
434622973
648031552
35006629
109599840
453147660
144006306
402833888
42759710
11971087
156841092
13783747
175984217
39237193
528755311
248421814
397872497
335385118
186853443
390674807
4814337
518464638
33749973
270300166
79392780
80613022
103219914
193324591
125594995
121465967
106041286
61572793
65725909
295543342
