2000 2000 20000 2000000
1 36811 6205
1 816834 12397
1 1059690 13970
1 409245 7822
1 870648 1849
2 1936683 18420
1 1163426 19993
1 1856377 14421
2 70588 17652
1 1942454 4018
1 1472022 10961
2 834698 4415
2 348906 17805
2 238019 19526
1 1864033 14618
2 177806 2584
2 870240 19018
1 200220 224
2 1727728 11710
2 1046160 4814
1 872865 7297
2 1061580 4052
2 1449774 19703
2 1547902 9469
2 233832 9049
2 1384105 19090
1 1971000 8747
2 1053766 14375
1 102309 7182
2 388115 4452
1 1993372 19030
1 1315519 9851
1 1296751 16738
2 1222658 8730
1 243646 15852
2 878265 7053
1 1709228 15752
1 224747 18533
1 1490759 13504
2 603107 14439
2 1827778 14175
2 659753 10632
2 887608 15104
2 223897 7770
1 1592452 5232
2 1635165 12663
1 1381098 2210
2 59856 14242
2 1452788 16498
2 670965 15157
1 822998 9477
1 947132 18755
1 223218 3627
2 404007 12278
1 762944 12554
1 1093743 437
2 1010225 11685
1 296738 9967
2 1001070 1206
1 1853704 17109
1 1831924 17621
1 1986345 13154
2 1370683 11041
2 167558 19244
2 1671508 15730
1 559776 6324
2 623529 6577
2 420461 16810
1 53637 10089
1 1854709 13380
2 504774 12574
2 444101 5081
2 578592 13435
2 1065796 6124
2 129778 12063
2 366016 12111
1 1860091 3936
1 527541 19984
1 264910 14882
1 599539 9364
1 1129220 4612
2 184337 3445
1 1557597 18494
1 4707 905
2 1150381 4667
2 947787 11771
2 1608230 3710
2 1877910 2532
2 1187186 7017
2 1273759 9126
2 1458252 7305
2 1370051 1583
1 695018 3019
2 1542409 19818
1 1675285 17947
1 358991 17282
2 1206418 4323
2 547092 8939
2 868253 15834
2 1749742 8147
2 1807911 13230
2 743198 11557
1 556999 9247
2 930292 12239
2 1415723 3670
1 155270 19172
1 1989566 880
1 1622643 16064
1 585840 17354
1 1963116 4805
2 1262596 19715
2 1588396 10179
2 1347768 3007
2 1218430 10617
2 906961 8527
1 1931626 748
1 772085 560
2 745582 6244
2 1380966 8378
1 1668316 8403
2 856840 15665
2 1872776 9324
1 1758460 13703
2 158183 12730
1 1365037 18137
2 1416628 2634
2 452885 5403
1 1443615 8855
1 204593 5510
1 282390 6362
2 1054710 1238
1 1245441 7655
2 832337 7972
2 531392 10408
1 1188104 14513
2 662391 4360
1 1547836 6802
1 622211 11333
2 1050908 13054
2 1911104 4619
1 113251 5774
1 647677 6198
2 1633165 13428
1 1920745 13077
1 348298 10285
2 1774191 19558
1 1829508 11680
2 326314 8516
2 1467028 12548
1 1397190 4417
1 192549 5571
2 248793 18539
1 1102880 14304
2 937997 11874
2 869724 5444
1 737226 9516
1 1699856 15179
2 1502249 17484
2 512166 6679
2 609610 10358
2 1848310 6608
1 775083 8844
1 1537518 5078
2 258784 14168
2 1923387 12892
1 808532 9250
2 435343 8627
2 1095804 13508
1 1818112 8349
1 857796 2387
1 1576821 1910
1 707262 6802
2 793664 6918
2 697549 12643
1 105467 8880
2 1570718 14181
1 1892569 8685
2 941057 202
2 245813 1310
2 33807 8139
1 1163820 13469
1 888041 12874
2 1577086 933
1 264327 17133
2 550124 1963
2 48288 4294
1 223952 3175
1 1456728 18616
1 624952 15818
2 1523523 12205
1 403945 15843
1 812720 5556
2 218834 4625
2 1749728 3949
2 1086389 7607
2 1571831 4114
2 1718274 15753
1 1250050 18450
2 399634 16621
2 852 9505
1 386427 5671
1 221996 19902
1 1031287 3617
2 937180 17366
2 185821 13737
1 936106 1200
1 1473566 10641
2 1292190 6880
2 98132 1043
1 211313 6291
1 290648 19679
1 1407623 557
1 1728828 15427
1 371036 18308
2 1099340 8712
2 1620961 10583
2 1733455 2456
1 817138 8797
2 389865 5971
2 535333 17418
1 1593327 11203
2 638142 4458
1 1076689 395
1 351451 10056
2 1992792 10856
1 1756161 2196
1 231796 439
1 252659 14550
1 618896 9880
2 761840 14942
2 1295358 12029
2 525436 17138
2 994226 16635
2 1354687 16197
2 1354138 773
2 1187744 15751
2 566275 55
2 454576 6545
1 471738 6311
2 1867520 1707
2 136808 17635
2 101569 15278
2 1517886 9387
1 547483 12612
1 96115 18185
1 1693064 15120
1 120049 4480
2 1700713 5337
1 1835864 4420
1 1432977 1052
2 752165 6724
1 1090681 13329
2 248530 15511
1 225494 14963
2 1792887 10361
2 835947 12372
2 1050905 4279
1 1334063 8729
1 1074689 19760
2 1455679 5970
1 1539888 7701
2 47509 16004
1 1769644 15366
1 1423641 15313
1 1558407 19326
1 1826247 12550
2 1661334 837
2 1696889 10362
1 242938 15263
2 1023142 3058
1 282264 11762
1 183346 19270
1 1764812 12576
1 1110879 8730
1 1148116 13492
1 1181293 10428
1 763852 3856
1 1360658 13108
1 1415138 4083
2 877471 3524
1 951356 14500
1 1963191 8386
2 1260408 8163
1 1395274 3305
1 209211 13684
1 603938 7829
2 750608 12792
2 1984002 1389
1 657885 7917
2 409395 1998
2 716969 10141
1 221520 19343
1 640486 19285
1 1188966 17810
2 1569124 13149
2 1085460 965
2 1079461 920
1 1189041 2075
1 116446 16072
2 820692 8947
2 1153301 3287
2 1750716 16225
2 1787123 6823
1 1100520 8817
1 328559 3922
2 235832 11075
2 996819 9584
1 408256 16413
1 531212 15933
1 430204 5764
2 1278201 8076
2 1652591 2420
1 514609 9372
1 1400756 17671
1 970609 6880
1 1347872 16771
2 435985 18211
2 570308 15657
2 972293 7755
1 1334182 10346
2 1260724 7118
1 722971 11337
1 222565 11656
1 37458 16821
1 1932510 8736
2 109103 593
1 1839913 961
2 1424016 9343
2 413420 5326
2 544174 10343
1 1174909 12165
2 1135714 18647
2 505584 14846
1 1664045 19657
2 653266 9090
2 1130608 15050
1 562296 11437
2 756911 15917
1 1809083 11919
1 369171 19910
1 268829 9927
1 406022 8243
2 1335425 9196
2 1719686 1288
2 1764156 13358
2 1047250 12440
2 627060 3352
1 1937924 17317
1 1883801 18416
2 949950 4604
1 1465914 13271
2 1706967 5672
1 1095828 10662
1 542497 9099
1 604637 9438
2 438414 2140
2 1756318 10805
1 132436 10671
1 1985554 2987
1 1656490 5556
1 410140 17459
2 499192 5971
2 284896 726
2 537003 7137
1 1860903 15384
1 1997232 6951
1 707114 5360
2 429820 18656
1 715871 1533
1 679047 5215
1 440253 1996
2 1547878 5626
2 1423338 18525
2 1781233 9896
2 696327 16092
1 109591 9833
1 994272 18741
1 129328 19246
1 491974 15842
2 395204 69
2 1251447 10865
1 1200402 9447
2 1876689 2021
1 671394 17036
1 36473 6201
1 1539640 13251
1 1631094 9665
1 1946385 14075
1 225276 6072
2 145151 19820
2 1658579 12732
1 1799617 12876
2 546856 10922
1 319970 1948
1 471141 17024
2 1820623 15838
1 1214644 13406
1 1781050 16718
2 1256913 1147
2 1672716 17789
1 1520832 3065
2 1730977 13121
2 1924324 12226
1 196352 13040
2 978706 6931
1 1451239 8553
1 1169347 7080
2 32702 11955
1 387401 544
2 1901490 2872
2 1609114 14082
1 410552 12382
2 485196 4437
2 1713971 4164
2 727465 12044
2 1041746 15614
1 1385379 11326
2 920554 9901
1 1311408 11073
1 1334553 7538
2 1667834 3800
2 1929523 3582
2 700649 811
2 481165 1647
2 1733374 11207
1 126053 9214
1 1086311 7113
2 976828 6429
1 1785867 6540
2 859495 5057
2 818979 16792
1 498254 19414
1 322268 7174
1 1856551 15273
1 1126926 13002
1 1961459 1741
1 193391 11275
2 480739 14441
1 900680 4428
2 255402 2267
1 462597 16577
1 266930 11421
1 687218 19038
2 1892955 19859
2 1277356 6548
2 600435 1615
2 872417 1847
2 831497 8442
2 611843 19709
1 187159 6314
1 1692928 9630
1 1269723 15546
2 929850 3874
2 1882303 2034
1 1900996 15943
2 1381315 10206
2 1392063 199
1 309338 13879
2 83982 12960
1 1503270 3693
2 1802240 3677
2 1714142 6006
1 304590 2396
1 1554253 9666
2 883695 4348
1 207724 1758
2 80911 14043
1 557222 16696
2 997334 14244
2 1093563 1782
2 1391500 18427
1 653834 17319
1 1179193 8847
1 1731436 1649
2 1189939 7664
1 1376866 19654
2 1085316 7340
2 1938946 16109
2 922830 16649
2 1381353 3106
1 232046 255
1 1933679 7195
1 877308 2900
2 997929 6633
1 620375 2756
2 1011279 921
1 726427 14501
2 1069455 17995
2 886010 14945
2 1075245 392
2 1340536 4507
2 1021476 9261
1 1873430 14475
2 1347006 17058
2 1591989 18824
1 841274 9292
1 1139677 18307
2 1366581 2868
2 371495 3857
2 1706837 3781
1 452187 947
2 737139 19456
2 1929890 630
2 724750 3538
1 677394 16379
2 1818835 4155
1 966358 2221
2 1589011 12999
1 452194 6671
1 1905435 1327
1 56407 18929
2 1101757 3376
1 472990 16613
1 1630865 9119
1 1736749 6755
1 436798 19154
2 1254373 1182
2 808273 17556
2 1607867 12506
1 1339872 19927
2 894633 17483
1 501384 2723
2 235097 4903
1 640835 10187
1 1214764 17993
2 1728313 15356
2 1843784 7539
1 1373201 9270
2 1831438 6685
1 9289 13498
1 1408417 8441
2 759727 11964
2 1062160 6373
1 1731274 7069
1 1541097 3449
1 224884 16657
1 1296530 11033
1 1413145 6990
1 1995735 17125
2 500239 3264
1 821825 13248
2 1500867 16553
2 1413299 13466
1 1083071 6969
1 1495683 8311
1 1459925 16656
1 1063424 17355
2 54188 18852
1 225738 13754
1 837452 667
1 445308 13850
1 1668665 16328
2 900963 8571
2 1582569 4605
1 1018975 7769
1 1876928 15583
1 1163273 856
2 1495873 16316
2 536525 16984
1 80599 14401
1 219042 3788
1 1295350 12016
2 639849 8816
2 421883 19370
1 1359653 6078
2 1042994 13580
2 1368332 13795
2 510079 14827
2 1481334 18978
1 1639945 11797
1 952775 10128
2 1474642 6893
2 1414513 12641
2 469213 18950
2 549681 13259
1 87385 5071
2 1248182 18274
1 1039198 3074
2 1172453 9701
1 539893 4062
1 1788617 14714
1 254426 9351
1 776626 1519
2 1674388 13184
2 1162280 17104
2 1877832 12148
1 1576402 12264
2 207241 16137
1 784746 14396
1 1726150 19716
1 1144142 18162
2 1084034 19033
2 1582036 18559
2 273636 3758
2 1016070 16357
2 1465891 9203
1 1552998 1087
2 528822 8051
2 447992 18192
2 366561 2077
1 1303248 1892
2 1576369 9317
2 167961 13119
1 831398 8777
2 1047106 13351
1 1867583 18202
2 1650190 14710
1 30018 3988
2 371328 8189
2 38926 7212
1 1441525 8902
2 1699052 16186
1 1929480 11565
1 192329 19578
2 1415965 17508
2 8016 270
1 1033933 4320
1 1003084 13809
1 886223 5178
2 1044017 10534
2 190073 1253
1 897833 6289
2 545297 6110
1 514566 822
1 390349 15878
1 340939 15212
2 655639 17864
2 1316611 12409
2 1277788 6973
2 539106 958
1 1034376 11335
1 737849 2646
1 1442836 9300
1 132932 5429
2 181906 11194
2 537495 216
1 518593 5457
1 206223 15408
2 1544093 10589
2 1432496 17804
2 122423 6159
1 1619150 14638
2 1818098 1849
2 1022563 12610
2 768214 1173
2 119684 4238
2 1296763 10661
1 1278868 11907
1 1592320 373
1 1785530 16129
1 1178885 15226
2 1696632 1604
2 899998 12586
2 1480655 5946
1 872888 16429
1 273420 742
2 1302121 14755
2 479933 13861
1 1275339 7217
2 1451262 2278
1 1093076 11172
1 1289866 2412
2 909547 19819
2 1870571 4462
2 1609235 12611
1 1007158 11139
2 540294 17732
2 684799 1470
2 1996222 15855
1 451085 7867
1 270628 13
2 192051 14972
2 1983843 19053
1 1770911 12626
1 1384396 5169
2 1576234 7529
1 1971458 13542
1 1159078 12933
2 1251638 19451
2 492802 278
2 355416 10704
1 1838922 5517
1 479759 3021
2 1569134 7802
1 121545 14458
1 849140 10622
1 1070684 3603
1 835753 13823
2 224317 5109
1 1188359 5518
2 277859 16222
1 1076205 12722
2 1016075 2437
1 1002540 576
1 394254 5227
2 859765 9318
2 998381 336
1 891101 15435
1 1993448 11508
1 1471102 19356
1 1304642 18358
2 57045 18879
2 288122 15425
1 1310513 15653
1 1382800 5485
2 912545 13968
1 99499 5323
1 281758 9308
2 185637 8154
1 1211035 17748
2 1262668 17456
1 1939574 14556
1 1198738 3899
1 1246032 10285
2 1799704 12055
2 805158 5433
2 1707221 7103
2 1239009 19491
2 547631 19547
2 1180767 1003
2 225820 5900
1 167447 19946
2 1970956 16170
2 1402031 11147
1 475127 12062
1 1507138 14158
2 1118326 6539
1 1239500 14949
2 908896 403
2 1975457 4574
1 449848 6584
2 513593 1473
1 1909868 8115
2 426364 19197
1 744638 1532
1 305877 15960
1 543012 13921
1 1406427 5098
1 1179487 1267
2 688135 13667
2 1317234 7949
1 630598 18964
1 1213134 4143
1 1660113 3619
2 119814 5401
1 909378 16071
1 927680 11496
1 111997 6010
2 1351296 18898
1 223236 2635
1 1282879 15732
2 1369061 297
1 419044 12590
2 1989585 467
2 961631 9972
1 465707 11339
1 1742903 2709
1 607136 1485
2 174914 11758
1 10305 17176
2 1212017 15368
2 517920 7751
2 111488 17788
1 243213 13484
2 1769660 5117
1 1527265 13430
2 1053270 13882
2 542976 18405
2 165865 3238
1 1001398 6849
2 1017682 16706
2 274221 18727
2 1684139 16674
2 152691 8920
1 741581 978
1 512159 5216
2 1668153 12491
1 498273 5803
2 442687 5225
1 1797926 8312
1 286670 17930
1 574607 11037
2 1930592 17309
1 207591 5380
1 144418 18712
1 956354 17524
2 884982 4395
1 1860099 6823
1 316796 14046
1 520540 10030
2 384827 7453
2 614499 5957
2 363853 5665
2 1038940 954
2 1489304 1874
1 1892673 19383
2 17173 11514
1 892494 4399
1 1583637 6075
2 507137 10977
1 486650 14324
2 778891 14677
2 1898398 2835
1 1991967 16145
2 1867640 11334
2 647403 15888
1 1161375 16315
2 450936 7451
1 1669866 19063
2 1161868 10039
2 423065 4105
2 3066 2246
2 712998 15229
2 285994 1022
1 269705 1733
2 549779 1923
1 417581 3254
2 991532 13107
2 722566 17723
1 342707 17345
2 555527 18971
2 1284807 9074
2 577511 9572
2 1836316 7306
1 296446 14559
2 1847263 5161
2 614244 2876
2 607598 6620
2 382842 17156
1 1057840 7230
2 1144251 8097
2 1749044 787
1 1029150 15757
2 699979 6405
2 1403647 11764
2 130951 19002
1 336314 13492
2 366443 18356
1 1188474 8000
1 316636 2934
1 887428 18571
2 360055 9422
2 1882674 4754
1 1646683 18124
2 1971597 9692
1 1896019 19863
2 246027 7884
2 1058230 2410
2 360370 16436
2 1646256 5847
1 6234 10481
2 261195 13681
1 975916 4150
1 1941672 14217
1 616320 17346
2 1867208 8799
1 915066 5803
1 1352333 433
1 1097543 5958
1 135576 13472
1 1022683 6211
1 980988 16675
1 1274005 8012
1 226453 18463
2 653826 13943
1 154731 13457
1 653343 7374
1 223006 8078
1 819252 17663
1 247962 17224
1 1137252 2570
2 1295730 11831
2 1946475 3272
2 891078 16260
1 991142 417
1 90639 7106
2 1799775 12783
1 1246734 13149
2 345667 16648
2 299228 17038
2 930380 1383
2 139371 16424
1 441678 18499
2 1049572 13907
1 889896 9309
2 1521138 1475
1 414549 13292
2 355596 1067
2 1079348 19588
2 479674 6202
2 94780 5149
1 1897065 15535
1 971509 5181
2 890178 15893
1 1425983 18878
2 34443 16376
1 1574336 6394
2 870326 12407
1 169015 15311
1 1925890 3339
2 1343233 10236
2 681858 17818
1 432172 14343
2 986308 16211
2 1010752 15598
1 27279 18568
2 1297881 895
1 1768870 7381
1 320979 15777
2 285714 11413
1 1738296 3149
2 730247 10938
2 138487 15345
2 736160 8750
2 568481 11770
2 120738 3518
1 288528 13094
2 207936 16263
2 386146 7408
2 1050103 4846
2 1919593 11708
2 1978305 9894
1 1078182 6655
2 1719895 1380
1 1762277 17361
2 550328 9490
1 671552 16677
1 325237 16938
1 1940121 11611
2 1410905 8868
1 55180 18364
2 992766 10257
2 1619401 13502
2 365502 10166
2 1401391 15477
2 227698 8942
1 1796209 11003
2 312724 10660
1 1582415 15365
1 461208 4270
1 549602 13743
2 3495 8870
1 447387 11
2 210083 12588
1 1552680 9084
2 368682 3632
2 1172583 12767
1 108005 2558
2 690080 11522
2 711141 7730
1 1455998 10361
2 1392500 16682
2 649681 14323
2 280079 6303
1 1291885 19716
2 1595247 15054
1 1867072 13648
1 1111100 16643
1 1200454 2166
2 1724586 9719
1 321917 7303
1 935647 5420
2 733712 19652
2 841597 16985
1 1227570 17219
1 102876 15857
2 1558948 12807
1 1369270 3681
2 852550 14612
2 1403736 12816
1 1535041 16030
1 1457459 13942
1 846850 15996
1 538435 10180
1 298834 8210
1 458521 9241
2 1258931 10005
1 1016116 1671
2 1759741 1502
1 1081236 15566
1 1892059 7671
2 82972 5900
1 372667 11232
1 640060 525
1 213101 15269
1 1002040 15615
1 129742 2708
2 577827 10414
2 1631255 7044
1 973305 15443
2 1368868 16803
2 966421 7019
2 1426804 6078
2 455619 7625
2 857586 16588
1 1515553 2798
1 540381 7326
2 1780957 14862
1 1075686 7811
2 59849 19785
1 1403947 9109
1 20522 11963
2 316755 1133
2 1159976 17506
2 1297705 16820
2 936450 16182
2 1645514 1514
2 1865278 3926
1 122591 338
1 1695324 6324
1 1932833 2539
1 466546 9565
1 905336 14583
2 521470 16522
1 1624802 12082
1 1654198 14238
1 1964463 13881
2 63488 17401
2 438655 10313
1 1419161 11504
1 340590 16351
1 1543803 16925
2 1689869 19389
2 1472757 17788
1 1406076 5089
2 1278951 6407
1 1674103 15491
2 30066 6112
2 1658845 16925
2 138253 7294
2 433064 3648
1 1014454 8971
2 1063014 17098
1 1689163 5541
2 1083853 431
1 1927861 13870
2 806534 17283
2 1903237 18072
2 481351 242
2 861624 4796
1 1971999 7772
2 1127928 10985
2 1180422 62
2 656745 9827
2 118453 11269
1 1549022 11877
1 206080 15352
2 1927114 4406
2 87441 18930
2 1394788 7654
2 45894 14865
1 133304 10952
1 529485 13884
2 1763879 655
2 133538 19518
1 1309957 14002
2 849996 2746
2 1122011 12978
1 1745809 462
1 337681 12336
1 1364438 2245
1 1292926 1132
2 873608 18083
2 765639 10983
1 379226 7186
2 1829660 10604
1 519092 8710
2 1429848 14348
2 299894 4799
1 533595 14966
2 810235 19931
2 588116 5270
2 893892 9128
2 719476 18455
1 885480 3719
1 716972 15886
1 1041016 9384
1 394976 9409
1 1865497 19190
2 745416 9795
1 139398 13375
1 1742742 14498
2 1135770 1325
2 1389196 11499
1 1707721 2896
1 1899753 8359
1 528775 13063
1 763431 11802
2 500437 8021
1 1226276 713
2 1090388 14336
1 1991994 8006
1 811057 11782
2 1833986 9957
1 1531559 12311
1 648083 18619
1 1652197 8830
2 491459 7264
2 1249735 7412
1 1687017 7860
1 1363448 12627
1 1271595 6226
2 1104996 1998
2 609033 3265
2 691193 4205
2 355230 18521
2 611717 4561
1 695359 7020
1 1653471 12927
1 52853 16515
1 985687 2220
1 674485 7208
2 1781146 9721
1 1476146 183
2 937688 18859
2 1013440 13157
1 1777056 888
2 1408281 4498
2 1215044 17465
2 1458100 11922
2 40328 4010
2 1963520 19341
2 104716 1186
1 870495 703
1 134876 5704
2 886112 9921
2 76615 19078
1 1310837 17228
1 1811963 6161
2 558089 7161
1 443998 5773
2 1282259 17793
2 120465 19295
2 1201345 11029
1 940949 5927
2 1696726 16718
1 273418 13145
1 241683 17704
1 1337427 6536
2 247146 6174
1 319257 8460
1 1872097 6821
2 1956071 16730
1 761227 4199
1 514435 19592
1 650639 4457
1 1973032 2787
1 1373141 12656
2 1220982 9863
1 1887719 11675
1 1566836 6854
1 933702 14532
1 1295175 2383
2 47182 4704
1 392895 17640
2 208331 11347
2 89596 5380
2 651180 11786
2 1935720 1251
1 1038871 9042
2 1516554 3612
1 373447 16023
2 983423 3443
2 1066377 7227
1 1169172 4672
2 265128 3345
2 860256 11935
2 1779330 15548
1 1705302 2411
2 629301 14941
1 1029558 17735
2 1122198 5753
1 1636201 16190
2 507901 5735
1 935524 15045
2 1154680 12824
1 883205 16390
2 1659351 6842
1 48605 10724
2 1955965 4244
2 1500198 7519
1 202294 12517
1 322808 2645
1 1084299 3849
1 685877 8302
2 1303277 14525
2 349253 12069
1 621493 15258
2 1215002 8311
1 226313 6763
2 404792 17794
1 1537526 9474
1 1360700 6917
1 1192692 12375
1 440016 13654
2 1546422 18258
1 388244 18530
2 1468687 8965
2 1537405 17819
1 1422030 9786
2 551029 7470
1 635032 18782
1 1940884 8961
1 540052 15485
2 796380 11986
1 1444231 4315
1 339475 8194
2 1898014 14949
2 491174 10828
1 1562371 6757
2 729465 9278
2 1232307 5728
1 461515 904
1 839905 16169
1 899576 11494
1 1994749 6352
1 1053153 17951
1 1892344 4202
1 1451263 10848
2 105528 14044
2 604198 6221
1 1969504 10687
2 409592 4173
1 1110747 5362
2 1900109 10630
1 1636157 6720
2 1385926 8646
2 1565284 2024
2 818313 4433
1 953591 9365
2 1674436 19302
1 883161 16230
1 106859 2494
2 918517 13761
1 347859 6094
1 1499073 12080
1 1940407 12457
2 1640325 12607
2 1502011 16730
1 1667130 19113
2 1942914 7796
2 1992807 4880
1 49395 4529
1 1131438 14846
2 1190790 17638
1 1220636 18682
1 1869596 8114
2 390740 17405
2 560531 19085
1 718032 19480
1 658671 12486
1 514405 15446
2 1540958 5313
1 1057990 11390
1 1037614 15115
1 1585382 5013
1 408946 14066
2 185611 8267
2 371883 19815
2 850691 5639
2 1559817 6903
1 548489 9909
1 122477 5284
1 1491902 18151
2 1531245 4636
1 1677013 17156
2 808484 2479
2 1672633 8813
1 1409742 13749
2 433295 6327
2 1465610 8633
1 968548 4448
2 1737749 3332
1 1728300 14452
2 1292130 7779
2 1776718 14609
1 1494820 12957
1 1185085 13343
2 941658 9571
1 999270 13260
2 1820203 2276
2 117137 9972
1 1300901 2499
1 1186741 3575
1 1097327 19127
1 1416578 10151
1 1601425 17179
2 1707388 16696
2 542828 6651
2 344092 5200
1 661146 4998
2 188892 3960
1 852385 319
2 208576 13971
2 351407 7798
1 1971589 18951
2 1226263 10786
2 1400703 5239
1 902989 2824
1 276051 14117
2 612256 10766
1 1146408 6465
2 1114105 9297
1 489208 4725
1 442194 9674
1 1386639 3700
1 1236272 313
1 562451 5909
1 51894 4315
2 1332875 8306
1 1107637 2902
1 1673026 14987
1 455889 18943
1 428448 15667
2 1306909 774
2 1755408 6691
1 1831802 18445
1 774146 907
1 626862 7933
2 902413 2129
1 1935493 1682
2 1222625 14419
1 1371526 13495
2 763944 1098
2 643898 7029
1 1773099 11169
1 1414056 8813
1 1844368 19196
1 1919073 14488
2 440966 919
2 371651 13140
2 907560 3243
2 871672 14603
1 23086 1403
2 1546504 19462
1 296839 18525
1 1313498 9199
1 1320577 13654
1 614818 13486
2 222841 15699
2 385518 15520
1 1432447 7704
1 257209 11350
2 41112 10868
2 916149 13827
1 1157600 2776
1 1051630 5333
2 842104 10712
1 81862 4925
1 344419 18477
1 545851 10532
1 715162 11805
2 1402969 685
2 357000 17658
2 1696888 9941
2 352452 19842
1 1009201 11802
2 655920 12661
1 768901 7613
2 1140913 17446
1 1670941 14098
1 1267246 5556
1 182770 6222
2 947996 2148
2 1186947 873
1 1064220 1343
2 1123991 1593
1 1341634 15636
1 979489 1922
1 815333 5501
1 658607 4409
2 423608 10257
2 126503 19949
2 1972352 9554
1 1970974 5850
1 1784585 2712
2 674948 12774
2 1913362 2126
2 1931095 10146
1 141113 387
1 571703 3870
1 1900266 956
2 664275 1002
1 307029 4256
1 332683 1623
2 237426 16607
1 672721 15260
1 641845 7312
2 1419740 13240
1 935856 10316
1 578124 4520
1 199016 15928
1 521280 2628
2 58077 1080
2 1792757 10895
2 1613084 15864
2 1174248 19520
1 247734 12942
1 869765 8819
2 644554 19983
1 50472 4431
1 243045 9221
1 1800655 5353
1 987066 4526
1 1946809 19805
1 1099376 19907
1 1644278 1318
1 593525 1179
1 735926 9369
2 1973620 10484
1 495686 8228
1 796086 16919
1 1889361 2936
2 447399 7069
2 741802 7102
2 1369018 3116
1 1629084 2887
1 1126758 8021
1 585921 16117
1 500615 3549
1 1494595 11596
2 856384 2168
2 47405 10752
1 178642 18787
2 62238 11535
1 1418230 428
2 1006883 167
1 1576723 17999
1 108782 14086
2 271882 9834
1 1485735 16545
1 353891 17534
2 115892 9796
1 487454 13225
2 1229827 8392
1 621748 1181
1 494548 16062
2 546478 3399
1 920939 3856
2 790265 5556
1 1279581 11173
1 1320658 12583
2 1034601 13020
1 1185425 15608
2 812709 11260
1 414151 19286
2 234486 9301
1 52871 1057
1 1749215 8952
1 1206160 1986
1 1186487 10982
1 1699016 19530
2 823390 5801
2 127853 1734
2 890919 995
2 1297047 6441
1 977953 17456
2 965085 17569
1 1245062 19793
2 1315877 12493
2 53060 2407
2 1550595 8937
1 762006 7567
1 1091845 16583
1 1470384 14489
1 391539 3669
2 1935851 6039
2 1965722 17834
2 1369748 17491
1 384580 15611
1 852494 10150
1 771482 17100
2 742959 13320
1 702733 11593
2 18078 9334
2 402961 16190
2 1402711 7443
2 1560962 7297
1 1736809 4242
1 1220426 10569
2 1155422 12316
2 1684525 14101
1 1521110 14510
1 1703540 19557
1 630363 17762
1 1271942 10421
2 1470053 701
2 1866325 14199
1 1840923 11990
1 1586521 13096
1 1637167 3114
1 53034 2381
1 1531050 17066
1 67773 10270
1 815270 10302
2 1044115 15275
1 1964212 7298
1 788719 7047
1 637703 5128
2 991151 9081
1 787609 2032
2 1090469 13902
1 1646258 3224
1 1940563 17375
1 1403463 6949
1 1818443 2625
2 1858676 10059
1 268211 19072
1 1774265 12010
2 276541 16824
1 1552125 7361
1 418509 9929
1 1860926 14393
1 1348741 3202
2 1778622 4844
1 1226910 12372
1 436911 12631
1 993400 952
1 1006561 14638
1 1756972 11852
1 1160250 7499
2 1405139 12719
2 1580332 7721
1 1094903 5152
2 1001303 7863
1 215479 13226
1 27116 11741
1 1871296 16545
1 1489789 347
1 1411688 6648
1 986618 15727
2 706114 7670
1 582596 10330
2 563739 8047
2 1194235 9079
2 135678 6854
2 1483038 9345
2 1986930 9351
2 474041 15213
2 1000687 7786
1 149714 18027
2 660419 12080
1 813791 19207
1 1623531 16724
1 1653535 7743
1 1094175 2852
2 341668 13837
2 1562701 12856
2 1817070 16788
2 618190 3047
2 1765577 8763
2 654332 14900
2 1718280 1135
2 1204404 9262
2 1619084 9928
1 850182 10578
2 1973832 3776
2 1588586 7931
1 411140 16398
1 55615 14981
2 600899 12616
1 1981485 10891
1 1921159 1636
1 1031460 18875
1 572217 2197
2 1729641 326
2 243232 943
2 1000430 5948
1 85878 9459
2 171379 18691
2 1916336 16203
2 49773 4443
1 94386 18437
2 578138 1476
1 318928 12499
1 1398760 3432
2 419947 5510
2 1027785 15657
1 1222930 18530
1 1993914 13837
2 162326 11544
1 1083277 1797
2 1048284 2401
2 744987 13777
1 1479453 8245
1 400368 7556
2 1983061 12604
1 524280 11593
2 579043 13022
1 1397609 14285
2 1728820 2811
2 1864165 8176
2 93206 10479
2 751889 587
2 1823609 16833
1 39210 18571
1 527478 14608
1 1414891 9293
2 1780754 6597
1 264336 1099
1 242168 172
2 1911378 6487
1 1696028 1479
1 1641487 15634
2 1521638 5249
1 607859 6946
2 1361004 1211
1 274894 2538
2 701296 3728
1 1345639 14153
2 915711 2881
1 1155372 7380
2 211974 3546
2 1069052 17008
1 1210319 5037
1 1868454 5761
1 1405955 1303
1 1647172 14183
2 1580300 19379
1 476691 7642
2 255073 18586
2 337049 3535
2 994183 1984
2 1734882 17919
1 1824809 1818
1 1165150 10076
1 1329217 12675
2 754990 12516
2 1287846 226
2 1943279 2089
1 785631 753
2 501012 494
1 1950739 15184
2 64698 3255
1 1728579 14964
2 1413904 17484
1 1457880 13165
1 1312770 17522
2 96511 11002
2 499620 18177
1 119038 6387
1 1208549 10787
1 1310869 5402
2 34179 4339
2 1891269 18985
1 678098 4564
1 558487 13539
2 1712884 2447
1 40654 3494
2 420081 788
1 1484835 4655
2 682788 10004
2 257255 11039
1 1325593 12952
1 1939017 5901
2 1988276 9918
1 1337198 8803
2 1333251 17727
1 731154 18067
2 1082616 16935
1 569529 1409
1 1674345 10013
2 1941634 16184
2 1166886 18366
1 1283005 4606
2 1828829 15450
2 1463546 5780
2 83192 2992
1 1077130 6373
2 115018 14671
2 1909219 14892
2 1757136 11843
2 607358 11671
2 1412694 4634
1 914532 10259
2 135761 2163
1 111699 8404
1 233310 5231
2 640408 15239
2 229202 176
1 1671683 19427
1 1616977 17667
2 381863 8379
2 1457211 19268
2 1806403 8946
2 735565 9025
1 1270693 1621
2 1643 3353
1 1162208 726
2 473594 13330
1 1726158 7347
1 1142847 14745
1 1989578 15552
1 665379 13403
2 917857 18334
1 1165980 15279
1 1570522 11651
2 1519170 16378
1 499535 641
1 1186617 3291
2 1822362 19094
1 531028 9609
1 470842 7729
2 1237412 5922
1 559258 8119
1 441588 7338
1 159554 10568
1 1991550 7530
1 965966 8696
1 1012689 18695
2 1933404 18211
1 1094990 16860
1 177349 4798
2 1221695 3943
2 450816 15765
1 1100956 8874
1 1252675 15393
2 1722684 3995
1 1387099 2639
2 162444 8974
2 312720 12503
2 46565 6267
1 1341333 13204
1 1507623 18786
2 9357 2011
2 1869778 5988
2 179089 10845
1 1603332 15556
1 34220 15324
2 1469632 18709
2 1393304 16612
1 1688795 5272
1 825755 11576
1 78656 17859
2 1766060 2802
2 1238877 8055
1 1403997 3553
2 751159 8853
1 616518 15907
1 1561615 1191
1 223593 4533
1 1554117 11939
2 1794428 9037
1 1985519 5736
2 625032 12465
2 966894 10312
1 1673974 15356
1 949931 19856
2 978110 2609
2 1803461 11051
2 287300 5617
2 403603 3012
1 611025 1572
2 524 16783
2 543512 708
2 629480 12354
2 761684 18526
2 1698633 17465
1 715152 7182
1 1613166 19389
2 880516 8341
2 1339175 16147
1 705396 2338
2 206629 10582
1 581138 18071
1 1725422 10414
1 1142242 15107
2 541603 1029
2 488351 8577
1 1103187 13486
1 1379622 15312
1 3529 14456
1 1344431 9576
1 1820091 10715
1 862080 16802
1 161668 9480
2 52336 5267
2 755017 13839
2 859376 2082
1 1399621 6201
1 1157838 18941
2 573796 18253
2 916082 15362
2 518449 11398
1 1160743 4447
2 413321 14388
1 471671 3553
2 317158 1643
1 113092 760
1 1860245 7762
1 1914585 6392
2 1107416 1223
1 304222 15137
2 1361066 8254
1 121068 3648
2 1125892 1071
2 1769566 19664
1 1671178 17791
1 281335 10840
2 1636556 19582
2 133589 16826
2 193151 2583
1 1093598 10388
2 937246 1031
2 385490 15741
2 1266195 12981
1 350480 1917
1 359746 5299
2 646883 18536
1 860070 825
2 468462 19485
1 1969344 17783
1 1910111 15896
2 442818 6099
1 1078337 14498
2 752654 13439
1 1287660 11511
2 219014 5208
1 1336933 10728
1 700367 19803
2 765620 14683
1 221622 17339
1 1343404 5268
2 216157 13371
2 1163777 5483
1 1880116 13765
2 482472 5797
2 1575388 3332
1 66397 15780
2 850097 5078
2 119598 7680
2 1363337 16842
2 1407932 8124
2 863284 455
2 1761508 17871
2 1072412 3042
1 1582856 11384
1 1966030 9500
2 1309699 10322
2 1791602 3245
2 1469907 12432
1 1415052 19828
1 739115 2850
2 1745617 9639
2 767799 18337
1 680868 2462
1 1969217 188
2 1406730 17127
1 1940220 16480
1 1038332 7632
2 1470561 8836
2 783748 335
2 1026764 13767
1 1335765 722
1 91043 11175
1 969169 4642
1 1782238 16553
1 1311989 6323
2 1682782 4253
1 1516524 8573
2 381080 10239
1 1459214 11345
2 1366432 14304
2 1051923 3981
1 257434 2783
1 159497 8836
1 1833997 3773
2 1490082 4112
1 299573 5494
1 1941618 13154
2 1029518 8516
2 920375 4745
2 768215 15320
1 1045027 1583
2 459981 16855
2 1026912 11358
1 1882693 6119
2 889650 4287
1 1978416 10757
2 859118 15771
2 1629458 10317
2 256864 19458
1 1199047 17437
2 61007 2366
2 1148516 10895
2 384798 9115
1 1754293 12454
2 1092167 6939
2 511958 8065
2 1171575 11364
1 459411 1642
1 921871 11746
1 1087390 15875
2 867552 18206
1 1865102 16335
2 1359212 16683
1 932104 12497
1 1617266 6095
2 1885437 10910
2 1903105 8409
2 1665003 11981
1 223873 1638
2 616153 1715
2 1100029 19028
2 1578165 11281
1 587800 11052
2 1766146 9870
2 632041 16553
1 1670364 9640
1 1526741 11850
2 1676939 2961
1 650878 13269
2 1365176 11031
2 72986 6010
2 960664 3139
2 1404998 18320
1 180939 14545
1 449994 5834
1 1169529 15314
2 101793 13664
2 170274 2998
2 1173667 16832
1 348910 6713
1 506215 9975
2 408208 5660
1 1327225 17797
2 1679125 19821
2 694234 17183
2 1641693 9310
2 1480673 15652
2 872701 5275
2 570767 9517
1 674378 16599
2 1652222 8864
2 1731722 5945
2 866145 15952
2 468757 8870
2 1558256 5431
2 165017 1988
2 846045 16983
2 633286 18835
2 1509848 12886
1 26 18412
1 1791536 10956
1 1589507 7078
1 199689 14739
1 629225 7394
2 702402 17401
2 838475 15574
2 891166 10019
2 258800 17069
2 1295780 14287
2 820957 11108
2 651832 2552
1 67983 12820
2 1767779 15098
2 1845240 17680
2 977219 3019
2 718461 16713
2 1437201 2452
1 347741 18697
1 334220 7470
2 1756496 16130
2 1593704 5902
2 485192 10707
1 1932601 11717
1 818863 19785
1 1549031 19536
1 1562502 3157
1 1767852 17799
1 1356166 19710
1 1555805 5310
2 1926412 14264
1 1056287 54
2 1081755 1097
1 950019 11569
2 1563392 14655
2 1029457 10306
2 1102462 3598
2 838034 9122
1 1574005 9016
2 1244839 8792
2 693660 16978
2 438237 220
1 1407177 7660
1 901201 12089
2 1061861 12468
1 1561547 18829
1 1345587 9981
1 702678 6993
2 655386 11821
2 62276 5490
2 851812 2185
2 1344824 2464
1 1507386 16618
2 1212501 3577
2 984400 14009
2 1003386 5301
2 944026 3006
2 713603 5573
1990715 11437 479534 12311
146869 13015 445754 6151
1237101 13510 1525694 15453
1941688 17649 253944 6539
1153327 10220 1611415 11429
452633 15673 844005 7401
1188041 17656 87485 5392
774344 14351 1861093 8777
856390 6996 340340 3026
1115490 301 194424 7595
894321 2561 823951 18356
1308821 18786 1494269 197
296538 19859 575247 640
300108 15241 1157751 6827
140153 538 1849443 10412
627791 14596 1056705 2582
406533 18880 899789 8226
57167 1503 714180 14726
190768 17678 1810656 12463
760720 13258 102638 9729
282320 14225 706782 9710
601602 7774 440257 15636
722535 5159 802738 15616
860571 3209 286500 9624
1663819 18979 1696793 16429
1007013 10284 377887 15779
1126702 13076 1170602 7378
1835885 5294 923479 6736
1870948 10188 606980 8644
102014 9351 42303 7033
584546 1271 15880 6595
135838 14963 836698 16797
333047 12707 1296063 7311
1185635 16025 585701 12448
1197667 906 985414 2559
1939003 2596 1102486 3593
1370754 19501 1781692 979
1572334 6751 921591 18186
1454721 12958 1263368 15858
36656 16720 838293 13277
958427 8978 685126 14584
1034295 10883 874065 17668
595957 12905 84544 12471
1909195 12862 1024562 1342
1986463 2174 1063978 2543
1915118 2459 1595682 3149
1195454 7020 1401935 1726
1011822 5283 670180 13849
1491255 2629 1925447 11201
1973303 13630 763670 15769
262434 4747 999598 11294
352120 7761 790430 13355
1085936 10046 1061947 4447
992371 1182 857535 14436
1014185 1831 1394356 14363
321632 11079 1922703 17702
1921749 4236 1407982 15539
374818 13691 534179 6768
1975987 2964 752884 6947
291808 17156 498937 11284
971757 18742 1046342 6794
927096 11274 1236693 16102
1234841 7220 1136784 8576
465619 8667 935058 19411
128306 15859 1000247 2347
739673 948 1295020 17911
1977561 7179 281193 15731
1008937 11470 1552254 551
1393421 14064 325364 13602
1403471 7082 588801 9639
725711 18546 698004 9364
12664 19495 727857 7983
1426793 3738 950264 13740
1859863 4943 1100132 1723
1429631 10582 483226 6287
1768438 9160 1596901 19105
1515247 3918 544376 4807
1340299 8063 1056714 19029
570365 13567 253913 5023
421486 1466 1168603 6659
949474 3816 1145538 14296
244864 15816 973054 12492
1702667 660 1447996 13913
469181 3650 766096 14237
1297494 9035 1186410 3317
1453498 3393 482288 14030
296994 12220 1961668 19276
1399687 12110 1560529 18511
857935 12560 1448732 17235
367520 9697 1732981 11283
327557 15454 1550356 7798
1596051 6825 1381677 6544
399319 12528 402438 6992
769408 2029 936593 18298
1690885 17869 1725775 15427
126629 5954 98673 7966
1832440 13146 206959 6361
778278 13060 469567 11738
1775067 17628 124676 4220
517246 10409 163703 10511
293749 2637 803402 9715
1662366 8446 1664972 13839
1196047 12421 1481679 3538
822781 5078 441742 11807
587454 8278 1564936 13128
358500 1417 1334613 18183
964865 6019 293272 87
1402445 5867 684525 14170
1337548 8189 1454965 12485
1635069 18112 353042 8390
1073270 4456 102285 6446
1322794 4593 1585218 384
1831778 4262 1347512 6503
1446465 13799 207636 1305
320976 12897 68047 8518
1922219 6229 1737362 2120
866290 15543 590959 16941
1608212 12950 29010 13061
1801090 2670 1945111 7801
1921607 7023 1064425 12887
537910 17579 1018395 9140
445956 4111 1158522 7330
1172654 9662 178034 12449
1251370 17592 1429458 17766
858258 18006 816059 4519
1526839 6595 1622979 13753
873130 2211 1936835 13324
1722431 15557 1747570 2909
949397 19292 580484 15697
1273260 7049 1088894 6131
653861 8506 1874320 369
298987 146 306433 662
122718 4884 658479 18180
946955 7292 1098252 6567
556194 9155 947388 9532
406421 19914 210312 5647
385817 4917 1335622 18967
1195104 9268 157506 15137
465232 19973 704053 9468
1105410 8877 1158524 8376
1208944 9978 353678 14063
1655572 19820 955355 3385
218218 18425 1489770 7696
375979 1155 367045 4888
207238 7360 1596130 7860
154861 7039 1377198 276
1644495 11284 1321008 3270
962785 13507 106785 2400
331871 497 207966 7894
528948 2847 1149413 3717
938777 16670 1469422 14933
1666626 13381 74086 9857
1824795 2841 1766682 13179
635390 5887 1184852 3410
1455510 15837 901559 19213
703085 8001 185064 11743
1079632 18668 54550 5793
1270561 446 281753 1223
1571425 16133 1731782 9573
615946 15472 1271885 7991
733585 12450 1786715 7927
514579 18045 461099 14088
370056 1048 1194376 7211
1509265 3632 1516647 13633
1448561 1886 1071289 5620
1103843 2251 1567072 8749
379854 19776 1824382 13529
1252688 421 102234 1974
419081 14430 319173 17819
380017 5750 1334770 12360
106808 13139 635802 10284
397087 12498 669222 18840
35986 5938 833031 13268
1759817 629 276568 5120
1810481 5122 1746507 2587
459081 14473 572464 7439
495672 3547 1848132 15504
1250575 14891 1676691 382
120462 18926 1337117 4901
461920 17351 1262645 15805
1761532 5440 1750766 15766
1160308 8547 552348 372
980770 17880 1397817 2137
561584 17580 1734002 9723
1517645 16716 1259550 606
1798233 2151 37780 15480
1129511 2900 174893 4820
922118 18402 1265484 12441
89127 679 702511 12884
892312 9904 407196 13895
1695828 4732 242813 14144
1338788 12853 305992 19516
448955 9444 266069 17281
1801401 14334 1558261 17364
1882906 17323 1370594 10535
224181 8899 1112767 13576
1660442 7919 1915391 3026
1165320 8554 1507557 19352
379887 5900 38824 11438
1300798 7526 188151 15686
1401206 5669 1998819 12400
29168 3402 1036975 18494
558991 14905 952962 3469
1679978 17343 944700 9361
865163 17958 1261891 8690
273716 2624 1790655 16152
641788 16312 1065763 7282
513515 8796 184116 1091
1118997 7821 723393 8406
767559 19174 1872244 16277
886895 11818 1480034 15521
210179 5147 179979 2654
897779 18684 721685 1508
1431514 12687 1553844 5412
1602656 2642 1582836 991
1571415 5940 245058 2300
1063540 18569 46422 11051
1337584 6820 1875296 10203
325918 10810 747570 7134
1236246 2270 1518458 18473
1640776 12539 1607486 15555
538257 4605 669361 6120
1590791 15220 654752 5192
118698 14633 1339457 10561
47673 7831 1266346 7984
718585 5533 493363 17296
1506357 11355 1085571 13979
513809 5375 1296717 15525
40685 6823 331590 8023
1259153 16467 1759806 16827
1330957 11245 1450830 13593
1827225 15664 1726774 17627
216117 13946 1310117 11737
739809 11783 477366 10722
1097259 5257 86931 8709
377347 18585 1729078 7609
426567 3714 183467 8828
10285 10096 949098 13052
1307390 15687 714274 166
1387323 14248 1099378 6740
124347 16112 1074184 4716
1450750 17351 639876 16321
1906562 9298 1462254 16482
1184920 3931 1819813 16115
1994957 1850 44119 14822
1757774 14422 165799 18397
1605182 4707 456565 19228
396697 7752 1735865 5044
1352020 18124 1418553 2973
368634 15493 1760062 11058
1432828 14472 610932 9704
209104 5249 1871197 1557
1328023 5086 1881808 4648
351871 2888 1440089 11693
1292877 16709 1536769 7002
164440 8558 1556048 15873
1777964 4021 1113481 4300
379774 10709 742888 16663
48731 17068 677642 2585
985435 17308 497994 17028
916043 13238 1695713 2160
1465011 19060 897114 11188
72382 17480 1244681 18545
1289695 9615 480275 10990
72099 13641 1766261 11329
1614198 2671 851663 4611
1121884 4553 1583868 18372
131086 18666 1778660 14080
1126163 4343 450648 15352
1688946 5496 33252 9593
1336577 2100 947567 11912
744133 8003 1838832 2134
1478272 19897 594762 6564
1224300 12724 1521668 10782
793278 8339 619664 9635
1374696 2094 1968061 17943
413537 4920 894579 12505
1726700 12420 302101 2658
1545697 751 1210876 11360
206948 4942 1488897 10611
1592454 12902 1633912 15712
1963751 7087 372001 7557
1281385 19784 1512101 8405
276636 12768 1619 15539
1260084 16340 1824278 19484
646203 12874 1421911 2807
494452 5534 204555 9968
1287271 13160 956861 4996
198855 3773 230986 11552
688536 8611 1163459 14810
372082 19875 1715393 17262
70985 783 1105172 5715
288929 7957 619673 10549
839674 9399 1840862 16825
1191716 6126 311670 5711
1715147 17186 1972542 17669
1898410 5936 328869 10587
1779409 17085 394459 1644
416885 3919 197788 195
155167 3904 313533 11884
933009 19708 1936360 18504
793825 9989 811832 8034
501187 15193 30218 2555
91980 208 1085125 7286
1475142 19977 384726 15486
766673 17934 286429 19342
1951636 2819 298945 16682
1546956 13247 1708609 6837
1421498 2244 771674 10655
269866 6983 995750 14337
1334830 10268 824769 2733
1602094 13156 1516435 6165
58636 4397 1329013 13575
71185 10446 732978 198
1961832 15054 667015 7041
1490365 8918 407550 12528
791292 8750 1126439 6602
477304 18226 1600236 5021
957898 2142 161697 3981
1384111 3799 1385399 4656
571354 9999 670796 6751
1894250 1923 1892454 6780
212883 16796 1074803 12004
1925828 498 750794 4881
1467967 8265 1439545 14568
134517 8114 1973413 5953
1050751 188 1907771 726
1835320 11153 1481449 19901
1727792 15762 101945 16905
270407 2197 1606159 15064
581915 17746 40807 3657
552126 19126 691440 15830
1141973 1715 343506 12311
1826679 7944 799225 12748
1877920 1179 1540232 16026
1370423 19004 1801668 5178
1538409 9319 674805 19592
1250801 16941 936126 2308
892886 18072 303022 11708
1271461 1968 998572 13400
1607601 18936 558986 2005
1930324 7574 1241353 7301
709831 8599 854242 4016
1349371 11477 1697127 15822
1152792 8285 1967896 27
1138976 13215 315753 12316
673418 19696 1907679 9857
443294 125 1941630 17237
54598 3976 1670428 11789
651953 7551 947503 2156
148187 1665 1284097 16512
786824 11640 1803009 1051
1139561 6825 810698 1992
1473351 9783 1926027 2666
86862 16579 1323744 8828
1398931 16149 1574846 551
1173499 5365 1428819 8177
1689115 15442 1725993 16205
627607 8554 366196 18524
1382674 12562 1809423 3766
857940 4152 964244 10611
845818 10077 1557945 2853
1926812 1675 1445605 11715
705494 18492 1594456 13175
1962375 4135 158652 19100
1666658 2837 1160156 1744
1279828 4859 1727799 13090
1242114 7525 400495 5601
977849 16687 4805 16659
1320212 464 1234923 16747
1080262 12489 1038877 18781
1365147 7315 1530222 6754
70100 16918 1341790 6246
1778847 18974 590064 4207
422873 2969 654949 10184
449319 18537 330670 18587
1454160 12001 19222 16822
510366 5190 782549 1737
197968 6828 1887699 14948
953934 8211 1952713 1048
479803 2899 1175739 9088
1061025 4367 1808821 10107
378537 10064 482763 7052
1148221 6879 983111 18341
1464588 584 1026981 4315
1369257 75 484955 19682
380004 19610 1632977 8863
1491785 14232 1637640 10112
923622 14125 870534 12538
1014959 4518 517661 6463
220992 12321 1194881 4176
1121443 7383 982307 14836
174601 9870 381244 16796
1475577 4146 1260806 8565
753751 5988 988789 19815
1461859 13286 1846188 15523
627210 716 603422 2432
1822941 2507 1400934 7251
1999500 14075 1688630 9426
1355901 19366 1347257 12047
818527 12070 1927745 5880
771098 14802 1410531 12463
19762 16310 424197 4541
1720299 4141 928750 19281
1664344 12857 1236816 5026
755124 7219 1359189 12689
1477911 11132 589495 12287
1716356 7017 11334 12615
259730 17984 998148 16897
1445543 10187 1772735 6031
1351908 729 1257794 7014
815786 11469 1629883 16604
343937 18592 783256 12732
999366 15696 1644232 7988
928640 9415 225066 18490
843121 19075 1565039 9511
643635 10159 640950 2165
1414543 15386 1499942 13623
7427 8438 632536 6953
756753 12614 43529 3280
1667138 9381 1176061 10415
615244 2471 888970 18784
105 6501 1379844 8272
1977412 9505 19408 16521
1825566 2680 1678825 13236
1761683 9711 1590095 14703
110841 13263 1493997 15554
826072 13881 709197 19791
356659 1090 1309666 704
263425 5091 972006 1393
334981 4841 1183955 6595
1571143 18516 213946 11027
1534319 15480 568301 12427
583244 13575 95607 15835
434475 17260 278129 18150
322445 16384 1375602 1319
552001 10884 1811370 12625
1325329 11557 1707049 6271
180627 7210 1300852 4732
1344920 2420 353238 12839
995414 12067 1074631 3297
284168 19790 1773791 19557
914133 2841 4226 6687
293302 19680 1513212 13033
1508391 15875 18645 13686
546223 9463 867503 19214
901179 8527 1331551 13225
1720487 8223 729433 17905
289449 6104 765022 12919
1228967 2434 869108 5454
390702 7797 1023366 12478
218019 4833 1678946 9539
1409853 6432 239211 14153
570716 18858 412556 7878
1482988 14549 802611 8104
1315048 11562 726764 8396
95053 535 198188 11763
1731159 13810 1977530 8104
447343 4104 578325 12614
130777 14455 710374 5473
1757946 963 1552670 11993
1396593 8464 745550 11319
1900081 4495 1887387 17066
1685871 14843 1027702 1544
1898158 3672 1936024 9321
120360 18272 1475421 6234
398370 3635 87942 15984
40477 1216 569763 862
1438770 17522 1210390 17045
32787 11487 793101 13052
899223 13358 368323 9195
270218 11357 894070 1064
1346904 1160 1252363 29
1190107 2842 1532176 14507
1756241 5796 1662228 13359
948993 2616 1575664 549
851068 9998 274690 9631
1065031 12712 1997203 18328
302072 6054 1794978 5223
1130949 5896 1554186 12880
812502 90 604439 1991
145220 14811 1149217 10229
765179 15678 358526 3910
1005775 6038 1272302 16100
382550 13480 1457585 4332
182495 12043 1631378 1396
1536321 17907 484075 6270
1161092 2585 62520 5399
1765268 19038 1353949 11097
1316530 11096 25219 14918
990239 14151 928218 19207
1596327 15131 972106 590
1683299 8243 1873837 4252
963989 3294 1290486 3541
14915 11159 1401596 9186
1374712 9275 1162907 1596
75154 8390 1909883 3779
1142819 14124 1757929 8178
120503 17970 934595 9659
371726 2210 440581 18378
1422933 397 1157919 16813
1352321 4071 238320 13626
629239 18019 1604472 5450
1252355 18773 661193 2974
1744904 6536 1225278 18374
1742894 6047 40829 10519
1690143 18018 1564913 16463
49083 9738 60556 7744
1957609 17276 177088 1831
120514 2585 370654 7505
309311 15015 1760912 1353
1012010 11365 1742692 14219
1605987 14860 292122 9817
415590 14152 922313 19791
1595704 6779 772039 2052
1484329 5584 574732 18134
710697 2131 1862055 7505
194298 14331 361823 8076
1031638 5155 1468338 14574
1928568 10515 759651 14420
1147620 26 1172547 3382
464407 41 528361 12037
892230 13904 1114927 1960
1508495 11208 511573 6041
802467 4900 1833285 10189
1639162 13270 1306563 10624
1707660 421 543615 9867
1618267 1118 149327 19764
463106 10609 360624 8656
1990801 10856 1576608 13022
653036 605 1943493 10318
777801 8907 1803311 2833
1263256 3500 183496 11353
677421 6025 634122 11576
144661 4131 1281343 2936
707530 16968 1817717 9371
1160963 8793 1969824 1877
1085343 3801 918789 16780
1197501 16330 1733541 6294
113543 11006 1911712 13523
1850763 7468 1749174 8200
40967 4098 401356 12052
595155 8336 102556 8214
1204245 1374 78892 6213
495398 19245 292430 4763
1171125 9988 1782668 12340
701677 15112 65913 7503
121100 5512 409613 9419
983650 6452 18576 9733
162766 7926 844095 13309
1838013 5182 1118199 3973
870008 7702 15674 3270
1566027 9842 1364656 18724
1847873 17397 1218120 16939
1181316 18985 1795848 14689
1313464 9680 926887 642
1218079 4035 1136399 1755
199352 12032 117415 18945
1309471 15868 524465 4506
980841 6757 225947 18314
172911 17034 957905 11456
1537377 12680 325524 8070
527725 12585 585493 5056
1982595 13230 1466505 6211
623001 19609 230932 6607
240560 19708 1083393 19264
1517277 5969 1459317 18954
59759 9914 762971 1948
1272863 17072 1076585 17053
174176 2098 1645799 6208
1317572 16833 495252 12476
248712 5507 1505829 14230
1025944 18949 1029752 2293
1485659 5034 1599258 55
694091 4915 886650 6252
317660 9135 1536039 19466
1409938 10858 118069 430
420341 11233 108350 891
1108547 3775 782393 19567
1636469 18062 871439 12323
1384201 17823 49298 11285
1895290 1668 1438000 12876
1798712 276 708310 1786
966391 17406 1453290 14624
1063183 3462 1472624 18616
1788398 12016 1246046 4676
574137 3577 502936 2249
1637963 9874 1152820 17269
381700 3456 1646107 5826
516792 13862 707912 5202
1955436 18569 1888093 9349
1523685 7635 1425955 12447
371874 15790 733514 17611
729924 4294 1134603 6328
1019458 17072 1516452 5721
1007450 16608 872443 3628
1112389 9131 818133 11927
20483 7194 1338639 16604
545910 6292 1320469 3774
1131385 17038 1845177 15042
539658 1238 1396713 16887
352289 2508 600021 680
223781 12977 588451 5755
954940 15042 1187670 3132
1172581 19687 97592 7778
803694 8566 1999358 9689
552399 3806 115347 15871
1074679 19576 942335 16247
1184985 16809 1548727 5107
1692118 4722 1212909 8772
715938 8286 814015 3422
629760 19556 1532803 362
1955527 12633 89173 3365
236140 9523 1553517 4948
1188904 588 685014 11691
1324007 7821 608249 2603
996097 5211 193270 15868
523352 19149 1652024 167
1946057 9299 957702 1931
1001190 16135 1869821 12559
510648 18775 232799 3899
1750737 1554 522634 10147
115987 15182 1858040 15402
432286 674 1110923 10269
205959 8789 1224664 17370
1623060 6886 96580 14929
727419 17155 1646923 8629
698834 4332 312283 11972
1549029 10890 982055 419
270612 7806 47314 16767
1555389 19684 1122780 11866
724876 13736 1816653 6477
555025 19949 827755 11875
1420205 377 858891 14846
991945 12669 285632 13265
724807 19358 1510665 11646
1371103 17067 714414 8
1397036 2250 249361 4898
1476670 1580 204538 13948
1062665 198 1849884 1121
1678025 13084 1209085 2095
1146668 14539 1122498 1976
1431617 11980 1590868 17227
666604 295 1882115 8035
1161698 760 674596 16168
744838 14976 1117082 8693
202086 2588 1742698 7388
740109 2394 743016 645
541666 17627 177557 18159
105098 1760 1648464 16041
1979909 11995 299823 8716
1575644 9006 1907566 1304
1498759 10585 564891 16446
476203 11309 1679472 6742
485886 19837 410113 4334
720931 16807 1542665 17094
1227145 11065 235918 19983
1527448 19061 869952 11072
647236 8850 178702 10172
1473093 9463 1384755 348
153313 5417 1346455 1119
432347 8288 1680969 1556
1644917 18545 1419434 16240
68379 13942 776536 1229
212368 1048 904531 10034
273478 1953 833910 9733
132228 1868 978076 18209
421280 18300 845427 4124
1401100 15634 661240 10035
1036469 18988 608263 7889
1189876 615 1790199 1205
1517564 19498 276643 17914
1877135 817 1673214 12630
1880420 19627 1948952 16427
1455075 2547 1782576 13202
1747225 16578 507614 8046
207428 5173 1152447 14797
1005930 7395 229975 6754
570896 9967 1101449 4989
1667304 16730 742262 291
1175547 17418 591117 13185
1304251 10162 684548 8212
658282 5233 91995 5204
992292 627 1139027 9943
1910388 5288 1993094 1244
1072647 11470 1816096 18873
1066487 7489 1923117 18012
220122 10921 617734 712
1465369 12316 1799145 4883
1233499 1087 635559 9639
1174092 549 1380025 4534
1047315 19218 1371869 12872
1525137 7551 1677001 8333
1192117 1332 1325891 16444
745428 12393 548103 685
1617397 5855 1093027 19825
617606 8829 1408398 12595
1605735 8434 111041 7068
372400 16235 515375 6765
1964042 17393 611068 2970
996960 8309 285008 9861
219147 1390 1334265 11531
135909 18067 806147 10547
544538 4666 1930507 68
909650 11052 123437 1344
246306 10529 1429823 15228
1430969 9166 1088408 10773
1172023 17265 1387759 9267
523963 7004 956219 5625
1230303 10134 1226395 16841
1437933 1291 1527876 3839
865049 1313 701681 11764
896595 17859 156667 3212
1562875 19997 1069737 1805
1277041 18252 280993 15371
1163871 10173 1699152 11275
1725333 14031 650231 19121
204018 6575 1691765 18395
988096 15426 196490 9494
1243523 10611 1979379 16634
1325571 4659 728607 5604
1349421 18303 923961 9485
831595 17550 1189334 1018
1779567 888 1942913 17765
671825 18606 1309497 5707
4256 5746 7072 5349
1137618 10376 652632 18097
589760 18754 1849482 11603
1966812 6605 1162401 8500
805264 8409 880663 12765
793740 12636 15740 1958
1881433 16644 1804086 9768
639732 9986 109592 6670
1750516 8312 151581 13915
1062235 5102 1378713 12569
1766281 5810 81778 9422
34329 9716 211109 12402
476847 6053 1247415 15955
752286 8252 733814 12100
1634717 18973 53792 258
1390875 16326 739968 3572
1636030 7566 997080 3752
1857634 14486 747535 14715
148029 16118 364268 1584
885735 19364 710088 11231
265356 3910 588524 7129
313709 1130 299968 5549
1094991 12566 1961860 2684
99415 10855 189696 16498
1654342 19096 709397 7128
1166461 4301 196579 13891
1777339 61 889800 19166
959036 18966 1891711 5461
596048 13514 267160 10885
1027215 4524 1736048 4928
88162 14310 1700410 17958
322712 19605 117291 10859
1633435 4634 1450613 7541
125884 18408 1604796 3495
551776 12267 749404 19390
314836 11755 1762502 6069
1819527 7902 454435 5586
1744112 85 726309 16498
1111654 9501 1656310 10986
799880 9010 1186025 3636
1990740 1041 1168806 2812
1821681 19085 1900960 10314
534742 15748 1042333 14366
1751461 6704 1844294 10256
1067228 14085 1194940 3676
367763 14686 1120574 13197
382289 6081 390100 10140
1745302 15130 13772 2516
1320457 7703 130922 7118
168232 5224 1707173 2409
58451 15598 1742560 15939
1970731 9185 313727 19108
1328649 9757 514322 6886
527477 13118 831696 7288
1327829 5344 1338024 10071
333483 10564 1921731 2677
177653 12044 751823 14126
103771 16780 1143108 19577
1469049 4307 1178415 2950
39107 3613 1996953 943
1483293 16193 649778 3675
647998 14167 238040 4348
1349642 7707 940752 4955
1460677 4234 480954 13304
771993 2281 356694 731
530084 14700 1300374 17462
448037 2460 538168 1002
1219931 6344 490715 2776
362128 3064 1891042 3483
1994337 4453 696126 7469
417270 17104 911524 9411
853667 3462 631942 1099
1738022 6208 431267 3657
751291 16521 222904 14498
1821333 10667 1581677 18058
1003777 7259 933805 12864
315526 1213 118036 6147
586102 14846 865659 7048
475224 11652 428577 9281
545850 13546 237261 17541
1331765 9425 835488 7512
1940417 18515 1968054 2854
164920 2193 1664317 6534
24626 9574 1942178 14523
54925 1111 1851214 2773
1557094 18513 1129793 11505
1867145 4252 1094029 16369
953868 9797 534746 8254
545584 19778 1383501 7738
1773812 18501 158095 18711
568055 4564 425470 13317
1419841 16203 1450349 19520
1759163 1333 525424 2602
1602041 10954 923663 447
1641378 1403 1743326 16850
1573251 9413 791487 8139
162430 7309 204208 7441
1193682 16830 1619839 10407
149580 3447 144307 12808
1996421 6666 646962 11036
482332 12645 1776301 9562
1057161 15827 1332871 8430
600932 8516 1332073 5762
1849046 10591 1803765 6989
962051 10769 1986729 5622
13352 14819 47654 19160
157743 4000 1203641 14576
1330691 14205 26573 8265
1058769 9425 1038059 18701
55780 19172 1477303 17985
120930 12098 1172594 2864
1626895 11248 248773 17241
143760 15819 1571512 4092
1463638 18643 917774 15916
289342 10535 260513 52
374973 15042 1986594 8815
1851485 16613 1924718 19442
181080 13901 621529 19663
353780 12693 148840 19900
1316306 10655 431172 3553
960804 13333 54637 18398
377825 5128 948190 2987
360586 13567 1391049 18952
466129 15891 815548 12044
1220454 4407 1180202 4524
209439 9540 188866 11633
702038 3161 76184 18722
1391450 10321 908170 6645
700173 19195 1597644 17218
55825 7549 1375810 2224
371198 10488 1703709 9050
540692 12000 1669267 1362
92100 9917 497390 14881
953854 18910 1888449 15014
387383 12203 1439386 16783
1572534 479 683560 3362
1802785 3501 1300483 18802
656518 18522 842324 12720
1052214 14915 883446 19803
1607986 17156 1416736 14326
288443 6463 1227363 8182
1937753 18927 298181 12835
1167755 19744 1741957 2948
478913 14884 804069 15044
1263650 9645 1232394 17242
1984627 18569 1455579 9354
1483967 13550 1861590 8852
716526 12873 1787419 2177
1672934 10634 521454 18464
1571956 16978 1302653 6871
1816382 3698 1957257 8193
725164 15098 962020 12456
1609245 19787 1959267 1107
130452 18971 422858 8575
714298 14412 1446827 12115
1219507 15146 22475 13088
1227911 7836 1989155 18947
1010960 10197 1935480 9624
352614 16790 664506 15691
719646 6322 733393 15013
1225231 2139 760734 14729
708371 456 782102 12205
940583 19504 1039783 17831
1246278 4626 692233 15747
1670786 14890 1956083 12669
1971584 1859 1733347 3518
480978 775 802486 10356
1294628 13480 1320803 17660
527019 16044 1722996 5890
1906890 8906 41390 3167
293463 12211 1879330 3825
780047 9265 1091117 13191
1674055 7684 1133150 8569
178490 91 13437 11978
855675 17447 1365970 17095
1865000 5209 836750 18801
375849 4947 660410 9997
873503 5202 1149666 8967
1442326 5378 1063831 8428
1482342 8315 392679 10138
881730 2556 1645276 18622
401318 8668 1699676 11343
663835 4692 454254 1415
2178 18494 278728 7062
223440 5714 983028 2419
1634437 7097 1016171 14892
395213 3022 454962 7495
1094665 4432 1314318 10216
156460 2794 1507073 13062
1161893 6744 1829894 13349
1080765 9508 1782485 2245
19619 14394 743180 5493
1867787 5848 1759075 8761
340123 10191 1714961 230
674149 1822 42777 9876
1905620 17079 786158 19230
153991 15256 1338138 10715
23895 18013 292653 139
1620862 7435 1779395 10994
1553247 12799 1489903 3359
1303657 8094 1152186 14947
1920156 16950 1761535 15026
1889987 16862 1494803 4386
137154 8512 1545825 392
119990 13103 1716624 14076
728314 17683 1381043 1517
1664385 10298 1197489 16784
1876681 16539 1572817 8743
67017 5870 755665 12324
1501957 4253 1856566 584
532676 2700 699915 11167
1038590 11101 831017 15106
853855 13479 353944 4953
1784017 19458 1891617 19784
304429 16425 1879666 11957
1359613 17523 1395678 13247
512681 3398 592749 16941
880959 4241 1442328 4975
769784 14533 1249740 8767
948163 11249 1934685 1569
707711 8043 238407 4467
873607 16412 932267 3921
649547 5338 333804 4093
701850 10173 1994978 8519
1929565 493 1703766 14432
401773 3916 630841 14543
562007 6134 1098682 719
1135483 3871 1192858 19661
1040916 18257 802744 17726
481217 1173 139324 15785
622657 2683 452830 10384
1426779 1072 1828446 1174
929155 3303 1446968 11231
788997 8648 664705 16921
1813315 11753 736226 16051
1992506 8397 1920710 19067
1404995 2701 714098 17326
1084451 8663 19024 4493
884059 16030 195526 9000
28436 11395 670634 12858
1286496 4099 1469612 10744
1273095 6628 1252276 7355
1288653 4823 852308 4550
375710 7809 1697557 8953
545949 1593 496160 10650
1180953 13124 566887 17955
163658 10864 325076 12495
956209 6252 887918 17352
1433449 2927 873040 1067
1282616 14236 1213850 14203
1048915 8822 1809840 6357
155634 14756 1875514 6082
247409 18476 1269595 1443
815245 8248 1514933 16249
491939 842 1142971 1049
624800 2545 1659453 1935
1002024 18659 1798081 17442
1271624 2522 1764654 18850
1899398 12730 200124 19386
1403505 14456 777670 17607
1599425 7765 1640794 948
1828089 16321 371371 4740
1754419 1223 1037004 7632
983531 3325 552297 610
1507725 6658 112314 6828
1676606 5328 1378974 17077
340497 15313 1331257 13923
405374 1257 1291300 2301
1987079 15420 714763 8790
1873860 2337 1036930 16462
859572 1041 1162068 15206
109184 8070 1085821 12317
73916 13403 1830166 721
399538 2163 1850424 17610
292536 8018 652137 12578
1293275 12051 1416327 9728
361270 3864 1747936 4572
54173 16562 1652493 9828
1396501 19622 922072 14360
1196422 4170 1845085 11390
1607397 4798 788834 12588
817398 9931 1405489 7713
915441 10490 1344382 11804
1674433 6249 1981624 10534
202611 8785 1118426 19191
905962 17042 1718582 485
706338 3070 1385196 3853
1347958 1586 1218985 18643
1007217 16691 1012691 307
1156855 16045 585300 17414
1129701 18855 1637954 16608
87585 10701 1943505 15287
1679624 10658 1818249 16742
1244498 12459 572968 15044
1482414 7112 142218 14820
1202235 293 305728 17241
1491400 7137 1430110 14786
675218 1536 900761 12816
1342385 6335 1173312 13903
172180 6419 1612047 6164
1339735 15175 677087 11404
267185 4663 700271 8800
729850 371 1100625 1177
1740756 14048 86574 15500
1847786 12238 781891 13572
1923073 8053 222121 9552
1758313 8297 1927997 18137
574026 5517 1053532 12378
139950 7711 176376 47
1316793 3264 1413566 14188
1889853 3250 1894321 2165
326672 9059 1487185 1310
24738 5675 626886 16205
133626 9350 233563 7092
538723 10319 740437 9634
1481709 17735 1124287 4011
1817575 12867 453715 11084
848711 441 599826 9259
139555 9894 1963981 7093
565454 4515 749490 15612
939572 13705 382641 10970
786931 4353 1848855 19352
795240 13696 1861999 18248
163186 11251 1581604 16434
869950 2782 553955 18582
291597 15787 705502 6725
837110 6538 278535 3650
341319 19791 1526199 14078
1466511 9846 1684676 2252
472207 5399 1030367 8184
1250917 19373 1562173 3369
256066 16710 357512 18148
213765 9461 1913320 9693
984705 18638 348245 2190
136387 10674 180938 9761
698640 15950 982886 3142
1040340 19826 1111305 13107
1118293 3889 1244588 16685
375252 2246 566093 17939
1490996 6767 1033966 10669
647175 8700 1043316 10622
1684029 19157 1875206 13529
1247831 8598 1140614 19368
196564 1614 497870 14578
460930 3549 97529 10461
1735611 1481 117453 10462
1551586 11606 441424 24
58132 12822 1833235 5298
281787 7261 1340362 8779
321800 19336 717405 12004
890428 12917 1809516 1151
564880 8020 1301229 2857
1886383 7727 1475936 9287
333468 14164 235716 3452
779773 1049 1503049 18414
1699328 2081 1464968 15487
1686348 15873 145723 4885
920500 13062 1403188 6578
1958567 4169 475930 5713
1720571 4573 1060258 4055
1790327 1833 123010 6700
532965 12703 1735888 17351
1355973 13154 626596 735
1448837 3802 1620394 2440
734781 13263 839713 1031
692921 11433 688436 13863
677533 18175 547026 14638
1968969 8934 1583392 1953
1518037 8331 1791026 13068
1330837 4248 1629163 4357
842475 939 477373 15389
10610 6838 71994 15336
1660204 1620 1535344 19202
982627 18867 183622 15817
90979 2532 1164015 17735
688407 5400 632623 9326
323598 2327 1565912 12156
242013 7891 1411943 2665
436902 13131 100720 1463
998998 14673 1819003 14857
1442974 10733 35666 14734
1702256 16155 1254395 9879
284888 8286 790056 16504
571974 3856 859274 12340
1458023 293 258847 4206
678817 9822 807391 17316
1934528 1723 366512 3709
800842 16826 1239947 12638
334385 10076 1544196 12149
1625192 7971 602189 9177
1656322 9039 310047 15306
384852 7409 608437 9286
1624180 1540 83637 10616
1711968 934 593673 8064
1695728 5225 922348 8991
610719 14733 428413 8471
1552617 4664 1971253 9895
941184 19881 151879 19113
1278036 1426 840380 5082
1447058 16380 561385 7772
548935 6202 1492804 18296
47085 13828 829750 7784
538746 16543 1166725 9021
637575 19538 1203281 13486
660790 19307 707093 527
450644 6143 820854 3398
873572 4382 1245246 2128
1924672 1132 1956181 3921
277440 8974 215759 12490
841357 19850 667429 1149
1250739 1385 75178 11023
1946443 16525 803244 2096
1586809 6612 1520461 887
878255 10902 113340 5143
1323168 13836 468358 9177
925006 16769 1805474 17390
699476 5739 60706 5402
997206 19624 1709882 6078
432603 18215 1794495 17436
1370333 14987 792950 3114
826187 19461 960951 16143
1721932 10607 301074 2996
555708 4399 1709248 505
1691982 13648 1899670 8411
1964063 8128 1799344 8573
1586477 14267 845704 12215
98413 14 1104985 224
1756414 7656 867615 15552
316872 13081 1175181 11663
1887642 4980 856541 11958
1352850 16189 1217065 14571
302834 11431 163058 2633
1581542 15550 1707947 12307
740385 546 971569 9656
1044574 9968 298792 17614
849517 8955 12252 10458
1436755 1776 423652 12934
188358 11355 816679 3228
1649388 15250 1743595 17076
987292 6663 1538447 18501
1534916 19198 1845708 11075
1394842 7797 1103474 702
1422121 5147 1307189 15258
379744 3546 1136875 228
25818 2174 1258331 14170
89392 18305 1585050 19810
518335 18377 811818 14058
1099416 18954 563286 19073
424989 6605 922894 19851
252456 3472 94547 7677
1955016 8824 1618344 5120
1840557 5804 689805 8704
1280322 1918 1385340 658
563460 136 1530115 1576
26939 9474 776100 3941
1594567 4377 412312 18670
324962 9562 938511 10961
1985845 13292 91102 453
752140 13493 110855 17767
53050 16895 471110 16085
453716 7914 1970946 19307
1890162 18012 1832126 6760
1488431 7393 1134904 4680
357190 5736 1638751 18125
575929 10286 378792 12835
1118849 8079 328896 6578
560706 1264 928641 6825
716358 788 368869 13015
73330 6834 1360445 16752
1217180 9612 1368032 1510
1996803 7537 1457948 13440
544886 10292 236862 10003
1465917 2246 1272974 16309
1757719 18076 1733274 11182
1024621 9275 140234 13879
932690 19910 420801 13524
840950 13911 1724980 11552
1289222 1029 1375665 18691
1217419 340 1766785 19528
1163008 13801 853545 4510
487769 15072 768070 2167
891466 14861 63567 11941
1611104 2326 1421899 14688
194497 162 1960937 4466
969308 18231 1706073 16868
1442536 9054 1809075 14423
1788452 17738 514527 12597
670976 7189 190110 11832
1787429 7318 282538 12003
948259 4747 1116304 11626
1336300 19460 353970 13643
775272 2022 1755053 8979
298686 11373 1546506 9618
512309 6566 1794413 5748
871037 18549 665817 15830
290106 3671 881992 1085
1287524 15931 156585 3570
1838134 1159 332652 10631
412890 5651 1845849 7829
1472627 371 580598 2458
1867434 11201 32721 3410
844083 3129 354228 12780
1547032 16242 232136 8067
1156483 16557 78493 7513
1101111 10222 39435 8377
301817 2245 1866270 9563
1786527 7189 1511956 18919
1481916 4392 1455241 15834
473173 10407 90149 3431
786395 16045 1440998 18134
1991508 3516 1462104 11082
582710 19300 1658266 5114
759038 18457 1739426 10981
1028213 360 923066 1155
1843918 19402 575884 17918
923815 1657 1971916 5383
797143 12587 1545168 11805
709646 11239 621412 6182
242693 2786 520581 3678
1397045 9306 767262 8862
260967 5335 1675611 16502
1353154 15305 1276814 2527
1035166 12334 1311144 19925
1004521 19592 169386 2675
1573609 19740 1695227 18330
389857 1798 280555 4813
1789671 18339 524518 323
1263206 10536 321988 9596
246811 17217 1416303 604
1382011 11924 1462547 15579
777305 1235 965658 13683
1245010 10834 241652 3390
767753 8430 788769 9998
952769 16063 665616 2714
1507962 7819 770169 14711
428298 18645 662759 1569
844969 350 290847 6722
601433 15938 1920337 19976
1454337 2714 1139658 9820
251722 1778 860263 9277
76659 6611 241116 3311
974362 16172 1843002 11976
265289 11148 262895 10878
444319 12918 934395 16048
1568121 15729 1154647 18389
1111785 18587 49811 1210
595112 2021 7192 15623
591842 14781 609931 50
737941 15636 639575 16180
593774 16357 1746553 2427
1899698 7008 773335 5357
1557926 12700 1006223 16811
977297 19704 1132226 18767
832995 12464 992247 14185
1751227 7927 1705053 7410
809677 5308 1549213 14076
1229693 805 475653 13930
1254731 8163 741010 6276
1032924 7453 1484910 2609
1789977 997 863321 12440
124590 17631 1240668 15868
1734518 2634 959455 3910
73471 16448 1634866 7653
320877 16524 743088 11470
1877727 12234 457424 4736
1586195 5918 564815 2386
210004 2213 1330696 2202
1770686 3628 790764 3877
358444 1218 1807599 13580
421906 13466 1271275 8191
854089 9769 1771452 15059
1228645 305 182261 896
553741 14760 244757 13283
1585290 8155 1391914 15819
352578 10046 1013560 2214
1033569 2186 1024552 1900
1417950 19920 1365937 8310
942321 8225 1995576 9606
439295 13789 1870632 12548
686925 4300 1300307 3359
303583 8017 1018469 18242
1958828 18288 1114646 8422
515388 14808 1578170 19307
1964142 795 1945680 9826
901666 18691 789505 4359
530434 9759 1423925 10862
1696129 3912 19176 17459
38254 14003 1004652 15010
397559 11679 1301944 14760
756865 496 147717 91
418784 18075 1514548 690
1601141 9092 1564019 11681
957214 800 1687896 3494
1272811 6754 7535 8775
827680 14524 1755749 1983
455903 5464 1645040 17791
866049 10025 35286 10642
884954 18425 472412 19146
1792004 18922 228409 10499
756677 718 517081 7220
757378 11582 1065148 1125
798203 14373 1334812 4977
1982132 3776 622609 15327
1660759 3684 180612 2251
988296 4376 1881541 19315
476145 3023 1827985 10240
802231 12509 1972538 1504
1466301 17338 113377 6647
1648307 443 1953158 1136
513398 15365 222960 897
1752480 16244 96082 5910
1102336 7518 1586963 15145
1422226 8845 501692 3254
526181 249 1921070 1760
1760009 1738 415235 8323
1198009 7807 1057135 8780
1851454 19065 290328 1354
484838 10936 1495984 13628
221059 8222 126790 16338
558247 2224 809656 12932
123200 10135 965420 16450
1471723 2715 685977 14357
1290482 7239 1463282 10657
247624 13918 629811 3309
1177824 2889 1790253 9738
28548 5390 1386862 10535
1319930 2175 1523529 9408
1944879 12291 273141 16933
1664478 1630 1631406 8205
536845 12263 1777993 16375
970683 4622 1796453 17053
491156 8803 1502385 18152
800112 19542 1415204 1675
744646 12873 983495 18800
686722 13781 1790512 10102
1730507 13539 819963 924
882236 5191 1299528 11405
1505949 3163 489390 1844
291007 8829 1544992 12528
531233 17688 1028466 6473
602913 17246 1422619 11229
1538893 18624 1458227 14824
1705696 15899 849346 9480
764869 765 169538 4516
1336262 9435 1237153 4523
861330 13581 419990 782
683375 2151 1184443 9323
1607870 15133 113623 2507
1543113 18402 396050 9149
1509461 16178 1961323 9899
1957462 9040 232681 4262
1311932 10872 1219911 290
1545829 13660 179827 19218
696357 4745 1568056 3061
57532 19023 899570 14136
1032086 737 1141228 1381
1968678 12159 193701 1083
1432614 3734 654288 9289
1143098 5330 341685 714
1441835 11794 785114 18227
1312365 10747 1507928 15798
1938869 919 1329927 6409
1441135 11329 1341228 16190
1739878 7366 1263655 12709
816742 18890 1396752 15728
637453 663 103298 12499
1234977 8593 588332 2480
748573 10558 861841 16333
1227014 16988 1578929 11731
1089002 3617 879079 10691
249927 14084 1159565 12209
1898640 9474 669530 17483
609637 18067 1565833 5307
1226083 665 1022613 19952
1526383 863 470189 1681
1378896 2759 149759 2866
1136061 3755 1297486 12760
658298 12060 1763598 5302
1100809 8909 1116502 10386
1897499 1464 1792924 12784
903069 2806 736681 10196
151564 9705 503721 12050
254972 4420 360132 14339
215104 4659 752409 1681
266183 11632 1482315 694
1923868 11778 666077 14632
1338003 17798 1713624 2616
1361629 16573 872844 12875
905940 3749 280689 2177
1855318 18506 1652622 16847
317179 1465 1453012 7955
110162 2185 1007606 4201
1987745 12289 1485573 3929
847861 1207 8877 10608
1464184 12384 643595 9641
396382 5904 661148 12595
967104 10640 1494752 2706
1226810 9695 1013981 4912
1048202 8740 713847 5810
462031 405 909330 2568
1442949 4399 1240976 10213
493823 12561 1549267 18339
1138164 16516 122532 8815
409340 901 1008516 1760
1874060 19691 1275681 12367
1442193 19967 128501 14323
13892 7757 1280857 14761
1507920 16341 1275722 10495
1503266 7706 231768 11388
625555 11177 161025 12644
1507591 9783 139007 8144
1938734 265 1578033 8328
1152432 5193 1778479 1334
1440766 2649 1400071 17509
357750 2081 1715186 17361
1108809 13750 1714719 3893
1923821 2154 420560 17905
1904817 3870 147511 6067
208752 14440 369833 18281
149832 5928 1727175 4369
288763 18945 1513254 2818
218623 3418 1546545 13754
755855 12554 92129 4346
1982681 6846 657797 15957
1729865 15616 776152 1644
62937 13972 1581464 17841
1660276 5732 912507 16841
1336385 9336 1173963 18636
781748 3780 24839 12814
819514 10136 14266 11874
198826 3634 95712 791
1481849 6877 120374 3232
1312355 5053 722134 18457
388359 9986 56367 3660
336333 4421 1285237 18817
402700 7813 502724 18214
1261026 7045 125214 17002
1589012 2347 842820 18816
338099 1549 1618124 1438
1800213 13117 1417984 6895
243545 16572 544298 9883
286236 3262 1866519 5216
1748085 14862 568574 336
1306155 2036 205750 2421
467657 9636 722103 15135
945743 16879 1485747 60
965256 1889 1994559 19278
1002175 6980 530864 5280
1295289 19721 346291 7616
1129710 11326 1719928 9857
1852747 10144 1104078 8504
192322 10324 1724059 5933
389418 1353 380060 19763
1105461 19470 97530 18419
945201 3037 998577 12429
1967392 10259 866748 1510
673495 17223 1977204 13291
553138 4929 886264 9689
1454139 4256 1566113 7593
645693 19778 981104 16296
1007096 1245 1110444 7456
593657 5243 819057 1036
1979447 15722 1138184 74
1844740 10844 284206 11151
436827 656 1897914 7800
954122 13017 1565720 15620
1180814 3758 311243 14205
835873 9103 444224 4777
941558 16723 399526 15216
1198970 17488 594630 5774
1301849 10191 680155 12647
400674 16982 275345 19212
1322527 8799 189118 3649
1351117 15909 1631867 19173
226766 4878 135054 4266
1114754 17463 627275 15039
1137420 4466 1887868 1615
1998612 5748 1189491 16827
1735867 4942 262380 4265
1647936 18456 1688720 11424
98459 5437 1452534 1112
1122356 6900 733090 9194
1984239 6055 360436 19371
800982 1640 271598 13751
1766851 15498 1348483 4691
1973894 19977 1116856 16951
292011 6428 609344 842
696651 2063 934197 8880
266497 5828 426208 5865
1259723 7514 59987 12132
379884 18099 463617 11565
1026304 18335 1469648 7578
232279 2214 1592934 14705
1373113 7599 260602 18583
1787245 10406 1044636 17720
1621125 10827 1725754 3627
847682 11361 665895 5393
516774 7790 851901 17792
1709004 10323 1656513 13251
53913 12758 514198 11339
959204 11866 45701 4705
408002 8945 1464411 2891
282925 11123 1069885 6634
739148 1599 336401 2670
223522 9475 667412 15681
1287313 14609 1108296 13655
889692 3593 242473 6909
1805662 7517 1274573 1701
52612 13748 1875427 18360
1773478 12016 1172840 14933
57539 9276 1934228 6082
1321721 19143 89515 10831
1854289 3004 231782 111
1435704 14205 1425917 6545
1625337 1308 1618699 13537
359058 17351 1342860 17974
1024942 3405 1591487 9102
1713656 57 1422733 3888
1419470 16613 804085 1058
1701614 11166 1647562 13483
1241817 10577 359037 19087
1193247 4144 1441806 4951
1979736 16370 179880 17919
258858 9796 314911 89
1174532 7050 290753 19477
1638099 12358 1949366 16761
603171 4608 1189689 5419
1264590 13205 26558 13943
366492 7732 83398 13241
781910 104 414820 19561
1613418 6174 1826182 18426
49148 2457 663232 14758
950567 2840 1439222 11227
698322 16923 132204 17885
1964940 1628 169771 13537
1394750 10940 76707 15335
709167 13336 765172 10598
302126 7941 1984102 738
1729243 6982 1246058 11372
359278 8860 1222141 1787
1572098 2075 466726 7431
1351103 6309 685629 2964
235347 8223 615355 16122
828435 5860 1640437 15573
1283222 853 895723 12841
1037972 19683 93130 8815
1885395 18037 926585 6947
1336752 5614 537932 11614
1587965 11499 1005457 7205
623910 9794 26925 15812
43177 18228 51936 12622
1259136 16662 1006801 10355
1833740 16258 76507 9239
411026 3766 994781 409
1100094 413 875907 7384
941865 3203 1368816 6662
846414 17257 1936673 17878
1814600 11631 95763 17649
1104404 2905 1462481 5560
1314249 16830 1006910 7413
1523913 9325 1619934 11388
1000010 1026 1978584 9479
804824 19701 503612 10437
65169 14741 1334828 19760
1501338 4619 490881 1256
1659079 18954 324418 16012
436164 5135 1475303 17886
677425 14735 170496 1194
1334730 10725 930052 17272
1839732 3060 711085 1377
1357457 4525 905914 17186
1030917 474 502927 8737
1364194 18488 1163811 7476
586901 6866 1260463 15329
767449 8329 1810639 463
1725647 8291 779541 2652
675549 12040 804913 1535
1417375 594 589994 7662
1196333 15759 1487452 518
1401537 8301 900667 7418
38510 11444 458002 73
866376 19111 1066755 19256
1770588 7209 1845546 7366
947932 5344 784500 11119
106089 6230 841491 15622
820657 17163 1625449 4714
472568 10551 1799361 3281
1047458 18989 1261439 9531
795359 10957 73672 11449
712065 889 619104 17780
124282 8364 639073 2391
849639 5477 1637245 17709
945113 11616 1159793 5114
1734875 7120 1376482 9067
1079799 3891 625870 12087
813876 16905 1421011 8202
1017717 19091 1573038 16954
740577 10588 743817 6535
126752 5000 981449 12177
1005199 17273 1999202 12465
642062 10270 1317526 14571
438727 9512 524555 13395
325623 18483 34519 6455
1639858 18243 1422955 17547
1238748 11255 713820 16080
1764850 2818 186566 5877
286310 7293 380318 7403
1821298 14931 1627672 13369
924054 19986 1527081 15945
1751831 17313 362669 2117
1849604 12085 504096 4584
1418002 14971 1481337 18032
1411937 13913 216758 19087
406809 11488 1569459 9393
581785 5049 703417 16612
1632331 14040 331775 10972
785522 2059 1707135 18079
1696756 1131 1900512 14769
1047649 19039 1982368 12339
1100604 16740 1113102 17915
360034 17764 1670698 17417
1076436 16720 132153 18386
1971771 15617 425593 15026
318317 19622 539841 17201
1270334 12524 408260 17141
1078961 2422 764279 1543
167634 8731 1297057 1756
1820571 12069 959104 1629
400014 9554 319666 7669
304600 9170 719353 9692
788335 11251 1539991 15514
1955421 3896 1070090 12539
1280933 9486 72658 9686
1000450 6936 1922480 16277
1330508 18623 818871 6973
1595922 3849 1853299 15004
262445 16620 929184 880
1044973 17299 844914 12672
1665040 16821 139834 5423
1513761 2985 838961 521
1761221 14416 1661150 16268
1741594 4324 264588 7382
1785096 12462 711798 17815
1417505 5250 144540 12226
174516 6998 41943 17522
53604 9283 655331 2716
819434 7003 1487401 6078
284914 8942 728497 7240
1523015 5489 488410 6121
966539 6730 1169415 8323
905454 7115 953054 8895
1957719 3282 35301 3445
1913483 3568 791021 9539
1393709 13670 1989379 7210
1456064 759 560905 18404
219217 16133 1797708 6483
549164 18922 1560078 3956
293553 3158 1945635 17308
1585827 2232 800960 3409
1745295 15672 1036253 13870
1126593 664 1509251 8032
929879 6559 1878685 18571
1375925 2539 1647001 7679
562066 2164 1909246 825
440198 19568 1732411 9329
728202 1968 1380864 17880
29585 7643 1744840 4450
1321287 17434 264810 15896
343508 11924 784716 3461
605486 5925 1914626 13419
1653131 13655 1597307 12209
1319224 7305 1850410 11693
120751 1710 836950 7384
306930 11730 280308 13761
1559947 19609 1209902 13556
1737813 17708 1007855 11415
1015486 5564 879286 13075
1403276 1285 681691 13194
163535 15488 888239 14389
1715783 15046 1478980 19296
1627945 5564 593736 8581
1157604 8417 1799808 12469
1853859 3574 206416 15236
1550454 16326 1495153 2687
1032973 5163 239837 3058
1090354 10765 62099 11773
930445 16957 1877782 11503
81984 3730 699645 8503
627656 16756 1199791 17921
616279 1063 623342 17747
1651978 1001 864280 11384
1719743 3019 1959501 19261
1643357 6298 809289 17966
1258915 17655 1709138 13043
1607445 9288 999359 6380
1002930 1344 112056 4808
1091023 16908 1911123 13128
1080678 19189 540306 416
757361 6531 962177 18808
755312 1317 1812905 14479
751884 16586 1403157 7348
586817 4062 516696 18528
1077758 15897 325167 14608
1731064 4613 975638 693
741644 15846 1555039 5819
397882 13556 550480 8862
1730844 11981 1524143 5294
226447 1162 512869 16571
893185 15142 1622595 11153
1335782 13964 882956 4402
147477 11074 967774 19856
1897228 7173 238753 9736
204484 11537 801137 15235
396482 13973 1696051 15399
1215728 10574 945957 277
1174967 19545 688008 17356
1307954 72 312520 19861
1794420 1552 396002 7427
911575 6080 266476 4477
118970 11107 1183698 7955
446080 8594 191735 7145
1269710 1669 910265 18964
1101374 9425 675967 17731
951547 10257 531267 2095
1242071 15620 460378 2065
1832500 2127 397230 14492
46861 363 1943823 18953
1913190 15579 1844093 18669
80659 15903 1872830 10262
878556 7381 1926872 7300
823862 6682 1908562 11051
712247 8789 473553 226
1735582 11015 647708 10214
62222 18283 1981798 8230
369354 6537 455031 16837
139718 15010 1095629 6218
707444 6304 1350954 2065
843399 874 1791288 7037
1024429 8027 483068 10409
1639018 10938 243083 8621
1409473 2287 1301858 10696
794592 6961 1158052 18068
175936 6654 1137661 6917
905441 13816 521164 4791
728837 13257 648470 2992
1710241 10799 1412820 2145
94953 15586 15275 1352
1034524 17239 1488676 18313
1846567 368 1272551 17260
1390322 2147 802345 16265
312199 18413 1301179 3356
1795556 13418 1463637 19559
295843 16658 121930 16763
942183 3814 417107 9559
900363 13307 1448056 4672
593961 8735 914491 6722
1924503 901 918571 19368
1948540 16142 615800 8761
1382830 2390 1587973 11817
1837987 6361 541685 13913
744450 2975 639516 11271
716147 2183 1175596 18053
1129014 12232 1442871 1178
813925 16929 1124779 5935
1173264 13653 1104995 8829
157295 12715 902488 12150
1116204 4578 486270 16641
623791 11093 999228 3506
1362201 5198 40013 4457
1300623 1696 403847 3109
862933 16192 1262290 6999
1947889 4854 876905 17941
1816155 1008 1171792 10286
1954967 381 96959 5466
1133351 6579 529151 853
335036 10800 969796 17974
1853112 7062 1731995 4764
237231 11484 691219 9147
1945560 7395 493577 16069
1682663 18066 474144 15323
305908 14259 1655514 2348
1408575 9661 853775 11549
1796246 1311 825528 12146
1843153 15527 1614024 19922
1692846 3084 1960501 8403
1347570 6895 250769 12304
46112 14539 70429 17576
1994033 8030 199145 17530
1351649 12837 263573 10288
1188105 5308 1890451 6370
1000453 18337 1903548 8191
654326 8155 1884545 8306
493614 7923 129926 17613
669289 18150 1201224 9994
1766305 16414 1275816 4879
452377 5361 1264625 18688
178032 11261 1101652 3886
969629 23 104372 3440
1723929 17143 694419 11653
628812 19015 1132729 15022
940046 6502 1534855 13625
318786 19011 1889437 5912
1619620 17747 824058 17511
806447 6430 426939 1431
644878 7185 504266 7783
1304161 8815 655816 4644
1486293 16773 791542 11943
875064 12794 125320 9365
1804421 18251 1736681 7960
1966604 19415 1055550 11592
757787 1764 1137684 6797
1975579 18331 257435 2970
934799 3022 1841833 12034
206776 19064 1772790 266
316862 18126 378878 4782
621161 384 1776223 598
1246715 18418 1029906 5612
964646 16351 1724294 9072
490692 7886 1081006 13767
866744 5787 425253 7129
1663342 12521 623679 7549
167949 4100 1167816 1454
925017 10766 1568840 15772
637388 10405 1550991 4701
576673 6474 684675 3862
1482440 9573 420499 15729
1653273 7794 1929552 9298
1870521 6488 683099 1839
1511286 8294 1546606 4392
531689 3869 1475069 7796
1489330 14442 306933 17649
1077910 4456 271465 4540
1829000 12398 1451285 6831
1687916 14552 375299 12605
145783 14956 943091 5874
1471896 19757 526577 14044
1057183 18208 1742743 11022
1816175 1806 864089 16842
1164033 13589 1168217 7292
1212565 3084 1560230 8254
1097669 14006 1177102 8259
358221 11054 795745 12432
965288 12132 1510987 18306
1480281 17409 1410426 13555
845992 4111 1934516 4401
1559228 17499 649632 4642
1623498 2756 1992405 19629
1762072 2629 1005845 3250
420116 10351 167161 11976
609045 13459 1832447 15561
174806 4654 1679640 15277
583457 10630 460502 5536
1668696 11050 448613 5388
61575 833 965638 5537
831525 8971 1206691 5310
824168 15632 983154 10983
1171017 7948 20746 4186
645068 5115 1552783 2775
1366192 908 1641341 7031
1619006 9011 980370 7829
1044285 7327 822943 15070
1818606 16924 1194029 5707
121643 595 752978 8284
466858 9091 1165007 13422
1909609 19362 1118353 13415
225545 9174 716528 12060
969813 2457 1723891 11165
86766 11128 386407 10915
1867511 5222 1166200 17154
1740513 19950 1839897 3107
610351 12760 1504048 9162
972307 17259 1635554 17382
717161 18014 1851355 15810
1238829 16025 890435 3419
1388280 12059 1403732 13252
50332 10414 880821 19565
723458 10067 238259 7010
1432265 2928 717951 19245
198619 13924 1632763 9792
1491904 15617 1491094 13950
911574 11886 299903 17065
1716114 11785 1436359 10232
1249165 12660 633895 1229
993568 1314 727799 17913
1665327 15485 991184 12880
938683 4912 555513 125
1519357 16766 1221302 14192
593779 12729 834968 6254
341047 14968 147053 9476
1910898 1344 1572147 9042
549987 8238 595761 13382
1360859 16354 1414204 5274
1431670 9650 560126 19233
295819 471 1936299 4243
778470 13488 1982657 5882
651544 3840 1860126 15216
1955034 12389 1681283 882
762421 242 676136 3186
323276 839 1606820 3947
1322147 13032 245012 16958
1154165 10921 649586 6559
1532902 7290 920520 5189
1742433 10978 1257620 16227
1838590 9708 715353 13301
1526378 9524 968507 13485
1080530 15678 540532 4290
1371285 6381 1201675 3840
745242 15981 362344 9533
684123 54 1032289 14590
879507 14535 367682 1557
1521756 18104 1151215 5005
1699576 1099 1614027 9792
1501555 3142 1452711 2964
1412347 1546 838779 13147
241619 3091 1754935 15576
158713 12088 554175 9099
683100 4364 1923300 6526
1638495 387 1092826 19965
1511600 16345 1309595 10450
1509583 10240 1248614 5526
1791520 960 1147538 12561
1482275 5659 297929 19035
94840 5941 1604327 17319
693436 13704 1670777 19775
1127832 13519 742707 12839
1771530 9770 1975372 9767
561406 18463 988244 12722
1551944 2763 1545001 3252
1838909 15332 1483765 11164
185885 15582 160990 15534
1133930 15139 1448911 19083
1317810 19258 592123 14493
802039 13898 238614 14849
966068 14139 1663045 15785
619127 2474 1394019 10217
799030 8758 1506844 5974
828991 5557 1767758 16641
1958393 4907 1711962 12399
296618 18205 1971542 6465
1645537 2227 106073 3635
199481 13366 1415618 14981
1799466 2823 1096742 8975
644249 15175 1636956 12871
826042 6342 1281027 15482
623104 10719 493613 341
1943411 14096 784097 2859
1223670 3154 925680 8505
1182470 11369 1821342 16097
1895421 17240 789102 6933
1865636 9301 1688351 8267
1840813 8114 1500974 2464
1410534 11321 1535033 16861
163927 1022 492211 13884
576152 8221 78413 12991
1427196 18101 1671040 1729
677955 1586 1310167 13285
515119 9853 1094951 19473
110363 12068 1839786 2003
1377168 16204 219453 762
610990 9976 1432883 5763
1375917 19233 1300809 7083
1873392 5035 1534696 6299
1765463 9168 596278 1890
1276900 12996 1935080 12415
70795 15944 1341720 5173
1513300 11663 1295251 7256
1773573 14291 258628 984
939552 13156 992113 11176
483017 6441 96902 5336
1948319 19184 798235 4280
1263236 277 896237 4315
1268579 1224 249604 1721
1167336 11971 1389133 4476
129304 14277 64185 17517
1095047 10989 295905 2594
