6764885
1469611
1244430
7576084
1989265
1523714
4990378
4903491
2194156
4193864
330109
842215
1308148
3807833
7631536
1796140
2067122
2947424
7255053
2901107
1913859
694653
237872
2388006
191720
2757539
174384
4199676
5641494
263667
2626702
2996122
4311130
2631087
1091312
3738838
1844288
3023952
825063
3477820
1073719
813325
2370685
4059491
4173654
1496500
915691
1433216
1977344
5522830
3206715
1871594
171888
647280
1742407
7189210
2350166
728350
5541206
936579
430945
1557225
425577
1893861
3808799
2490044
7592234
2446252
4774139
3589011
128043
3201867
2277631
3294397
4239196
813062
4212330
1290533
1494442
3315018
1049402
3098184
1135492
1217176
498042
4304013
7473018
720033
2792126
6120551
5422961
930685
8655
682520
154150
131056
7290286
1227787
7421375
1671325
2132273
19635
1255141
1487608
4287266
4334709
2858481
3207667
554363
5679615
4319501
1218037
2155053
5576685
1156864
874104
1045277
7050845
676284
3908522
2081838
3108781
4500199
826516
203814
439588
4937136
145385
1449872
798938
5419236
39948
2464893
887638
1519327
934816
4210301
4695705
1046656
193533
3835265
3192590
5735707
69555
6233620
5535548
1383399
3731205
587550
2783401
2519276
7078970
208899
2406893
2594377
2375507
4609737
4419539
755969
2917432
4738035
210171
3723909
27305
1724614
1976269
6456337
5215139
475391
4225389
2427943
1246513
3467485
6594870
298333
506709
5995779
1864391
5426098
3528193
43010
2642715
1983362
5159555
1106115
7934770
4354274
1674755
2832459
2047587
6471289
4556301
892109
1130894
2335364
4072543
1273894
1475125
1570883
5009195
2708088
4473065
1561287
3418176
1938680
6787803
1808227
1514108
1826045
5054606
2805554
142923
677240
474127
71477
5888349
4556190
2479777
1839506
1211063
107658
609523
4121501
5420733
5486846
969793
1833074
3461808
1305549
2232769
549005
468360
4939727
1119804
4605186
6038333
1146110
4064577
2674543
1229453
4204151
3552868
2051568
2836315
8828710
7167272
5027486
5955232
345174
6239287
3696520
7486663
2563767
4892693
1053913
6220431
2919944
1603528
2896784
2033975
3572424
2665299
5280496
3572911
7638060
3536959
2038203
7397190
2976744
7413007
1841744
4900446
3925583
1261002
618902
2684258
1987075
6326895
1457226
5758992
131598
7138882
1020769
1289368
2512924
3449279
1370425
1555946
183592
2110134
5982278
4730665
1490194
4599424
3958677
1220504
7070320
6211559
1069805
746762
4690665
52428
2198063
4519495
4909135
2058518
7451890
767471
3018189
3118256
2367042
414386
5653455
2998615
5791816
4829327
1647141
4961623
3489294
15485
409214
31859
3849688
5340813
110841
8264421
3956708
1571127
7260690
5924237
2508809
554640
3629977
4701830
1622053
1925527
3782095
1566502
2514752
1311583
4551094
3112616
490816
1527751
3673498
3732070
5535158
6646092
7206961
1124861
5092633
4655920
1646370
2038645
5565143
786799
1173742
154489
1244391
1898819
504443
3303001
2193115
3953289
8145094
2205959
1996310
3759285
4239108
363288
253157
667526
5695590
5292878
1054215
645209
6398717
1082390
7634921
4659720
3082779
3378808
494216
895894
2014566
3956473
5541816
582601
264267
2150601
4419916
789829
973891
962204
987169
1693990
138770
1863571
1463023
66039
5123192
2945232
1864414
3668609
1832321
2758545
3921847
7594198
3192415
1512570
397595
3729318
1870915
2896186
3012437
3354936
10679
351572
2884926
3158214
2136785
1062481
6204110
8783904
644405
761578
6186257
394145
4256463
3029905
3832966
6081526
4184837
2285455
738500
4719386
5515990
1723368
5042063
4415599
402319
6698136
3978927
5381237
6637063
1213751
2019836
4414188
2034620
1808901
2772717
6559351
5255647
750130
3171316
2623618
496745
1125707
568634
2601521
956592
2936844
41907
2993668
169185
6102999
1460783
2463866
1042061
3334293
2257159
2663899
405540
1465786
474254
2919884
2411313
4252240
6680263
1814947
770926
4531059
1761967
1254543
4803187
6453544
4628877
4949876
1876700
5795863
312091
2942432
898449
1562972
6203066
964024
8281746
2713042
3523911
364341
1202676
4982432
4288588
2609803
2282292
7627575
559899
83983
8079580
1147148
6474255
3300470
5811526
2081048
3749936
3990027
5092840
753000
1991671
5330392
119381
254690
1182381
4405769
4718621
1412015
5103741
6565806
517577
1904885
5774380
4688852
4851077
190226
5093837
4920340
3657453
895405
2381462
8112070
431873
1643747
2275125
5088034
936512
2753137
2907675
1347954
4212551
2940140
3132915
3672552
879639
2789663
2759302
1892615
353440
377704
3508290
3242021
3437926
5359549
308587
2319175
1785631
3801851
218247
3090734
876951
6542165
3636841
5574352
47700
505036
690924
5381940
5800281
1491781
1645840
3512977
6023157
2089680
4881812
2303739
1890413
2445228
340839
2094704
5579311
841440
291681
370190
1585311
1849563
2226675
711223
1541334
5863516
3359885
3131196
3785890
1159748
1728202
1171432
4855852
5524413
2072377
711709
1561326
2086373
308339
3947229
8447478
5844048
2260181
3159458
3478972
4948184
4575937
3991031
1281935
5455556
7752193
3058356
4628600
6818999
4052606
1741779
2593277
1068575
1850777
4850054
990922
2722281
3035745
3476618
2968428
5095989
5734950
3537250
2095547
91471
691818
5441455
2166358
1764095
6903298
4656
1769945
6841671
7511221
1549242
4083325
5331234
340046
3625749
4462859
3054163
2171442
419023
5364968
5535410
893842
3105602
3010645
2338972
3655913
1698787
3254983
1840103
2697543
5498945
998396
334932
1525186
5488517
4293081
3377248
2351459
4091403
2569385
2746795
2650792
805937
361174
3346868
3901453
1861307
1524301
2650282
936012
1556472
705748
555022
767497
2294762
3507062
6657612
665165
6079073
3068678
4988151
2870318
6148493
3421735
5315532
1543922
957176
1802655
14855
352841
547235
3227489
2237720
4420295
2337341
4721584
6654657
3430396
3309113
2653403
2035498
1790619
753955
2813081
12683
2151007
5551855
3628212
327465
3375254
383485
2419852
7175100
1467573
7594965
782766
3409832
39870
7028816
2919929
2881294
4966784
1000057
640870
1498191
38982
3873591
402064
4143973
4380962
4138446
4352426
1503321
3227387
7231402
941735
775437
6611627
741291
6494062
6009870
4546810
2286017
1861091
3692643
408320
2196203
389325
641855
3437318
59306
7721572
5304404
6909372
7535068
7457019
3588028
1207725
27274
7165833
2576158
4700874
1304207
8855900
3683765
1897205
1982736
4363343
1790033
3425940
336071
3252400
6881033
5859111
2048091
812640
5812338
2349984
1071567
389725
886214
1047101
211058
1470316
2330920
119610
6693316
8644245
8021017
1819035
3400923
1735759
3675067
7300633
672722
83649
5500010
3160551
540905
3584374
210582
1847856
26442
6041775
5783300
1253547
3197639
165269
4724263
126411
4724128
5831910
114984
6387348
4729594
6085061
6378045
2579957
171582
7209694
390768
2048877
935501
3927096
3949924
2405724
4599350
1364748
191671
92210
2856781
2274866
3989324
5943922
5941063
4960785
1905022
4351415
4734699
3933919
2255033
629006
843016
772508
4199909
7362466
2527246
1291786
127037
2418595
1647255
4820153
5078174
1204526
708788
936978
1644442
1363880
3260386
5388148
3379091
4228883
1462261
54590
2195121
201020
569167
2481670
1393526
1099308
1272601
119653
5293059
8410211
7109137
1506466
2355962
683594
2460885
4696248
1312351
1391010
1724357
4859480
3494872
5769093
910950
1299562
3309965
2728459
317566
956419
6039901
2955188
3192401
3217302
518389
6153411
2898466
5173853
5272504
1273098
779390
240556
657900
758613
1834802
6254577
7150037
2938669
2004372
1392278
3048362
1580550
735552
1012920
2086673
510624
7075903
159639
392905
2673207
2232906
4582706
2135462
272223
1499620
5807146
1064526
1071341
2366058
258659
1160687
1561181
731684
1745355
2449705
389585
4811077
329428
3102224
4800967
2952451
2940759
841047
66420
2076960
5855031
280800
2674243
777273
333487
2664569
265845
3477238
7742170
4528181
3228675
2940509
4514861
3662848
2245578
7670660
2920042
138366
6480615
3269700
1720343
6229443
1300525
4407674
3913328
5708856
3837239
1525999
4388736
7859298
6449997
1651121
583979
6165998
7074688
2250859
2864167
3736445
2785323
2009357
1426252
4192797
3734151
3013139
568654
57406
2509504
2159688
8407054
622507
2928307
5997694
4018639
254529
851145
718455
6427488
2883491
1933257
1740453
7439692
4858005
7671121
819336
2010491
126896
452191
37819
5187736
2776738
458987
847887
1568672
5988655
934603
8200057
694555
2352502
4829195
4834701
6395651
1162993
1846713
2338279
5277659
959625
2420447
1370722
450064
7684555
2749754
165110
1162296
451166
504679
931564
2106020
1664741
889009
462149
1403240
1738701
7241129
4848434
7938127
4681903
1766423
4251596
3196832
1888807
429822
3312479
1048494
6901381
2300530
6636127
2956835
7494806
5359637
3216094
757823
332084
21371
523360
1749302
1289508
1316911
1460234
224044
531840
3476703
4894749
240722
5555185
5260082
1582724
3755969
6329405
1963907
2138894
1063394
5354283
413624
7059744
2109783
5382376
4498531
5949770
1019146
6888993
4947041
3549830
803894
1953169
3441291
2080986
3860963
4133045
3410835
2814899
2501998
193487
1447411
1824480
168072
334231
590359
5321321
5288784
367877
3292620
3749059
4096909
2872829
3303602
6095543
2726976
629254
6306411
5077142
1017447
763048
3476317
4601732
4115949
3841859
4832449
572843
685312
554164
899482
3257818
3571090
4486105
2704344
485555
2514691
1412459
1212199
538397
3414513
5582253
6764797
1134978
2372001
2053109
773036
1611274
5080386
504064
4177051
3305312
5236370
2610054
8547404
2836047
1954342
6725155
325966
1541824
5648882
946016
3593374
1409170
1564682
5777695
671366
2479456
1472167
887442
104609
3908721
2099797
4059907
425775
2483258
1533386
1145002
3626335
773459
7951582
3422030
1636832
5683302
2214493
6742396
948402
4357429
4443022
5502951
5732636
710483
2462350
5063070
6723000
6331565
3957328
8224028
2045974
5821249
4884612
4821513
6967331
1301213
148413
1818220
3045650
2399408
4665882
4450872
547974
5580438
4867323
3406693
378721
1307362
2889885
6291573
351736
1300467
3696116
530818
495257
5677713
4212548
5247129
331127
800103
4517282
79424
1127776
3356775
1060813
2302030
5917170
1364311
2564104
754367
3995072
30240
1940582
1822964
4855901
2705542
52334
391390
5099043
5165764
2489550
864976
742439
207203
3408384
3375887
2352206
2063892
4323231
5016605
3579513
6926538
1849227
6315217
4482358
5022559
4525201
6489177
3743522
4288733
4770905
1473561
896254
2937720
57163
266061
4922238
6348358
2724099
3155227
3771036
4728765
77341
478963
4002542
7460454
4293101
4023864
2697325
4816703
156873
3350342
5674251
4272862
5157752
3613240
1665763
7031562
961948
1412157
2479933
6055264
6580216
4151822
5984107
5401366
6056985
1510354
1361894
7442914
2112836
4095041
6284304
5940847
700527
6931569
4494668
399609
893903
3645225
3517866
786568
1736588
2778932
6099855
891888
7519250
156167
5550464
3869531
4489586
2911363
1007652
4938783
4215049
2032554
4492520
5526932
2134494
3668725
319110
3968105
2614922
382965
1761249
2221886
6660281
5049318
2100401
7766715
421779
6088442
3868405
3652963
593144
7970335
3437377
3650973
3043610
850374
2816222
483920
2110564
2739360
2465991
2854402
405389
1543604
1117897
4060825
5505027
4256362
1019805
4626632
5544038
691562
4886076
69090
492037
624764
1655908
471565
2393225
5420840
5596051
1716003
2351407
2671021
931873
5049355
3972708
2281358
3616817
3611018
1210349
2504664
1023876
1423755
1826510
894039
4623728
4579913
2597039
2727689
5887382
5640709
1034394
5657252
2173565
6099705
1670610
2807318
207193
6069108
2618355
6714078
7946015
762728
7054236
5396472
5922190
2972290
5876335
4362763
6821526
3381452
667450
3309881
3475678
504597
6098868
2661699
1529772
4241016
501651
5107625
3490353
5712064
1684663
1425836
7040877
5170545
4973476
1077419
2570945
4792520
2021977
4252313
2578497
3234827
6833670
70388
4635136
303912
5104425
5822713
1248676
507351
1324493
586737
849377
3761697
6947069
6539097
2846969
3901490
1517041
2280567
2675816
2753250
564683
5083217
1213616
444228
2193589
3395159
3646626
6588764
226890
6064864
1781642
7274765
2240207
1893351
3827686
1418225
910507
747938
5399120
447317
2028225
6073782
4991437
3423165
474447
605669
1323891
295625
2101208
3993632
4703777
3462057
1807994
2068838
694117
2781527
2401983
8204155
2699625
8440575
5555382
7227292
43047
40569
4359533
2582630
1273572
2921996
290345
3951810
1096700
8101933
235000
3921558
1536058
2629491
5575038
1297655
1482789
986098
2840835
2313970
2551468
8112458
5920480
174543
7515101
2144231
3869974
4863872
2956473
1712919
3685675
1841503
4222236
4497012
3490786
2682696
2748321
43583
1228030
7872428
2482698
1219304
2071852
5088028
7694201
1521356
1424930
428142
4483337
1164928
5655054
4485550
5886827
4640206
2326910
1929127
5008100
2162914
2278249
878599
2975971
4756662
4282565
417325
3675543
1281508
2379185
2012195
1033606
277445
689493
3151672
3690721
5909535
1054531
3134957
380106
2357158
3606554
1132314
1602732
1970273
2890444
2518288
7293
3715186
4560031
2960647
339657
1342028
862307
2356043
7104565
407186
925972
2797484
6197064
5945961
252046
5398865
5160951
519577
5766178
4215641
1005358
4273299
66563
5809099
4213769
6896105
1023577
3821045
1467287
5089980
3970395
367081
1854901
3402349
4072254
5412727
4252539
2385921
1130976
2830455
992634
6768830
3140088
539515
6590892
4829679
5747637
587433
2779192
3107210
1978563
4556321
1065845
224316
8695061
5178467
2685404
3901134
7108205
4408026
7427402
3640888
3209648
1653786
4453836
1154968
5977831
5723752
2921144
7687736
4714227
1881659
5880232
197414
2356772
3078481
113507
1551532
3324947
723607
3216138
3156913
1058765
4525542
2878588
7378831
209792
3526739
4638367
4410431
2799724
2514942
52345
3594047
1167782
3791902
1990543
2771384
3925754
3714210
2365723
871037
4777781
2993289
351387
3348726
3528364
3619486
772302
979020
1327615
3331641
2147032
3573967
7474024
2577251
5736259
1395216
2165530
4467479
6244809
2770452
4786002
1268850
1706128
1928577
1756040
3441976
6393827
8585366
396535
8075892
4857353
5020479
1037063
4818989
8624543
476089
4324061
2855955
4428552
2344099
6184228
492092
1760129
4378104
1570202
309406
1318421
332586
2073740
2568260
2761725
4426289
1525982
812642
2145097
2573296
1269179
4676227
6018363
912226
5703790
393470
2070817
1372515
1574814
250837
3247602
2853289
1525550
5931445
3994427
1947830
5033545
2849115
8395877
2720082
2727488
493315
2067173
6485417
5330994
5958745
2634358
4497129
1024334
1297682
4868248
124320
8104316
4857937
3181350
4203819
5503764
1665908
2349421
2250046
3557773
4234819
3747792
4556740
2232048
2761206
7061442
3644862
1522307
637368
2825484
3211755
3214691
329339
4161579
1800606
7710439
4180508
7087302
291102
5168466
1034771
3492117
2613419
1779953
4527649
4550987
3005019
3998323
429538
4695985
1351005
5292707
138770
4212893
5287716
3583059
1671838
5828024
3437272
4226608
3119348
4388000
13861
1519927
313842
1833658
2543453
316491
5077140
3996463
1748084
3446618
1245632
5441202
6752315
562413
5322029
3921891
1823287
713767
5185981
3963539
1127464
2936640
1058837
2760290
2779928
3094540
3540607
2213583
3483870
1386248
3092979
423309
3961321
3044002
5034912
1702268
92429
3611880
2177186
3215405
6358262
7545
2591504
1230524
2723179
1070750
3076016
1485817
1272245
884764
881500
1590509
154230
254371
3833731
7372434
5496925
5300098
1293676
291567
5719184
4794971
2228365
2831403
2137466
4991914
2591342
2351892
755095
1681452
1489490
2153879
1612408
411578
218726
2719221
6777817
1899827
5561426
2361663
863740
1127999
2888051
5275822
6755613
4304764
1794909
906397
1704043
42352
1569506
148979
1372979
3200016
2396076
3183479
3422289
3244528
4363655
1169971
7499718
6817914
5467066
3128158
4303525
2140907
584435
5348267
1527721
2849716
5092662
812665
1505077
504835
1540992
2336425
1025228
2799661
2589208
7704042
5233595
3691962
351200
1591514
5212131
3007447
5694924
947710
6801396
266629
1782104
5322594
1769245
4534092
968178
323639
3612989
