2000 2000 2000000 2000000
2 1350898 505518
2 170690 38966
2 89527 1257333
2 1322777 1718120
1 1187867 1731431
2 1996914 429286
1 1297424 322999
2 126088 137421
2 375203 1254295
1 522047 965957
1 1384866 256171
1 494915 473718
1 939674 288992
2 1639346 1038299
2 567772 1992303
1 1087570 1975873
2 1667494 414173
2 983389 698015
2 1665466 1470549
2 76285 1352268
2 897559 127218
2 1435613 427410
1 618069 1560616
1 390888 1244257
1 474310 1999348
1 892243 1319399
2 1133239 1107079
1 1087233 658099
2 1139227 385049
1 1631323 1862289
2 212852 1933647
2 1438807 621662
1 1782696 113403
2 607948 1966667
2 1027013 524813
1 1126695 1088835
1 129236 992983
2 612269 1815285
1 820758 1278271
1 446312 920772
2 1468238 1778368
1 103718 1571206
1 1804 1119089
1 591708 247765
2 1082488 1833230
2 103187 925662
2 1483750 586129
1 883149 498628
1 774227 386973
2 580785 876539
2 1503473 1634050
2 1977188 1153591
2 307245 680413
2 1636359 1991644
2 1580054 1609797
2 544393 1552675
1 790497 9316
2 1129699 74494
2 1038056 1182294
2 93727 1444234
1 1041524 979782
1 1924749 1994237
2 969488 330130
1 1922813 531545
1 1661216 470672
2 781846 1290371
1 182888 663512
1 1898553 1020938
1 1394106 1063576
1 829795 1969779
1 1303479 995298
1 1989322 1273559
1 1690115 1008096
2 506178 625727
2 1892848 1524473
2 850249 1820432
1 1004002 785158
1 1893982 1253209
1 812990 477938
2 88917 269726
2 995473 156323
2 1012551 1099987
2 1695653 1985429
2 326996 1266999
1 1560796 1151659
2 46836 274616
2 1856228 1892874
1 285493 822696
1 809551 1123406
2 984814 1308462
2 621262 1221803
1 1821548 812344
2 1322165 632944
1 1311121 1649597
2 286983 1903984
1 1593476 1927689
1 1919007 1286754
2 729798 69200
2 355388 1298006
2 1167472 1877351
2 919862 1782676
1 1268116 1718000
2 102326 239839
1 801729 200946
1 1274505 987725
2 550316 715328
1 488417 1922591
1 621621 890095
2 835245 1827269
2 46134 1416977
2 1118739 237127
1 1268976 1043322
1 1762340 1480395
2 1498519 973066
1 747327 1843454
2 1057150 1608910
1 1680256 1576680
2 1906841 994977
2 1873724 1039428
1 1632074 46050
2 985798 786730
2 1370648 149271
1 90794 239831
2 161384 1423937
2 1448405 1341863
2 407686 646850
2 54692 1248854
1 337777 972537
1 1772812 9034
2 293325 1686797
1 194543 466864
1 463266 1182228
1 362388 951555
1 699613 1250068
1 100651 1906158
1 893246 1295868
1 1646706 1114507
1 963940 273718
1 390594 118519
2 1305916 698601
1 601836 187191
1 767479 1644774
2 1351386 693246
1 1932564 24932
2 1535245 1967159
1 401855 943167
2 688349 1375791
1 626728 194591
1 1489161 34372
2 1686747 1840468
2 620344 18736
2 482554 859036
2 867301 1426563
2 432637 687868
1 1318758 1384654
1 26641 1749653
1 324212 1259462
2 1300572 539054
2 1499974 120956
2 1094012 215938
1 29073 906293
1 1624934 1277165
2 45774 1094311
2 1270707 1550986
2 398639 490606
1 420229 1123141
2 1865260 1204240
2 1961216 1080802
1 69082 1150195
1 1062671 990841
1 1498277 783348
1 810141 1799394
2 254471 1303031
2 1887581 1905941
1 1370557 771899
1 1023241 1387418
1 1500968 488698
2 1247968 810752
2 366027 924371
1 1755284 1822540
1 1680846 1123476
2 1528864 1488278
2 1917489 1321921
2 1068023 597256
2 908499 553813
2 991328 1651425
1 342540 33608
1 908347 1332
2 990273 372403
2 35351 1863348
1 1887909 1255781
2 125207 1059496
1 272300 460481
2 190154 801822
2 564136 1777962
2 232963 1176915
2 259121 69391
2 1199275 466461
2 710121 501059
1 1873860 301259
1 184988 1730070
2 12689 1024567
2 1940170 1787189
2 1653717 979271
1 1004874 473344
2 1301029 1360342
2 1321128 1355939
1 1113928 1216158
1 615036 797019
2 1423875 1709606
1 1252953 1963440
1 713731 1553383
1 1283456 1225578
1 1194535 813323
1 1323090 163186
2 1901246 1503794
1 1988256 1040366
2 1866200 297618
2 985204 290740
2 1913469 1176419
1 821480 1928067
1 535101 669895
1 371290 1785416
2 540054 804709
1 89953 979266
2 1354327 1636524
2 501044 342027
1 204857 161039
2 1569037 1336118
1 728490 700709
1 76481 220063
2 795181 704217
1 1523459 1684304
1 1398232 1093528
2 374868 1338904
1 1670105 1064066
1 1597107 1293343
2 84514 830106
1 671875 1252380
1 960750 130150
1 1464320 1965202
2 881534 1766104
2 1078570 439936
1 1124381 930716
1 1538675 1728860
2 928099 907707
2 618439 435914
2 1526910 85767
1 1919697 1594731
1 1157377 354301
1 600270 391728
2 573384 1219485
2 507924 633898
2 1627106 1228846
2 357887 701242
2 1844960 4520
2 1417703 364827
2 1448283 1945696
2 1008069 893067
2 938297 1235020
2 957027 551375
1 1304449 772070
1 820369 1134116
1 1173491 466991
1 399428 1190420
2 250120 1814629
2 362842 1964516
2 1023862 1166008
2 381493 1262050
2 1361866 1187722
1 1322180 575916
1 15917 412621
1 1928103 1653789
1 978051 1831204
1 984896 1506492
1 178990 1402305
1 497215 1934348
2 737530 1054141
1 1261649 104869
1 465770 577795
1 134208 1511342
1 231877 1990590
2 873192 1187766
1 1657344 1125363
2 1971889 1324538
2 1223798 1484443
1 1243024 835702
1 679237 845742
1 352835 710553
1 135697 1641269
1 269794 1742797
1 608695 160506
2 1975292 789828
2 1816904 599638
2 1492682 188062
2 1146018 1461103
1 249517 567225
1 1947935 1934503
1 1029815 786227
2 293556 377955
2 1683730 654163
1 629743 71941
2 416522 500028
1 1604092 377937
2 403960 1660958
1 1273391 1742930
1 945296 1673711
2 142225 613306
1 1579147 53976
1 254378 152495
2 1903020 1212499
1 1186826 1272841
1 1901055 851120
2 787812 310647
2 1399051 46374
2 366854 339296
2 913847 1133472
2 132152 1271487
1 757701 1194581
2 1040366 830182
1 1473790 49210
2 528709 650135
1 1669402 1981241
2 1194820 649225
2 1399043 1452115
1 1546750 263783
2 1830730 1076541
2 1140254 888428
2 1570961 1525641
2 22212 383794
1 340210 1330226
1 1614983 1755761
2 1829332 855316
1 915806 1741717
2 1635910 1802191
1 93372 437681
2 389810 1574319
2 1050134 1392780
2 1338612 174502
1 1759839 1921978
1 1618749 1953091
2 354359 1633841
2 1159575 633236
1 491174 129666
1 281165 928812
2 1446497 22065
2 1687524 271699
1 1817975 344101
2 1414702 1542883
2 861685 1567111
2 1906400 1729732
2 880381 621629
2 1210967 1033076
1 1003790 1039508
1 1314847 1449609
1 1610396 1085275
2 937891 1068560
2 1334451 894322
1 422630 776219
1 1019372 319980
2 121546 1921728
1 614958 1188039
1 1262069 43911
1 699747 106758
1 867934 1435834
2 1285156 24978
2 1663226 1452500
2 1439130 1539655
2 310861 56631
2 168305 1430122
1 1927457 1136271
1 621044 364373
1 336889 1439180
1 995338 1012778
1 725616 562464
2 784611 710370
1 207432 895854
2 490985 137919
1 1926709 1241
2 148953 1125063
2 1442188 1993019
1 847576 1981558
2 280676 155675
1 315431 479694
1 1583030 659684
2 1026015 1070782
1 1834351 165727
1 646958 11692
1 1290111 952814
1 603046 637652
1 557296 1209753
1 180695 710612
1 1153311 1735398
2 424358 945761
2 1944845 969464
1 123839 525985
1 721144 1870178
2 1564107 1484167
1 1892386 32458
1 806972 1995545
2 1168451 1673618
2 1795741 48959
2 1092916 1771703
1 766573 724165
2 679171 1393389
2 1156850 80393
1 267349 123010
1 974844 1853535
1 561489 1790126
2 260317 365767
1 1564958 1365583
1 1359168 1862685
2 695900 731973
1 1570888 91106
2 409580 529033
2 1222626 866654
1 127482 839757
2 1213750 1973921
2 948742 1730065
2 1196994 426584
2 1587056 317328
1 1096828 1441701
2 788425 893605
1 1610485 193246
2 571153 1365891
2 1357201 1752076
1 681518 409692
1 1970068 817510
1 1459872 1184439
2 1461025 342693
1 1647051 657241
2 981828 1975407
1 1944670 1164449
2 1562222 1990599
1 1239294 185076
1 539014 85826
2 1979459 250643
2 1212801 267517
2 1591560 478833
1 1131006 1448807
2 1843098 335781
2 1278281 1295260
1 1955399 348510
2 468286 1167978
1 1934207 218649
2 390444 1194436
1 372357 1914632
2 805618 1217306
1 898571 427072
1 706640 1427933
2 1838730 713071
1 819005 302977
1 227558 1011879
2 75594 606237
1 1864000 281330
1 342276 219644
1 1923695 1461838
2 1031529 279881
1 823777 1227771
1 236295 498927
2 1536991 979168
1 1134199 1831617
2 1964710 787274
1 1777228 1169805
1 33991 1794088
1 41317 218003
2 81618 1733555
2 1638515 623864
2 1797282 245450
1 1798405 1786610
1 1555587 218538
2 1602087 1158549
2 1781295 1880717
1 174697 245293
1 1402782 1939356
1 913436 1230826
1 308917 1206326
2 212245 527619
2 193115 1105818
1 1320008 1622051
2 1126430 1975321
2 514651 125213
2 1283949 833454
1 1365017 717695
2 1422597 903585
2 853026 902876
1 1823037 636135
2 464528 1292664
2 1492840 272373
2 1095644 1576521
1 527844 783932
1 1043929 426787
2 985718 1112216
1 1863375 1144677
2 1503471 819915
1 1087830 1382835
1 423100 781298
2 469902 635163
2 1958138 1506465
1 711775 1097868
2 1413601 1840319
1 1353165 831647
2 888191 975192
1 810915 1741188
2 1646577 1415838
2 1766388 351855
2 1941344 101783
1 1063650 1304289
1 984056 488415
2 648236 678052
2 1587997 1251630
2 585607 327584
2 33288 1805344
1 1887973 1039735
2 1643112 1790004
2 545912 1742939
2 1612982 187307
2 243372 1301493
1 1532405 835215
1 1003252 1118394
2 479930 488457
2 49439 1415706
1 1338510 1070671
1 1940531 1235383
1 442481 1365925
1 1617672 1279822
1 1239265 1410749
1 966773 1984876
1 1561344 1525423
2 263603 1876680
1 284433 1046992
1 180725 986763
1 890990 1981907
1 958869 1892432
2 1239101 1503489
2 777700 1747042
2 807950 651391
2 1017070 794377
2 1701941 526586
2 864436 1156432
2 1178774 1285943
1 385764 1444043
2 1541244 859714
2 311607 525571
1 420105 797795
1 1601624 1931485
1 792449 327614
1 1313674 1890886
1 525670 1034858
1 520134 167368
1 1539549 1795959
1 1083147 272559
2 1219670 739395
2 133913 1563728
1 1372307 499765
2 1975830 480280
1 293907 797680
2 1069715 684453
1 558937 1968437
2 11147 820531
1 1698802 1183924
1 210721 290098
2 416816 659294
2 683708 290397
1 1569603 322381
2 1922581 1869156
1 390092 1532377
2 259781 1346060
1 1927879 1240423
1 836701 1780600
1 631141 1801590
1 1294367 1275971
2 771451 475577
2 1029207 499225
1 1451576 97973
2 1669502 832306
1 1881952 451675
2 206515 1088653
1 1156061 1190194
2 757298 1143684
1 187624 1312295
1 372649 1973146
2 1482200 804457
1 441398 97004
1 43471 1103307
2 221513 1458045
1 295326 452892
1 1038240 52656
2 1641043 1377204
2 688854 575858
2 1246553 1917023
2 1369855 717387
2 1304274 1300637
1 42224 742630
1 839130 392407
2 1167081 1538491
1 1130031 196384
1 773474 1215220
1 1027481 1923229
1 1457853 1647122
2 1321256 204194
2 815091 30405
2 1271330 1685983
2 320385 1629006
1 152226 544560
2 1447302 1381402
2 51727 291369
2 1944308 1618203
1 1742257 1615457
1 1722061 1379141
2 120564 1072763
1 428116 224424
2 1879238 1191999
2 1887679 1881631
1 874204 461808
1 208967 1764637
1 1592502 1867490
2 304845 525294
2 1824200 1909942
2 112730 739736
1 835211 1138827
1 727679 27803
1 1876945 1922069
2 256468 414003
1 1895049 389794
2 1047721 363065
2 1473293 1138841
2 1978095 1406644
2 910578 265606
2 675801 1035938
1 887461 1189342
1 118696 1000433
1 1943388 308939
1 9915 1164923
2 1527272 1971886
2 273725 382406
1 233738 1658498
2 765113 1248728
1 1289845 1813724
2 1696965 679206
1 1503398 437271
1 664850 702866
1 597947 810462
2 281585 1064484
2 544513 1777841
1 96631 1825421
2 836818 1642888
2 1189555 1248212
2 854829 542055
2 435353 499465
2 1614945 1875517
2 5572 1649731
1 1571916 277216
1 1262177 1729993
2 426171 1796040
2 26165 135509
2 419803 1345618
1 1316807 549855
1 1719200 334268
2 1858454 896122
1 1569431 1785111
2 266960 1075139
1 253159 408084
2 9279 833583
2 1330529 160871
2 1718595 1742749
2 356974 1891987
1 1198497 727978
1 216223 134831
1 346984 1659475
1 156231 669235
2 1489357 553924
2 1569324 1416261
1 1723894 1155759
2 518347 656052
2 1124001 966109
1 1235566 758055
1 338026 816868
2 121533 1177721
2 1735853 596207
1 1844976 1557566
1 624127 1433303
2 986335 167791
1 426309 486724
1 976159 1556008
1 327452 793313
1 1353438 589123
1 359530 336880
1 1982994 1096056
2 968232 1104674
1 44801 1914900
2 892848 1305227
1 955683 1685016
2 1947068 1774706
1 159952 1591107
1 1508034 1693311
2 1752887 810583
2 1507475 1237600
1 421021 1345150
2 868821 1801621
2 1378794 1946176
2 761638 1011822
1 1952969 786898
1 791248 1717591
1 1940152 196662
2 1265283 1295079
2 1444521 247442
1 314396 1296643
2 1082058 1275346
1 1561918 1218260
1 327525 1725765
1 271647 1721693
2 1225486 1863696
2 995485 1106855
1 1171727 1078694
2 1755688 998528
2 391969 1501154
1 667342 111915
1 449243 865576
1 1034146 450457
2 1909713 415390
2 1172887 644368
1 786339 137077
1 1651417 1576574
2 1889208 562121
1 343344 39001
2 1612708 1669310
1 1698454 1205737
2 832829 428994
2 1949288 1618767
1 1179857 39796
1 1471182 116091
2 1657062 1876198
2 449052 1142181
1 296190 1108645
1 995937 538859
2 1881803 1668008
2 176402 1483468
1 148977 1078934
1 1616457 1128035
2 1416252 1889703
1 836585 341516
2 1265487 232358
2 388434 1427319
1 1699143 186426
1 478904 1377508
2 383948 1482017
1 110275 95679
1 478848 1486181
1 1155766 1309341
1 1944106 493993
1 924090 359194
2 1348445 1746554
2 805094 254064
1 860866 605587
1 899046 1268751
1 1567545 1392396
1 521056 1894958
2 744348 1625789
2 1706382 256075
1 1940261 777305
1 229548 675527
1 1547374 1556183
2 1035968 628310
2 1336378 669820
1 1167542 1538782
1 1622081 1644579
1 1671242 1044502
2 854062 944716
2 1729002 1577137
2 1981369 93109
2 8395 866821
2 1419564 1408459
1 1617953 1043074
1 229497 1589420
2 22914 1683180
1 171873 1455988
2 835608 1049846
2 64805 1431248
1 1575129 1810606
2 763526 1620086
1 1490060 415123
2 966128 74212
2 661733 1643841
2 412118 1770875
1 265563 1177108
1 490294 1432106
2 879195 649412
2 981319 1754463
1 417405 1627673
2 677387 1171396
1 131990 1031040
2 74089 346759
2 1672370 1315452
1 1254550 1948682
2 241495 1029668
1 1916220 1127512
2 1523945 1065364
1 1591230 477506
2 1889305 1355594
1 787593 1407070
2 391428 104235
1 425447 1356756
1 592336 1407789
2 977025 770484
2 83834 191596
1 538219 1423520
1 565897 477679
1 301079 1645731
2 1191079 828285
2 1671030 1573994
2 1253370 105059
1 970003 1763712
1 445508 12441
1 212314 1802490
2 690218 1071869
2 109000 246919
2 1553063 909008
1 1359922 169380
1 1137884 1534938
1 1364587 1180391
2 558016 1548481
1 12208 382881
2 767623 1314912
1 1886699 1518240
2 407933 1863952
1 1277388 110214
1 1580764 1256969
1 854516 1295452
2 576457 1677368
2 1672457 1367281
2 32347 1281799
2 1169847 307300
2 1498970 1302936
1 483173 1341389
2 1731922 298870
1 1325406 531470
1 42092 1860336
2 1121260 77959
1 207494 1260409
2 169571 689613
1 988830 904667
1 1362322 138781
2 739049 1314124
2 1339378 799994
2 584093 379943
2 1640448 35567
2 1730217 1310182
1 1653526 1884706
2 1630806 1464817
2 1200339 1934830
1 399951 101871
2 492406 1683968
1 1288206 889955
2 1433408 532486
1 1882281 422675
2 249158 474355
2 289325 1895662
1 1891213 662735
1 438239 1389969
1 435293 1383633
1 356628 1129118
2 1988208 828934
2 518984 1686207
2 805635 1898337
1 1908202 868409
2 1579747 1446668
1 895210 450413
1 379764 1554445
1 1172960 1086754
2 1938580 312849
1 1288983 1269075
1 1137282 907348
2 980712 158541
1 1857405 326448
1 24314 142419
1 1595114 1648233
1 657617 1734666
1 16139 930897
2 1529891 1376958
1 720506 645807
1 1471558 282455
1 631428 1460977
1 1920590 76241
1 1598460 355872
1 712942 1839121
2 1112629 537198
2 550256 323154
1 399138 446590
1 1428095 905780
1 1027763 289258
2 933176 1125397
1 747346 1886518
1 1616440 378138
1 330077 794796
2 1321278 1312663
2 425949 1046714
2 1495235 333716
1 1995629 834729
1 1180351 1205345
2 1464529 768094
1 1638102 1488590
2 1525868 611314
1 1378319 713019
2 1685358 1771444
2 12482 1701839
1 483714 102279
2 106978 1222012
2 1710712 1267568
1 823428 309844
2 1128942 172519
2 171725 1875066
1 466108 1582468
2 1045093 280340
1 1292737 145075
2 915691 329740
2 1294434 1020883
1 123472 1162241
1 1048779 1700694
1 73567 1636123
1 1358612 691527
1 617154 408007
1 620868 1753933
1 1712880 412797
2 1101801 1996845
1 1495745 1939478
1 489308 302817
1 562082 122388
1 1921494 1307652
1 367907 1359985
1 1072358 301549
1 414921 460071
2 1489514 594013
1 1019023 478511
1 237490 1640100
2 58485 1345262
2 1519113 211310
2 1115280 1736110
1 391690 195398
1 132901 1713351
1 56825 1006319
2 1522429 1132390
2 1787003 482989
1 1277829 1797890
2 1865162 1028168
1 1309319 1950025
2 1712595 1702010
2 1998089 501469
1 1489196 1924103
2 1510663 1191590
2 1567148 2859
2 49371 998405
1 166654 209595
1 855854 726159
1 1284875 36710
1 1071901 255509
1 1375396 525662
1 1491710 1866330
1 1431274 1623240
1 1878318 534382
1 826565 960418
1 856759 844222
1 1022204 1685735
1 795002 1253407
2 1769020 759446
2 1069020 930137
1 82003 1973174
1 23148 1141364
1 410736 85943
2 43661 1277070
1 501372 1187802
1 678814 1148269
2 1739864 1457836
2 1175215 313979
1 655928 437931
1 175910 610331
2 1971062 1521190
1 1793252 61533
1 228374 453512
2 1682362 504712
2 1286099 1349012
2 1491904 781780
1 108178 1623918
2 1362584 1379610
1 1234223 984455
1 1318017 1470680
1 224623 1751069
2 766844 210998
2 187225 419613
2 588417 375724
2 136811 198286
1 406714 1629372
1 1100282 1120858
2 1686771 1722417
2 1543827 1964859
2 791807 587789
1 8472 798878
1 130854 156936
2 308481 1935027
2 1807495 671844
1 621296 1356872
2 1969582 794420
1 1914449 1615833
2 71290 178448
2 1799545 1452117
2 1134129 145506
1 589010 26138
1 310795 213705
2 1586082 147555
2 480693 800871
2 713445 1547006
1 372081 290013
1 1009886 1203716
1 1265705 38508
1 222336 21362
1 650217 1486394
1 759364 756473
2 738640 872753
1 1803278 1983548
1 855184 1184431
1 1893723 1641494
1 1676845 1890170
1 927672 543779
2 1835720 624190
2 1885372 403648
2 490239 1528096
1 1613060 247062
1 727648 1413845
2 174645 608368
2 1976389 1525195
2 946892 1817631
1 564007 1323415
2 555178 1100212
1 1165130 1197429
1 1969538 1229636
2 69806 1269019
2 1663340 144158
1 602566 882511
1 475558 1935918
1 830331 1194679
1 1340055 1615489
2 399245 1187835
1 1914703 1449003
1 169802 1542368
1 813965 974837
2 1920474 514219
2 182424 769849
1 1148085 666715
2 1249701 1785485
1 819126 348847
1 418642 1576747
1 600266 1644125
2 214852 942898
1 1768706 743152
2 98762 1566234
1 1662987 105521
2 1543924 1968819
1 648871 1534039
2 813261 447054
2 636814 1307156
1 1915647 1167134
2 1761227 1135313
1 1254501 233492
1 572061 1389788
2 1862017 195669
2 1847137 1243013
1 1260679 197961
1 533901 579145
2 284152 1905973
1 791908 641346
1 1419863 1579272
2 1154207 192058
1 956996 1695258
2 708460 1583067
2 327591 1645837
2 1916719 1568595
1 674070 12545
1 130344 1999950
2 1136449 1592140
1 11033 1972246
2 871787 1151831
2 160158 308988
2 1185381 589552
2 1396702 1453025
1 152368 1697109
1 1787843 755649
1 1593493 1423995
2 273114 155399
2 933150 888099
2 1894162 1082852
2 1140330 1055442
1 1515355 275934
1 1434319 434757
2 351472 711081
2 1359579 1562800
2 6636 1293137
2 1584975 425248
1 16620 309306
2 647103 1097816
1 645494 223405
2 949425 191384
2 409770 709070
2 956894 1148578
1 1233698 1223941
2 1547935 1274519
2 1531222 177539
2 1209675 75578
1 219336 1513166
2 1126607 497023
2 1917596 972080
2 226245 458370
2 334159 1189034
1 1820894 1784745
1 1002100 957984
2 8406 1025646
1 285989 154609
1 552052 1160434
2 1978068 1122572
2 509183 505652
2 1700193 1770497
2 1182722 1556008
1 1535413 1449706
2 1924434 480357
1 721648 1957174
2 1042353 384950
1 1554439 893698
2 731530 63975
2 51314 353845
1 1705870 701850
1 1131981 1757787
2 1636264 672220
1 982850 142228
1 628094 799086
2 1419846 89123
1 1579292 431168
2 1018859 1553863
2 1451407 792449
1 408454 392270
2 1262765 1002411
2 1543179 457802
2 742274 1720113
2 878131 1165380
1 1029646 53231
1 733673 1022437
2 455320 1698430
1 1600611 1274381
1 1249725 822105
2 330821 690980
1 1174879 1465572
1 142899 1063662
2 1487290 1088554
1 299708 1726975
1 1176125 1652436
1 556237 837863
1 124965 909707
2 574727 694681
1 420368 520453
1 437075 1589222
2 1780614 1200380
2 1156980 297398
2 723263 140070
2 1856946 1257287
2 1095017 333931
1 1101195 1022129
2 1177570 650133
1 244653 1250661
2 1431526 1317163
2 705242 757682
2 1499347 784078
1 1560018 1565143
2 289552 239009
1 920133 711703
2 552518 715585
1 430159 1248239
1 444466 445050
1 363703 1681397
1 1536685 1252608
2 213358 93058
1 1077728 1018752
2 1830383 83640
1 1968678 234325
2 780726 753405
1 197496 1203598
1 95994 1116522
1 1486319 473032
1 1985921 1447519
1 873037 159857
1 1509288 182335
2 1971784 487742
2 895110 1456892
2 1126653 315610
2 1129111 1027666
1 727837 1756622
2 773661 472162
2 817219 1664830
1 1284918 1862561
2 1863722 547461
1 1684752 1896081
1 1430424 418967
2 764458 959471
2 146841 273790
2 1089840 1325376
2 62381 1131633
2 1425801 432589
2 472041 19215
2 1316008 923245
2 1250548 1890100
1 1458713 1842172
1 947064 374224
1 1474749 1397191
1 62869 880193
1 1423000 1857044
1 1450300 1774551
2 142933 122519
1 1995095 1597430
2 343519 1463862
1 169566 107162
1 56341 643515
2 582058 815693
1 1674227 945854
1 1586281 874724
1 1366321 1808628
1 154990 1632047
2 911940 1326751
2 258828 156148
1 1296591 1549310
2 541611 1334544
1 1817587 514313
1 1476492 531122
2 834764 511847
1 533670 1266332
2 1898960 1744867
1 757344 592297
2 1117375 1467372
1 1290872 1869203
1 1821316 1729188
1 1329269 1335648
2 1086569 1090847
2 1844355 1512649
1 1503961 102870
2 396649 56088
1 1507555 1132831
1 1118937 1764456
2 1245113 1367440
2 1172778 1172551
2 818776 246156
1 318337 1476451
2 1547186 1847941
2 540181 72890
1 1963965 470907
2 1616616 120901
1 602415 1026117
1 542908 1532147
1 1950231 906712
1 710661 920495
2 1681409 701369
1 1561418 1007513
2 1751872 373011
1 1259152 1001428
2 1670874 309163
1 1717711 1286887
2 1983807 1242779
1 1581234 1677280
1 488002 1418478
2 225024 1870714
1 1290986 937327
2 147632 172796
2 1386845 237583
1 481477 1402425
2 1190902 628446
2 800147 1970169
1 1941440 29529
1 1470915 1381112
2 735522 1408415
1 633568 1097180
1 1140798 1088873
1 1738927 1905118
1 147890 1945817
2 761794 243966
1 496837 124252
1 673365 942341
2 1962444 346118
2 1937570 1613017
1 1894560 198960
2 313665 1199389
1 1887010 1235229
1 309940 393106
1 827397 464856
1 187218 295503
1 1249957 167747
2 964157 873368
1 1400943 1360740
2 710007 1670130
2 837332 351619
1 1283659 1620133
1 1483106 171195
2 1726445 674319
2 1155921 1899017
1 1862056 938550
2 1099213 729119
1 557734 1392637
1 1091357 1430523
2 881994 701230
2 1732959 1515222
1 485123 207289
1 468649 1180776
2 721611 1226701
2 1726112 1337714
2 478006 89300
2 581632 838552
2 27654 499880
1 1772197 954520
1 1519843 136139
2 1384627 294192
1 633125 484393
1 1604049 1363991
2 1568988 1674138
1 35184 501741
2 1788002 1213453
1 639214 969904
1 708525 1465135
2 1490933 1504123
2 1013382 1403254
1 480075 996664
1 524703 40776
1 1995222 354522
2 747243 674471
1 1446503 1546433
2 555948 842416
1 633827 651585
1 96434 441435
2 1074186 431670
2 1543081 1181550
2 705151 1077250
2 1521195 131053
1 289375 1920833
1 573095 949882
2 876159 1823722
1 1080598 1253493
2 1768897 484391
2 488055 1831198
2 1819808 1625782
2 435651 326580
1 1264753 1195299
2 1930280 572863
1 564414 362193
2 132635 1209269
2 1785068 288215
2 1566657 1945607
1 574779 1378962
2 681820 472861
1 961988 913434
2 1162340 958065
1 1325078 956418
1 577817 655194
1 7184 591737
2 355774 216911
1 1980200 329396
2 371074 1758439
1 1180630 947440
2 835899 1715747
1 1025077 1158827
2 1622801 166754
1 205878 451205
1 1155794 579035
2 1885182 605627
2 553092 569749
1 1137988 394330
2 1033903 1618178
1 348515 303548
2 1518015 1288774
1 1089941 1783234
2 462677 82907
1 580542 1053133
1 831855 523116
2 1920250 79986
1 1874934 1514961
2 25594 725993
2 357642 769035
1 1652261 1853791
1 432106 85597
2 1773765 482277
1 1413064 175857
2 638002 105426
1 538633 562345
1 397321 367258
1 1757593 278710
2 1894430 112168
1 1903019 1125565
1 1565149 1518007
2 1280453 1182559
1 628440 1035975
1 1147559 1946286
2 1792754 1916532
2 941261 1356849
2 1204774 1395089
2 738524 698332
2 756848 805566
2 1028831 215422
1 161799 437510
1 1259233 8413
1 584110 718522
2 37077 1302966
1 1084218 292430
1 590264 1992341
2 450215 336445
2 1550425 1413558
2 434289 1829375
2 1158566 1862493
2 1524543 455323
1 862175 1941173
1 1657651 396458
2 1910676 404520
1 120661 1107065
1 804404 1287717
2 1028230 77828
1 686032 887859
1 424599 1457038
2 813498 596373
2 1250072 1618132
1 1819288 398661
2 1538386 498903
2 1201826 1151723
2 1495216 1750917
1 1300033 1940372
2 548236 775064
2 1313811 781257
1 50718 221253
2 1671566 696890
2 373923 703732
1 120064 1817519
1 1420356 1659773
1 1335944 888545
1 1158588 1567539
2 456194 1760581
1 1784612 501156
2 1377647 1281165
1 578853 1620698
1 1799577 78505
2 638296 1824558
1 1536702 185578
2 1192169 1069343
2 911663 1743975
1 1429466 1390177
2 1937876 710904
1 814269 254164
1 1119937 876432
1 632879 1834667
1 1108458 926512
2 480256 828158
1 224224 1777300
2 407106 1944753
1 51386 1285872
1 1441569 1372986
1 1659221 521880
2 776282 613367
1 1836383 1215341
1 524606 86169
2 211012 638515
2 1380762 1290727
1 661444 1231595
1 1920856 249763
2 989902 611657
1 1516859 1288979
1 1714606 1057717
2 847383 981144
1 412401 1637780
2 576818 462957
1 788287 258942
2 32195 85276
1 847059 1096619
2 779171 791630
1 1480408 132402
1 1052846 1065281
2 723894 1100964
1 133964 1443828
2 1429489 106014
1 537329 942254
2 507161 390395
1 1251265 1519583
1 1829000 1127670
1 1318967 1988773
2 617994 571358
2 1143367 1300901
2 662272 614527
1 759567 218601
1 926520 206673
2 65377 1217036
1 1142286 1565901
1 32978 1341060
1 1928980 287144
2 1573138 1772323
1 1191753 1878677
1 823495 299239
2 1719360 1573616
1 1553608 1026010
2 1430956 1007916
2 400737 1651996
1 1320685 1280002
1 51116 143990
2 429294 554518
1 42975 1671203
1 1625881 1933900
2 755855 913587
1 1251023 114910
2 1477996 613763
2 1479331 713314
1 1827799 243136
2 791759 1977498
1 1628663 1076411
2 1747380 1537940
1 493778 913503
1 1059874 1105601
2 1413868 289596
2 429657 336055
1 1394261 279260
2 1768611 614917
1 987303 1968248
1 1182336 1185196
2 228370 905339
1 1778178 728850
1 1094469 824049
2 1305882 1125715
2 1742087 1445085
1 601189 184666
2 838473 688347
2 371239 225304
2 1500133 1308874
2 118647 1715925
1 1243216 642340
2 1543466 1575949
2 1920205 1595145
2 724897 1148668
1 1448721 1223168
2 169999 605422
2 790552 1797986
2 1065113 1444842
2 552017 1403500
1 456607 584266
1 299832 1247820
2 1674395 910477
2 1325797 1080140
2 1805129 565946
2 627719 1194715
2 160821 836678
1 329766 1635221
2 202890 1187125
2 701206 1009135
1 1446539 497729
1 1022794 24497
2 897028 1345807
2 922243 1689612
2 87291 120851
1 638560 516419
2 928748 281717
2 1100041 790427
2 1765172 264526
1 607085 295494
2 72020 1086660
2 26322 1063278
2 1714044 106478
2 712539 103074
1 1310868 635184
2 1557128 222066
2 1032878 754460
2 603318 824267
1 493927 167172
1 1038231 1244180
2 748138 1630308
2 1432963 1069682
1 1208913 951431
2 1830826 197164
1 216422 290696
2 206923 1692291
2 1520702 1417676
1 1262509 1991642
1 688921 1916180
1 1769893 120159
2 1582265 991288
2 1086756 172846
2 399422 1144391
2 1326550 1684227
2 524908 773096
1 378832 448292
2 1770877 1940383
1 737163 1028860
1 524757 537444
2 1611197 1671424
1 922707 29488
1 1788462 392893
2 1109269 311943
1 1862725 1281906
2 144982 507181
1 1904717 687274
1 1318731 273651
2 680213 1496388
2 1729525 923396
1 362169 25839
2 783843 317985
1 325846 900768
1 1600108 124481
1 568197 1275102
1 810193 811905
1 1537117 1220204
2 1158889 582201
2 158932 831214
1 1178876 775836
1 1889656 1213242
1 406863 1421572
1 1055850 169104
1 1856336 135167
2 1819430 1198193
1 560781 1758635
1 1244112 1191328
1 20005 596576
2 1746394 1901836
2 4118 1788035
1 1907847 1133734
2 965822 239970
2 1757837 1899578
1 1603476 1772685
2 1709501 535640
2 393896 349272
2 1839403 1523147
2 1601437 789160
2 1265673 218217
2 50812 611520
2 247531 1739399
1 981953 12837
2 1572921 1978009
2 1028298 1381467
1 184559 1545172
2 607031 1611337
2 906465 1020202
2 1847000 38951
1 1713013 640640
2 1968488 1546826
2 904583 884362
2 483199 519338
1 1663763 998624
1 36049 1187201
2 511264 104753
1 1495032 468933
1 1314557 1404819
1 44847 1316194
2 239064 1883548
2 696682 1106816
1 1770344 1347381
1 1677287 1553561
1 1901080 121286
1 1058440 1035050
1 726783 721404
1 1509256 863125
1 1140017 845554
2 842998 10785
1 801650 14237
2 899106 1694911
2 1954345 1445944
1 1095300 1244390
2 1526838 908440
1 1502676 1830384
1 1892951 608569
2 514113 1283459
1 510776 1224423
2 792543 1664167
1 1210673 1460369
2 104958 290488
1 1727269 234899
2 400897 459250
1 1038440 1800911
2 606774 1356031
1 758091 585523
1 785844 1717974
1 369163 1185283
1 728205 1089650
2 1766759 1218933
1 1740185 988877
2 1385538 701108
2 1407779 1569050
1 852413 1879598
2 1779695 1020777
1 1096764 345630
1 243623 1191598
1 1917218 432867
1 1133526 526116
1 1105250 1076072
1 915029 1829456
1 1495371 29242
2 22404 570085
2 1200315 1029025
2 1987381 509877
2 1418115 1506184
2 139370 1887306
2 1078269 831546
1 334636 1660956
1 746020 413838
2 329086 1303170
1 1439657 19128
2 1809033 1996491
1 1703149 1040699
2 261056 921793
1 1262739 1912242
2 1050931 1384946
1 367984 820985
1 553750 1446036
1 353367 1499150
2 1770012 365713
2 1531273 1359311
2 1302036 1232307
2 1865876 849380
1 1865021 899199
2 398284 289162
2 1981355 1676896
2 43046 1199731
1 261547 1916371
1 1646287 232184
1 1987472 418
2 1275259 705619
2 1338919 1451202
2 393058 487056
2 1122737 147559
1 1088321 313201
1 1060549 566597
2 159324 682097
1 1388662 600973
1 1854801 423423
2 1303847 543686
2 803852 571006
2 557330 609792
1 1404234 1337399
1 1034908 759386
2 98506 1063265
1 604056 494985
2 690288 806597
2 1738247 72394
2 941705 1805091
2 7083 838308
2 1871908 1326719
1 613624 1996296
1 1210983 1151208
2 152065 1247584
2 1032310 1508617
1 1196296 591442
2 1038700 1249116
2 1580079 43928
2 663471 662284
1 305132 356516
1 775382 1194885
1 760297 1560558
2 842485 1509545
2 1425015 692185
2 696890 1412147
2 955095 494727
2 1462638 1420810
2 694313 1484824
1 522832 1724903
2 414292 1137957
2 1508870 801490
1 1224981 1469557
1 193809 735304
1 374530 1111645
2 1866619 1417314
2 308378 1823713
2 848397 982372
1 1051688 207614
2 943033 956398
2 913112 499803
2 1836779 864973
2 1446186 1543289
2 1012031 1305980
1 1326628 1049601
2 1936487 900497
1 1035142 808416
1 1859485 948699
1 993561 1899494
1 1933907 1223778
1 1092959 1267121
2 1898751 1989710
2 1146641 338310
1 1994628 307988
1 691181 598876
2 291978 923609
2 955735 1620121
2 542058 653741
1 154449 246605
1 630315 1281850
1 1531606 1876492
2 545077 1297579
2 1640461 52240
2 1324845 1513552
2 66866 253399
2 1220163 142563
1 1207300 513494
2 503020 252597
1 523369 33193
2 522723 1591013
1 1961641 1721806
2 1449856 260028
2 1546328 1635672
2 1733497 573412
1 1977739 635178
1 1036197 1995211
2 1738946 1603073
2 1318811 1119567
2 1811421 1873533
1 1223158 809313
1 72345 290924
1 1881987 1432781
1 90094 947520
1 357747 1644065
2 1641782 723451
1 65028 70404
1 1519707 1056161
1 1909470 1291115
2 615589 176725
2 783541 628134
1 873832 1004661
1 87392 939111
1 559152 1790196
1 222331 526816
2 1719692 1954856
2 1011625 1076359
2 717012 1943975
2 663054 355123
1 679393 842518
1 1442973 1020964
1 1685240 1554058
2 1703009 298650
1 154694 1539714
2 1069555 1295856
1 831059 1805629
1 273959 1059295
1 1775987 1743315
2 1772450 325480
2 800601 1792483
2 346257 131912
1 183457 502456
1 1236712 1272102
2 1598863 1038910
2 1014229 451689
2 1593726 1004397
2 1783752 312594
1 1257743 740202
1 229185 420501
2 697657 669659
1 1209260 1931354
1 1612384 1722771
2 498118 641868
2 482255 1271688
1 202013 1438832
2 1005337 1410190
1 678065 980717
2 1925910 1996503
1 368982 1891495
2 1656756 893412
1 531008 1722474
1 462312 1025187
2 548641 40260
1 1733722 1547583
1 1160189 579198
1 1361500 664863
2 1472530 227416
2 87277 437988
2 1818028 882524
1 1878654 756315
2 1078560 776842
1 180969 670035
2 991206 576285
2 159323 933969
2 819472 10080
2 1074952 837648
2 521707 808587
1 1694418 1968026
2 1081600 205203
2 248460 404507
2 323152 1479291
1 186037 1394614
1 1836747 807627
1 922346 1673832
1 1419325 420914
2 1672866 3727
1 494361 1173140
2 180363 222746
1 1045267 1448718
1 1214327 837699
1 1879452 564518
2 524368 806897
1 424338 1595252
2 51425 563840
1 1150128 806996
1 1983133 1984496
1 1227803 333907
1 168293 1989858
2 624587 1738686
2 192715 904010
2 1583589 1738167
1 628321 1161462
2 1990748 1475195
1 626383 965188
1 7339 1052587
2 461111 1857723
2 363835 1784750
1 1501704 1081215
2 1446686 604390
2 50099 811639
1 1352564 1971975
1 1559035 1855396
2 188722 378933
1 1629814 68761
1 749313 3096
1 1340375 1963551
1 1699482 1128837
1 66276 198434
2 1544675 1399673
2 1670642 679480
1 1362174 1347606
2 1584331 743148
2 453263 748198
2 1978659 1350267
2 896298 585098
2 1870091 762557
1 330334 88318
1 658163 1334656
1 1823814 1785885
1 1533404 1836925
1 1212211 518922
2 1176347 288486
1 1853133 299000
2 1632407 398833
2 598589 1793529
1 1846866 570881
1 635776 522474
1 603027 864253
1 861419 642442
2 1573195 504391
2 726477 925053
2 1262726 1607638
1 1828341 1585547
2 908413 41728
1 884508 348469
2 1241760 246828
1 1268102 521461
2 526628 1820140
1 33215 1317239
2 669757 1188371
1 1982755 1788473
1 1945942 1262899
2 120225 224736
2 1385760 1457968
2 1215250 843043
2 1340074 1662664
2 695043 348246
1 188100 1979378
2 732632 581154
2 357111 266057
2 627819 671844
1 1905083 1534366
1 609353 438753
2 876681 827363
2 1109568 1419770
1 1914516 1952964
2 1673852 1944002
2 11860 672767
2 1518008 1869161
1 1540614 1674288
1 1944225 1773056
2 560185 1110920
1 558874 883920
2 1503989 1937976
1 1104461 415253
2 757734 1457048
2 1771182 1016352
2 117835 1046100
2 676617 1467013
2 1463550 1578952
2 1200886 998150
1 1375803 364590
2 549644 110135
1 270283 198382
2 1567487 1550160
1 1608028 1481429
2 1830798 1517434
2 568457 1051652
2 584338 1139256
1 489088 178319
2 1942777 1044894
2 1649856 1131610
2 1089249 602641
2 547187 1806513
2 842200 1258090
2 385763 448941
2 8267 847864
1 1616106 1201060
1 1333377 769311
2 1942638 224620
2 258782 1169038
2 418739 734804
1 1811646 371134
1 1461280 386290
1 729285 819084
1488118 1973812 189756 1274075
28326 386367 1638827 1936662
1930254 1644709 1019325 1355392
1590517 1762587 1835306 795981
1663435 1764155 1223117 703301
1976994 1589351 120164 37279
1508496 1608714 594739 1748948
308344 1941397 1401770 400513
929915 870891 1298891 108231
1467168 895887 402769 206857
1773921 1066035 901823 470290
1388809 297357 960971 1715560
36808 1613887 1897725 1367239
527896 279539 1623571 108638
431514 1012493 1083095 394739
276617 1957181 214918 1995354
1033552 1892100 282424 1750013
1076184 348854 26076 655866
1828628 1811683 854768 561913
651458 158478 1138472 927941
1847935 1710421 339354 1055183
630802 1359459 1981299 1147372
559470 1272386 1744333 1431906
167999 289358 231319 317422
1583045 402252 1107228 1527221
1205481 15698 204066 698098
1961232 476728 1165854 522951
914798 1875048 1334884 1150781
467495 487161 1450002 947132
1326924 1264338 1430233 717805
241384 1832064 1949110 1735906
39039 804279 78259 1104994
1752895 400398 1132780 420205
1254161 1169231 1999102 179207
1794429 665541 1120377 1641770
932054 1863157 365202 1863044
380863 819543 1243137 1266507
1141317 1787409 1485139 1484505
639717 500170 1910982 332591
323706 1459224 178558 575856
1265023 893576 657217 1233332
584277 1724138 449973 1326048
1168953 1065964 34701 1792515
1280608 5447 989652 1623900
483050 168571 893554 1270862
1397127 125682 1852066 1406829
104146 893280 565249 1032719
1489328 1500307 295732 1768231
207616 55857 246339 143335
1916630 1325220 1912447 1259132
176896 1535577 1573034 492482
5130 1568200 693389 1528609
716758 253108 977659 143577
128143 966118 1656731 44635
1731600 1439303 1720854 1836132
840806 904876 1421492 191674
904705 344332 1667386 1721566
1779605 1884978 1283442 1861877
201158 119374 403561 528910
1521695 217322 495357 589443
1854207 284978 188537 1609669
290656 1369237 1008012 1319123
1508190 1757748 1681262 928163
443187 1188094 492072 63489
830194 412383 792186 1448452
1090139 1570162 1473834 622785
1933800 859478 1381402 1183515
1052339 1021824 255150 607682
1389494 1910191 1087554 138168
550394 1902900 1054896 1925756
1026232 1011679 943618 1359544
17005 705307 1677337 1337049
1835033 1478741 1381690 973146
1998587 982869 397161 880810
323442 624591 1515323 1860436
1340193 800658 1422501 302698
67391 88818 1511794 266766
959129 335755 109504 655127
1334136 182707 1771212 106798
1970517 366458 137446 363961
1627496 136581 417735 1651555
280588 927381 1545177 675069
1842253 1280594 1332526 297697
887243 809865 1388352 221138
430033 1921213 1766477 604235
484220 1225062 388426 347685
566957 201898 1111578 520712
62621 1249576 1424206 581450
1150386 1766375 1057294 1739788
62359 697157 1168852 1439098
283312 23562 800247 306531
1142115 503257 1526362 1120909
600200 1196468 1928774 1220951
1265322 1240406 115247 1488967
1385084 1775926 626588 273774
904815 1200281 1209273 363212
1822418 1749766 591493 1673468
1483280 731882 305829 611116
1079364 1797872 56888 1957498
1581490 1373611 171936 1437882
703026 470204 543827 1213835
662541 387806 1942369 1632956
443373 1019041 971782 1930408
934675 295223 567645 52719
963096 987584 794762 1492903
852450 1731623 1322104 995450
1241180 779236 1972371 1014285
420419 211044 721017 521425
515321 1819110 1196002 1114807
356076 696421 1462284 1292527
612281 365766 799355 1620854
1358919 1669148 1286354 1164842
1388585 1544539 246235 1772963
1753648 310615 185349 843915
62016 1854436 1872239 1214253
567292 320490 772912 753665
795246 1332785 255196 95796
184576 385647 858716 50758
991424 619406 1990561 531602
1369850 1218296 1439191 1379923
1634819 616945 1667024 1606671
203497 1273826 370043 1102605
1945221 1067172 1506297 1199801
418099 1834916 765658 611901
1104215 902323 217301 185525
1738764 1921939 560867 1114617
41256 916376 817070 1381231
973234 977041 1772376 1338660
202415 947976 337638 103077
783929 1321265 1125436 838344
1838240 879491 1826975 956576
628129 1357013 1007202 1156702
1459430 1378129 849577 160669
645832 1179981 1144528 200546
1469570 1382041 1690182 1449184
1328947 1714191 1428747 1057835
1151225 803634 1892797 1204853
681674 1981960 1070922 1413361
390822 81295 1625332 269552
1355097 1178974 1816141 1665052
614758 280739 1407573 1249382
688446 1724348 1726613 1438390
954770 381564 328153 1307583
496797 41025 344611 458584
1023277 1081138 66839 297450
1217498 436739 1828615 377872
1913037 1072835 520276 1967481
208990 923560 531314 839282
986407 1187896 715204 1760290
811108 1103736 1007656 748613
1529319 1860447 834161 1609029
724483 247575 1917149 1940977
605913 1634185 638423 347526
1456063 1103909 768809 1815601
201210 1085975 863189 1661255
1450479 642133 1111046 628073
170343 1525066 1584673 266
693986 1791355 1642806 1754937
1959737 428474 125104 1298439
746182 196451 950835 827713
1760302 112713 1782711 1141006
1192272 1626664 970723 856584
1958891 1279919 48613 741801
827090 1445333 995303 538626
1962922 138838 1991607 473411
1194356 46730 1787960 970670
1712525 424534 1663163 508593
1550047 614525 31606 1413566
598528 1783563 531562 5038
550281 1321457 896532 1459101
1584529 554989 984469 810419
1181038 1860085 1553598 400423
147896 1171637 1649664 300660
1595682 1526806 376425 360149
935347 1045375 833411 938459
1027364 818318 194326 121655
1391774 977939 543165 876686
1707820 1390582 1891602 1836841
1733816 35200 1563494 1694415
307653 1373882 1561247 361665
1827835 131526 1905217 1583188
1169262 991910 1847492 1885186
177893 1907548 1651007 1312695
1878533 367242 93859 1978679
1666881 601073 1192013 1061089
1790302 995702 1156030 403668
1491417 1265542 336239 1375235
775676 1000789 112906 1290553
812915 1457616 803405 415205
1820405 892478 1561727 1175441
928434 960447 1190208 1630095
189519 257368 1412942 1716135
407389 310846 1091502 183768
1368324 1325696 1504983 994976
1849526 1215340 1064886 1156837
1001020 1922551 1263696 557693
1638736 1426442 226987 1378677
1855949 105511 1757855 1588376
926299 204387 823985 1274122
1340096 192307 1575572 146097
1983965 293761 1643179 1869787
1444382 324659 728221 297362
1353875 918856 1771681 1383042
1394909 1226260 250399 546687
547336 114048 1230471 1881203
212157 176325 1504558 829141
1215647 702026 335063 1109403
1772946 1734035 572797 1479026
190389 903082 1898062 79193
1153649 413664 698953 1053085
1609523 1912008 705119 499873
1838078 1490221 452566 1727056
800432 1412421 1065999 1664155
1076770 1458205 1407032 961363
1176127 1086244 1996672 779778
1604394 251034 22189 1064371
1573762 363056 537625 1354853
1457162 449951 204187 585592
1361867 828879 496076 173326
1599258 44453 1495387 224313
886592 1104143 567427 648204
828588 739551 785011 1301494
1728621 1270214 719123 55812
1418986 1972574 320176 485794
1876564 1549441 1723095 1538857
297744 1734916 91522 1171007
1141163 1699988 24392 1460555
1529762 1325310 1317296 1926694
582621 1317814 915930 34572
1165594 1538138 1000502 1535013
634242 1609657 1965471 792738
519470 1265881 1797606 709795
1654259 1022940 1012295 171451
74643 1806657 655614 1222072
723915 379046 1720812 964693
651241 1708251 1432890 1457006
1166953 1996149 705195 730428
254007 1264265 704180 1303150
1305133 1671570 765946 645808
740774 289873 1624536 1318714
143598 1188227 130963 503186
399862 1420692 1601991 939281
158030 1919722 263906 1059097
1871450 58251 1429738 240854
134290 424035 498098 1141417
297868 1369409 1032804 1091673
1695627 1612029 1709987 1589271
1936023 863178 1398374 720954
1523096 1657363 285368 1485702
1606818 25521 163510 1132442
1404589 1630319 187952 153352
1769861 1299935 1019797 1897613
519901 1325609 351987 1568483
631521 1492523 1067080 954634
1458498 735039 1237982 1695578
1555465 1596875 1474640 1628715
23580 684582 327106 1924851
476221 1035517 1280546 1363611
662485 1017740 726541 1191147
1168041 699124 735144 292748
607006 1492248 553016 1263251
1596734 621378 421907 457809
719991 1697708 174240 1330685
234008 354461 1517171 1894326
496345 235620 420468 863093
1220397 577688 1503033 1882765
528961 1485555 1951328 439134
1363252 1843349 1269616 1943253
201565 1784765 1377036 202706
318084 247196 1863379 1676544
671753 235797 397303 128680
1939624 1261043 225073 790535
330726 1440356 1416989 283752
1096594 420314 421862 1010834
1888015 534128 192416 711586
558883 808774 824824 1088940
609265 1670049 445978 20607
34838 1194987 883835 145219
1159319 1417641 1510815 998228
1987914 928177 1820070 1135100
1089888 1502061 548374 52201
1678012 1686651 138383 1221084
1105084 1584306 1701332 375294
1111885 1678386 1129767 1735864
1686064 1794668 1768606 954430
480367 481078 679034 1940921
846106 1789589 473185 1531777
77743 941420 617950 1999262
1285327 1152169 774920 1080750
895339 1384550 876627 1324206
745588 351773 1797909 823990
1486688 1838536 1575043 556057
921639 1834971 1032103 1937494
1175539 689241 1539599 1485814
1634244 1322091 1804597 466406
1207739 67844 1435811 825570
1763952 674054 1542289 313285
1923205 1678590 520575 1775081
250876 1722767 57784 684375
1012478 1169171 526383 1002035
4466 382507 1673890 694259
1719976 161935 277506 332709
171640 1635537 855565 1349656
368964 1832682 1308564 18503
837436 1856658 737120 733752
211511 1266577 326947 634453
601144 474724 1673911 447877
828369 1122371 989090 685014
867625 531222 80396 896135
552979 1705356 1255488 44281
426712 797302 806427 1433148
37937 1793104 588828 533236
290379 323618 1529546 1057188
1120935 1776312 192781 1371618
1098770 75389 958571 839456
47891 711692 1506763 1616660
1684168 1005396 882036 1726339
1251133 1595801 605816 872206
1538110 1743685 445512 759592
1689322 207592 288209 1742616
521978 103206 1683422 327792
127364 1033277 1979599 1440692
408031 177954 382178 1161007
1775354 1412645 805404 912758
928860 1773230 1125149 333597
1823852 785883 815932 655868
807607 977238 704923 1021354
930124 319732 1370406 656704
728710 1167561 7779 72235
227111 1050858 1323779 568290
1518495 717988 988249 96652
1131701 436222 846479 1529043
1268073 664503 801641 1229495
1217492 1996246 581425 59518
156497 25042 424163 1178683
93104 715951 1304369 1532007
1636260 1968294 237213 227164
194674 1547209 1655533 1362758
1097556 1793465 1882334 1415299
851234 1432220 1543253 1898474
928088 1348113 1756141 1429206
974442 1953625 18607 385965
1878641 839483 945021 489245
730383 1759002 1146017 915242
1477351 1506050 322066 1834867
230263 961371 536027 55399
1593351 1751123 1289419 1990748
1966000 1190508 1366836 1645042
925032 1206068 60526 1706709
177851 163248 1527189 1316813
1852377 1300876 700258 1761307
1858776 463338 483334 314905
1136931 1998781 1042881 486364
121980 803589 29206 377380
480679 1493502 1642636 1465247
676402 515856 391119 134071
1867818 1548219 1000873 1852860
1273256 1481279 1466302 1145791
1064123 1939873 1319641 1631016
1122441 1651462 83885 212828
1667175 1947852 22347 123228
1167078 291343 573063 943859
1598997 108499 1183661 504268
1322434 1705644 1181693 465009
1525230 1691124 45985 712858
150454 1718720 796313 702476
1531644 613832 1249038 32746
1517507 964827 1576246 1823490
1917651 1692660 519650 514208
1317460 224300 1624304 779540
403845 146655 581585 1828893
974410 252304 869803 1949677
292747 1456452 1618679 1416631
535782 1380483 1308645 824338
580819 378586 794553 1166739
1577535 837691 26469 548960
637894 1671460 1347999 749323
879270 76871 828518 1121600
1942024 532204 1921864 1482147
1287612 131488 721740 1474804
219247 1806340 964252 1205147
1707468 226358 1554749 1294868
1260033 1559829 560975 1425611
553512 401100 1678271 1824458
1943226 335743 547871 1873854
1478919 1711462 1005254 1600580
617484 1518700 143340 1114222
273365 1558218 91891 1516730
1575444 1039055 1819898 200247
713639 1961669 885926 361686
1401500 1001631 1564103 567539
1144651 957459 1368481 328204
1307635 232269 440546 1670313
1278342 1549901 1971192 415863
979712 1041390 95310 793097
406607 1926894 1262853 400163
1490229 1922861 1886369 1535969
183355 1460815 830439 1246305
1930763 306289 1689675 957352
1730564 646149 1532536 1773647
1581606 809673 1143822 1336406
1186803 689044 898344 1683463
724387 200719 1110410 669373
37880 1379917 110503 1895172
1534303 1044919 1053563 1325987
263418 544645 1177858 1362760
1580218 423376 175789 979765
1643276 1726061 1366492 888150
1321402 1551029 1954148 948504
1812789 161285 1605046 1987671
1477514 647801 318673 1108970
1036939 38457 1623113 1739099
1477315 219338 1637065 173289
740501 1197435 1522097 1931017
1397607 1661986 518831 277802
465334 808004 255784 1493052
1778455 1062317 1784510 147721
1262103 1866511 801069 738121
879487 1521095 755461 893516
1592213 211373 1219558 47450
1756489 576769 624364 1061392
463318 1730608 437162 1934061
156111 1386389 205707 1344317
1078359 1390154 128389 45096
1550237 1368453 1068722 1863546
223394 564571 318093 1544822
1868796 310423 1440670 1526669
1544772 1658813 1809719 492553
1696755 946452 1054898 1884717
1582224 953144 1614682 513014
719322 1862408 168258 1385962
1797092 535777 106813 700619
1641348 1593784 649586 1957987
1788477 1462815 1813884 1752602
1110189 1760780 866368 1122564
1907185 307721 1704058 819011
856357 381417 253271 922138
428378 1784687 1290609 1075525
1297425 1206534 74394 576630
91735 1977460 1592447 1741138
1374343 1560187 1981901 1450327
61979 993116 1597269 1590544
704572 764051 779898 1407900
945094 1372503 1119061 1001833
1317026 392727 1403802 1200874
1262076 1965133 951483 1636194
446651 526985 890510 303035
777641 1439834 1521139 418438
1061815 1503215 674721 446704
1034939 104377 361964 482583
25331 1773411 645920 1532310
689436 479030 807794 1692373
1486064 1386122 1573401 285322
635068 839741 1093115 818175
915378 1233839 1654709 1777125
868329 678374 1757005 1639971
205240 797768 360157 1791094
954883 1992919 1960125 125063
987703 1708695 128075 1858519
1872261 1659997 415294 716744
100039 1306182 1969862 431503
524756 1342556 1590688 579289
848737 838184 1152946 1161980
207237 1910117 465041 547156
523764 713353 326171 697047
978529 316963 1056073 678200
1133607 1403380 148229 1377741
878375 1601258 212198 1952171
619452 748685 336191 865730
1060619 84352 1976174 388501
516544 114520 517758 873204
1899710 1535759 208190 1255377
1969018 664831 1021814 543764
120508 516784 1574036 358105
1525655 475326 195889 1411423
1005563 1132076 1336614 22891
861638 1093145 518542 1643447
1718011 580532 722984 772073
1581633 1891643 168717 254562
1474059 1585228 1267874 1579205
296636 932171 560720 187087
741253 860620 1284558 1621936
1455832 1268019 1319057 1008845
201255 344987 636272 443601
1853253 424661 368125 754338
1526286 672698 280401 1692247
1466566 451077 1272688 1780081
695567 1477283 1766089 1680402
429287 1978998 1883641 754608
1097546 794046 765977 666626
1925787 1010306 915974 189521
144516 1819916 1342999 1249830
111703 140027 565745 1987695
956096 420504 1744456 433066
905290 372961 1065590 328365
864780 1854101 1986176 1975061
1748958 1229062 1970993 162507
678506 237613 1929637 971964
459304 422356 213586 1878398
568105 572523 1301920 695551
1215383 1906612 69656 1807495
372984 1282646 1223472 1078201
340520 1656047 1588822 722478
345826 1403782 1457115 1746580
435456 1403978 1864578 1796206
1398216 448358 241564 1882300
1144898 1448932 273009 821803
1770351 1019984 167698 1941090
1284448 238582 1561752 264078
1961122 1438109 574344 634399
1576316 1188026 1004055 1836016
1566121 716755 1060103 1299910
1914385 877421 1037563 989844
1309092 219256 1059526 696003
400909 757638 1987139 308172
1062915 414598 1023813 1176247
1808512 1100500 145235 331701
1821634 241805 152246 1665435
738264 1105927 480179 546233
1103835 1936414 761216 1295486
1138199 1709599 89396 1325684
1055980 613743 64255 1587255
1445418 245089 1046733 240286
1354890 535539 475712 93045
1575389 503678 1395279 636003
1100080 162444 40536 115748
461215 1780081 1502069 1685818
1097504 152113 765478 1918104
188363 337800 1038032 98438
1761504 1075412 577670 913897
1478790 1429501 1983330 1737259
161107 1190290 543402 1654261
730775 554286 590735 743927
1430164 189331 885142 563611
171836 1691667 648813 969999
1978234 890809 1333606 1633617
123035 1770570 627607 141769
1099797 1931586 1622327 198733
850275 81754 1154393 1663431
267450 1569989 802610 356773
1613039 1843584 164507 406579
539721 1738057 1459633 619341
727512 1289891 1336642 136780
428230 721724 887797 1592689
36881 1143018 1781034 1715027
642430 1161268 199694 129135
984546 1422995 1696419 1115136
962695 1926481 1804746 1392500
599020 162037 882466 1326950
991494 1998154 682156 328870
186996 1673098 78814 244763
1011887 905068 758821 449447
150399 1552414 393367 353241
1657488 55473 1810124 1751833
418932 1169406 1412423 428180
981476 725283 894743 508838
754143 1550312 481945 1872782
1791216 1281537 1411800 1397727
941788 524559 1285983 169307
964261 446578 1334982 330382
1177444 1690333 1808974 860493
824349 1213173 259283 1361351
521026 382791 662023 881145
853630 184946 190658 536984
1022180 425742 1379002 1667865
669525 858846 1890849 297492
295735 1882683 1199159 1577027
961835 1210926 37425 1672035
487981 975893 656480 1163518
907114 685106 1422110 1855594
1051496 389534 642321 649983
585947 1876659 345817 1395403
1885958 1259910 1806893 636362
738039 234573 1884505 60159
594 732354 1451791 1103413
1397901 387086 667295 75282
347744 1030997 1095992 1012603
1733904 1851396 1555578 1971969
807592 867969 1605929 979982
1883162 673044 428259 1685183
1849416 522815 1950214 857833
986709 1101355 719654 1883475
864355 784920 1664596 103362
838709 680082 797006 1467712
467872 794098 1274585 316043
1575688 1855506 786245 1846290
1194467 1323182 357095 569755
1687584 122889 850308 1156274
1660155 1376513 1741740 1088859
910189 184710 851223 793308
1604420 1659563 89654 508303
133728 418475 1103922 239703
1699366 1515245 456358 778243
1299068 1386592 1962812 1813347
1797234 1193352 964957 420105
683233 398711 1168969 1499480
958029 1745406 1395788 745952
608866 1852823 1392693 225125
540636 106902 1320458 287897
955910 23684 1480278 302671
1811631 1403975 518995 180653
1407671 1609246 1333121 1404359
1253535 449159 364877 1121777
1021039 1088410 1179992 1465451
1086424 833537 184304 169255
944159 728842 1111768 34633
899661 78457 435385 1209499
929378 1159816 408334 644745
1700745 1324384 590581 1438101
1276022 603051 1254271 575633
1283081 1517158 552706 417950
841711 1508159 1574877 1681940
917664 1519076 1662065 1156352
1835368 402430 333660 1616509
414742 1251360 510197 897055
378644 987219 1030269 722838
902290 1725987 1070126 414567
76575 1590990 1895626 1783559
1754986 1587904 1497910 265487
633652 743974 917628 747258
266827 1041277 1141368 503475
418384 853745 529564 1136444
787879 73848 278298 1889991
1141988 266040 1150086 503890
1463224 1058546 1367500 726451
904319 709602 1293993 1485630
362631 899070 611259 701731
524059 311263 1090735 757990
219680 1586470 1406744 578911
710615 352043 1957518 1219688
1254574 173388 523522 784975
1746121 146732 1189297 798083
626324 660530 1541873 1656985
816406 1963215 1895549 989421
1950513 991698 109493 1477600
388590 1335037 1215864 1567176
1456825 1664314 1419308 1203799
1638564 167270 684664 1691800
192382 741952 74013 307330
265706 1225020 735928 1189355
1637104 1400845 1149317 634311
1952512 230732 497166 1153359
1956750 1863934 1248214 1241600
1988709 654158 457996 1329404
789126 339981 1500896 1412448
672932 1160000 1629651 493152
448944 1620045 1410453 1321900
602946 261101 201586 1427134
1048132 420251 1963476 551453
872820 719823 1458992 905783
428520 1443488 1351491 318742
883235 1161430 204441 1270090
1396166 1736931 1210776 1374186
748106 477211 1778676 333407
1790371 166765 257460 1163478
1990480 789530 427776 898267
1069828 810154 813058 1882176
96784 802234 1522786 1602407
858755 1009615 95858 1833281
586847 562957 1171298 264967
1341882 739001 1558381 170713
1245352 840820 131220 1195592
1867218 317314 1677203 32149
77006 293818 338583 1050016
418946 77012 129843 785300
1318009 1093101 957765 873879
730959 1084781 634249 916701
1022531 93766 1580367 1162912
1620215 547022 1388815 964923
297315 192263 497314 389107
1838062 476404 1588263 467617
1356735 810949 1920203 1185807
1362848 1503537 724385 795004
561020 1338258 574882 1544243
668500 829858 228446 918059
273911 1307742 395925 1731808
1650982 1498796 563189 1591827
945498 1259612 7179 1418517
1871280 1128821 1232915 1026885
345468 228730 346027 1718844
604490 654322 1178879 1812829
1749094 1442128 1639326 1987774
1995570 783682 846043 1225562
611225 515147 1259038 723015
1647682 1435353 1144957 1697783
181186 1094284 1237386 275984
349173 1387820 1423493 795362
340085 591235 911709 1816772
1703841 168165 1416727 768430
268166 406068 249565 1232074
592838 560022 321592 997081
1641621 1900400 682855 1855870
298877 788433 1433756 1036019
776629 1213763 1615255 818093
1447481 1217992 1859308 1685033
1391987 611714 642027 1299121
544155 1870110 575375 289709
1517436 1751452 1664350 1055631
343802 1360546 1288892 749341
884680 444120 1785964 816562
883662 427419 896291 523043
1471110 506812 91399 1478228
1194991 1400075 1420031 176759
766823 1214397 1771385 1150055
337635 829261 212421 83915
1026785 44966 1738614 1110377
1001338 1283183 1938511 295235
1201997 1348279 1568954 720891
1608132 1512923 960171 767741
1598394 1423901 1085998 1355537
843517 1801306 416778 1625202
1598545 1929636 1460499 1342246
892235 862041 1401782 391970
207746 138263 1362978 515500
1646236 1734888 895384 1511895
793825 200729 1618134 595585
582967 1252674 362140 85736
885980 1420247 1470341 1504909
1430207 451587 1187801 738734
1723205 1139615 10702 1574094
1788300 1838779 965159 1407732
1234618 1560390 421940 284136
1293166 444697 1442128 654137
1589833 601982 1890405 1205897
1087653 926086 1102064 139111
555342 1924897 1459382 267498
361292 1548001 1242627 897204
1711227 1934633 1520860 1486037
1092409 1253958 879377 1253611
1014782 749428 118535 1995632
1317582 1425486 1259559 326611
463041 312756 325431 357296
1132275 280676 1447680 1734298
422100 1151006 436034 180565
285562 1781032 1027457 120472
1415065 1315190 602886 1247486
1068242 550217 219848 1585911
87523 1876390 1790253 1448802
1303082 621533 1597922 1244806
994108 1131127 1498993 1082300
1957217 491246 455257 454439
1573937 1199029 321896 1341669
1436974 234703 573712 1298402
1457491 182941 1501621 567166
1705630 1407944 848913 1794859
98950 1667988 85702 1241596
182865 745512 1737862 986743
1542072 1228008 1438359 1368181
1006622 582348 1996795 1711384
974899 1009985 1218063 121199
432979 182856 1630187 1315442
1571702 237383 81548 845422
1946286 322765 59014 1145992
1294984 468725 151901 997394
1951757 231842 609925 580536
157567 323487 1492619 264016
507549 1156500 1295701 682363
45736 1890227 1785742 216997
464022 1485679 849195 967253
672815 1561595 878973 1753557
1202457 573456 1100135 1488538
1399027 1356585 248000 290805
213365 1543553 763380 1946853
851046 395033 1288454 1210498
1197838 1488785 80195 1854752
917284 733448 1894170 95035
1986309 1023586 1454969 43723
1776874 1956157 853338 816574
1447846 958787 1047598 1247160
206422 33582 1382627 131438
1084564 1398292 470234 1444768
701504 25209 1817472 145874
674248 934899 503458 983852
270560 709258 1882455 1034904
1687229 567822 336720 806202
885663 1743579 681021 221143
1614215 985884 618565 406262
1656071 1783735 437289 575597
1769276 877169 1594063 1136508
1432324 997645 44394 1104387
420351 1684852 266729 1037523
1403745 292228 841138 467180
828968 512332 603844 1559038
46030 30232 1478915 1427916
1016693 1867192 886286 457916
985946 732747 1287235 1196804
615886 316668 1865099 1409211
1590899 1775843 338066 334522
1578742 653879 1838636 609791
315392 1447602 340580 1657979
600004 1613398 263607 1803901
1130615 953825 1662177 284938
740826 961423 1902119 1168915
1870580 542736 764086 787247
1281834 1356827 1770086 1548024
932477 1335456 383140 1807566
1244904 1759373 1757510 1851993
1036379 224605 1701386 412795
1350034 1873078 1974674 1482074
1228139 1416285 773771 1434598
180269 1832378 1712744 40413
1098233 830369 237781 193070
371186 701235 1761726 382545
409959 706150 1439636 1821394
57198 1263674 1878330 1529099
795585 1476781 725166 1217026
754413 1292479 403463 231819
537050 132827 1393675 1140464
655588 17456 1702699 223926
920051 1128027 504143 1705089
703175 237035 1254549 1801465
809660 1391226 1371595 1833936
1606620 1928678 1053653 1358929
948874 87798 670594 1767643
1452514 1069301 1091506 305790
699289 1559225 1051608 1275386
918083 1732294 1314345 1551152
375820 226958 176367 1574412
344120 631922 1849794 737653
1940346 921898 78165 423718
100299 1088770 1862593 728187
1303154 1408936 533364 1981879
1975393 155665 1908905 1794388
63716 1935011 799965 227599
714065 125209 1127241 565599
793078 491129 192588 1146391
1649221 1086596 1296859 654273
212244 1871728 120075 688303
1412519 255010 1527138 1139373
994667 516019 913066 809002
435806 1501523 461096 1341586
875914 1833781 685451 1491344
1850027 1576584 1547106 1261397
797708 190567 1199088 1927805
1553537 373354 1304485 1334879
143141 956237 245366 58014
755068 25119 1155342 646885
198009 739340 1917039 105802
700156 24903 1687869 452929
1926157 856419 959393 1581984
330652 1059257 1454814 178944
1918962 1688761 1414603 1875017
1795504 1637549 1067273 1030797
211652 656260 1034467 720721
1496887 1174030 394317 225648
1745368 292988 1626071 891026
1306146 1033905 123623 1721590
1604164 358890 575066 1864868
12496 151041 1102141 397593
100327 1099022 598687 151544
1515541 1910285 603142 331721
898002 1245523 1640607 1058114
42090 797786 926875 1067097
1033417 1290365 603931 700400
95790 811293 1075754 759704
259948 92446 892566 71197
1254575 751661 745030 184714
619879 1023264 1228122 800577
1027609 280745 1013224 675329
1730034 657846 1304015 1935018
1720107 1431048 1118081 503335
1146085 622526 1657128 1922403
527301 1648849 1821658 788309
900082 1116752 1524 1627663
533006 1367036 967898 103459
1916884 1827035 509896 50805
347650 1715095 306369 1372734
617819 1903032 1572426 804135
875418 1084579 1705261 1462812
1573016 227149 1899603 1579723
561824 1578508 1044523 948995
150919 1369118 662039 1567192
120055 437120 956927 1253357
1415059 1607033 1035494 1125929
767501 1525592 214171 361149
1719659 1089711 914670 154098
1159790 1542890 604503 1659687
157714 71672 842939 1417427
359641 520857 1576290 781037
145440 961330 1473425 1758845
1941270 440801 1887975 1187587
1392234 1458834 902679 311280
1491751 445854 361254 1144
633040 1686034 684035 1866166
494672 584655 1214028 795958
1582758 1194756 57446 248066
510655 1679997 901057 366797
1827203 831683 1928385 663063
1328354 1678806 132453 1947409
635811 39058 1283612 49282
1768520 18670 343529 1526691
1904404 488019 535617 936445
775109 874558 742777 1589182
1088555 318431 1352869 1088212
1264306 1632157 63887 1999075
1282905 784948 1581860 1016816
584578 596896 830302 950872
571475 966890 1759474 1300980
1316825 399320 296606 1136930
1865455 639389 1361685 603992
696735 1573406 1291748 167522
1072277 1161828 1532523 1449564
57422 709930 876705 1037097
1109427 1655491 1746388 987288
1697632 1583151 1031489 144194
773519 496834 1862930 404369
863184 1170307 126961 814492
1507703 1445520 1880277 1803685
1936172 843132 926479 1048467
1942396 1725156 649368 1148982
1423537 129370 1002743 1722086
969348 481050 863980 1226802
842874 1888814 1242415 528933
1762164 1940937 469182 1485793
393952 1181812 1165829 654212
1789264 1770712 1017885 174875
699409 882238 279531 245488
239766 511729 1534346 68746
472807 7364 326589 1456802
572584 1669331 1049221 1657980
1978605 1373695 632185 1688482
1298830 806831 616290 618128
79177 805069 1247783 1901239
295991 1764950 938998 244629
1890737 1816240 1013843 1826895
114796 677366 1548950 1322384
1873969 948624 11076 1591051
220239 845217 773192 61167
1437028 1008219 1978802 1923235
727794 1616596 261470 1446570
1063468 1887665 1796742 371063
67225 1304711 778119 1707875
700144 878832 1128935 884707
374012 1311043 344689 1884655
1772287 599407 538484 1628553
220368 1892510 1822431 1929775
1633426 1732522 1344853 246484
831371 826474 613260 239322
1272745 567653 430469 140386
1742380 557237 1753677 620775
1624404 1289341 978156 1468394
881950 292733 269375 1114268
1821500 1625198 1365944 1812071
1380346 896518 1325666 1825722
464194 1298291 1730609 839166
1272007 1154282 1166972 391258
427404 350165 1451577 781361
723759 1232213 741471 794373
1339829 741454 1600278 253147
1518905 149165 636882 687298
1144675 501394 1075354 1656646
844964 1683001 338781 507637
537722 674320 349999 538121
1781009 97636 1223940 76032
339858 569326 1421790 418362
1057403 291264 973960 627412
1870594 1660214 476977 1254743
1680239 1157553 866237 1775042
753891 500602 1669577 1580410
1183482 824369 399451 50973
872630 104308 915188 1523715
1808098 163433 107580 1062297
1694250 1705936 618251 1552628
624205 802602 1389788 1280545
694016 551277 1015565 570308
25302 1051539 517702 1248565
831724 510654 1786860 1609417
1935783 1170542 1201988 454825
814723 1453930 96744 1423678
1508813 355190 944808 1169864
1350968 486271 365506 1655609
1062405 128776 239562 786578
1467076 304830 1493201 252419
157444 577405 606654 940466
906967 1896839 184864 544068
432952 391397 318546 838274
775957 672725 1776212 1129165
1502977 546248 1522710 6311
103976 786767 551936 1237973
1868826 1483725 1783761 1956566
389876 514024 1574024 1249103
631846 301864 1359914 1562594
1641949 1148714 1805603 1790314
310195 1466672 1660702 1022200
937887 550057 1571838 1655326
1070089 1833369 152424 183499
199743 110572 1009238 1454345
1507516 280579 919630 1515178
911612 727808 1583753 219601
738089 1842927 1021820 256917
859763 956638 816370 1848732
1187750 741106 1557846 1743596
1656757 185897 715347 289535
653979 1571946 357633 1987926
1037760 581443 1917008 810453
1400185 1673737 1908797 31073
1291038 858561 1572675 1096456
699304 1829092 1559706 1519720
491646 180436 703446 964371
801978 109846 1615129 365957
1664542 43736 181124 1970183
298849 1597488 295768 1921047
1568290 714478 1945185 281801
1513770 135797 408988 1206545
528500 1720761 426225 398444
469325 1230581 449337 1203439
59126 75494 456626 1885693
148714 741354 80428 1826351
1491141 812236 879055 1634256
1721938 1786914 613783 785578
126328 1710237 429642 184195
488678 701195 1966484 1984607
408961 1934273 1135770 857984
355721 1725789 693151 1955125
1784288 1269781 737 176142
1916230 1304545 1906984 603218
1607563 1701531 1027391 1619312
770984 1461357 787820 790245
761736 68143 464239 1828005
623392 78937 329216 535628
1706726 105491 626175 437926
247166 182381 900931 1641451
333912 1393877 1095861 1966371
1243041 171407 1369140 808621
451987 1758071 24398 1861490
399980 942042 1244866 1916950
767635 1133282 218337 1502065
68415 285894 1804378 590024
44283 665082 1720461 734203
1763918 31248 1846512 1411968
753164 374323 439069 1550755
245553 1692888 650981 1468442
1918081 205513 643441 154754
64779 1341678 210242 1977772
1476856 1456978 1038512 499166
110921 1143392 1477862 1109396
240023 1257153 1973812 1462322
1222374 1422480 1239356 601782
1724059 1284805 781797 1443325
585079 536667 460290 823275
1405495 1782203 1780032 41929
1887469 808380 1088173 566958
766919 1657003 823815 101671
1760685 960290 11490 1456731
458122 1416075 493992 832386
271369 1327428 1968789 1404594
378785 1016267 1149812 1696114
473075 49497 1071922 225463
1225911 1097910 156932 1081226
448593 1423416 787736 1497575
615841 921615 1169507 588821
1412911 1678205 417122 672348
1018810 950565 267227 533120
100632 706864 1407024 1409046
77827 410278 1967525 1668549
1819377 1822786 1169629 1063970
1498550 1730641 1807012 1884881
1927719 916898 715986 1635048
1495817 1272972 312600 472854
626632 171952 1534282 67065
875124 1817884 1656380 207411
1275393 1627968 880220 496785
413547 1560123 1776157 727075
231557 261356 574637 1288467
974325 23043 1456774 1893083
484034 166938 262351 830366
381548 851090 433788 790813
707982 1343115 1329018 1114174
1598916 387260 310852 90212
859972 1008755 1209901 1763389
1703087 906263 1421041 1822213
1049184 447661 107556 1347485
1338672 107704 786594 1012385
1747383 462443 1420727 134878
222504 1840463 350848 1114927
785873 1179909 685513 362551
1707423 1568205 1868220 1983386
1611017 1232429 159421 1997751
1837484 1055756 746088 1821571
1835765 1345690 616159 1582549
1362902 1573402 1185299 1313098
1505050 1719004 743969 1358068
1435891 830798 1541585 720658
29262 785856 392713 956067
1944839 1506621 569859 1734730
1837147 475379 594495 487735
867011 687614 1380525 506494
830473 934447 1262820 820452
421438 135519 1631816 818478
1422815 1959008 910032 973488
384064 431678 1203661 1914184
1939884 1443786 1017490 1907642
197164 436715 1933231 575607
1377264 1965808 1060018 1925545
669397 44923 1354645 1836237
300837 30893 395899 1174719
1172684 1894052 616725 721425
692133 1391467 1864490 176135
405511 1783889 599921 878006
1837731 774089 165775 359598
1259722 49902 1192741 974006
1848588 1499 1680232 1158199
1944412 515286 606666 1276960
1804181 648759 937000 1842770
737040 1575871 212155 269525
189090 495720 1959120 743138
394773 644654 1720072 1531107
1138397 691377 590325 468979
17275 1382561 847971 1519488
1216693 729126 1990368 1413672
416068 1848773 842586 1478737
647067 1855101 1972721 1659237
1099324 1983976 1926242 926032
950595 353428 693259 1046046
768714 1260456 688442 457469
436481 417595 1846201 601163
519816 312319 202106 49248
26467 680225 1509436 1764656
1440958 1297903 97286 469387
1121827 1744371 894487 929162
918088 246261 1770160 1609430
1768663 1318472 986639 980463
1532208 1528079 1248898 1186255
629874 1479421 1090280 1517729
1753612 337963 1760296 1466422
177319 453617 1419109 761997
1074121 515157 1330901 148257
1988224 939404 1070942 51128
1208752 1981653 1020547 35827
1709444 1379663 183548 808055
1131206 1766363 133438 67251
1482335 81918 1977027 1097988
520500 1423491 797234 29151
111181 1641058 101501 217550
1975886 1446890 1934805 1751762
1786337 438715 167132 1034786
752073 1691893 1895089 1013896
1117731 630590 1185810 28381
1818514 1368996 1736233 593906
45063 1107823 1983062 1434747
1209656 1100761 1930067 1458256
1164456 1758955 1674030 1654526
1257166 1808327 222004 126647
433743 65853 836316 34669
1553930 661571 1640927 650382
1322363 1790212 1880597 1873352
1732945 1122352 1428991 1128475
1493124 1848050 856567 1304918
857534 658152 937852 1710383
624488 1500190 1000345 462753
1623387 1237235 1287010 109432
1459715 70284 712718 702140
366937 872320 1863270 500299
1816909 411246 789330 562298
804536 549337 1857658 651801
1711048 1833573 86342 1528202
1348911 468614 1231052 964139
145477 1166791 532415 1453915
493033 779228 173985 536197
1985352 289392 1490999 1175743
1389106 221080 337323 937194
1194892 930934 1796523 239994
1770553 1079606 1487707 1036541
377337 1090720 561026 1146482
91603 104533 725512 681027
1593545 1474250 222468 496517
1753557 724759 177587 1987040
17049 142696 1987374 286131
808051 1212406 1180567 970932
1282358 1007644 908874 1555694
363267 1679714 1825626 575162
532121 1354243 1404279 710047
1996654 1314788 548750 59885
1169364 1410967 875060 158642
1087389 1806778 1393110 637453
615917 936952 113298 25293
229479 1113048 1893042 1477918
1224145 1568649 898916 1003892
215989 696671 1419573 1591068
924061 1830900 1741769 729898
136800 1572431 807567 1434158
51174 1702367 1574421 682963
1554180 1577305 534019 1083605
1552833 1816542 733536 1171025
1380589 1914776 1470817 1795107
1520692 748552 245170 1410082
1698183 612247 936933 1589129
694914 1096144 730467 1405383
949237 536762 801638 51833
1117304 362270 1270289 1977200
618342 335280 1989435 111588
314000 728521 1618798 493127
1722650 1049777 1291263 1677565
641990 1605233 689567 604339
1295543 1928217 1093314 1801177
3563 517824 849945 458586
508216 1707776 1538708 1279641
955100 837497 358036 1262153
1138973 1974863 1492395 903588
1585906 1698161 1304959 1740636
1222104 688398 481709 449740
1149727 1389364 213196 1586294
265290 1719138 1578436 356251
796448 489698 115315 1094036
1100235 908843 814503 413891
806428 122106 375717 382833
437657 1453907 482997 1481669
857656 1928884 1221151 1025140
874616 1210612 1242981 518899
1951251 483282 1837801 1073466
884529 1651296 566756 137850
1044508 1301247 792346 885449
474966 558142 1749333 980894
635810 1529466 1194666 1940243
334984 1134203 953842 134712
1574205 597780 998075 338244
1943847 438546 1042717 1943013
680307 1237447 650385 709323
1086326 1626591 1543971 133715
1239453 1817740 1677199 143417
759916 745259 940587 831707
1373305 220031 584448 24203
154253 648531 5835 1911699
1175439 1205419 1909224 1352180
967455 1176409 45661 110546
973416 1999358 1538586 182094
816593 1287059 1327662 452492
987988 921358 399377 1660249
438850 1869041 1250869 1147963
1432540 481496 925955 1974532
1439223 1388526 645259 1913457
1803409 602617 550106 686867
929412 315765 1936941 652535
1141811 1534391 1130727 478066
1357459 1419798 722732 265286
193374 749114 584537 1539782
929011 1989663 377209 1875417
456396 233752 1826821 1136487
1861855 966336 1187692 1555341
1753220 889368 683629 1433073
885607 574267 228916 1147207
1171397 1922148 1292258 1180283
799493 531563 1879331 1493790
1725629 1563702 866311 1989463
1648931 1338086 1631771 564672
1389194 499731 1139892 1214918
1030723 47854 326914 181680
1181247 1686951 961119 572487
152535 1968061 1043678 1958945
362873 365263 301839 468969
878860 1531044 969493 109245
883228 155465 698670 286425
405352 516524 537164 1529192
1904614 169268 9707 478212
538257 1710290 184097 1562325
760578 1583994 1294295 402828
906294 787251 52622 265056
1541379 1999894 630588 1906292
1164793 1388786 742340 1563808
1303445 785876 314423 472311
1848351 1484453 224596 1121679
73533 323829 1958751 1397639
1911440 1210102 1127274 1791339
863564 1334651 1425275 1183506
1615541 1755950 870358 1992530
1381954 1611979 1960001 1553290
332313 1366499 1564894 301031
1803838 772084 146739 1517521
681164 1523571 159491 1175788
831453 550139 1787059 1351946
831786 1945197 34991 1783249
152793 1567397 1258541 1148586
1867713 226722 58616 1960758
425467 285508 977296 1038280
755750 975029 372491 630735
737774 1379694 30278 1807701
1956154 898946 844385 442411
1530292 1154747 823164 869813
1066882 369587 1066557 838186
503215 928826 1747921 865267
1225326 816120 940181 88863
644462 267907 591229 1399401
1232104 119835 1003908 507911
81629 592093 893992 698095
127432 317199 155615 1562654
162860 444937 1721526 913729
1954478 510148 1464102 1961668
974027 305192 1251261 1485588
429491 350639 65096 1629077
63663 1551269 1158232 811124
855639 1874778 1788003 849602
1226761 787034 418064 1873880
1533754 501637 1169038 1799087
1892205 484523 942083 1535849
1178680 1252237 356793 497963
1684319 1477655 444800 1646813
1017560 1367 422026 277691
88440 847397 121412 956104
1558377 137931 38783 993836
1194020 1019210 55126 316455
451252 1511226 765311 291255
44567 866792 1651249 1278053
1383052 369213 627618 1398234
433762 1368625 1420007 1564920
1586366 1832098 236698 1962228
921880 508988 1388567 29735
1897589 1869003 385863 1277976
892386 311452 1686831 636019
1951510 1484889 829932 639771
1687696 121334 984321 479461
741915 157777 1738416 217649
41476 95643 176491 1139611
505894 688733 1246039 91938
1082687 733780 392166 1240559
1380888 1580022 322026 1219777
338140 112845 707609 1492982
1626555 1255414 161088 671000
919038 1214891 977814 514457
143020 1911506 9872 270235
1055183 1428313 521723 602151
577173 975715 813857 1929651
471189 549125 1861451 736101
1409164 1040375 735730 1193573
1186090 535218 1274869 629107
1510795 904111 276377 1522007
1939194 559541 1353585 1630172
1295192 960457 1757195 1917581
1147308 1661807 824043 1757769
498823 506067 718307 1773174
1849311 1716002 779308 505158
159616 64729 1122637 1661540
942288 742197 682256 731504
551285 461256 271924 1163996
738632 805021 1426804 1661464
76630 961386 1267311 1891359
303176 453695 1279352 1177864
1394431 124209 458365 143650
648530 1514891 1131121 1929189
1292498 471981 17727 1658267
755819 1960996 129253 1911709
742776 265059 1164576 543140
1088697 431411 1470621 595456
1069826 399918 289867 1411584
1753863 982847 1959648 1820486
1020802 392879 556636 1075962
1476803 20182 276777 1155676
658464 1377294 1968454 1926319
364979 682258 1376521 1099270
1469821 1661475 560118 1223696
1044832 7824 215758 947667
706692 1020892 1169621 950953
1808764 1691485 1166877 1929062
887901 1521744 1106137 1799292
612159 1917243 1253839 1241088
1495913 1579347 1169044 9071
1457813 201698 893514 209926
644800 1313891 535184 210663
1865924 1224741 1964746 195769
1653226 302224 159579 20253
1082208 986503 1644997 67773
925540 1512619 1673498 1108745
1095511 373678 206336 304512
1239576 14833 1486191 1034346
1464057 1880341 1093051 142728
387288 1763261 1188228 1998376
1015868 440933 1309103 13663
212748 358964 186676 1950826
707208 82719 540748 1099541
1258991 1832085 443658 1085724
1805107 1883270 1110527 1736547
765050 1281958 1464531 1594894
1268080 756840 720969 674843
294259 1848600 1193155 295780
90517 817619 844563 993953
1295990 431464 1637045 898905
1265305 1665413 592923 317817
1263395 348662 1089853 240181
1572838 583653 250421 411205
1227628 875148 1267136 1154433
1322124 49069 592257 1628088
957977 1918126 529403 1534141
208180 534221 872533 1870044
603962 291103 1760209 1213310
1509568 1675334 259810 1191060
1977040 230438 576746 252912
458528 771729 395943 964682
1474491 463774 936894 358243
5966 1723238 1021928 229734
894755 930402 1388231 1450422
1392760 1560122 247308 659887
561675 447286 674747 825475
844051 1654223 1168497 1322307
1529531 1157255 301580 809044
384921 327379 276474 897279
1816585 1993848 1077494 1266945
666076 1387786 869506 1204875
1212487 15376 1834953 1911798
126954 1338762 577588 1576021
867924 760647 565078 1041146
1922051 452064 879903 565826
1773171 624277 625244 823797
272574 32003 1267770 1195639
1708163 1692392 1024291 829236
860204 1863999 1034298 95678
450836 448758 1217806 484171
1574264 276861 360790 1544392
96197 788027 1390421 1832624
1262661 336772 1305654 1433044
999355 1848373 787289 211646
968748 407691 863321 1745778
1890591 1096768 202700 553710
381052 299877 1035374 1042877
951943 1766147 1613993 907869
575026 103919 1108516 1442012
1535177 1325294 461434 1157995
995369 952987 1370139 1606751
84123 1785775 560148 1478014
1581700 1690816 1997624 528214
918047 568005 883883 343490
765225 1169069 627916 459731
375828 48273 457946 802899
1276410 1437735 144643 640450
1845294 1101568 1621130 932855
1595126 1886829 696419 105220
498417 1718209 1216180 1312047
1367479 1465706 510781 287466
1054363 714076 1534234 1049864
171942 92426 902334 1506947
942149 792780 1150890 1613799
1166163 1233613 292213 492423
143564 1946686 1390975 1255115
1994530 102170 1580680 1861775
72925 105231 1615953 962180
1902150 910268 1879805 1361936
238978 836456 1982171 364202
774776 911919 608526 1523763
204080 515230 1968993 595878
309840 1746391 1645945 1511501
1492691 971539 1994151 1181822
809791 278602 1048015 1730839
1543310 1984506 827029 1801442
1075435 1443966 1366178 1204568
467026 1872981 1797279 132080
1663842 1976193 1304800 979166
1894266 1449570 169947 346857
1018649 1004763 977356 1151303
1418440 1304334 1177347 1259446
145745 1068835 725045 1784065
495779 1030976 1697714 165826
402176 1012579 859491 595627
1254742 457068 1819460 1905634
1018101 1801442 1872094 1243124
1346390 1806566 1649891 1710900
1821517 708699 373186 323876
375703 1836574 580564 1364568
1280700 848294 506438 1934613
553531 204140 157735 1224299
616851 1889568 529478 800862
1853433 84749 1040154 1133986
1743986 556768 1667178 1549802
468619 467282 280933 1702137
1060575 1173295 1517705 248304
363257 251914 1548700 1746385
461198 1705979 967667 1840093
1977125 1847320 1255550 1718724
20227 60338 872439 1014976
1591080 542530 1556601 152089
221833 1442032 1502932 879143
1933876 923352 290339 332356
1397517 1598214 1140195 795965
762416 993214 472254 34858
1162254 1494413 972336 718540
352202 1446241 1822642 911403
572675 1721056 418737 635981
402910 1581670 1017386 912220
780640 1536396 251930 1332847
203608 1569874 1427603 683660
174444 344977 339289 1936547
1746363 260175 1113809 638993
1704928 175250 1371465 1262306
1428378 986542 1529571 621660
1747769 1957359 1350860 757979
709117 1285419 817899 1541405
672749 1688927 469381 1679000
613327 502014 1635403 1931432
147453 620137 887162 1200661
336091 1694698 1023092 1183249
1852398 1749998 360315 1500041
998702 1094514 424539 1657292
1890510 493439 1460304 1285462
68389 1691110 982915 693220
439875 1797216 826870 1991005
763973 466473 1625446 326981
784113 1852020 282810 1402436
1898181 1517060 1375520 337602
1297100 1979625 1888614 696660
1878953 124681 1360732 1366481
1043542 865965 20049 1010363
1263932 716814 513653 360156
306110 1821378 835587 1196126
444034 1132731 1976475 410232
797792 1740136 494838 1247729
1348151 1353741 306232 1184102
1478892 777690 196538 1733265
901787 1436689 510145 1095521
666094 1536216 1937726 1930766
1228866 892449 1010497 1136447
975188 34354 1899933 1173132
1574429 197184 784880 994318
1484986 556792 560615 1966154
1186643 1151617 1257394 1995961
1096598 314242 1521099 1484638
1565331 703984 924266 1261608
1471608 63055 960348 1051802
925368 437961 295036 997891
1772310 1959112 662094 1705995
1934808 146862 820372 862883
501858 1843832 1721413 1826624
698104 1171226 823808 522679
1223952 1239685 784145 689196
287811 1266207 918674 1854851
1547023 1757211 81385 1676313
179253 1216629 615522 1986905
1145536 1229569 1292914 296181
1016322 560382 1665796 1339844
349117 1327336 900995 33572
97959 1303217 1349417 442430
132877 1931560 503895 477546
1248589 992758 122214 60994
1011752 709958 1184717 712528
657810 1455883 885502 342142
1045658 1463978 1497360 1497240
408470 1049175 1211608 858927
114082 743353 1852148 1242651
830146 3244 1580796 348880
1799393 1849092 1708906 1578700
767613 850415 533275 1590045
668405 1575548 1069721 1907720
1167996 1898349 1644565 490532
1213027 1976786 1778373 1444406
1690492 1061833 441035 383602
565133 539365 543600 1034379
178261 1305534 1179309 572434
1811634 1733663 1869785 561631
1879984 38367 1063647 539950
1760550 1418001 1447067 1919514
453336 408342 1165237 6433
877833 345676 601439 1862932
1496991 1293218 617491 559475
955688 581378 815782 740419
385626 54608 726981 964338
1408033 1707224 1979430 997672
1760811 1973241 231559 1399587
1250375 1305794 348001 561495
1556575 1427812 29912 687113
1498140 491981 991997 1256310
826501 1134438 185987 1742935
1355972 298868 937073 1460761
1869382 1620014 1084006 140191
1733050 1383250 1959905 1824925
1756987 1431319 158973 381270
387275 1127343 1345114 549424
1566780 1610354 1853219 1896192
805928 164810 963282 1513751
1629434 724516 1591847 409818
829015 365160 1460054 1170086
1836621 266230 818700 1203859
374680 1860313 1308445 724034
99298 403747 1084984 1569700
1285474 581632 1008257 1575460
1398811 836189 1809834 586259
1826674 1869133 1527614 1700103
1250503 967423 846659 404088
775765 1353687 518675 24122
1052653 127371 190871 1834916
1759659 1431326 1836048 186329
1830921 1821634 1260742 1841824
1226376 266244 109093 1705702
464786 652849 1335539 1676546
1952889 52806 1120909 1278983
776778 228507 540251 1408747
170302 1141600 209449 1876174
645019 1909462 1695510 1509366
452887 1145272 430544 500505
27994 599571 421150 208220
850781 699455 1198040 1347681
1297839 1847332 1808091 277352
517258 1227410 935108 1240802
1336347 209863 1671451 1009760
173542 1938969 217339 759024
1735471 1138159 1189656 116054
1408890 1482740 1477409 109371
1341293 1461701 1025878 1268368
1557679 717754 8833 304287
1106148 831314 550415 715753
1482307 570440 986642 426163
1627466 1259989 1392180 562871
1077188 737141 63087 1869297
1407596 646069 1535534 905589
1002716 1697340 887301 1853811
61975 1870741 1799720 1085848
917511 1952727 165341 931321
793566 1154691 1466965 67746
795957 91261 1952837 264536
1922663 807050 1969397 746516
858976 1770202 5306 1276004
1180729 798081 243076 412693
1644443 86378 258760 34469
490723 1656850 1649254 1729168
1851835 1354060 608442 40986
1199404 254873 1230747 1052293
302647 913025 1513002 450259
640173 26546 1725736 717765
1745989 1716041 567947 732336
282234 23345 1738942 1422060
1648595 1463861 1105998 1026774
215247 1892092 788805 1132936
799113 242664 1015084 953312
1416462 354311 1521826 724325
1216827 1281668 1234771 986093
1429304 1987327 1491549 1951085
661747 901938 1331493 367011
488532 1627345 281432 125461
1210412 524599 98687 1608198
123363 1232212 1438880 61387
873198 1861450 296842 1385643
1435629 857636 1820217 340218
705160 416908 534778 530345
871214 1309152 105411 656146
1425792 1870685 22012 32018
144608 1354675 352850 1334063
1327185 1284014 1501991 856008
1087528 1033874 351433 758720
519682 1948975 1148190 1316962
1483752 1284850 1172984 566781
971503 1720931 1075285 1738899
1067349 803144 1774938 879022
893662 962813 385408 176711
373957 968760 199746 1005881
1736395 250024 299397 419880
565915 1078662 1206490 836813
1312495 1308074 1960472 1521782
846808 1899670 1404921 4596
1578832 494136 217342 574038
636657 507191 254508 1538330
577028 481177 609530 1214659
1094364 225731 895143 346009
704503 1782833 1753902 1811001
1554617 1805984 797154 446285
305459 702496 683884 1907075
660186 1686892 1226711 267566
1967608 471590 649434 1410886
418087 606248 732451 1165472
97216 777697 1935485 1044053
179197 629427 1090117 1050829
82748 1711185 235937 307855
39508 816435 42106 137797
655154 85314 94909 544212
535656 1983943 1846715 271182
221212 1431044 1348020 241900
1533126 1889715 612359 1253794
34948 936203 1802872 937319
1661688 1094668 840246 1442993
1332367 1701880 1072421 1063519
1679387 1770946 830019 227906
16211 166058 1400807 718827
1657627 256102 1809024 1752581
1224394 79068 790623 15934
523305 1645797 1990117 61435
553967 1018650 1432912 899220
1151498 1951148 1984902 1684808
21465 1892666 760346 749832
1708963 811557 1203222 981147
887262 1144303 521714 1153151
917854 1254214 369805 39495
1902477 1662089 1979625 151956
627308 329747 1831891 158025
691509 1923099 722087 489557
851936 1939416 1472573 352386
586649 1674676 1108466 180038
1428395 1225135 392658 1761895
1745456 1875261 821610 1451979
962860 851292 654381 619768
1434855 62161 1994623 1681285
603428 101504 1585816 1593186
770612 467838 1054975 746457
1129071 789095 86111 822680
148647 629732 1849686 43053
693239 1138210 924592 1690643
980642 1279960 1931299 1286600
882233 719906 1058079 831714
1339346 961184 798728 550298
1840199 250861 1719219 242547
67563 1052001 1345020 1529682
279465 745200 814511 790206
209539 405873 329363 354583
1177274 979857 1197107 1837339
151608 1452165 303573 247987
721162 298813 56401 1627380
197675 871180 420652 1268877
729689 1195188 836651 1850580
779922 1598767 154341 1046536
1404836 301213 655735 654532
418205 832120 1076374 561180
1305242 882392 1000724 1072203
1556382 953240 514932 269838
1954600 1480799 330235 1373233
642912 290104 197721 1855618
465927 659337 556009 1823114
203007 340929 38457 351321
1014086 465313 585605 1535809
1039885 1859874 395579 1907594
156270 446501 902866 316115
593205 1362871 1067390 45625
193042 1711845 1936123 53610
993385 61512 506516 1265346
1343625 1296096 97060 529182
1436362 141217 967482 1747799
392477 1143628 300509 1838375
1008428 580233 1117040 1222677
94265 869100 968447 540675
1623960 663691 572174 315952
277901 1262229 16846 326555
1103583 1250859 697368 1792750
1191255 1547509 635842 1994412
12069 768031 1898912 797351
34552 445200 948936 1058865
1076398 1814805 1190725 239110
1684799 839430 1757072 1615199
1801066 1854878 1280787 1192536
837334 1373822 394453 144056
1647149 547535 1459409 1290266
1361430 1224603 1377230 766662
41425 1553668 1477277 165239
201226 1070767 547756 1853188
421556 1389321 1004814 722490
1875474 79457 766482 940191
371909 1283444 1631830 1594182
1389166 503677 1537489 18057
1311931 1125995 1085896 1951853
960190 1700432 392251 357299
34666 1026154 1131443 1533698
1862698 203191 1140274 654679
298026 250004 1815824 1439940
993392 1008902 1234654 1234307
577114 1244540 985933 1967739
1457294 1285178 1207494 1920928
1434580 1430656 288239 819574
162867 1357283 1455691 829722
1540628 1015253 1712740 1988756
1347823 411888 36950 1015353
1855803 1903862 1608477 905385
1582852 1252728 1941809 1359437
1849345 1380133 467865 1351143
1934589 837088 748000 65022
710062 114650 1652695 1349288
1460999 240939 1164503 565063
1205090 1046887 181617 293194
1894256 1796896 804881 849778
1433250 84553 780884 1616582
369311 1871114 1321719 1451372
138852 90657 1660935 1136119
1664021 663430 1812901 47992
1919264 1034189 1963260 1986562
403164 1093502 1465023 1438804
1827652 771628 117773 1002457
1205814 471825 1324112 1612357
1984801 778498 914534 1995849
67638 1172682 1569090 1462038
434198 1061073 237711 395594
900377 1930733 141453 414234
9282 900240 1684607 1973748
195509 1064793 583499 882749
1372683 198740 761311 1963914
317198 1307166 1431147 183014
972288 472048 1215337 1737994
252586 1134884 675707 701294
1454831 785667 91815 1841503
815138 304020 1785456 796788
311474 124077 93221 882993
672892 1103168 1332718 1268430
522579 1478128 1158989 910653
664273 766594 587954 335939
722091 902111 1309053 695991
974776 1335274 728573 1578695
175782 1063120 182038 162989
1400288 868321 53096 940410
1369584 848474 520781 1849693
1389895 1410693 128555 1751367
108718 1989232 1884626 712761
903201 1057052 501423 895063
529611 1509781 1269082 1358290
1565464 1656767 257115 1772937
901876 1011601 1541193 1843124
530466 1231692 413573 1343864
617545 1417850 970730 1266398
251234 1128836 180473 604354
1915828 1392025 490078 154112
689641 1488712 784903 548110
161924 1846000 765556 312141
1508593 1749804 1106090 1997481
236249 919611 510233 161698
1534161 1846654 1997163 1329222
515421 1032344 1317292 1084696
559287 894030 1615389 338844
1335039 1115291 680067 1941065
431554 1320836 415151 148457
1684912 618326 1284409 1533650
883757 1315985 1585568 1265174
1914252 365848 1392775 804758
1948083 1828091 1851295 1609944
1061519 709710 1330339 1898306
279419 1476632 1857139 654207
1333136 782968 995862 351870
677236 931546 506134 440873
1145564 97089 1242219 1620757
1763598 287518 1831131 1560928
1542286 1486894 1037825 280799
1386053 1021071 911416 1111950
320991 670625 212232 1282887
1882370 176017 887666 582778
1895490 1210115 729666 1258251
1334890 1688137 1951570 1113032
795969 1009862 531566 107888
1763663 1327284 817372 1927424
1612626 1453710 1411177 1251241
1763770 315837 1639654 982946
582064 24018 1485035 1601823
33291 982941 1959384 404284
542546 1380585 1821119 1321335
948254 1695818 1263024 60424
698293 1465513 1183565 819754
892430 1266561 917759 1843879
401581 1089475 29601 289200
1045829 343432 1685512 1087074
831935 257073 1742302 1342841
1699360 544455 230422 148013
1091008 1500146 1626774 643336
524929 290413 195577 1392691
616767 268602 998498 1242291
582501 1131069 482215 199522
562561 46196 1884533 1130426
1796616 1745253 1114023 1564321
326234 539032 745206 1840145
1457999 1131347 845898 125895
183449 1844277 1225475 1244943
878382 198093 1507138 1029195
151242 1687853 501900 1650162
412817 1349207 217677 1078512
1434897 1839943 956235 586886
1016919 1613081 1077826 910808
1800193 23911 525204 376308
1602009 1092055 1173683 1692943
69549 1219592 375352 747845
492452 1778532 691794 1967992
17197 740726 1557716 237252
1362297 121037 893593 1416604
1695227 1467387 756012 516733
366897 803813 156783 533110
1993100 1428155 233287 1995457
104765 1486061 1583799 1191065
24069 1315374 1073717 522516
288668 1983705 583276 1971814
1905818 1066420 998520 1665815
285701 769400 29755 369133
820353 803707 450078 217412
1533273 1301251 1944202 267764
1081308 1266035 1615259 130853
805227 1637899 1578895 775195
434584 238993 1330831 1916982
205994 754377 1974485 1427901
1121930 556339 341358 736541
192233 1009716 1916744 855164
198874 1214591 1171052 1789624
1204826 435701 76961 1084890
1884916 407449 1167605 1471657
934346 611655 1361935 1144070
619908 1674725 500398 1231526
360490 1970597 1555896 713002
144588 1366800 856009 1170812
545762 562311 1512218 792857
161896 1679265 897408 659403
468038 1112942 246020 1593798
1594329 1815482 679604 861593
1238371 778350 1859302 142512
1782295 1991497 358423 1512730
986669 856542 1515561 918225
699135 1474327 1998535 1732658
824818 1171553 1006290 541163
252110 630931 1205654 369088
1101151 1480331 227137 53778
1226995 442510 1005983 876450
732672 1469608 521942 323151
68447 1720718 239534 1030392
616254 1747887 931229 879214
1492355 583651 1719216 306510
418832 1127044 420300 62035
76180 151329 1138073 515040
1715916 464068 1948454 1434692
415302 583133 303847 1800319
1643435 598795 131550 545138
1383606 280637 935826 847091
67196 449539 1308332 1443670
756260 554931 1585170 193662
1525311 1332499 227324 631373
1569227 709098 1548394 211475
1434850 1529178 1072383 1252047
1738082 1659497 517980 264966
213964 599429 1598773 1310837
1403998 1063685 1934426 964350
1688550 1631449 148822 406162
21299 1686373 783787 156486
1213833 1408328 1207746 848307
1413627 301330 15052 423166
835214 1240624 291638 1681050
936954 1457827 337861 1931517
663544 675400 1541682 1456120
1284675 1238099 1916642 685209
525986 1333520 1116435 1274922
389719 376730 1901927 1894278
1256026 339594 542061 1017438
256774 90296 1102460 1190473
771491 1945191 1184613 229213
1474884 197676 1017730 1781813
1017258 157689 790039 284263
1917419 1123787 1578142 1886612
649267 1453221 67536 303893
559430 1397898 969251 21422
1859463 208149 1950388 1861418
1325215 371106 1593547 1984309
535922 388449 1454286 275068
859021 936673 209489 1025678
1597604 1512684 1523473 505833
319484 1972234 1771960 985629
5113 1236613 211015 754948
1395680 304734 1270117 989627
1392469 1287926 766274 1169282
1463950 1551406 1810518 275588
1262049 1904170 260634 1836159
1619682 626125 1078995 875963
379994 546497 69073 1897178
395495 1225021 1757988 1871589
1221304 1791546 1372160 1579322
756080 1404848 1630237 1029838
1215818 946192 1759596 1702766
445520 1899140 1360102 847659
534442 811860 1894749 134490
1740154 1654696 758197 1865435
1097120 956426 1378969 259011
1561681 1166796 1832635 364531
622724 1160039 1235054 1610465
1930551 959216 501938 287638
1263235 509513 29730 449199
1515283 517586 1332838 1285420
1243447 1157820 213184 868314
42398 1351280 1188906 997711
597299 1457289 47274 153016
613743 709073 1758382 1890204
1986453 39242 1749250 265866
1107764 401859 489653 890291
1258978 1467463 1625662 1448582
75853 1007579 1886448 695870
932157 1941393 920402 1999473
1198293 592323 1890730 831117
1590198 629458 1897901 586855
820248 793016 1342653 872053
1431403 63250 659241 1960791
785342 528944 1916593 799126
1386265 1937814 419575 1284851
1231409 1916812 1931287 1248273
1247357 669090 34935 111267
311261 991096 813966 1887277
910018 1645511 1735694 1624388
1797677 49506 1914160 1800141
1290507 474249 864680 1008604
1335651 1665635 374965 268382
418866 1310495 1792200 911857
1476388 1645560 712453 1772564
1542782 1099600 788820 1860482
1835567 896935 40496 1517089
1004873 1657790 1071022 1203882
1707474 405979 1813127 1417897
474622 435598 1357867 772302
1189259 1432763 927760 34302
1306191 1886569 1298518 1073914
1126900 1528468 1362954 602289
545352 1280462 459370 618816
322611 1353242 317590 170995
993312 387649 1879587 79108
782813 806310 190794 626285
443655 1805265 420298 1274512
173560 1460891 776400 1493293
1325985 1986505 1728231 207824
1888857 1973739 1328905 527997
1532016 951823 642726 1597849
1951042 257663 1315132 557801
441925 1036152 955112 1748645
1795372 268489 1234067 953875
177582 1944491 461866 627544
1122887 100397 71283 582293
