412034737
542494562
308684240
77486125
153005112
605449880
297001857
353392858
133224502
347121075
305774991
149083147
610948453
364789806
200225289
14379330
235988453
335951612
323707880
155022657
502664625
436879160
391593707
28107104
172826834
321251765
263346355
150306463
321195936
26438644
556359858
12958781
217795910
243002403
237662595
176557263
278042830
114464172
410680158
39536046
198577982
50963000
369708305
102668837
122757539
159994906
156721016
385792334
14079945
1491185
454624419
223257736
82197286
509103477
1937543
188387910
269049549
174547772
61235423
334678599
537003663
225401350
67367129
18320454
13898315
133233758
185695389
252986759
107488351
155806926
31175659
560136838
155230012
522680225
395051580
17671412
479491295
263775051
153534387
597287976
407837287
416781039
166842404
168796456
446073808
35344191
163628675
442496277
33656233
362580636
160805210
135254605
434278445
373790784
241844034
111997473
401477725
382776145
326210402
461126019
40944568
423149898
160506984
102739556
48142547
161051999
242304724
91032261
221889112
363940458
55536358
21954267
365433428
514963823
596498536
54589095
167704283
212293673
333764257
18807596
7872975
48069319
144374607
103492456
274233940
390624443
253729875
283843673
34716626
112171200
3638730
111868136
202119807
158105793
88234873
24514072
246952641
124711539
416591469
156071116
252625884
358804449
191320686
59465467
306674390
200811060
450159057
104644368
86513639
61072893
238868108
394011932
12070721
230835746
205662367
120201071
465425368
330885422
600286430
60140107
7726196
86874403
626989218
55109044
8108808
202474710
19803797
504130582
21214205
100675843
212937148
124684368
498877495
404851778
26454560
253713371
267231670
47052911
64592201
414924529
22659138
229146826
486517813
586150191
161829730
220304716
379423521
208362646
6491091
85623549
98584684
381431458
215006743
48421779
269460065
91454866
467689472
23123057
27661293
82285704
100039336
232922648
146419348
363565597
219747848
419888265
294355201
400652640
548345562
151520081
311059659
457183185
86031877
113670388
265667879
532836030
340072916
400871414
280892512
42592557
90199262
18324418
349356550
353616536
38697503
70135209
366113780
72878704
97399487
58598441
433491078
422351018
229456813
192534010
343028776
249783998
157319297
137160760
187551287
307254363
5765174
401942574
37043997
150187753
122470614
232188790
5240670
184231089
406524101
478403405
384521224
265538070
62274576
129640578
72850253
30353651
99914761
262389747
17879099
145301981
16090893
392255662
165386414
414505526
28148810
92228843
463529988
32059396
375894666
508795545
86158283
554819399
349737373
213036726
545356051
78625411
54550807
269686979
118897873
50440901
163956288
514751326
218874118
10947686
23486598
58528378
118431543
181397775
176314820
3265870
359900664
36579972
40437631
123982979
53015026
71547246
78052332
455813293
70391972
144947067
562137090
482221004
214932404
308017245
35914978
29329156
361559398
52223944
256360410
228013434
115675805
185734305
406920875
284226756
53375684
481466964
283951131
206123232
359805465
471310253
389249592
603020058
8256294
335239161
67687430
338649729
36045828
154847812
235030261
353385452
181838400
92900903
159870716
205848257
86292653
400447741
465029861
479318348
263595272
236770515
293574074
304996615
322031282
136654428
379154982
98201952
104805577
197926252
274965953
441221365
386959820
446384131
32419001
33712599
391951248
87320986
292475398
64765566
95122345
333944720
552436066
188292057
142921089
49493774
489968583
202088775
101830740
22734278
454054117
111885216
64861456
30063238
443486107
248954214
57115727
516147481
232271110
15863729
8005603
191365022
222269354
61438671
220380770
377280975
455797610
162678665
155461334
64562144
78537484
51924080
63215083
77762383
282049059
228051862
282128185
279300501
130883920
198996300
66504809
70490930
154975001
104021014
121923505
28422524
166748584
298993409
458362410
103752317
207004641
66275051
379389230
212184856
64580927
266038254
278000660
65215646
920651
156198460
42343709
125687332
376353536
4902495
20401044
298477934
172424198
24229776
146577496
88743263
230754130
11173292
171359050
560122171
336828587
6647096
75851529
51042637
192111733
283737309
402296463
499614208
199659626
512423118
25058085
63921823
22632425
115567530
134775709
253468446
123091733
214349927
210327108
36847379
36293943
137405427
264066973
305854337
44589909
348204722
271259910
476913780
614921134
350262443
99358659
76978389
74309159
28717461
312323531
206641670
99507972
307331344
759898
548112120
320850977
477805239
429758269
117442476
103663990
344282046
465266411
67761636
92820050
183380679
40981603
139533507
488502393
410872154
64481218
368267607
475085778
110890973
343460426
394101977
152972116
285527394
54336472
370577180
64039412
417224892
69729478
236525529
383399688
277561809
420367875
367698279
468291578
365691322
278489034
532314735
97271700
448892910
200063821
175925997
291583733
89828021
517534990
15437375
550212746
549152990
76956459
113648425
338476636
323103501
129483780
289521946
72113557
342897772
346214643
112669763
261651229
392031515
166332452
125085168
37392713
182008948
150796587
208212332
168221877
190992871
102556293
164208802
480731677
297025016
205993187
139567196
582737916
141151095
256895052
297938542
83243575
101308700
45081577
84072361
78062819
47954932
315226383
28417260
78410312
141563548
129028331
136515407
213325090
180005392
42429675
204105272
126700595
403254378
295962158
289792403
52044184
171289110
126979648
91750894
17335941
380099226
475291732
235290722
241228734
66935849
275560422
474874076
33601742
86326359
276433767
17191671
265385260
271592333
278864847
292804353
29180027
12700222
505757180
308261454
422327286
220229975
294372162
162218197
149893577
248989585
254491295
186655845
427649116
15610885
290333522
64540974
277648998
60663238
141847816
159040919
371414015
7204789
232902713
251092247
261393783
496845973
34909970
203691058
55610832
598105116
92460913
80726076
279809539
41043325
158487618
5585922
29496127
138422124
83062001
172057311
374462401
416889494
234819553
192046083
301494400
359762603
603939330
273182623
20525068
331620518
49805911
146645141
176373739
476243759
235831758
502687863
243236865
328738841
307135892
127269323
306222546
196117252
302303715
207295814
51846983
355220100
509166950
509738397
80001824
471818005
248379359
184141145
69622487
359581760
51111284
84503477
95755203
132233260
24921376
200068142
91909865
71214007
77376894
183224674
213547316
3087009
133816429
38956106
360003522
295246972
210518591
1490673
188692038
33969126
380207103
211778097
181406481
337551094
349477060
181779687
118430637
4538567
96993111
334980914
367309769
291209482
139173078
236959109
12459753
57434269
315811807
314602798
3454281
451597003
65516942
349419274
28951594
254841752
313718283
123043265
232515753
187815292
136439219
54876588
171169192
374032061
268556673
287882735
80163881
199230285
73758237
574594802
294582700
264487416
43094250
91873537
8291310
290636391
286989346
75511231
68719155
284108403
23526270
47038640
106190447
6111319
230281761
256126833
260134418
569090210
103337721
171890832
494272795
416347775
273209329
19755417
297564458
5544212
511818588
45377000
329551223
94217170
401792572
496035315
623690395
372735332
442676550
434794221
254860499
581102658
123465249
64649230
41867766
363999397
163785945
149656255
370455538
330228517
176504129
316809553
133290491
376700341
193304850
377474297
47025421
525692617
460173305
63861188
330648614
407020914
59819182
451984304
50047951
184427645
66803212
469137421
44338345
109474588
408943068
422095654
82461484
3394095
110122930
190546233
385353775
371114849
172180667
167655061
181141648
239251387
204628346
156401977
508715668
267642217
465245134
331442303
597019469
22580562
106234208
272158252
358642789
122607334
187582264
189944225
194626060
79550799
126615311
117078428
140042636
62277773
500715603
612924651
580186857
249000899
23353611
238122299
134451296
180633904
126349767
36006884
49794518
33939854
2370907
62574986
98774000
141078884
84585163
37748682
136506178
554472360
344611329
332448379
368965953
173684619
255918893
254857328
361203990
38153087
386822944
342501808
351670649
170489184
298484383
265368670
281224130
130998951
312144459
196796827
175419790
198557380
5673893
148843679
219837109
182809180
424711473
286609669
127044555
455707192
10278338
316739028
292570502
103153473
144825324
162058686
259496787
125916707
164613791
288422620
179642242
217924970
404760207
433325630
19676051
164435673
372106625
8883761
235113505
507772336
115055792
33531192
391643632
206894283
481435482
443415671
10793062
99070107
396066411
107191479
69899596
393737347
333923003
166671167
204280887
166159286
262826876
229225684
240903452
365405170
235300956
119424717
342819634
425187842
139067826
26804018
135520838
436180874
250909825
272897626
128371842
422131351
49197760
147492426
436003313
222407991
382418528
193886266
297536749
472696896
611509820
165483529
182126298
144844342
256927698
229436690
138138450
19589643
411551423
521114564
105367971
67479183
272772237
443287
233306467
190702106
154368731
13560614
425142650
36411971
331677369
4240542
90883916
287012120
30424185
166184897
69476902
192519569
351713186
33994431
458286256
284012147
319830186
256391215
9625943
563707604
363774401
241526818
101680954
169693724
328257835
240313914
232882825
203773987
325175928
255337959
10000124
146201457
219866298
40701821
345670165
5518476
149988234
20907970
392343599
236557048
50134952
452071021
225293956
289624365
250511040
204564603
238780034
87910157
16059869
125193708
325835450
100321700
294212614
170981968
94706786
292372430
57612387
284509444
489648533
326640
123700474
363749150
36381096
4494658
132574669
28677673
206584646
373722575
97480744
482111868
234631376
111065078
596543578
3780601
207276435
7371854
90961741
105965761
364487166
199181919
246094479
43398233
146109962
273891240
163861153
581076885
563538485
18584216
92681923
129017110
414252915
57433615
148051496
444222975
561128978
2043486
328531134
48653291
140818985
271083700
24222876
585146728
17940207
554567020
246820858
187818905
349564111
102519024
177778606
316479762
234220964
423763042
622045421
220264642
109895374
404880769
388917481
298307585
273869035
136792422
457515992
110242263
169081675
72970015
16606397
212499311
429236340
121682425
115218908
303807520
190928807
125644363
29983720
31655426
41923450
479717002
368605323
401172619
58322345
260177163
44612360
122686650
447910083
406156568
170274166
147025412
408105427
172743313
268125241
312615640
561364471
111302155
229643358
33818644
179448982
391006723
66602777
547600531
19205479
45544552
439762518
306821066
161377549
569585932
445349708
170001760
271303259
249965759
135895288
434398458
282152830
74766486
25111161
461809346
100057071
492464074
436150410
77180897
300291553
274197179
99763688
138058404
3694279
391473096
97444558
310588764
73003787
506988246
318612382
163608054
81057738
6748622
12492089
537332654
383486855
34111222
21962019
634339845
236403864
182359411
331672798
126237669
38513874
179853436
116262591
212503443
17036305
112836698
121427014
249598333
491540528
348851857
352583712
549361991
40638062
130374674
102059085
163596788
343337441
202516459
106830439
65375279
204755325
449626050
518751049
647783902
128442778
132660444
483947035
275074878
467752485
100243199
104550784
165998204
536255917
118144518
376812899
290644666
211774486
505837139
333205129
275609036
32573213
414165024
277100236
15623336
41407172
59576473
446263651
439329582
151407897
9056443
77623787
275378222
339308697
178764066
121351471
99368372
241765617
295813735
432703341
215640685
89716632
131072052
14638596
124773399
124692286
38613416
91255377
82768812
428632731
183064517
189011939
198294812
304003353
3750016
168037749
161586117
54444753
251936113
55756114
237660994
290605343
199973876
174354588
185871672
259479877
173815009
253772943
415827551
342207269
7185107
213323517
124971471
168379584
453543522
219159934
366296734
197687199
43285092
360585203
296261865
4028298
81192033
227643971
87149078
283939809
17713000
26906526
59121576
46758524
623039597
111370747
185549195
268820691
300143351
144100719
324751953
529403735
621050158
264334967
181146102
258116097
193516674
409539385
550651696
162802878
328015395
255135213
358047297
595757993
167214459
115821413
229299061
370649460
239800800
468924
411989329
111005622
14734011
82637166
260230373
9832916
518828320
164304920
100079358
125181125
360258734
317049486
265763533
126937194
326528032
273650401
418211969
185024790
14956893
501623239
376145927
93506482
538582815
240612537
312464422
442604278
159332680
494001437
284634706
376428404
255202170
342875065
54435999
235902330
214637038
346105353
117989530
488095387
18091956
52321829
164110260
68611066
456860520
217935568
27566530
404458344
190640536
161215235
106499405
60162029
361999139
306776656
75754323
92914521
224709269
391294154
317710691
303371467
149631155
423247591
193419677
142852617
132807437
243750061
58553156
136120171
390496634
430528873
330251728
290126692
256138231
157160466
220991154
72883840
208640523
110109799
190952563
35268712
32767624
499374590
206785729
270054302
279360659
79457428
128496003
261864439
105731869
10758972
44322334
263333952
245510913
239066041
186135432
294903908
243315596
123411710
214718446
66309513
432258807
11666383
236212652
121884433
207302578
386889290
411158276
451758798
18848622
188344108
324790170
167333370
364339037
26821707
108869080
404688438
34381397
260265606
63297005
204168082
150797937
88609665
350260200
382422263
322094726
249700324
52730999
253236301
401625243
422462673
19203427
74304881
27396412
545545463
203376042
241541786
159349869
357374526
128432964
164921156
128506848
12391967
32853481
23477548
367346644
66625211
308673248
234062169
274445298
167311285
221960505
79492782
282192606
402171022
128256179
517747643
6821173
561262557
45722164
570789735
450636725
162894309
80135097
245621647
105717007
444753194
127518659
558652012
14550221
68945977
184575080
404166805
145288273
191944344
289280287
109309337
476597616
69420067
249067493
132159543
26700435
274158652
28512442
57889383
159253231
395118494
156684257
236660849
277090620
14579268
415013696
536568471
81862025
89098194
73429639
490026314
53268029
190011882
162370203
386932909
43382067
228728302
124612093
43506979
138909583
40710490
66176979
348652100
231431133
218098932
491773184
180963139
143976851
293325292
119459060
303169021
153988183
173579219
192394845
170044257
333143865
239937785
169003763
498393794
88914965
342478464
409952509
113996344
419478930
81091651
315268789
271143871
292408913
21195449
149290067
223564213
179545659
194371368
376769229
370746785
406584771
44655393
154616448
196276609
486816732
136376389
55383892
231526424
176196046
413196853
124511282
364571677
65682687
65918593
154562194
265539808
570447652
260188810
25183677
65047030
125164234
170298098
192948768
421756284
9319845
323156308
14195643
277172096
116634822
232857848
81543874
287818417
35292909
105678059
192578349
502849630
295342879
503636672
173675492
198761783
153357828
270355687
66153274
531430749
314865126
95268167
45022393
18468441
211254605
341990776
302669940
315097623
100477521
149041873
98719312
134453451
74485429
268631227
17244524
193885539
366508877
289040706
285221697
67252859
13989337
356878481
5286770
132828599
120798999
174322210
121166338
121333871
16733062
187380210
29818910
117414732
513582291
168731406
168534366
95199414
323895463
51837746
42131836
581169818
234539888
226246286
388587561
14946930
279227004
303564925
462324482
387400771
409821971
9387083
397690931
362976866
390690989
487277795
198019416
171622872
69520163
46073840
2967507
26719749
222578489
69820462
367240380
423161264
181899349
134807350
45030421
243898045
458063599
62670220
57274216
233640709
198753605
101285249
34088074
251624747
155915564
52834526
481004490
203491302
212548425
183971605
442687534
126034158
6365518
65905507
361868723
258160506
119235878
189651077
429763480
99221296
604638779
283112550
61361877
2769038
187468231
428807492
363276310
304752736
587145004
283220115
99524481
298095778
449378885
47753812
152768893
475588882
277767391
276924214
238833937
178673507
105070474
169428194
24781487
393529413
11455672
206218217
157721623
332067197
316220402
88456677
186675648
326970090
95350682
336759453
555799074
70389438
324137963
59430982
186282066
30635288
422996862
169065014
29913734
7878505
47982045
213416284
66677564
34858574
195797692
241420794
203020805
106418505
339005370
536248407
140749075
37725061
64221730
127037497
206099960
232203846
141667661
563126748
148138187
412632425
160522796
32362265
32797530
277374427
351205057
90614279
131969408
181514618
619305419
284398535
51207192
20606048
180097331
141084613
75720015
3059359
471853101
109919705
182558463
373678020
422129623
58051009
88464145
170815380
352470283
242308988
502861966
84971765
120807076
78651910
371048375
416451989
65312179
432281344
76561043
114295512
457898188
396630153
327360155
97440176
328330552
364791541
218867053
315685180
504599789
45249454
18986589
346774807
562854490
42546750
361179170
498415748
59141096
237511605
565308409
123124086
209627042
359504747
95533841
131114279
445094228
331353610
73527167
221876704
203223649
18954474
196932580
74208642
3112791
434564741
273126982
405636928
579272643
115535631
236205530
429133817
223096660
42443691
105382795
20982633
463184203
27337300
183211635
144239098
86416591
147908256
259178277
348654648
222331946
6515468
146766551
245244806
173938107
32967989
98215576
515778451
117230310
46486107
34954079
15794991
178050798
163754294
29302617
335421427
387626104
204100399
76547879
325271963
80415082
39541059
287783268
632447638
419134331
118804952
165980877
8588133
124229083
228391919
314333071
489319020
197218734
104445444
118715732
36281163
425279952
242961221
134824623
204242833
335397512
215514136
117771949
56445371
169008039
18356684
422000602
150234854
107173028
55517358
509677723
164539943
330407629
65788565
566474425
490637906
336436998
101585017
301272095
86425047
116913304
133225624
196438313
264853648
296224712
572916157
251475940
553669515
309514279
370524698
235876833
152814018
39071019
394311829
228949005
313977332
225918016
66149838
312763808
206147093
476310603
182262573
431204809
57317688
307613683
271745623
81938768
61728509
66834951
91021582
87649888
1066477
345530436
67251276
37990325
504800410
155940538
410368263
286743103
422022353
7265694
126356650
406638541
451098197
181226891
516384437
245997279
6899628
452662953
171930310
187424651
293853294
207173881
177280417
494928440
230311425
265646663
144386850
159336129
72906595
105713098
195927767
116656015
33388252
92935895
295988829
202743039
27008946
487383725
76611921
36618094
209324843
122192872
323238502
199979145
108942680
456471653
48296518
306685691
184753400
299866115
442032095
341932324
97124124
88521013
194823304
463722477
403827887
59431467
327177855
378852271
184765906
384102756
68088495
190060211
133740307
592621492
3389187
225268857
94333064
178088308
251088291
378572431
311363893
231959987
395587319
161200186
292207279
29754046
145944084
314029559
455310042
257615893
257848438
591760979
19459323
27358439
292632443
97586660
4673126
86249999
34234376
1433686
298194160
175010502
7329906
185193496
140385673
181855878
293775978
211127088
150680082
192669485
84004699
338944348
