200 2000 2000000 2000000
1 379116 527498
2 1391858 766299
1 630824 236522
1 778179 1664859
1 1222641 514802
1 837262 976245
2 947063 27446
1 843385 1909655
2 456066 499629
2 535332 806662
1 1017295 333194
2 889598 617271
1 1595976 714166
1 374855 483232
1 1396793 1470824
2 675425 1170240
2 1163166 574842
1 336899 389284
1 383660 338118
2 46086 830071
1 1035029 1912127
2 1332366 661510
1 1928953 110595
1 231549 950913
1 1424475 477609
1 921797 649532
1 1365321 1711042
1 138433 289517
2 285003 1933125
1 90984 450131
1 1769348 1040914
1 760821 1125306
1 1364257 1398809
2 49169 188375
1 761332 1812593
1 1633708 748924
1 1049492 1033558
1 668759 258884
1 631444 1029756
2 1275345 1122673
2 1259364 1657994
1 450048 1799161
2 140133 1730622
2 1943484 584346
2 1790288 488477
1 367464 362445
2 1543715 496780
2 700313 394968
2 1922020 1532558
1 1870131 1975414
1 548252 1446636
1 1055755 1717575
2 1960145 494598
2 1002463 902426
1 569668 826128
1 668103 1094991
1 1063979 723697
1 627909 280358
1 136888 1474356
2 1488405 895026
2 804583 694946
2 1995956 1265199
2 219206 1046432
2 947827 626131
2 927287 724156
1 1820615 1010080
2 1453364 1397145
1 522324 1564793
2 1576610 893667
1 1899700 1571722
2 573568 1472946
2 1246595 865328
2 106425 706294
2 19537 410148
1 293993 441714
1 1071948 677073
2 1782635 1903443
1 1879143 265112
1 1795433 959513
1 1832767 736622
1 1660778 1018994
2 1239487 1797683
1 1075287 1883336
1 1175213 1567746
2 1125898 545175
1 594818 1563427
2 1562455 402466
2 477461 1072734
2 1667995 1203977
2 1298465 1645040
2 769320 391704
2 1610604 1624189
2 1716009 1851102
2 1257441 1208663
1 1966916 631872
1 409916 68440
1 1477971 92889
2 925963 81553
1 439550 1629240
2 782575 1423755
2 1778873 968604
1 434368 1972276
1 223476 412459
1 1725305 579725
2 1730301 391929
2 1182001 670306
2 1529231 876969
1 625596 1175432
2 534874 1880849
2 1094144 1943957
2 408990 772798
1 303876 59316
2 115718 1274569
1 754136 771342
2 1019445 364297
1 247310 484116
1 1444828 947252
1 364418 857709
1 1577623 1129930
1 91023 1583601
2 885495 794939
2 1003784 419832
2 857556 1157563
1 505264 450263
2 399311 720354
1 148317 1742990
2 1338547 867095
2 1710553 1525933
1 1295918 558633
2 1933426 1044143
1 1200201 536978
2 1871542 1906439
1 1182205 106140
2 1828219 48991
2 851705 362899
1 658684 1031639
1 1422787 314658
2 49605 1403935
1 896278 473566
1 39172 272045
2 1002841 1798034
2 363997 736566
1 195881 1088552
2 534297 1024378
1 1547235 1732251
2 1560828 428497
2 1896809 436432
1 1040765 903171
2 1338342 1090388
1 782058 1507139
1 1496042 313446
2 941282 396238
2 387159 1778459
1 1611191 1116947
1 1713418 616919
2 308965 1006716
2 319271 1633681
2 735501 1816407
1 1226187 45611
1 1699093 854669
2 300038 51439
1 1014032 674753
1 604163 1676699
1 1314519 136834
1 1458216 1565861
2 1183476 1403499
2 43469 1434658
2 1234865 1380783
2 741187 289021
1 603270 20680
2 945531 1946379
2 1943820 1992058
2 1370005 570484
1 1414578 145404
2 840595 615422
1 562463 1460682
2 1908918 121225
2 1150451 575726
2 521522 1262413
1 1334782 1622291
1 1244705 1512319
2 1951274 402941
2 1335267 1696233
2 1806263 1867043
2 1918447 48899
2 621023 1499567
1 358075 1108493
1 17231 526774
1 109765 1963764
2 1130551 840513
1 1494358 65100
2 275915 994332
1 159999 122789
1 1127051 594045
1 158850 400123
2 1523154 622437
2 589318 456489
2 496978 1982391
2 1493567 383814
1 1877188 778486
1476826 540928 1858533 836382
284492 1593465 229012 1091734
1631577 475979 1277513 1540254
1553466 69214 1808242 190544
6665 299580 501029 926779
1671945 455966 1930397 511661
450547 1510020 1867474 801103
686840 1019198 1812355 315116
98345 661122 1017749 471093
858837 1696057 416793 629094
1085716 1985653 1892314 1897501
1237327 1524585 1665095 1447687
502641 1727542 1904234 109319
1456479 356107 612563 130664
1873485 871548 1098476 1905348
454121 808163 633778 1446926
1152867 970957 1175341 362317
1365793 1871869 559176 438547
1093454 1927860 1655872 1243239
969922 1624665 491169 1128665
358888 1159017 1832710 1979813
1028680 1457639 1867718 689334
647137 595129 1487209 1638525
37458 611032 657 1515372
1623380 348315 469421 1160362
817590 1640833 1053679 1605731
1897780 1423062 1448596 711065
347881 577156 1109016 1121765
1544875 615654 119817 229749
1930595 354094 1797228 775538
262081 980542 1885892 1449073
473571 1868420 1345879 582607
1755815 1302698 670411 280303
466445 1897450 1986714 120973
1526447 1223120 1900062 1702988
20473 551363 1698791 802868
1314780 202005 883754 1412436
18650 697687 1596112 77413
1359092 528837 1764183 1467677
256217 1522664 1266599 226485
1766954 696855 138878 1367541
455713 1007009 1733481 1755896
521932 794933 64839 647616
657934 1195821 86316 605084
1315250 477956 272047 1066181
480237 742897 1468529 603372
217787 1282443 1934499 94545
440119 730933 1355033 113418
1990589 1111688 1966762 137963
784349 198576 1676367 245258
1591815 1159579 568577 891067
685857 412762 1389899 1645440
665608 1112151 205310 1290625
526580 236122 1416962 1611593
62649 1395029 1289615 1434516
1578204 403113 1058320 420510
512629 1162795 1253317 1507576
541561 1564317 937167 544877
823653 1470039 172292 544074
1491114 312399 195456 1554785
576839 512840 1417685 1046297
1757312 1264288 882471 1902317
438423 831310 1984522 806686
742377 1691253 1565750 848582
305716 1031945 788560 1415592
1795 293555 876668 87283
654215 1902848 1433581 658401
566568 356251 582998 609737
951184 620945 1684793 1410889
987751 188600 1104470 1230831
482264 809305 629859 1810369
1053103 1375415 373850 1391950
1695827 729481 847339 1779851
1855630 684231 1479993 1248320
571546 836224 1377659 494977
28958 1834860 1715881 1801715
860027 1690977 613044 241403
583743 640212 824689 1776057
293105 1896660 882244 584064
535382 505785 1076157 960964
587855 1178335 431899 1962944
834869 1900817 631726 1996347
1314805 1169405 521095 1081202
1588624 1473061 101479 1479981
1808230 1591519 835179 1185325
1215260 1720250 1398207 1082366
1695958 991821 688017 447881
1045243 1734929 841206 1278789
1986729 1760597 1298052 401356
831838 860794 1297981 1506654
1688492 1116102 1193966 971235
1445443 1847030 1822660 863942
1525829 788752 1353760 1080224
855292 1358410 1708626 1643191
100159 1356339 420783 1702221
222030 193906 1856011 35805
833693 1037808 544812 399080
503538 1978451 1426461 1119239
1313008 220975 257366 271142
464425 1958864 1778641 1669937
155230 62131 541709 1577061
398825 293909 948969 24416
861946 135924 1301105 625975
329643 1767529 481635 1913738
838045 818372 1511011 810933
853864 106900 877003 53241
227190 1921781 266313 648948
1048473 1431063 399965 829527
782955 229557 1736751 811281
783717 573746 1613996 1994854
1614438 1114822 665538 503161
1611480 1542684 128961 1682546
1284661 1154030 185073 1010127
1069349 1929033 1733289 809310
977508 1807245 1280215 1330982
147771 432781 822443 1892720
1022563 1494969 1736504 893237
1527414 1968200 1612529 850594
844091 127823 56933 1839116
1584491 1794485 1507170 742071
48435 789655 1062692 424020
1500428 1722500 537644 1503291
195249 106899 219753 136089
1280558 626075 469496 1837897
944020 798845 1773671 1131948
1200127 847528 1737408 1510527
678235 1277415 406746 627265
33501 495423 1659332 657887
361300 273291 201790 118520
1856477 536472 156379 593952
12739 1112337 843480 1949720
1354081 1604899 1843200 792174
1725825 1502022 1423762 829
837174 664910 1578973 1688048
503158 1263865 1091546 1586145
427209 1297394 247026 86662
1695333 491453 1739557 898462
1597102 1199870 257891 907936
651076 203223 1504959 1576305
1506037 1239729 1515160 1310462
1338485 1787631 1892052 12851
404836 1690688 280787 1829036
1495519 274904 740028 1052591
1098593 1467985 763302 1038169
279683 1058280 478415 423232
749472 1607572 1357950 1951929
882772 1025779 857913 1205727
387750 1847085 182160 748268
228335 1989477 592741 1338532
1203256 1208842 329951 403002
1943636 846910 874112 1319893
1491608 380031 781279 140677
1022072 1660331 1428248 1415420
741559 569962 1051742 869536
1149552 877820 108379 809350
577620 988394 264445 347450
1409571 1745335 214409 1891611
12605 636291 16927 1823820
367151 215401 1988774 693262
147044 731494 1826181 473660
798302 343738 824417 239032
378250 1826754 1691185 1583659
1534382 275088 804293 234556
1221796 174504 1922436 611645
1364480 914018 1284214 1894249
212776 121347 380418 1020819
743416 1765581 165366 583191
735419 279911 932816 1083673
1369448 1845555 426342 1029043
1222199 1934717 313172 630504
1910017 1612635 210924 1277667
895175 243149 1777537 1680855
1481552 1726373 1559124 1103672
855857 1655447 911009 617234
443400 1449025 246224 66140
639260 1289832 64913 989209
1691657 395241 1062931 1875630
1786543 1608230 829028 475067
78898 1446086 933447 81869
889273 1469689 285517 1725575
709194 1390508 1979831 1651539
394994 1288958 1104548 1239859
1966459 1399387 1437106 747130
1927225 690128 1434895 893923
1665310 1438029 585238 698406
964131 552065 1447471 1203558
1971924 980057 1160378 777268
1894332 893055 1488100 772226
882041 553392 741741 269870
268813 44588 670447 969256
1811154 433814 167278 1632854
658312 1757681 875674 20379
1744230 550286 1959306 815552
248820 1521221 1970143 1540455
1462361 152544 736765 325856
423056 1376473 81016 678913
327865 1704184 1005078 1729689
499429 807175 1600188 1737235
1369683 717582 131612 951229
1897000 1269195 1305289 983926
470066 144511 1505412 288339
909918 827941 1215202 1553811
478283 933832 703555 947122
43586 536374 649050 1651562
873480 1948117 222129 1002541
510203 201856 615466 895649
275080 376652 565032 620374
724685 921097 224947 146656
424778 1207076 1516875 1546219
1577304 1252487 1077918 995423
865256 27133 1624665 1675400
318053 748929 189153 1048351
621924 731249 738772 1154540
432430 847997 1489623 348361
644445 893802 526411 470214
400064 461301 1458995 414072
831428 1451860 282561 443288
1733968 813095 1891273 1702909
402969 1146279 1335448 739005
61946 1084523 1885044 1243221
143598 1710965 1860066 1235923
1641249 2505 375510 25123
1595736 1311943 1775923 554667
418538 958322 1096831 752897
1675202 177242 1045181 338567
880823 1190063 710077 456412
598099 106003 742940 997089
941490 172526 1964555 1229721
1808018 1713431 1460521 1433147
206300 1513446 1957898 1035554
1073896 942570 417266 1456532
1241589 1200132 1184427 1793727
168945 525208 1674259 388007
1436489 1781795 1357412 1782307
706416 1421833 146562 406652
442190 217134 223180 1826982
370746 1900939 1076331 645671
166813 965650 1190422 1272031
96877 707012 1196198 1300568
153273 861251 83157 161918
511315 1694416 1060501 335978
838674 718876 146343 1452088
1145665 1512464 1178007 1469245
655665 725773 1338053 1683396
556686 1434332 414273 764794
1695376 1168056 451194 351930
1213185 192689 1717583 2204
1763933 719222 1041165 1267089
1020183 1230232 626812 1049856
1595552 319437 772751 656110
374287 1973298 1793441 1185507
1245999 347280 1125091 1933061
718348 1716605 759853 1335514
996533 453062 421759 1507211
877052 722391 1397618 1861089
993017 1948838 1803447 1689426
1120687 1740586 47532 1708831
330005 156712 513846 428736
1897885 1163375 1127609 1769127
599002 1361984 1317875 263703
818287 1357962 1658884 75841
1825391 1899232 1003639 1971168
495674 1156363 967740 1182732
1981073 356197 1160716 162762
274625 153621 732356 1697117
1390461 1984041 1114216 681484
1049161 1245058 965253 970979
1150246 366586 359089 1562466
1910462 1233815 679334 1177868
888762 643556 1216 1421681
1561789 1602304 1631845 1162760
221972 1005069 1152598 729052
513813 240766 29432 1903608
1978394 1895099 667515 1213321
734240 1794989 1714320 116934
644709 30300 493589 1148923
1302047 1205470 556805 1506406
842142 1983430 1876884 752243
316707 1571472 1336853 812859
1501909 1906581 428164 607987
1079796 1736703 1333299 725666
1524396 1022743 733216 357157
1984675 688387 1220686 929397
736676 1263793 914817 1683067
452230 1244410 331524 1428878
291988 228155 522805 1837821
1023507 1868589 1324432 1967468
824799 1335057 135426 1157782
846718 664060 1540501 179310
792632 562439 11994 1236310
1033691 1508637 1060125 993868
1745153 44328 1174032 1479591
395783 289991 664656 1931703
1952888 227482 912715 245166
506349 1025893 488396 902516
1797900 852578 1911753 228126
1904209 1152416 486951 632587
1693624 97370 425786 296074
1336016 765158 575410 567417
1769454 589813 594333 1315428
1084698 323205 1137781 1399858
1966852 1424867 1277357 1735932
395442 1888273 1392666 278073
105357 1360277 170857 654775
1682939 227117 37624 368440
1181027 1302109 181475 857085
947531 1676689 1434286 1987485
1319693 769532 1065911 1984564
1463513 1536468 1925558 934512
71353 619530 262270 641241
1270680 901899 956766 444107
1977847 290849 335949 460792
1309435 1541984 531449 1668238
564555 991446 1026762 623038
1440117 559280 1177801 118071
186148 947664 1920641 765686
634097 498652 786440 1181698
140194 1260793 1798878 454994
375882 1759435 948800 34734
669741 1771794 1972748 131274
873363 1113940 1290468 1060650
101061 773722 1350404 1239067
1133437 1366658 1078915 1083116
1388521 1105410 305547 1434981
616117 53858 1064278 1677321
43256 1744943 986488 684167
1981982 1203898 419676 368863
1603758 3129 1994420 1417563
1522020 1954331 1668362 359024
555707 497761 405904 69106
953539 419121 861887 721094
839130 510783 1061894 766475
1707022 1337729 1453313 1732635
1878338 399706 1742507 582977
12449 206600 700654 1520340
426162 1735078 320196 831590
595294 1971709 1516406 1561752
596951 1578173 1353248 1982746
651347 816575 1999014 1907135
1542822 16451 233652 1592269
1006935 302279 1779045 1067131
369990 662035 901703 135923
797753 310814 1370362 1068388
1038393 873143 1624103 1151025
1926794 14305 542121 1558757
1846240 1920535 1246968 240196
1916467 924696 593790 1444464
541780 1309013 1554440 998891
970483 1300563 564428 999761
546309 1922144 698773 461089
529464 848734 245735 1045395
1852053 445240 1305884 1458856
1932179 1938747 1103679 862753
198337 1884390 357172 1329565
622863 1337751 188068 1915217
1407192 1486835 1346751 1635590
1175719 1363115 1358418 1087947
1028330 1429612 1443244 1603055
25097 747515 1561701 1257935
1812232 161711 1819546 1001411
453284 841991 975706 1987678
1097449 361919 590741 289609
1452081 696245 1738898 1679474
274854 1028953 872210 466775
1647875 576697 676466 1517554
75501 1781293 359754 967706
1782504 547820 749425 612486
106104 1325546 1656058 891133
957813 456614 1781501 1035332
553686 918820 1465904 954021
1369864 650289 1837936 283233
684223 411194 524415 1371071
374678 247841 980741 1449102
1073830 77465 191857 368207
1116397 1735699 896153 353349
23245 1135264 919580 1067909
860205 1429353 539483 918536
265580 1125625 494903 1877754
775278 924752 1910305 846500
611225 929000 1492488 1923017
840698 1377491 1155893 1777014
233398 167270 1458233 1983305
864555 1888300 1901751 1291824
1988159 950654 1515748 121147
538001 346842 571243 1815922
195493 482910 850956 576344
1576554 315383 1921504 676791
733333 331192 685350 938498
1483502 1899678 1535478 1056614
889732 72286 96590 912075
1608472 578556 1566206 1706336
1787678 1998777 240385 1297276
1117780 1023190 1852500 749898
1543225 1877538 1189747 949262
1273645 1407459 479980 1393863
157969 310238 372622 131936
110501 1447318 1365939 1170228
1543590 1780021 1099575 1227931
1436548 400223 488124 695540
1135975 628038 1689983 1054194
498241 526477 1461867 521953
274481 346838 1085550 166477
1994648 1255277 1477633 701891
1091047 746107 1312907 229923
34388 145238 843193 615902
243911 1423688 655232 230990
1269361 1603496 417827 1911401
517678 1220208 1831268 1353270
1504072 391251 434961 910387
247054 1283409 406913 1881536
806219 394764 98746 824225
1718817 736495 247013 678270
1034754 687966 1791409 1185218
990375 1521157 637663 1847190
248198 1067473 1647795 1344324
727000 354553 1472481 710943
1654324 1436517 1637753 746318
1585102 176431 32711 783373
796262 1482236 1272255 1581938
757491 1599770 1853485 771317
802791 589529 1717845 835027
1101992 1401576 1729702 752156
836299 1561340 1024754 1223919
248495 1477818 1072883 1921366
1778272 539665 164730 1436166
711364 138167 526521 136402
580563 451331 1545543 485606
890289 443433 1308262 1051432
203683 1680032 1359702 645522
253726 771496 1493200 300501
1046831 1814542 363731 604431
232814 852062 825721 1025681
1156245 929966 1839109 828494
1521865 1059089 1451032 1221764
928404 1578156 1754197 1698333
1178507 1039800 671396 1045594
1021268 656596 1388628 345490
1361328 1040771 1178672 783627
60266 1869484 1875443 1948369
1876372 149483 787555 974018
1240248 1883056 1645866 1468746
363515 1006423 1924201 472321
1251450 677365 1310025 696686
1945376 1459174 1226717 1930182
668033 997654 1138075 828479
1397871 1469782 272672 779379
1506341 326071 1805055 1416384
129269 434923 1568867 1852473
382129 1505115 1998843 185646
157103 612257 339049 1824716
1943062 46936 563755 85027
1325018 1534395 1823918 8860
255456 1481178 1660665 1873255
284758 1682074 1892788 40994
608336 119835 1566113 1358555
965205 527747 258638 171271
1879433 721242 466358 1962487
920972 207064 1197992 811708
1396178 1893912 1042190 230192
68868 1153023 1423372 1602780
1351901 704003 1402030 578128
411117 1045276 1072322 794979
1794887 1879605 1818113 1893483
1004837 1616355 949582 433402
186029 1943565 986008 813255
745318 665850 1841139 1584533
949987 290752 1147685 1818888
278064 1505113 1143343 1421532
744725 961359 464008 617286
117812 1661786 1340669 195945
450270 479531 1981234 950802
168748 1422774 742737 848770
295734 286088 1729371 1357724
725095 1888098 1060872 1646242
299077 844877 374609 1785317
936600 1312391 756030 1974243
900740 309844 686600 375440
1376861 47530 1266760 118246
415884 1387123 322214 706726
1586302 668596 1714376 1900765
1023574 1743716 472451 1186443
1065725 562978 1535086 312417
287913 1968230 1657778 1346340
89521 180379 579615 192708
139427 903229 1031411 469319
448951 31541 869036 1990276
1546809 1118554 282980 1938413
787743 1282573 1323142 1335457
1714986 1222819 1029500 1143703
1054350 666019 674750 1673448
1998395 878336 552723 1023433
541857 791306 1098882 1162921
403479 1888715 249623 229043
733881 202466 1564802 1554726
1657431 720586 1368504 95799
1884077 1871654 1299877 1571862
975631 1709828 1323518 1222157
1879528 943035 581066 1371417
1053816 1914659 939365 1254887
721809 269242 27352 1074791
1808385 1067662 1666069 574162
61963 1149330 1004903 1323906
1577981 292402 1191355 1693705
128202 138621 145152 907273
357703 201577 225515 1278751
760006 1107181 857292 145725
1211055 1239117 396516 1113349
774329 748876 1453104 23422
1650035 242139 503387 1463931
738260 1969787 1576999 1608463
1441674 834833 1160855 1425654
282622 412571 10891 1347377
362094 344886 1714391 318205
95837 541226 1567126 370601
1575609 636688 1551617 291323
702488 75246 1277882 1513679
1673089 1478259 689761 1618835
1141977 835959 1926402 777988
1401932 1799404 666344 1380254
1075259 1790969 1880090 1871429
246254 1777684 1571974 290067
1838823 1805762 429941 867880
1770573 371564 1609777 715611
1769669 1959174 312994 154787
1528558 1237596 691278 371461
184783 570387 1608359 1109446
585152 1104184 51092 126605
242509 1181471 684249 65775
1736580 552240 1047387 1920840
667618 704280 978024 70323
341004 591654 946086 705494
1128654 234634 724708 1922842
451225 1549440 1729068 16795
553606 1113423 335260 1363854
333987 1297099 1554420 1886726
1196397 1106024 1046156 1074811
579361 1176036 1372704 1829468
1873541 788463 331229 54451
166220 692811 1894305 1326546
280635 1909765 855118 1182422
835936 261054 1948194 1566956
874336 1685179 557854 1401515
1725446 380213 1232561 1528700
963742 1606798 1430322 579104
774328 1539772 1646924 1535894
113822 484112 313108 575858
1258919 1200143 1645061 614995
947481 1453413 1337239 641950
1934337 1079577 957458 1756074
1130979 838836 673302 1914687
1893098 1271014 1596268 1601877
1293130 1520765 1543601 1720168
1105408 849855 1222868 1170655
1845360 565206 20482 733392
331724 1634069 1513589 1247132
1157140 1102518 1756595 1382135
1049377 1531743 209750 1571554
917182 88366 1378182 984166
1851826 258770 1347246 128133
188351 76622 240152 1683992
427826 1538914 96591 331333
341026 1737339 811209 406342
1358222 1457005 126120 579444
115840 1234513 1896883 711093
813697 1828212 177644 1438864
1667394 368295 20645 1795820
508781 423971 1625346 290330
954032 1982201 1484855 641527
1709320 1054452 1812679 207136
582137 25404 23843 1841489
159326 1184610 403777 1512566
1654397 1352605 410812 1454165
1610582 59028 40238 1910713
1879484 681272 425290 231023
825887 49881 933907 287988
1777453 298157 1881684 1004916
1496291 1178850 917201 1749504
1366245 532123 810141 838421
958853 1135045 741151 1657004
1096566 89983 1010827 41236
346887 176959 1410593 630133
664881 53200 1992218 889612
629024 1188273 223733 1341598
23357 345623 86948 950286
1233322 1895325 1628752 309745
1970121 1339694 1028047 559029
1821786 604345 1273469 1639721
279735 1309912 1810484 871062
153602 1881484 936406 325843
637478 462141 1446935 300206
165554 1063548 1422558 1032162
1616200 1805653 23850 1390883
1976668 1197392 1504331 1731424
305689 781 314909 1096403
1859608 1448051 1875198 194715
708122 1328879 186953 373639
1176448 1761713 731980 294768
413696 994204 41734 1185133
329192 258872 567677 1428763
1517298 777076 1834882 1891598
176985 565076 950444 228801
366674 1637079 69106 1014914
1684439 1917353 619427 286395
292366 594628 1502835 670680
1087867 1793491 1749920 1113268
1876464 788012 859973 784776
871202 1030736 1570251 857576
906435 1769273 1219520 516600
1692785 151724 998822 416573
1077168 484962 933996 1559297
176571 1378159 862225 1637710
212191 1637262 1861107 555692
1183171 1831067 679715 1081945
1717895 541403 1826431 1621374
1324574 402980 565550 328801
1812365 892673 1756420 951862
979407 1416528 1739522 1360095
1130622 470637 1233726 571220
368796 1334921 1971852 368799
33190 234027 1710118 114069
1328506 191016 599680 1847489
729357 19511 1981032 1461825
389389 889372 949780 1401245
1572850 769414 1316190 1903057
858159 1508339 262235 881827
88360 1050535 494265 799740
1005780 391994 236722 1846160
1981797 1182838 166264 1178815
440843 11570 898408 836593
431150 685920 1864750 610087
1374470 1902965 1850050 358064
58176 467000 1920038 1504209
1332649 72777 1462064 1180359
1139560 608165 1272874 1349725
650856 1779099 409301 896798
1837761 1820582 1584336 1319496
1812492 234049 2628 1667982
85503 541918 1181313 1839126
1122013 631069 777171 227463
54606 970736 1679283 545884
1627494 811145 610177 425031
1985071 1930705 1231685 1945080
1916243 133493 1439447 447056
876553 1903250 1115964 482482
717400 811833 439512 1525640
788660 208333 477846 996118
698136 189921 918051 1504179
1998332 764312 1678020 36083
130150 98431 415489 1504927
803889 594799 499112 1703700
511712 1833263 1953908 1266349
1969611 706627 1677889 547450
1493839 926106 1672837 970878
1742762 727041 841041 1072146
599843 639313 274436 785027
84689 1439716 213027 1460310
1336111 1359082 753763 958036
305591 1884367 1830953 835544
1304715 425531 137281 72266
238368 218947 251997 1719778
388773 1516793 1969207 1302123
1759171 1298261 1244518 7824
897114 1024759 342316 471687
1495029 1432661 202617 379369
1160703 1885755 1594363 1708173
928248 644823 90247 505243
1607821 498978 1944988 1491280
947000 1284236 271201 1409941
994880 1518371 141177 776238
339800 1408202 1257115 40841
1220197 1354048 9808 1998979
567015 443515 128865 1791910
326870 841906 1888874 1643665
1982725 1729250 1594336 1678398
1540979 502637 1279278 1313639
886225 253907 72289 1860395
31576 1201292 1065408 1773660
479931 277051 407938 808532
1027925 1981734 1475383 917864
1086755 1056715 896860 379668
1404263 518754 1175376 1818683
200694 91425 1592056 1027872
1152997 45119 1535630 1198694
83168 1759536 1609584 796825
1716935 1926086 1020759 1591646
307417 959079 10345 23556
551808 499807 1093573 491552
904192 1834253 276939 15038
705426 18688 736069 205743
1731836 1405382 186038 466272
470269 598736 959347 1837622
270371 1258655 255961 57274
746017 868902 1721936 1191046
1132510 1810765 845302 1532803
1719073 1835279 1786808 548545
1286601 1423038 1102764 509787
321588 679199 276547 238727
580582 592117 30172 249669
1216059 825842 1404353 1194923
505114 871370 1329572 849310
1754651 234714 1769540 933610
129519 105279 720507 5821
1861568 306735 1241781 736961
1778457 360773 1098934 1407083
801613 1145400 1787234 826769
314358 713361 1299024 1396095
171716 1296391 118707 1703106
255571 1275211 1370091 78986
335978 1878298 350502 1809881
656730 212834 930585 49139
1000781 1588691 144277 672419
1620990 58070 437460 51702
1865738 1640745 410317 1450942
754869 1508103 1161197 160690
1455388 24148 158275 12559
1581621 907927 1718456 301693
1515024 1638304 632123 1040030
776086 163260 895348 1119761
823948 1937785 1838814 916114
1208843 703879 724751 737757
1843230 952831 614004 1007022
1663899 670024 1434671 14039
829863 1797231 93114 965560
1187213 492811 1781502 24605
1727076 932109 1269191 1798633
1093059 1464216 1850037 1180861
1993085 601847 1588770 75434
1419474 1726326 1860805 151785
1120989 138656 493158 529940
446128 745469 888725 1411029
32817 1120608 1770734 376598
693222 1326757 104139 1134395
921481 91279 16493 1583898
523817 1236256 443730 46288
1261407 951043 260744 1092521
868099 646363 969254 380653
1833865 1233716 1594792 1365416
384596 1289350 191670 1529441
221637 541491 988823 621929
1823690 616260 314846 393830
1466186 125756 199604 1019751
1514632 519202 1189686 149049
1398852 1562462 1151559 189362
835851 1024311 1944415 1143871
373513 1901502 1340493 883896
894171 278135 1929247 1556301
857857 655538 551980 1552730
1171964 885591 1360436 748804
617134 56007 354078 1846942
62797 242250 1615405 1475859
283075 45397 1592950 1066195
1133949 857237 1435125 1882842
396466 383346 1182359 1735488
297398 280491 982377 1174939
1474082 1590174 1586970 1841291
1724177 1352701 1915360 900185
457519 1124274 1503767 1882238
1430753 170199 1694210 785069
1128582 1489903 409870 36570
1284948 1162246 1173854 1728101
301088 717269 1918455 1463805
1283765 590088 1020385 1208181
839082 1379656 1244999 479836
1647989 1273595 1949981 1626682
1488788 1679958 1138842 1302884
961652 1704868 423838 330276
1682251 78518 1524082 452675
1562655 1660595 1068219 1064885
1417644 1969259 228911 144266
132951 1048332 158857 222925
332620 3739 1207294 1575719
1083446 1619620 1078189 723754
1053135 216745 890913 537944
1759841 552893 1624562 1656548
592652 775548 43905 1520524
849535 1082339 414039 1581775
1233935 384218 695861 814817
810095 269896 266980 1905150
1843700 1212810 961054 1076229
1317991 52035 172770 719742
1811701 955589 566581 567481
1692475 1515649 1872123 1465300
165522 720066 443660 1984270
1461704 46370 1495303 334351
1401780 1206854 410318 1745738
1827950 1206644 1881494 1379617
525484 1999012 501075 1430276
635459 900952 1039872 1393740
1276886 470453 448931 83679
1155255 898331 1638999 1882887
355257 1382906 1129181 497227
794483 1530580 495354 1550923
394265 939183 1483341 455340
997462 628381 1172861 1387780
782456 680829 645807 1286130
1452108 1754334 1155252 176522
1421880 976796 1857164 814027
1177754 993998 224876 621598
240709 1105700 1040945 1982127
649187 792656 181769 1683588
1550313 771898 1791423 1452685
888425 495596 138932 437466
56315 653888 1507536 1140545
1971866 619870 752374 571546
337716 561972 684397 290426
698176 540352 616873 704904
537937 877762 346455 1372642
11650 791871 1162672 3236
1017342 774429 237522 1758288
642337 600473 858860 403490
886871 1790760 1564590 629991
1119244 95510 336580 259900
1902689 510777 333385 1924916
1520176 1569542 1429723 881349
707580 1405083 472617 1727685
1310296 293937 1329750 1356518
1359724 1474231 1000351 1908573
1673882 1155273 378133 792874
725527 891572 150120 655785
1545269 1827420 1724886 1693029
487612 1635486 837964 856079
602549 1725910 1842795 924886
1777712 1568310 1101238 1948534
949417 1179157 1156100 538896
1443557 1832928 432167 1214193
1524551 961081 506392 589757
130758 1253938 289202 55165
670646 1931042 1698917 1516599
1169446 1494324 1263530 802823
1869232 500029 1712933 612330
727156 1695307 676277 1190994
1093050 1739443 1032572 1724658
1353485 25332 1562309 1635236
1249415 226941 1163478 1442231
50393 1815445 32400 820406
794959 1132802 604593 1316117
672029 761907 1900071 1969322
655873 446156 1596203 1218634
258533 1680743 1194130 1114883
1611718 1795309 1453159 1849059
842725 1993223 1700967 572737
1383071 1724288 1744610 1135343
300655 10453 56247 704039
1802633 488125 274181 376117
1164845 1468233 309884 441305
1781047 807327 1790209 670419
520733 1432821 1300645 605167
1716827 1010921 1856595 1041087
1391449 1113391 89003 588720
414120 1083275 30162 55005
386729 1000960 1326617 1873065
1166738 1483754 1310491 644532
1742971 20854 1968167 1184665
568341 616157 623237 1954849
1326143 863418 627085 756375
1074894 237621 461163 1736876
1643538 1422750 281951 1092916
234444 1854075 1798924 921969
375982 281537 1991498 148417
586018 1166827 76953 435669
712588 1066581 361565 1534052
1310792 1394064 995527 1565101
1149798 1599700 73390 758178
1428445 829384 389739 988070
1148089 349305 1966622 1718754
1543314 766655 1411270 1832445
429401 1590935 459563 1146952
853216 957972 1410739 806375
1889932 1364477 1843588 98262
1093604 1062972 1167776 1146276
720030 355559 985149 1544153
668617 224166 120966 460487
1047800 105755 843228 150122
1558904 1806423 975108 418344
1600753 663495 664984 1528658
1056072 1650800 1970047 788047
1319435 183356 1161878 298280
446776 1136411 1475311 1560473
1645308 760891 320904 1634545
712252 191858 561196 1918909
518539 1917179 547537 789260
358393 1393630 354707 1765336
1361304 457798 1344114 1177604
59310 1207087 719664 912093
149306 1536961 53628 1150812
154978 1449468 1940500 1644959
4621 585998 208213 1994164
1850088 756627 1039386 386824
1855078 1877323 1436987 1787357
184342 1617727 1191629 283538
1509684 1093360 1314184 1302747
1490113 19171 1016233 1141973
1963618 1927842 1423017 1661995
523040 1303331 1292224 340892
1131973 1520339 687294 431558
590948 1592892 1697878 1824044
1234980 1074133 424385 456665
299360 1348757 964868 841831
1654637 347057 1642729 964546
1436711 1364668 1799003 1356175
950952 1878810 1832461 1943089
82435 1828604 1385953 1453445
1769258 288391 1132205 398743
1496396 719095 937451 1148702
893139 1318340 1454705 1731497
564942 1095751 1872086 1385933
638582 337604 1867913 1143511
877915 1759485 1829891 1290376
1643504 813414 1086911 524094
783845 970399 555484 1467669
1298921 1876857 696709 1264948
1944215 1069969 663067 1434738
68869 194021 219342 1546485
1697104 1243909 33722 1267980
1835275 625036 580334 1774814
271051 1129238 23986 1048796
1007482 927919 1615827 63368
1332675 1442897 648571 756790
139931 1944952 1967369 1663685
408525 75458 673653 1618952
838365 318233 1858848 1890092
258106 177510 1024956 1411362
1657358 1946768 106175 7873
1307040 967627 312462 1886713
1078825 1017493 558584 318990
1233906 1916139 630207 1056955
1938435 1202893 1012980 1724960
970240 211869 1336579 467197
183053 1732749 306890 602548
1803235 563078 1654123 992461
1550746 626458 1075323 265919
1892302 1066 1578167 1581950
303008 1923498 1369187 1392717
588219 851044 605483 410035
903983 1680335 1957248 599907
524661 52409 905174 973636
1468566 1059709 1847526 1610478
733199 1565933 1698334 102340
987686 1444994 1172329 204261
1158164 1780158 1294542 611081
185280 1108072 1587879 948848
386814 739335 1510143 765896
259453 1042983 426193 1540555
42800 893695 300573 1013851
1585130 1166318 1755302 965407
958465 119940 1587075 1789683
1934612 694372 1447181 394929
493960 748369 124450 635369
1464736 438646 379131 1011915
1054444 345477 1789576 348499
1899516 1109982 229945 5611
1324849 1953102 1988136 662270
1144015 1330897 1094442 222896
349992 1627389 1063312 649802
40290 85172 1462034 1524415
581934 1255514 1225303 928191
1094131 31963 594956 1929780
1404757 187877 1701871 1182114
374073 1766622 1509476 1212128
394105 1579971 394113 338308
1337748 660012 327039 855890
275230 865015 1391320 1295392
784363 1796025 922761 113031
804790 596053 653545 1073840
740206 1811183 1524064 1445295
841123 703065 502202 53247
1997241 120997 853728 697285
1287066 1303425 857479 951395
1390268 161822 699441 438068
287756 790216 426409 1858924
1138576 1297352 656776 1949100
587207 706405 241651 747811
1079 76510 962807 1820307
1182149 402190 1219115 600390
1058275 536381 52598 1798124
799333 1894454 1101976 1911491
1900354 1194662 1508018 1192430
1002488 136003 1559189 937872
781843 644464 176361 684881
436168 1736895 1612817 1700104
1863171 291876 1288076 646236
1275699 1021195 1931302 1009208
1513366 545816 1123615 1855224
1184688 978893 972124 486594
1065650 449796 607962 1790896
1938633 136261 973584 364048
1443732 1158135 288125 165098
1399431 74131 1524348 1748070
1332263 748173 315224 1977020
1490733 456903 1620182 52710
1908457 1870779 1617918 1354749
585022 741469 1397742 1856357
934778 438516 968382 1059773
441189 371637 1505530 1158910
870779 1654180 1679065 11460
507681 1606770 1721072 1830863
924761 188139 94811 147174
932120 1875225 1538281 1328670
1925827 1171151 1928995 1240363
229007 940722 526549 757531
422675 1746716 1512407 1260079
349234 1571337 1309464 598854
1772050 110699 1978218 462944
1536137 1588230 1890973 1506400
805261 1335886 1894730 178478
605057 29289 1035260 351098
1038950 636744 636370 190578
618127 1707308 654899 1086430
647900 1931238 1696672 498138
1945934 679139 212549 1593731
1633839 365080 845333 1885751
1235420 283635 10742 1557594
823082 126494 1002553 822132
1929775 545979 736457 1207889
1545427 817412 1557657 1838654
429136 563788 1422480 393895
1746387 853835 873853 1391491
654666 1749371 1506882 1698726
1675071 1294523 756340 1150396
228035 962662 881818 1866426
1390288 1807362 461415 1021061
13198 1732187 1950894 31350
925766 1280397 1976715 1526304
868536 1534106 998140 381283
558379 649834 1422504 1660074
707676 976057 632289 281438
1356803 70874 1655268 320898
298813 1054364 1821100 1957033
1137284 1308571 629969 812895
1782534 74671 799554 1137998
1435681 937869 1025795 1620058
1064036 887544 1858990 1317439
808970 1760262 1440193 1922892
1584805 1738873 1241031 1414212
378517 828237 136405 1603
1348698 1976871 725100 1334636
1663980 151841 327677 1167628
1170591 1470266 1404160 590839
1845083 122654 652252 282111
250977 1320267 1080124 1771986
1000024 1531306 451982 657064
1251184 170805 1967128 649098
950101 985261 401358 1960264
501533 479256 912412 72070
1952041 1483208 1033808 1100344
1323947 1327674 485084 754587
242835 1783696 594659 162652
1487916 1781836 942807 535776
154963 1725531 1318694 1760460
1884914 1612197 902227 1127181
4773 1329829 1531646 1270600
1474705 1973591 1855851 1363817
19323 1759733 1392920 354198
419450 448043 1860378 1037232
1824768 1008999 1776701 77264
1765364 14835 1796408 1510221
70217 1430845 1647862 211981
901365 1067673 33293 1222213
409568 1786137 495902 1225928
1052003 1526945 335640 865501
612910 418 799454 546955
1294406 1213532 1142187 82695
1901810 1016903 1470389 1040001
334128 1437500 889870 58496
1399483 215328 790176 447996
1961728 338863 1795073 637444
430201 1323346 746559 1631336
713593 1944057 524137 808672
98259 1430554 1667026 1834671
1812748 1786796 1020868 1940037
1083633 1678058 14743 654841
805768 376254 670631 978514
1303556 1493610 1103366 1449865
507067 552108 135904 939248
1247242 149528 234630 693468
807507 694381 1516079 1847551
786719 1575355 1264380 1915537
1592897 886227 1946926 129719
1925813 1258894 1321534 1384525
935123 1107071 429726 486607
355474 1839238 726893 1209977
1344305 1385759 774098 1285820
432574 1642577 989727 1609318
1803464 1638807 306279 739051
277171 692955 534624 1914935
479698 1296722 1047014 736429
1991619 431248 346055 1217366
1759188 2613 860061 405269
1432957 664461 150565 1656866
207067 1397602 1835772 939383
1200479 1577825 1235735 1311399
591232 1979186 1245832 1779797
365478 1136053 1762871 68009
886320 1523243 205382 1846763
1209480 182937 242545 1023169
1187764 1724657 627956 1036595
1842391 267738 1856952 1822768
48421 15240 1798894 1670047
1532794 235777 638684 1304534
1927100 909156 807347 1520207
992082 1057091 452567 586860
1663736 1592662 122936 1342285
1295022 660396 232336 33740
1906518 309306 1352860 1579305
148278 1597096 1013199 1516384
1847445 928931 1578251 1202070
1155350 1331191 1082883 1370522
652898 1479910 1997481 1410491
1703753 1190750 1508111 1292037
16159 1361218 127756 1977575
843617 979505 797494 1802978
1412922 1271441 1286726 1546673
1044720 1223657 1067544 1978677
322189 1987918 517356 1523146
777289 713561 165432 1199017
122631 20385 1712734 255214
1001967 1256285 794722 1628594
1241668 1237180 1975491 405092
1363932 1667179 163124 894683
1203073 311278 443897 1659789
187614 117584 241904 1626993
1589936 546358 1182371 1565380
1104317 1658387 1033358 356365
59288 1274656 477081 738706
711717 1513547 286939 958582
396729 1291407 325609 1340798
659745 1438277 1802949 1948672
1081122 1809344 611267 1486326
30193 421392 1185680 6748
719616 759495 1407785 1921886
1586383 1861102 361339 1959270
835134 527230 544912 165797
816663 625270 642294 1621366
1966048 215303 1108317 510031
1714272 1535505 1273827 367279
1605202 1316281 1222860 1813018
1700062 1300585 1358028 804287
1476787 296756 1601252 266269
1482357 1688009 1899185 932342
228915 1562163 1612170 1829431
592248 39616 1989283 817180
1052565 20375 552945 1803818
1577494 1788586 1937355 473542
374865 253600 537575 1315585
900906 1042640 1785621 301662
1436112 621652 365363 538959
74121 1578056 296261 1180015
663711 343650 1347924 1815752
1820886 1834680 1520866 669035
1892305 371091 1152152 440900
756733 862364 1206254 1250526
779244 286616 259583 780875
1824931 148564 1389095 951306
978954 1153997 211051 800428
1479801 210857 1391954 1271060
757925 713429 760190 1589935
1197775 1728282 872234 558767
1294741 1315490 221273 905799
312167 182525 913237 289041
1304765 628661 126009 1180375
37606 162569 1290652 596279
1748633 1584582 742818 854073
1646200 463394 386622 487209
1547299 570763 1263966 420900
1455918 1487766 746207 714847
1904811 465381 1002009 424615
691331 1398720 1517389 1911671
1033830 599788 493061 726013
324678 1752039 1068440 1409292
1982964 6512 1359630 587414
1926532 1808935 179996 31475
1037803 89371 1606176 694216
57834 311072 246148 431460
368310 1900190 462805 1309332
1988813 922007 1522136 1912417
743937 662740 827251 540586
1916378 456097 227021 1894211
76021 1499104 1053622 1748847
1714482 745105 1743730 727490
1693838 1180848 351946 832209
1506922 848732 993506 590366
650176 107292 1978113 139203
24413 1429913 1983579 349586
1327895 1660963 492174 1343321
1012172 1946342 785930 1676315
1819390 1005575 1240647 646434
1669715 1947087 1855129 386392
1123545 1131480 1851932 906295
1161205 1752384 1658684 1026733
1748824 943098 1432322 264389
969310 1962936 1599780 469294
106280 395448 1499902 1235721
1926817 1420045 962988 813374
1583601 1213307 786003 614126
481173 1073748 532305 1029104
749816 1654568 476129 236532
578922 1283625 609776 360037
412054 373813 360976 1199844
574788 1027256 139733 55024
506459 180899 854065 995445
1757445 513839 136582 533164
1488372 1574418 36382 25657
1105085 965081 174752 66230
1608209 909730 1799796 947614
1590463 1934194 1949775 489703
1999156 1328988 474557 111277
474975 288913 1161125 841377
1640761 1590095 1720017 259585
1876960 114709 320430 1648221
953108 282625 141384 737581
1556028 1553400 864842 1447541
428523 1129280 1718067 1331458
1231038 1703248 1540359 80229
588940 1961198 1608148 1481886
285987 1418979 1484538 1562093
411999 1872698 768284 1118382
345112 1786983 379545 849922
343876 1960390 1483955 153241
244610 1098450 662441 324147
425878 1402275 1103052 122448
1543258 955022 1027957 334595
675363 366581 963259 781598
1743039 970017 852075 1041590
313643 1542286 1073468 263984
98423 1249427 1735978 812551
79466 1592206 157169 1915557
34826 1710655 164018 28603
1516113 1534145 126834 922048
1747146 484235 1449704 158399
1814936 121697 287041 1132530
344001 1185842 1691401 1602262
93467 1237443 1867652 872806
1028554 1288920 196136 1591949
621039 338969 1304274 1789002
529384 119091 1593280 1138006
1528849 1887306 1575931 178404
1778186 1102201 1715109 107172
1167541 565252 1342657 353093
1220791 40859 534975 1609813
1403129 1178731 193246 1240618
1143417 1702742 796716 883425
1994325 1325722 172028 1045171
685903 1583493 236431 157114
852095 1004783 637167 770272
370434 209465 694223 69490
872906 1253269 1852465 1786521
1784485 739195 231231 421631
348578 187892 1512920 1675185
397615 1382613 410112 306443
1763011 1290850 215301 944360
233990 549649 1367324 586496
1528669 1731769 850603 795166
1261834 1261564 1284786 1803462
1720916 665050 137166 386476
1476804 1501158 1943063 1305693
541715 323489 519080 290036
1100412 1145100 474651 1065888
1130209 1035178 1988316 857820
1956476 1505812 1106070 1667636
1748125 921409 1744518 81481
1907533 337775 81874 1101908
1898637 1734963 1222921 991048
944446 1420604 1548159 1546670
169265 536452 846786 1887961
1652418 1886646 1149030 286700
961917 847678 1876194 1201308
716875 1825488 1615843 1966500
864263 1483650 1875769 1907042
1026510 978012 1056356 1199120
1040473 1696735 407606 1014487
1778986 571580 1531445 1988151
1073674 715816 1340534 339057
554253 1025918 632740 262187
1035190 1151590 1568611 1032555
706115 1564872 703631 1540822
1320655 658209 506377 37080
217257 43963 1236239 1028603
1683175 653673 1454507 1231648
1860896 695712 1665052 1121188
834699 3273 1690893 288577
574666 332618 1490198 1763912
962557 245879 1921708 1850926
447852 1178516 1232067 210213
556794 1066815 1017355 1284117
1736412 552999 440239 1760698
281458 1866886 496242 1021554
1150580 519523 92376 1847524
1659243 60917 711393 1976948
913315 1135247 1356153 1733694
1875616 663466 1613459 473302
1891720 505614 1798017 1532112
474075 1291786 39151 1448086
1796999 572714 1626014 1475148
852971 1542983 1542351 112666
993262 227188 110431 158566
1104448 1956208 312996 545324
927641 1713152 28259 1173891
934172 1981086 557225 1242460
1591228 84155 1547905 838640
1482373 855532 546316 1378167
1511605 1482291 685434 1032810
1302441 665307 534692 624057
1704962 778797 1767912 769488
1275279 353989 540092 94668
1193662 1434227 1368159 25255
736654 1344744 37108 1714052
782664 296680 1206089 802099
978305 755872 1577985 1493535
1144626 1727031 1121465 471234
123206 1484975 1183488 1772956
1322213 264986 376107 480594
1273651 1961592 1052031 955324
403287 751970 815439 273411
1749639 1697601 1032432 893708
1208049 1016614 1456552 582504
1179027 1340562 1878793 457971
1060391 651686 1525341 324511
121968 32237 1615173 152176
595443 1511477 91862 1712927
282219 637708 629063 28491
1520165 1105053 178391 665689
771128 709201 749592 843969
620557 1915976 1227954 1170621
970280 1468988 1805729 458942
547784 1867162 1791131 1359035
1219543 352085 241242 906787
901148 1396156 1920590 535912
978683 130365 1386718 1398277
123672 1149506 1213707 1559026
295854 873524 995210 589122
82034 1175095 1739741 1674689
504739 1527145 534690 1689862
162457 1927973 1746923 1470746
330371 1675722 970420 375595
1829579 422874 695924 1367832
1659272 570132 1115672 773568
905213 1603038 149578 1261797
1364643 997919 221505 975118
1464555 1357193 1386590 460490
202959 896295 1167881 533392
938999 264914 648240 825083
238277 830064 429536 1207900
1065194 562680 364340 1942490
1166083 593475 1604549 1809311
1435498 1292768 599342 584849
1250208 1392842 215959 1557049
560473 86973 646011 1158643
1627709 1948959 1695755 935155
1422743 1457783 1993072 255410
1832936 412183 1715048 764833
1000908 1616359 386901 1229579
902008 1525243 901764 1603889
627496 1919031 652216 206310
174434 1760803 448969 41551
656176 1877158 827178 313782
1005071 1753862 1970890 341887
1594661 431367 1640846 480728
1601882 1091361 1967752 867304
1349154 400314 695723 1318319
633090 343652 783741 1425943
1533157 614602 685238 705478
174992 1845166 1669801 1769944
923124 1018792 775256 1588909
119953 1703791 388349 1353021
967493 553995 1728061 920122
1397711 737570 1908145 1028152
605593 78279 1016625 1888231
287143 565805 1291387 1273178
1816588 578265 1009614 1181491
1671228 270713 903650 875265
1546905 1720522 958044 919585
570525 524828 788030 629718
511687 1156230 1305310 371526
758058 62312 1965313 1945756
1747574 558477 1272519 610958
837054 119333 1217477 1704667
1464255 890660 703400 486505
1793895 767248 654670 963726
1306981 1847404 243219 493657
1359962 606347 27595 164121
795942 104825 1189924 1647130
853233 1897878 433196 1563994
215049 273359 458695 1298172
191175 1965503 338876 1844190
1605181 1378246 1534592 1097542
366629 877981 1961666 527579
1452409 1499302 361636 1679691
346347 1348678 749294 514104
788853 1114761 726867 843993
835017 1064665 1546996 1036961
934851 1026285 1346654 1743030
302632 795315 1443841 1685655
225855 290115 1906400 1691866
170488 740646 1497712 1471181
1673950 705821 792830 1753033
1644993 150171 1922928 819457
1477477 1948243 1610830 20490
928058 1303108 1216928 879805
1333321 905677 1523759 908152
991345 1877668 1214689 1012012
1599278 397422 13928 419988
1665897 1553713 285354 383043
1169360 1205824 1125034 318255
569155 917115 665751 73923
1691105 1199717 1588560 57463
1363252 1411659 954659 665566
1473889 1314766 79197 1961515
1675193 383847 1353182 1438426
1813718 1336460 1257389 213070
355016 1403253 1694156 1515717
1114214 394282 1034377 130074
80819 797739 181240 406735
1114305 417854 370258 1876996
676013 898985 507463 938739
1193887 347014 400877 266805
1691726 275805 1974360 736598
972887 1731379 1277772 700674
1011820 1899735 330247 421425
534536 682931 1214655 369515
810702 874441 1605821 850268
1976981 415932 95970 1483757
646916 240670 840010 1345575
1609867 1013050 1195189 1387935
1776580 964593 1915533 1154822
521117 1124677 518832 764069
1208391 1805143 1557427 1334222
1357262 1319455 1674005 38224
1828794 781474 123280 619458
1910469 1690840 833269 180795
1886568 1823470 334742 225397
767515 916460 1027833 612294
1065353 839590 1025757 1126517
1669628 1238545 1859757 1540515
742652 1588783 1221879 1600705
184282 551902 506983 1232611
1141946 1495859 234676 1306554
375806 1110861 1440773 1018995
1077779 119880 1795183 1156493
1386414 1214834 650288 1398288
371359 89389 10505 1480823
1812495 1213897 967622 50385
1237699 828314 1224855 581831
1363780 815871 708745 1999747
202384 993285 573290 1163869
73815 383567 244176 1207737
920493 260259 549613 180265
393046 1057841 586712 1280689
805750 1860230 823377 389881
737661 1888256 1859196 564144
317845 1403638 1406004 922415
653748 712651 496523 1180004
238783 1060891 940203 22315
806647 101058 1116635 619428
1369933 1274829 1414924 530186
1467675 1057210 1866036 161378
871643 925643 1131862 954330
998770 387294 846492 229384
1539519 976341 1551465 1730420
1267644 1582139 618154 1832197
904154 1744708 174378 1821215
1643956 1988074 309247 383471
1191807 1740727 1937062 324869
975692 384268 399636 795405
1705989 1138470 616028 333510
1170580 1182207 770398 26583
1169329 1876578 688178 1473799
372441 1031563 253990 1492661
1507689 830590 588162 390053
292118 370325 1335909 219969
947582 1042552 1170097 112765
1723357 906520 877993 1167350
1327143 452673 219701 670258
587918 317242 655200 417299
168278 24830 848179 617858
967378 225148 1956108 1277846
1514130 1454732 531866 895905
1456213 1014154 875735 1530593
1367947 229856 684481 1266593
292072 1305547 1911347 1755806
681738 496467 1425069 1158680
775946 1963275 524592 72070
1331224 1822318 171099 852726
1064011 85490 1934561 1797547
1117414 1405054 1739323 571122
868454 1283294 1509178 888638
963060 317133 6364 1631060
1474836 1302485 852328 1579578
1746895 1005499 978998 1481316
1994265 749228 1485298 1436053
1117239 1409718 1999896 865191
937174 598159 12575 1026872
1878404 1768996 909695 2489
708310 1543649 632875 1690402
1800399 136533 658399 1883260
137312 665009 392369 325759
1355970 46000 931535 313904
1804139 72857 1219699 1987662
1059794 1583844 1398085 1891089
1607222 1869225 1262046 540955
1825978 1999940 1635607 498024
1590364 1551338 1993777 416321
6185 654285 1072825 892919
611706 1801394 1802769 1605687
1114786 1177786 1908680 296077
714498 42329 1354325 1894899
31944 1563388 972664 945035
1242997 1734869 130594 171414
106133 1926748 1813751 197606
1587974 27093 1493739 1086027
1611599 1420369 117463 94459
1457511 1561218 1307659 1155056
1980835 10867 1128239 757293
949286 638460 930436 412323
286825 1955760 1014594 673846
141806 1549954 1588098 532447
1896023 1509195 904056 104517
629278 1885857 96954 123070
905378 757775 414117 182611
1505195 1168029 812628 971647
275160 662363 1409794 1250809
915834 738311 812963 1103950
1718512 826078 1018595 530493
972133 1730133 15 1379986
970238 1747273 581123 1911606
1856795 654215 1919428 1159927
1331225 1556366 88876 462207
1099619 1113547 803227 426047
91983 490947 1545914 1364629
741175 1902452 1631920 966492
1673764 1941589 544229 1673850
343466 455923 628358 1902213
429017 1342797 298134 786833
1926300 283524 309413 61221
1339651 1080665 801443 540150
927938 989083 1975635 1851782
1679347 465853 1079642 1085964
1753925 1265540 1055992 1141426
1310665 612699 977254 1053504
597475 642361 1889870 1737655
1376486 1979102 1913025 1241745
1269410 95081 400708 1980934
1794897 1065756 8872 775241
1584427 192282 20531 1992195
274598 1675125 655014 1474942
227554 1283281 1044380 1464435
1872388 463509 235278 879008
1507847 177791 1681850 599628
1597973 898784 1708229 646778
1007285 1197155 762710 49339
1747989 1722894 1328906 275855
1377367 1664581 704406 383646
84700 1841995 818900 1386373
128749 1297635 32067 1413500
983422 1361617 863891 1453975
614567 233067 1869766 1317231
920808 1768876 361184 372144
410548 1857522 1090932 1670305
40350 1552677 1911649 1818939
1507773 829608 1005886 1949949
1095845 438130 1859885 490211
1463443 1471861 1558102 1289
129020 1330350 668131 466360
722179 258788 1247023 671630
1062276 1883974 1851080 1362397
456908 321891 1125028 1894604
205820 1555477 1384251 86604
91553 857276 924403 1252213
394070 1479891 390552 455020
859591 1847004 39572 617403
1915338 388854 69969 1787080
111699 64281 1651349 1684504
1469743 269714 1091334 939635
1847314 973313 797985 129631
351266 1476801 1191239 1426490
1434159 262940 819685 178952
1230030 939473 722791 886551
1517986 1481279 1976960 1268425
662328 426464 921090 1551013
533371 1748550 1551969 1364196
861324 9498 715987 121739
333700 1092169 1253236 629940
71986 1649084 67383 1873486
626168 1085289 322698 236181
1580347 12242 544081 841293
1334850 422836 181253 1770649
350248 156058 1338705 1601711
614047 1874990 394018 571899
1606150 1015174 155566 411209
1165520 1408458 1130159 1217842
536234 1111555 1937587 1270319
1859123 1613163 1123511 489934
1703143 742860 609193 45254
1414469 1757832 455898 1825302
1258534 1700783 1940785 267024
928210 938486 1457863 506621
268524 71027 1374804 1258922
1951472 733469 810811 1610284
962604 703947 55519 1889577
696300 1511964 1097665 1046133
628488 956592 38359 396961
1939312 1457000 1524472 1289914
419943 1656064 1170482 18130
106112 302302 921171 19257
181116 338383 282195 264419
1793951 1855449 115370 1864365
1663131 1029768 1103707 791428
899985 841602 1085704 1021077
683561 561003 1232034 189497
960279 892471 535422 1000853
1226406 747322 1009000 1835261
1640612 762636 1340510 1346420
1069062 995322 1726831 1579949
431708 1769336 366490 698462
1386957 1572513 1107585 1589232
316360 1227139 1201504 467382
88518 1100765 1836530 1743143
1985020 898687 704466 76879
306947 1304386 215913 995504
156339 1917770 140470 137727
1419797 1813384 1668436 1755523
1460902 1921636 1585638 56165
1489289 326475 375354 1854029
1467030 1208786 1760588 245764
425781 547367 1908877 1847056
1838625 1979780 528213 1798523
1819521 683984 337774 769518
1333464 441042 1365537 1700739
275934 718326 1901700 1875916
672553 1368293 1315328 538396
981055 1778831 472852 273605
1650926 353114 134908 1295686
1229018 323897 881379 521882
1064 1339942 833538 1079609
458258 1433528 799735 759918
1335184 1230707 1577919 771604
1495250 1040082 689623 626961
1806293 1812760 1091962 372341
984377 855419 1499672 1150432
866935 1160326 1281019 1866662
685848 419776 398299 830736
1763853 116880 664761 1494013
32051 984437 1334289 237786
1249098 1482798 1368333 23099
446853 711693 29591 1411120
1281493 8524 560409 357457
1984770 1730127 95283 1012315
804610 873438 1242020 1437576
1944615 976385 982063 1334840
238811 886834 954271 1958283
1293632 1799459 932715 700881
248559 78965 1376132 698472
515704 435916 23711 1156380
739963 360291 1221190 1224680
1831810 994693 1320291 602554
1958036 896148 1249092 1208807
850233 584230 896228 1474865
1211749 1880193 1050031 1662158
1942815 58195 936249 164997
1340209 1416159 326660 227171
822557 980580 1977721 835180
977150 188366 1002130 1408035
920381 1156571 526443 223716
1701009 293926 75612 664114
1278961 1959267 1626476 589001
434876 214031 1592825 693886
409901 305257 1674350 1271266
1747424 1129593 1318335 1734075
1304228 23315 1825634 564754
1673949 698854 850642 758362
421446 1720600 208104 1074267
220279 700886 723201 3117
997010 1775288 604903 1161184
93681 934617 1205297 283969
200531 1609509 880153 137648
236138 1472917 1425980 1315467
1512116 1339412 283177 1298736
1927745 239386 1131903 1584172
201264 864041 1240322 38913
1630814 1291172 61377 1768052
1506587 213004 249037 1020273
291506 1254896 501969 1183774
1365580 1691185 1723907 63011
736151 911457 877362 1268083
1945850 1150420 1252669 761685
1026265 845244 1579645 1940005
643153 1282464 1071200 1578862
151937 1523364 1418040 813775
1661603 1784079 1731644 37952
916561 1694213 1557558 1636233
54078 272384 123165 152636
865409 1963828 1317231 1464645
72620 1000370 528043 1961675
273482 395113 1679267 1160869
483526 1879131 636904 562870
318281 20205 1888778 1171894
1523767 266286 1699897 732106
838068 373380 878972 951468
1368434 1486627 416551 1892871
650117 296363 587413 126742
604224 1925781 1888460 1742583
1612541 923064 1783906 518139
447107 874793 1475954 1687854
1439551 870322 725964 260539
756726 201473 1999749 1662350
1962539 1230864 994933 397435
1693859 734801 1956283 1569301
112727 1932709 907295 1184939
920427 286903 1567988 1390269
1488325 1867523 448062 415704
1095123 861482 1875106 942363
198014 1355069 1406700 1475824
356511 1052293 1041080 326901
484482 935105 1002369 1480332
1501902 958435 18516 645011
488574 1865202 698747 577412
486179 1924113 553139 181553
1750903 1466295 1004060 1370536
1526702 561369 201797 1470360
1053335 309440 782570 113116
770805 98594 281852 1661263
1724530 1156968 753529 282187
158037 331525 170862 1038504
799682 1715833 1503322 1201677
1887589 111404 225350 1987649
78361 715960 1014421 1332491
1138201 1714753 118896 494158
123036 118636 40172 327468
279987 37132 1720428 1416418
927178 570087 970530 1670206
1385515 1958182 1762415 1085114
330941 789531 1846864 952260
711294 680574 711957 1001200
1979277 1686920 725713 1814241
1204578 709599 1228340 1322484
1476464 1735851 1023720 1387887
1010747 1583164 1904648 1691929
211671 1034995 1382841 1247751
516003 944266 29259 672251
1290849 652324 1707454 1840544
187555 1168262 378381 41553
17144 1695646 55228 1373876
1740501 627278 1111741 1571938
1379134 609834 1893500 236624
1281477 1260856 1694166 656406
333435 121096 1709951 576493
653009 257671 168783 436541
1969000 3202 1497075 1805607
1249254 487219 946872 621444
1258260 115980 1792145 1956237
1243888 692599 1883946 892715
1510195 818118 1304173 1343510
217999 372640 984136 289915
179709 1647032 1559424 98376
412997 1023288 713038 1208187
214048 1011761 71113 1123402
540176 130152 235466 1151536
610975 1927235 157363 1429182
1671527 1928650 1933122 1107722
1522595 791083 1962717 1853940
1200915 113045 1615585 393337
1761206 21022 248958 1675424
891500 743417 613176 186269
1279472 1040025 1775926 1026077
746789 960123 395890 142994
1893882 1486684 1380883 1061184
1835512 537123 828429 1962223
215191 157678 326114 1055976
1322590 1881688 1290666 1968109
1050333 1007329 1205098 1137988
1278321 1130297 743520 1209363
1210673 652774 139963 155374
1744546 1195470 841730 1761923
1782401 258028 1610117 1556910
724533 1458511 1774365 43048
826494 889011 577546 1451813
1487846 471150 332282 80793
1355984 452675 1327919 1325728
1870364 327799 1153113 789437
1801173 138484 1874629 1763011
1482423 929372 547398 403669
1277005 371807 314267 1181000
1618994 1699733 1985042 1259217
1065835 1277304 90797 134042
1055187 1656727 1691021 1097983
856695 1529920 1440310 548405
1505141 160363 1353661 1179434
598576 1648713 1359160 945999
1011745 1533909 1275212 1785164
569563 1975887 1667781 1900242
664953 86411 582769 988184
1892623 1099779 28415 1906985
1712129 1443325 1598586 1195969
1666916 303595 787861 1029577
790723 634893 151160 1642584
1309325 1852746 79251 1201074
1905700 1763057 920527 557941
924260 1074218 407840 1891180
130120 1785006 1675303 437568
1357928 348805 442622 553129
1896616 638904 1246112 341103
1682957 1911151 1152475 1614570
88289 1822726 1792418 1187463
456661 187563 558600 1988796
708947 1026979 267990 312017
767571 1359832 507383 429818
1237864 1490488 1707070 1386900
1815400 1396826 1769450 1651111
843970 39111 995978 1933314
1770937 1434600 354019 751362
1971151 368003 1176287 1866035
1905651 665478 1913962 194282
1794075 1742235 872590 1568319
1544818 1981736 1889450 1399469
803620 511711 918384 1619982
1092073 760626 1549958 1286050
1575143 524501 95984 1523364
1366261 268547 895819 1645428
1864286 646493 1343332 445655
1958068 1230976 509547 226840
518591 900754 1082895 1134076
1492088 37174 451572 1503909
591207 1997138 16528 1438910
1917091 388367 1296761 842504
1221188 1012557 1986619 1478878
389034 265789 756780 275862
719925 1792867 18736 662311
1904181 218569 799769 463724
1678187 1824062 562231 526753
1497882 1574856 1218374 209151
747909 878384 352578 603732
971434 450060 886686 1375952
438416 658340 9304 999443
1733117 1475715 717435 90933
1405628 1910867 748139 1680075
686370 1425747 1983359 321016
1165686 608218 1565167 1548776
1702031 718202 1866799 1058201
1622865 1881920 535385 1377767
775589 1988549 1497204 153863
784258 971786 874780 9917
570766 442785 1035705 29344
721832 58087 82320 1999528
461928 1609465 506046 1054678
1712975 992923 1682241 1676672
143219 632811 1307786 762015
719361 46169 1854632 935125
176936 561917 1075086 276449
354948 1366296 85667 1396469
428605 595308 1104011 259724
1965139 773387 821126 1975744
148189 667723 849729 1080456
582364 1278269 136774 1378391
1165692 676814 179738 1958983
437271 917599 108614 36577
1863572 1675270 509746 681659
28075 754909 443881 345388
747754 566598 1538755 72918
1513584 1909965 1168100 1840673
1319574 446223 1139552 1718214
540603 1100260 1654185 1975199
163791 1785309 417798 1631719
640342 193219 1827335 361433
1957578 1745309 608088 1604044
213734 396597 1467640 1314146
654693 171106 571229 1558493
46926 1023068 1534816 1693363
588270 452260 74988 1738298
835164 664338 908223 428804
262858 230940 1500454 323120
865968 356410 591255 1177068
9743 1854352 1498867 1040537
1867943 428039 160195 970918
603693 61845 1827005 840185
1389486 1626953 66794 1261352
112420 340252 1436323 865118
769044 1332243 1196751 1813984
1104063 750976 607711 418719
748352 562137 1174759 1308243
1259197 868867 1343804 1062764
95370 1625842 1440111 92667
1423710 1628144 1980656 1913836
1646562 1646744 691103 1830290
429975 555201 668114 657030
1182045 1511371 1955646 1755631
1495558 505598 679745 54865
126674 1144539 534129 300713
428226 1061731 10284 1395884
1952468 1093343 1773037 1748732
210218 352450 1919642 941527
782328 896401 1177622 1569711
1677718 436953 724723 913601
692256 383526 950997 269103
977737 64610 316474 1943074
460820 144138 1745415 1441227
1388586 974330 57228 1381806
1299260 1068167 804147 1745323
933645 1833399 583141 608821
1009127 1610289 175738 1553894
526397 1416692 1617235 1762512
1848003 498251 774484 1112485
1633014 1624039 40145 1163198
1154994 906610 620067 42067
402774 862928 163267 1415992
819068 1982060 1935475 763292
1248110 1032172 1882011 1166734
1468897 649564 1190043 775718
755842 1100115 1081282 1578959
633418 976631 1532476 1231983
619244 1996202 1839415 1976683
55311 1214765 851423 1098756
1898827 523582 1334570 455771
127832 1811388 312441 613971
1924951 1080723 1219906 645766
1226590 114028 837803 670877
1952722 1284214 1711560 830281
1136162 890461 518265 98183
309671 766437 1159312 1622304
1287335 1641901 1196139 1267230
521310 1550128 1694323 1499059
1599943 311187 1610209 124135
1201595 1874496 1020780 729781
689493 880161 750490 226612
897459 1674249 847727 269729
1470001 769562 1465923 124007
478575 960037 138452 1112942
756079 404860 578832 1570025
1874285 4776 1896236 1313370
1401586 1783322 913806 1811189
1848333 1016770 353381 187739
159470 493505 459251 1977286
1019108 881302 574435 547690
1823134 1971558 1649829 702352
573605 796573 1788677 799306
452587 764236 524178 759711
1149596 1853752 1676876 710447
1018966 1299813 489542 1354993
1433975 1206087 1144223 172337
763521 209414 396838 450758
1293652 393174 920588 785632
1990710 1587678 370337 1168342
281804 1619008 513956 606831
1366824 1751698 387375 245458
1489438 1748132 477334 1675179
867162 1589132 490804 1431245
1065008 1265426 1197897 531316
523086 913743 1975207 932340
446116 224700 87787 123254
1836296 117024 1932271 1387556
751739 216713 1075199 1612462
1154388 191766 1100248 901110
228412 1715722 292053 1661757
1685883 1143074 42093 1529893
940890 603219 225620 293137
1285879 761279 745148 689376
1641708 1033874 339409 1125078
435624 1645598 1093762 1457752
721103 1462869 1222242 68395
742604 320380 1039828 1855605
649970 1600240 1444205 61415
1318290 1827616 1630404 926312
1454796 1151576 1441549 1383691
1173107 1050500 414667 817719
498594 1598114 216048 729528
556870 1974056 840789 923782
1178806 1260514 1279914 596434
1012272 75890 1055772 1960813
69926 129284 83201 1307786
1839118 1062463 1422497 1006040
468398 789090 1149438 1205725
1085201 1985512 1957809 1434296
610490 1204101 1899307 968921
67471 74223 202113 1739692
458547 1039482 1981000 1127372
247815 408452 647990 1753819
1668701 1424931 960443 53205
1576084 782962 510123 1348557
1890975 1362100 562851 97094
1990149 1581395 1062696 1760114
44424 877197 82873 370860
606159 1033638 738788 669099
1652365 1178908 1827217 1145639
1818130 506540 1786263 446001
1436025 936484 867918 792516
1762937 1383190 1547958 111585
634276 334183 1044570 241270
1212202 1380420 34646 1965259
357961 1818961 1475048 1871932
1742764 551203 816932 1905026
1417555 576517 384659 1860451
45542 325300 639684 926795
277459 248624 1952298 1449102
81213 1808558 410476 1780285
1715241 538212 1006548 1473267
1566894 807910 1134348 538873
1051707 1773575 564027 473475
1477060 248244 1191467 764110
1902803 81974 1812630 1068084
134218 935420 1042267 1900638
1558952 753646 666554 184707
596598 848130 199544 366857
