1033419
1198571
721791
3267347
7352868
4924590
2704816
464132
3421751
2703640
4935259
640330
1995066
5058210
4125466
584748
2728329
2755587
3848413
856379
6719419
2728998
4291058
4238986
5084005
7266064
253436
7279331
3540093
3909293
450932
1042266
6816836
1973737
4794989
503275
2802086
2999328
2547213
4264861
370987
1957663
6380081
6088977
2707570
4304190
8290183
1994881
638344
3128993
1920429
1268143
2612792
1838805
3041174
2437082
3295823
2692279
4018191
5566324
1525750
4687581
814884
1361899
1384054
2879431
3410076
719383
6957854
963941
3621230
1954218
5514260
1383847
2784322
7094335
641346
4797257
4007644
3592658
329947
3918424
3779945
2137791
1968328
3690537
2973674
6236400
5279389
1962722
1410111
1080113
3889170
884536
975838
476861
5024190
2621968
5488449
714286
1650477
2017164
3875844
4595450
4034646
2733681
441540
1007595
4121898
4735816
547169
556489
617592
1100096
2849119
2142433
172793
2884738
1117768
2598698
2151171
2637825
1629161
345577
153037
2230134
913803
652694
1102332
4621296
4850440
2401538
2908468
1409036
3166038
1482881
3349062
3059442
4071738
6813127
3343925
1476340
3748149
136718
3459495
1231730
1676198
2557487
721967
2723492
4158851
4001097
4124250
2083026
3101057
4344170
1738288
1742018
1849335
6731255
4218135
3503313
904101
1920655
2428431
3463539
4671143
2331742
7659598
1685922
2335298
2697176
2719655
343020
3875225
3967495
4464229
1913287
3705210
493465
1187907
1207205
4187919
4527094
210529
350243
5537273
675335
3776151
6121165
1408134
1322200
580681
3336276
6070410
2968416
4284191
893870
1245760
1257287
6319439
2445140
1099851
3125431
2418443
332510
5727638
1885742
1531608
717333
2184113
3313277
3842800
1668752
889279
4870020
5333710
424354
2821005
3733409
1567658
3993902
6864206
3840899
752608
3265984
4354167
459731
2975307
3107904
966174
1948860
891377
318374
4022266
229362
2740120
2315153
5965539
2398069
1860796
1690731
4841434
3781309
3230296
534070
7445560
2251653
3225790
4113526
2027432
1318147
4473360
7355208
8358107
3468044
2614395
3449957
4117282
5449125
1847230
2050162
2373622
789356
3886683
4142662
3473688
4472131
4316449
5543043
836410
2071694
3855964
2257353
300079
4676159
517181
306249
2546639
1508881
858470
823983
974579
2345384
2504418
3482494
1955537
2193076
396306
2760909
4623880
6127188
3146355
3391181
3246520
4214868
5931430
1757300
4557551
1638719
3085324
657907
585923
3199592
791699
3266869
134993
6353554
2188098
1711203
453156
4308881
868904
381862
3354850
5539080
3258293
1101097
3425590
1465778
8062550
2099028
977785
1811930
3387491
2530094
4347188
4228861
1190139
2767059
1400411
928714
3778642
1681068
4152957
1866717
828594
4747009
2602823
4122075
2049271
7049498
6054561
6862996
2305442
2716969
2159599
2611085
4517824
3685116
3528580
7000754
4507977
2331331
1206650
2172888
805099
5450248
2860314
4611730
1786892
2830142
2435817
1622210
768456
657820
1540176
2681077
5873297
1156089
5191639
2334876
6564275
4021580
4570314
4445978
4778113
3600187
3207456
2351071
4093274
228125
2971419
465505
3436236
1342728
2613956
4418608
4635489
3618893
6154347
1324386
1665319
5886758
3102799
1687371
4267876
1189946
4157965
4476974
2423909
3500485
1572726
4839640
2104260
414319
227386
1390512
489386
5433320
2945740
1074437
107991
632786
4728847
4091419
5210193
2399790
981862
2339433
203357
627543
1514685
4763056
6406066
1761764
5306081
3007617
4506635
375863
6157371
3384342
1613779
1971293
3045259
1805724
3758724
3002489
5557478
6202682
972048
1228536
5365063
4411943
82881
1458426
3633416
2377538
3461826
5616452
4807352
4530451
891803
4681382
914362
1021881
4881784
1806765
1251899
2228195
2635567
3350009
546210
3631122
6398516
3188935
1408550
2153222
3045483
2469266
2217108
4930904
2568278
3889428
2648214
3445439
2012594
2584725
4172926
859288
1343359
6349874
491519
1267380
994158
1266544
4153016
3395945
2448654
5268135
2495449
5554063
325491
2271476
1191185
5164682
4652233
2197980
1660239
5653948
5683896
3495285
2635140
584309
4584391
4707062
4550732
2291003
1308828
3870635
2390861
1291424
708749
3319553
4865789
3966539
3615721
3214893
393645
1548186
467707
1542714
2548846
2417933
2990571
3818128
3859522
1809743
1139468
666211
4645900
836607
5865723
5395363
4288266
733738
346662
2198170
2509599
237253
153938
3177878
1803582
1141844
1809302
2516724
2083383
4539293
5188905
1878023
4388043
851201
6912419
2978703
4434775
3844958
3876310
4845864
1186862
1941387
3122044
6470748
661727
2443230
4217998
5197876
2222282
1092534
1859232
4347462
610165
2956914
6570581
952063
1840888
1528162
3802597
3821541
4425954
1652072
1014891
2827757
3581052
2538301
401416
4922664
4041155
3111781
1073396
1738616
755349
3675878
3613520
4217841
2632291
267131
7911193
2889569
3612202
700453
3046842
3835416
7678859
641703
340074
1659954
962142
1238525
2100068
580495
2347939
999549
4252264
8269016
6915337
3838384
609955
7728604
3165520
6559107
3915124
3174364
7460072
1554156
703008
4475785
4335292
809737
3156319
3698501
2868251
2750706
1420047
5331979
482408
1241048
4890399
5532334
5024999
4524393
1336530
3997223
2794010
4530226
723442
2641355
3628932
5542637
4194979
2171616
1170716
2833792
3913461
5825815
917312
3448097
1740642
4495896
3408595
4422296
3396095
2993425
4256178
913425
1276361
6973447
2128812
4672259
1206855
3086416
3166676
1008617
1934384
5335459
4860710
7085349
2873919
6039295
1052381
4234516
5288208
4774594
1006500
179411
3517070
2613404
2276093
5934789
4183811
1031879
3329031
4915660
911635
4210167
4556460
414914
1265113
4709001
3624717
3099906
3617124
3439594
2831408
4247597
7012425
286369
4404527
4870426
1165137
1171531
2650763
850566
7012657
1123947
3760533
1160694
3504699
890986
2458528
3528781
2505454
1174063
2382952
2054908
2486156
808648
3598283
1779531
1082910
4614189
4581101
3867966
1772304
3687610
929217
424753
4885363
1258384
4297601
1932440
3135950
362140
158680
3755199
3088354
1073773
794796
2559828
731667
2620313
1301023
846213
3397710
1523603
4791373
3863390
1356033
283675
946927
558886
5238371
5302948
2186061
1638623
2278504
4218575
3699683
2635167
3111216
1247732
725499
2623283
4238989
3611466
1068348
5500251
7675436
2666540
612423
2136099
5566893
1862832
3721728
2103883
3398627
1055408
842692
562305
1708317
5107475
3529917
2531567
1613753
3387357
3467298
4877489
7750530
4970889
3107793
2515283
4780594
5048011
4163617
3981854
2655414
6937657
4110169
4509075
3443758
1643864
2454394
4048339
4478878
4312175
2427711
2276597
1360115
28373
252553
6498519
2033615
517120
5576179
2460234
2722747
3482946
4548508
1286351
1802773
884384
585193
2125184
1564789
3462459
1478940
213294
2395608
908166
2611455
6444840
995837
3993047
1745409
3593988
228579
4330536
5125605
2833496
2507583
3289141
923237
2664484
3160771
3859502
5829813
1721559
3032193
4571131
4756608
751858
2501862
3901470
1019003
1916637
3001995
5622853
3588384
2022865
4715208
3846728
5406969
4255312
2663411
3120239
4124119
1003488
4545635
3415204
5238922
243645
3570289
2142929
729427
1863599
7681233
3322067
1244459
1393202
3198036
3379846
3552421
5945475
1108738
1401769
4375520
2937077
5201893
211511
3127141
873261
3426348
5365067
1278890
6948534
4441828
321643
933476
986985
2250681
2461117
1259037
1936288
1975376
4913336
859992
2539133
581914
3394692
629521
253569
2166104
3754748
1185955
7487712
2317185
3274660
1272901
2354732
6680317
2055133
582535
4053978
4109524
2889754
3305147
1496810
815133
1180991
1819337
2864520
4050037
1253554
338780
382119
1371484
7525786
958195
855289
3422487
5327636
996019
3010354
1184370
1103972
895513
2704173
5668748
2400834
1978426
7140841
285104
140705
333885
568720
2759314
2667095
3849866
6580396
1935992
4487411
3325741
1405284
4679600
167790
3794110
3807688
734654
1907302
2724487
4822532
4677448
3275153
2773630
1263100
2242653
3432344
3862999
1781013
4399182
782625
1540402
496607
4546872
5111519
1446492
3877139
3365163
4589378
908513
1810534
923230
3343214
996492
2120847
2271876
1703057
4295937
1961530
3472327
3545929
4017848
2225073
3046622
2969562
1193634
4824159
1621667
2470346
1229646
1617846
2169069
1675232
512873
2027303
2969116
1579135
702810
816915
2145157
1663844
2230238
187947
2683762
2285546
3305377
2060947
1518396
2998754
3128659
1849379
4448391
1141226
2710921
747940
1842248
2603922
3998814
802152
4429162
4001839
4879363
4791636
1135244
905383
1323392
6380858
710473
2380848
1140275
3453173
3419072
1032130
802684
3899383
3587824
3185493
1489516
1720730
975460
1545244
5449685
3206299
2326698
4174189
3545779
171958
1301078
1409842
4685995
265766
3337284
938789
6544665
5179766
2132922
1787102
5723299
1380295
1964465
276559
3784411
2045245
2445514
4106608
709439
1228560
1269554
4597885
3240157
3566686
3973052
3227345
6834723
2091037
5149143
5083313
5382806
2357213
1319246
5518255
655766
2806239
2379435
3373052
2973674
2261173
372241
723570
3500717
4579873
3262355
3479901
2748404
1623551
1566729
2510045
2871112
1997516
1581365
1931543
2760279
2787551
4621592
4261541
3902791
2358988
2929673
2338149
525512
1232257
3667668
1894096
1043514
4216640
1126726
2340250
3198981
3845214
111436
3329024
724508
391932
495587
2322945
4371540
2619551
3991443
2278745
5280167
891904
3764542
7088706
2724371
3715576
2373829
3520267
2559040
1862315
2991095
2464414
350457
4435941
756514
439696
3448691
5459878
2932239
5703639
1626665
3545787
2178543
3170427
7675016
2763158
893196
5434611
4328042
941199
538552
3585452
4913160
2903196
362905
1199013
4376437
2445483
1082019
2504563
136433
1847556
189503
393042
4010265
3459689
4040217
2228050
3376626
4245179
4430221
3919865
1345799
1536144
4914957
2165702
1391074
1087239
2779730
1301322
1008891
2784873
2331421
2833639
4709927
865419
6761413
4763815
344623
6136659
1204641
6684300
2755832
2862513
955432
3394546
4420182
1736858
2042702
2757083
730536
3154759
1196261
1210245
2681077
2331959
2277479
5603827
1212947
6512501
4254920
2150478
2527038
2736095
707129
1721264
1900143
618357
6382498
4331109
3646513
2728464
4514049
969831
711811
4914994
4413018
507212
3742508
868407
3346877
3162294
494514
7163846
1317545
2975593
3668435
2167712
731311
869835
1146582
2271256
1701694
732943
5163281
722086
1227310
1766873
3571961
1252118
1825417
6744352
4498247
2728491
1441684
2161845
2590995
6892057
4338964
6046532
5844711
2153492
1324181
3369053
2600929
1902621
3134427
3332255
2429292
3691242
5476575
2265883
45642
876245
3750006
2634578
988309
3506985
4595371
1662625
2183528
4113643
4502169
1622613
1719538
2010907
7125260
2004882
3744173
2867221
4255374
2947957
3286592
1417327
1390976
1435660
757972
2960172
1836797
1916100
563583
2025533
377185
2453800
4048948
5315743
689081
3994677
1956462
4049722
3025242
2793636
2217610
2552182
4830809
4474445
1657114
4478852
4059126
3320497
1178684
908711
3405833
3080193
1065293
2757833
3538587
5274719
2493571
3973042
2770574
2908968
1398449
6911934
1271872
3063155
883086
3725460
1423196
6981201
3659628
3798855
4523957
1627358
3578634
3340724
2260509
2130196
4254378
7187077
3358338
269459
4401398
4885868
3442122
4488358
1413114
5643754
4605845
497972
2085041
1637429
6010603
758193
2272311
2019713
3415427
1409993
2638794
2687511
4167834
4015287
3109484
6083586
3639593
1622349
2935339
1930988
4480992
1659058
6025149
500628
785830
2557097
4604857
3703414
3621778
2418517
3760465
1478195
4510158
5061595
726422
7204077
631739
2272332
2972378
2361521
2190511
3160067
3459914
4039528
4110198
2407604
2533034
711095
4777676
3390616
273716
1421379
588019
564651
1880555
4833807
2437254
5583870
3319070
3927959
1045745
5882047
4658574
3330617
849834
1699200
4826348
4142033
4849961
4172280
410549
7722772
497304
1139489
2449884
1772297
4440030
1273230
5580754
5077484
4553363
4544655
1345235
5553700
2391413
5312257
8388566
260463
1558303
933403
4384283
1015242
4118272
3841732
3026851
3851996
614597
1429701
2841238
1230599
859511
2500970
2095544
1428380
5012609
511632
3446375
7015672
5345489
3633437
1420831
3590566
5968683
2304960
3656097
957480
5461191
2899682
7295210
3260271
4917798
1662774
1411954
4339290
2801395
4374167
5738172
1470242
814391
4336535
3450992
660665
8116025
2159207
5019430
3278395
4026440
4065247
4476227
4259657
4718565
2840339
3124059
4767569
741590
4051846
4382110
1141709
2324292
1507168
5147189
1509729
3896875
1153730
1035534
1906636
1221205
1442939
1455128
3970274
5942552
2516725
4564115
4703648
623205
1574042
4205391
4784220
2386032
2931523
2431327
3488456
1414687
1855048
1511780
1011757
3628566
4211930
1426090
1598894
3100911
647395
1619559
1556552
4217782
4627006
4517221
895385
4801343
1682793
3134222
1446393
4374612
1148797
4496697
4396638
4213187
3727464
4174318
3231933
226701
853221
4105156
1149611
1615749
4653307
3730355
4813160
1713049
3640463
2159631
5852491
3588871
1532208
1115223
3811195
3854614
1401641
4600971
3998821
6348342
6338409
710646
1143430
6117638
3625027
5230373
3371483
4504818
3782935
3062765
3472344
443941
1596023
1917806
675729
5162976
423875
3691375
4154399
4392023
1564848
3033614
2755041
3622907
1463865
1099094
4430616
535373
1518835
2077058
4466311
1579272
3162715
2715411
5930086
234392
3766950
427127
1174579
2038562
545238
5489320
4236054
750692
3704469
1570879
3403809
1152053
5695512
4402491
5848328
4100766
2340029
4100448
2077522
664751
3946106
421026
4127806
2031004
3993970
1296689
1252485
246130
4420381
71509
4721843
6427685
2563897
522545
1927477
1196326
3561729
531883
3667551
8579115
3386811
2223209
4290759
2340216
2665577
4728561
4010030
5150077
750048
1039112
5183553
1254308
2764553
5095728
1736657
1487588
6720269
3219204
1441580
1969915
1192162
3452488
1060201
1617731
430457
3544524
237288
3206787
1090714
4601731
1694092
1500428
5891168
5672144
2776936
4688647
869380
3432530
435200
1445157
402049
3018466
724506
1345282
466296
1879048
594102
1094269
1477378
1885154
657231
3690922
1308504
5114625
5632367
3330958
638612
947900
5011893
7464046
5051404
314613
2464462
2605230
5728106
556707
3774436
4429041
2161252
4755906
3861539
1061683
7228107
3724067
4003527
6478394
1996950
5084860
1050494
3749860
2363682
4284678
4832388
1720757
676571
5517870
3756755
1374280
1706799
4111309
3833465
580140
3051777
2971271
859603
290402
1421630
4552814
2972922
1910781
4202946
1835400
668218
1200285
3871280
4637289
1879447
4704876
2792138
1628041
2625921
2513168
650803
1161236
2784337
33714
5672067
3356600
847044
1422540
6580098
5023761
1847811
495803
1071471
3006106
4907165
471641
3828946
6111366
2000107
3738461
3442049
389627
2618008
1410569
2985717
2285667
2050353
5760422
2689418
1202650
1454095
3476715
3478393
4487477
5378304
4736650
5268308
2371641
450527
4602078
2545578
7609402
5160492
2917829
726953
3307132
520838
2777491
4654127
2723581
1021657
4988826
3353244
2508895
3532879
2817046
205680
166157
1960809
3447797
625774
1897260
2549654
5827612
6098529
199903
1404679
3608102
4621661
5454083
340189
4691461
3604549
4354366
3705841
3121958
1832526
1824351
3584580
3792618
2079387
3293304
281576
3376442
1113285
4409228
4167557
2387320
2528777
920014
803024
3620171
2939759
3733486
1720621
1405242
3346751
2669319
3798444
76667
1561542
3952323
1600759
3906971
4517864
4458734
3343410
1516122
1625632
2487903
4108692
6718176
2851515
5066547
573339
4198307
7356066
2095082
2305778
4331593
2949499
3743859
2717942
3136502
3972159
1446111
3937221
157956
1178491
596744
5238023
4085820
4130718
4176157
2840071
4999689
2392575
2131800
645148
1570590
3201525
972874
229968
1968790
373324
2679419
6068402
2471192
1833379
3639303
5696613
1643593
6866889
288046
207193
2114063
6579701
1234599
3416596
1667075
786774
3327322
666427
3658753
2337027
2167659
4828899
3059889
1279355
955637
289818
3498341
6103144
1540173
1043899
4798624
1368629
3955616
4059692
5284551
689815
896284
1383836
1822943
2503473
4367347
3506768
3406402
1470453
1277421
3047511
1064866
919559
605308
4800595
