4161173
3324433
4930362
2203556
4679800
3543917
2081378
2255179
3251595
3005122
609949
5245533
3242357
2985179
1624332
3757054
1372820
2026634
3309618
1655892
4168275
2868122
1353335
1855520
4087666
2542402
2497589
2748055
3153162
4611263
2866677
2914774
1004035
3295482
3656241
2136672
2630301
875563
3049464
2810650
3969509
1488568
2055260
2736491
3776361
3337097
2486804
1700930
2333134
3930265
3207402
2215373
2701338
3376604
4460196
2977214
3971091
2881102
3528741
3030892
2302286
2936280
2266341
1461580
2042359
2561424
1868599
1572424
1784211
3074900
3579951
3388616
3701875
3561595
2002692
4697794
4298093
2019640
2890010
1160367
3329130
3391458
3657161
2572426
3271383
2383559
3190496
3290123
2473559
3463700
2350087
3284847
2075518
1026445
2887297
3157168
3271373
3221439
2107096
2346479
1412676
4289347
2132646
2976596
2084079
2106450
3799082
3061061
2392365
3714955
3271002
2610273
3971487
2996292
3019035
2137060
2842405
3846089
4085794
2603545
2468333
3953103
899042
3275142
3046889
3347280
3364011
3238607
2538550
3130973
989692
3168868
1541992
2924022
2593779
2607932
3944731
1741782
2199384
2719558
1919603
2328455
2699543
1233281
3064415
2164399
3294565
3767708
3363081
560055
3176618
831707
3110699
2096355
2426892
475218
1788784
2441673
1323933
3122561
834137
1917322
3163872
2402635
2163190
2392017
3239544
3459446
2417172
2790452
2755976
3346016
3144818
3382620
2866955
924529
3121050
1445941
4794341
2833529
1674493
2564775
2938609
3641878
2108613
2192824
2801400
2825821
1530860
3614149
2490806
2975940
2977884
2553956
1688746
3951474
2046427
3453868
1267333
641928
1883585
2369122
1405900
1817037
2944356
3486423
1819090
2298716
2302510
2754604
3226793
713531
971541
3312354
4120341
2088551
2075493
1856756
3764913
1876557
4815109
3612656
2221230
4145426
1722590
2233500
3069856
2684328
3148088
1873273
3666630
1870988
2029250
704214
1800440
1807169
3755025
2082879
2548169
1811054
2061719
1640707
1755668
3850307
3945656
1657548
2787999
2336978
3475754
3335077
4758711
1197146
4084055
4432533
4045705
3494146
1592875
2150723
1903597
2634275
1666495
2536147
1631580
2288780
3221197
2722004
2383489
3815719
3253574
1528163
2346256
1811583
2389470
1647533
2495873
2302139
2666325
2759314
1645022
2446578
2834953
1859017
1638641
2650153
2853550
1424850
2454403
1592043
2158020
869713
2504663
4749272
2070728
2404531
3696602
3302154
2409594
2046404
747745
1976203
1573605
2136791
4512348
2489488
2636391
2391398
1912648
3295799
1838787
2055757
2980196
4645910
2808203
1616819
1649792
2771600
2364822
2024549
1267530
1678662
4237276
2037120
3535837
1959201
2563742
1665941
3019162
764380
2940428
2716634
2655789
2040364
2758482
1226252
2223011
2068484
1184688
3225712
3565051
2019899
2864708
1705388
2318148
4110393
3214860
1389404
3837791
3470128
1617425
2751652
3432749
3083307
3213202
2104771
3781293
2852773
2867178
2271250
2948218
1077590
2195760
3395062
2353774
2554128
2697644
1819568
3626144
1614489
1768043
1602400
1927812
1981855
3063640
2430957
2149823
659639
2501061
2536628
3818259
3614333
2368782
2262613
2827076
2988427
2921153
2006453
2493027
3645102
2772586
3454536
3093316
3712564
2265558
4723859
2593349
2667002
2780071
3694648
4374302
3109940
2556298
3767554
1876297
3506399
1813562
2701522
1964182
2140601
4596197
3093396
2666300
5079698
2374174
2434262
2950556
3009247
1682808
2272710
3414688
2801400
2640401
2010935
2497531
3649149
2180386
2506170
1846463
2935668
3480249
3773452
1565841
2324807
854716
2571137
1570593
3716303
3910969
4393096
2842710
2229599
3311008
3276399
4030139
3770570
1986558
3491742
2128838
2130698
3947831
1903511
1948285
1756313
3593598
3510077
2479378
1934785
2998672
2575294
4779531
2602100
2464758
2914047
3460605
1020942
1420055
1820711
3062196
1884647
1456527
3606582
1281382
2297023
921939
1851339
934424
1963841
1694328
2162572
2942431
2889631
3403864
4121575
3702598
3185331
4315121
2197542
682284
4205392
2948152
2069034
3216932
4239254
4229916
1183640
2296063
3431848
4048969
2547086
3444444
1635805
2488836
3127503
1650721
156955
2585357
3537489
2421779
2116634
2328402
2560817
3272816
1078912
2793095
3516059
2685277
829173
1275260
2353165
3700059
2040198
3199504
2713306
4020154
2427432
3016921
2047638
3576853
2269090
1980564
3430387
3064963
2526251
2200262
1845478
3673643
2967393
4083642
2460223
4258889
3141896
1433929
4250697
1913922
2137452
2291581
1365791
2783457
4502402
1827078
3929164
1249516
4041373
2423009
2671319
2443198
3743162
3904366
2573004
2604489
1463400
4481850
942527
2131572
4377206
2728082
4149062
1218980
1917847
2254126
2286659
1545696
3330891
3226219
4388869
1964968
4444947
2604427
3360507
1690169
2214965
2792057
1754744
2340062
2783718
837985
2725096
4429819
939779
945301
2718991
3256381
2494921
4058198
3693602
1795227
3624491
2243706
4076313
2626862
3037207
2579672
3348181
3062565
3266247
2588040
3441442
3442882
1687872
3192148
2823672
718407
4373374
1445317
885949
2859875
3486798
2382529
899013
1104294
4486833
2538651
4498494
1362319
2832650
2213585
718379
3638675
3760211
1661290
1639621
3879329
2981021
2651089
2453628
3043947
4434051
1636512
2373845
2657589
671886
1055981
4076968
4492767
4075381
2272638
2387214
1914022
2574427
2959658
2664728
3160408
2805706
1842120
3961391
1578194
1198882
3478575
2677786
4733561
2249764
3079290
1894612
1778210
1864700
4087392
3587814
2422499
2775557
1788542
1975146
3558056
2271230
1578229
924567
2745866
3919078
2817886
1450690
2296707
3250636
3369713
1102030
1199270
4353929
3342130
4182700
3320298
3395661
2540771
2673550
3609576
3674900
3754838
3012014
2239865
2984237
2671769
2915377
2663689
2049625
3434017
1236773
4950135
1449225
1478793
486311
1913154
2324535
598111
591030
3510224
1263544
2181309
3751250
4566660
2310215
3678248
3065777
1056856
3008446
4606928
1799934
3407503
3774902
1700351
2493086
2811794
3693646
2573906
1468197
2219079
3570107
1633273
3511520
2305142
3091072
1326190
2354230
2365609
3839337
2887048
3067655
1503239
2464499
3213869
2048207
2606492
1924423
3270750
3427421
3014172
2999499
2591976
2456991
5062241
2026141
2435105
2427782
3281855
2244662
2199046
1776087
1317772
4083373
1874682
2174916
3807359
1405981
2879436
2168365
1454024
2726259
1731193
1456397
4639263
3551855
4567949
1230142
1964496
3439791
3560523
1575518
1740135
2348936
1391988
2178768
1629935
3001372
4641055
2984088
3308998
3628796
2720690
3936280
1125697
1929205
2879262
2905343
2376268
1691555
1878562
1304058
1373968
4830774
3029923
1878401
3162833
2705168
3257268
3525070
3899686
3213083
1852073
2697707
2635515
2620103
2244583
2212220
4288541
5059750
2059342
1477239
2672731
4215079
2597715
2599423
2419984
956203
2222556
1191146
1466897
2009374
2684496
1981758
1096518
2504873
4627343
139967
2208421
1255399
1958534
3244934
1620221
3535023
2798628
2862774
4758665
3549982
3022649
2851017
3524949
3874468
3281995
1833115
2385907
2254204
1607477
2887436
2836177
1712058
1186047
2996887
1792777
1601028
1832787
3065271
2759870
1928133
1968798
2340408
3096241
1363847
1995049
2847316
2299616
1440599
1946114
3029353
2319522
3099900
1614486
2750255
2884856
1432500
1405098
2531360
3290479
1575781
2877591
2378125
2739940
1494065
3851715
2963846
1655790
4399741
2796335
3653300
2376312
1103200
2343829
2270018
4232560
1407887
3720475
2619330
2312990
1732744
2000777
1921697
1880836
2367405
2092310
4304179
2407850
2219506
2071463
805591
1585387
2779158
2406072
2304594
3222636
2116326
2975647
1038299
2247097
2016147
3497811
2064236
1348906
3839984
3833070
2879944
2504803
1268848
2783815
2874204
2140542
3215346
3957228
3818230
2030169
549449
2641620
2304294
1771319
3034240
2012581
3673953
1538437
1908027
2653964
1123927
4092745
2998039
3034063
1889503
2568235
2576308
4424711
3567291
2554062
1540696
1212118
3674277
3442553
1465263
1877600
4457562
4613774
3344332
2855352
3930179
2174587
3910854
2527667
3196269
2347589
3214055
639917
2516160
2383663
3411150
3093720
2821586
2551181
3478936
2047878
2369693
3000245
2812775
4325597
1766551
2186066
1729615
2126834
2226323
3140760
1758431
1731584
1444787
2405703
2665827
4167818
1979210
3208990
2713330
1054773
3002171
2223016
3768905
3047021
3040126
2831395
1503699
2138465
2701546
2186272
3793414
2625555
2840834
3484179
3065402
3243852
1509819
4177738
2070015
3965612
1458606
4413864
2210050
1619705
3370544
1708205
1779106
3057832
4992198
3340985
1899706
1681486
1666077
1762596
1269659
2725736
2551330
1144891
3660185
1903260
2757445
2283581
1718229
2281074
2797780
2591170
3638003
3362319
2490540
2712731
2625843
2683998
2227602
2690859
2364961
3728902
3441398
3810733
2424895
4317228
4278474
1227482
4001079
1975345
2779816
20691
1958385
3834630
1927097
1244734
1614134
1744783
2299282
1841060
2886641
3763183
1880012
1148215
2964136
2747271
3275626
2718344
2338356
3565621
3283513
1447143
3694231
3518553
1749884
2552408
2129647
2395697
3309232
2650934
3980621
818334
2436207
1828820
486254
2081269
261084
4007491
3563381
1578774
3558361
2416630
3427603
3326759
3428877
3142557
2181052
2546492
3040927
3118406
2231344
1307487
1588716
2730188
3534916
3093764
3150304
3064382
2201521
2878674
1293243
2071086
1936108
2304937
2666976
2997635
3336545
4132201
4005774
1718392
3649650
2161682
2054407
4273885
4995802
2402174
2375549
2059073
1105076
3576728
1452219
4445360
2272877
3483699
2077173
4166528
3101398
2928459
2952424
1458062
2088677
3091010
2277755
2777418
1368945
3931696
3381724
3345999
1482447
1940467
1948423
2760718
2391466
2053323
2478950
1260099
3473253
1819139
2620232
2875417
5224540
2684578
2163379
3444748
2281883
3362333
1334730
1515769
2780324
4573174
2633189
2710451
1699266
3586617
3281733
1323309
3742890
3672963
4535564
774494
1724493
2854778
4741172
3029344
3297805
768702
2887593
3092908
1890489
2516256
3364766
1172801
3078217
4414293
2130783
1160262
1745763
2593820
4006433
2575302
3477576
2233981
4977140
3231758
2535710
2917054
4103282
2024550
2337861
2106549
3368108
3965105
2396782
3179159
3101929
2154828
3344167
1562580
2238767
2747972
1418910
587297
4696112
3793798
3365213
1165830
1318305
2516262
2040661
2256392
2196473
513082
2349328
3732262
2424703
2005059
2538575
2453606
3808068
672719
2260676
2980350
2990649
4061439
3709080
2311508
2235457
1676454
2514926
2165794
1512828
2529516
3486901
2494509
1822988
4099121
2787781
3746255
3149197
4499935
3502600
1357542
3511314
963769
2146156
3584708
2951532
2220575
1445163
2169554
1166980
1456435
4086441
2747516
4325765
1283479
1259238
2369948
2263382
1758003
1444950
2337349
3337157
3651413
3450585
3567864
3317655
3515254
3484298
1671986
3806135
2569353
2329911
2437722
2373655
2710459
3206218
4097366
1979965
1369736
2481887
2739776
3102612
3583241
968661
1986352
3021597
3195802
1564226
2491057
2197859
2502018
3624319
2497705
1302474
1712621
2619046
3163909
3112764
3006303
2335266
2928261
2236609
1587728
2151900
3473291
3455452
2776755
3065072
1591928
3567169
3885530
3527238
2897729
3270712
2270993
3208761
3566731
658811
3637950
4719520
4102914
1236846
3267416
2017246
2564538
1884893
4517341
2015477
2993064
3190336
3373699
2853010
1751077
2023592
3488188
2678856
1357253
5040953
3009536
2055499
3874100
848980
2236709
3303264
1791571
4639911
1482778
1066893
3762823
700949
2807270
3451956
1305043
3523079
3605909
2876061
2535727
1969247
1097664
3158452
1892758
2426879
2731476
3387825
2358918
2829533
1508352
1344153
3123365
936896
2873817
914473
2889895
2871983
2736094
3776227
3594685
2416277
1302320
1928259
1601121
3885780
1786476
2700565
3404489
3495438
4435611
1816145
1219614
2983087
2568716
2354466
2095839
2737719
1256000
1569237
3953623
3141846
2033208
614115
2466482
2152408
758342
4061784
2263035
2077995
1408778
2581220
2787198
1946354
2390032
2487113
1744117
2531317
1990077
2664447
2369665
3333529
3779827
3610625
3065076
2312505
3154687
3002565
4379302
617464
3139859
3156825
2294516
1913418
4455061
1937861
2807987
5308746
2660155
2758773
1411212
2952652
1467053
1864411
4641376
1858193
2213272
1287585
1930903
1560562
3258034
2390427
621791
3426411
2292672
2460945
4396040
3709028
3412102
3890236
2416653
2691388
1410466
2586267
2833196
2625908
2634648
3732285
3270896
1891409
2132591
2756800
1931760
1514353
3253936
1286801
4178523
3406958
2505748
3484372
2023021
1516616
3300053
3977392
2011630
2566736
4013361
2248593
3366035
2921208
1655143
2721800
3265744
2663966
945257
4107585
3306785
2604076
2891808
2813709
2939789
2880662
1797996
2739976
2397602
3893253
3471912
1191784
2543813
1800318
1452801
1427873
2055008
106402
3942076
2135173
1982291
3912398
1922406
3841128
2714054
2936850
3565142
3037743
1350944
1348439
2665794
3764978
3645539
2382495
4918799
4020873
1433993
2282794
3075829
2261186
4196383
3207219
1730786
1949435
2222947
4549185
3233729
3352318
2705666
2323946
4202027
1353263
1730745
3752332
3659022
2181562
5004930
2507182
3886538
1940032
1849796
2950563
2059312
2652620
2582995
1316232
3009019
3194326
2576735
2034444
2508845
2871560
3105499
763348
2735813
1690228
1893077
3093131
2496444
2821254
1493364
943812
1887397
3252456
2630011
1629759
2039361
733037
2124475
1114289
2065590
1804954
4336349
1963237
1795814
3510521
2722012
2163992
1891696
4504534
3072127
3319549
3063537
1520978
937772
1949314
1656255
1289234
1874797
2722919
3824853
1846891
2541253
2977829
1002569
2077235
2837441
1771194
2935184
2411903
1758525
2393882
460001
2833154
2365126
2715382
2315451
2650049
2232981
3115879
1557916
3063343
1656554
3061105
2627638
1817545
3445089
2404437
3369065
2417350
2367014
1493178
3658902
3240142
2643002
3507190
3185460
2888564
3163088
3760124
1280558
909572
1597125
4495963
2154920
1739213
2352509
2069325
2869046
1547382
3805044
2168539
1320042
2776743
1322698
973898
1507587
3276965
4460715
2676029
2574859
1880206
3396703
2765815
1017494
3033095
4260890
3704021
2762517
4279238
1499660
2752411
3084651
2742176
2761996
2732133
2123854
2713050
2457392
2729619
2810194
2150059
2977131
1412377
2990227
3795403
2081141
2369660
3999037
3772963
1630658
796910
2395818
4012747
2475560
3555113
2154524
2895346
3157354
3371030
3228602
2229184
1984700
1081122
1447453
2487221
2042411
2016761
2221349
1774047
3009413
2762719
3147830
3400814
2933902
2262005
4474025
3551070
3278083
2705551
2650090
3781154
2685668
3209962
2060164
2681338
3880985
2986412
3920343
2752100
2738997
3309814
4358554
4357815
1934994
3484202
2301940
3022579
2929659
2703962
4214065
1179675
2568218
1791509
1821267
1504280
1844782
1777457
4580001
2018449
3466814
1831967
2753267
2543175
2282260
1305566
4215699
5436274
3758789
4711681
3237665
3651392
954182
1705203
2441444
3295503
3281711
1796847
3584677
3443074
1439835
2161461
3161263
3467303
3073376
1852871
596200
1563243
1767788
2067186
2449551
2029412
1981754
1931758
1616823
1608342
2190642
3445683
2210489
2349735
1029620
2594081
3054277
2975561
3695338
2063784
3269871
1812178
4345720
3317094
1983378
2030310
3840067
3906372
3193314
3074984
2232934
2892871
2314797
967951
1781754
3515215
3761925
1851134
1866525
2282856
2700477
1296542
2990236
3606894
2318705
2126636
2237850
3043196
2064115
3808046
2138984
1481112
1581425
2054867
693270
2750467
1976399
821265
2797275
1110600
3378952
2958256
2252926
1424598
1166623
2806305
1251481
1376443
1598005
1943597
3671911
1966057
3583134
4779282
3367014
1806514
1743705
1571535
3248341
3222851
1916796
1610659
2892890
2768641
3029387
2294644
1762009
2124165
660813
3463640
1767184
1976774
2273131
2411198
1469219
4356200
4010121
2648552
3622523
2334883
3989879
1810216
2211408
3503214
2500581
2480837
2262589
2763081
1636668
1655110
4166478
2886307
3048586
3935007
1985964
2860963
548583
1984983
2065464
4404797
3101904
241162
3100052
2756662
2764263
3262239
2210483
1354361
2426519
3251587
4336642
2641909
2727684
3019583
2341712
3617193
2192505
3168840
4348472
3672796
3926851
3071681
3297047
1238392
4221904
1638233
2957010
3364007
2119060
568167
2206018
3849324
1813326
3927755
2881823
3002636
1136674
1686266
3820896
2199280
2518370
3389448
3049293
3346735
5207258
2633256
1461816
3759431
2181532
1686532
3700314
3680015
3770789
3089851
3123404
3484131
2683965
2563851
