2000 2000 2000000 2000000
1 176218 106997
1 311607 178436
1 1804041 128046
1 1438766 1997624
1 1608197 374406
1 1984915 204782
1 153076 333313
1 1386889 1316894
1 902010 1466015
1 1667599 1100275
1 1280388 552794
1 1854782 658675
1 1669552 1187674
1 1558164 887706
1 246259 1323849
1 709620 1590302
1 666826 539248
1 463808 495239
1 263225 1077064
1 699007 820070
1 1036956 1999095
1 696284 20828
1 590154 943190
1 1641593 1680996
1 905671 1893889
1 985495 1936533
1 273192 1609092
1 427216 404103
1 217368 1357261
1 97729 1231517
1 1435734 912316
1 524768 990194
1 1308308 77146
1 1052400 158787
1 101608 51899
1 738062 1880328
1 1025186 1237895
1 972176 1266477
1 180499 1523471
1 1933916 1019442
1 1112596 1973493
1 1549378 447511
1 470550 1945288
1 190369 1442789
1 1186923 1567699
1 1288902 1050715
1 314380 793851
1 543687 315045
1 83333 541474
1 314427 1314188
1 518242 281943
1 529127 459244
1 1906315 979146
1 221775 549312
1 1997956 735403
1 989925 1338970
1 421429 1399995
1 1476848 1545165
1 328646 1192643
1 1145579 1992596
1 1784137 17945
1 1601851 173625
1 1248860 690780
1 1474290 1663263
1 1532842 1536757
1 1330669 596430
1 1944427 1491015
1 1607199 1667586
1 389193 99363
1 14833 260529
1 143005 291311
1 721060 147581
1 735094 869873
1 726928 1667297
1 84073 1977478
1 958747 1082994
1 1518172 1938870
1 1317856 1946459
1 1461668 215465
1 1436266 1662415
1 1111015 1319006
1 1176922 1040424
1 10666 732509
1 586033 780302
1 678117 1763355
1 15777 955077
1 908185 212943
1 319902 376231
1 117499 1665582
1 1338529 96575
1 1448325 980446
1 754885 652648
1 889048 152369
1 1632631 677403
1 833590 382345
1 752119 400335
1 484239 1594016
1 1135351 744875
1 755148 101936
1 72492 394602
1 1817472 34657
1 1632786 86407
1 369283 1076719
1 1929697 355337
1 507281 1268971
1 1157782 1880755
1 1251753 1511659
1 353510 1544194
1 1816541 1048909
1 438180 548096
1 1819531 774095
1 1016748 245455
1 342281 1874454
1 430099 1720128
1 1873190 354234
1 373320 709825
1 318858 1348460
1 1535020 980603
1 493589 1417483
1 213456 1578609
1 423900 1957636
1 748652 1168657
1 1424459 171374
1 1135885 1280735
1 1131632 1062861
1 792304 1834342
1 350674 410014
1 829411 650162
1 1365498 1525327
1 954263 1555804
1 1564268 1841368
1 1268514 882340
1 78465 486521
1 22137 1287979
1 1791505 370688
1 307361 508183
1 286132 359078
1 585356 141478
1 751247 949761
1 614610 1405077
1 695297 977644
1 1525999 1897899
1 1240348 1718960
1 1716865 1494039
1 1418067 770925
1 416886 309932
1 472186 464192
1 1284318 809992
1 1348631 1337014
1 439052 854516
1 1494795 1640798
1 319447 616628
1 1848363 1417687
1 209680 638248
1 859286 1999570
1 1070978 100319
1 1061679 1368587
1 1150292 561407
1 1267856 431938
1 12458 1365384
1 991366 1405477
1 275109 392849
1 1680576 1681395
1 1463360 1613584
1 1255522 1301548
1 1968485 954455
1 1238477 41333
1 1052480 1733589
1 1193473 1018329
1 536831 1127062
1 262227 1160360
1 867772 125469
1 1446720 661681
1 1731149 1361484
1 19734 285344
1 134010 408011
1 1845977 1646502
1 363451 1267992
1 19930 609511
1 60934 70367
1 1056582 1714121
1 465999 1530144
1 1599762 503525
1 172605 419447
1 1646666 1622938
1 1191845 465226
1 100968 1133716
1 793037 1419537
1 1715748 941867
1 1693966 563528
1 1111269 1178353
1 410687 1422204
1 80211 1532459
1 200250 1596472
1 1736525 521412
1 691225 1187457
1 1661359 1423652
1 248691 1012742
1 1673722 320494
1 467911 1702214
1 129560 220583
1 55791 674755
1 256932 925537
1 65817 473568
1 1071365 1037208
1 1915606 1714358
1 1470383 159262
1 998845 428648
1 1018116 1808318
1 102312 857053
1 519747 91070
1 173375 1573627
1 372974 36136
1 1718627 122551
1 1350431 1015716
1 1237236 1386616
1 637588 937847
1 557034 555109
1 415217 805963
1 261575 1959785
1 1055881 1923906
1 1287669 14616
1 1562429 1872945
1 956779 1228444
1 227368 424590
1 409893 1972388
1 854266 723453
1 717420 1105244
1 1715381 1132304
1 1510639 852208
1 1917936 1844331
1 1217025 1881802
1 464872 649791
1 971208 1897732
1 1333252 1629636
1 129185 1528608
1 1592609 1656981
1 1701944 316312
1 1255938 1492218
1 1357846 1606202
1 336751 1767552
1 1778798 1237746
1 110576 364065
1 767524 1425733
1 1011860 700152
1 1179287 364536
1 1051682 878248
1 451396 1493188
1 1561808 671344
1 1175034 407109
1 1945962 528624
1 1231343 1990195
1 936654 1389379
1 565878 1493660
1 1594044 1978956
1 150041 1071754
1 1992922 83832
1 554213 109365
1 523181 674808
1 1754752 1206752
1 1144177 1301352
1 1906838 1393526
1 26708 396142
1 1427499 1346570
1 409071 463110
1 479502 738779
1 1848598 413514
1 1856133 1631738
1 689279 1382638
1 373227 205746
1 4743 260494
1 42920 346745
1 672894 1005018
1 1234227 1101931
1 741412 510438
1 1402610 538547
1 714856 567253
1 1821029 55588
1 840142 685985
1 1659613 1647117
1 1202716 1294030
1 1738674 295352
1 1940200 1710981
1 1640803 609064
1 1146936 1673315
1 447944 1874373
1 1734074 264804
1 1144161 1017561
1 863753 1267574
1 685820 1405972
1 1428493 1174922
1 913746 1390562
1 596414 1603733
1 1488605 154052
1 824940 859869
1 1284122 522838
1 973455 1864333
1 1943666 1478393
1 126904 1456932
1 641627 377844
1 188295 1201196
1 1362980 1958682
1 1072979 217406
1 104357 1800554
1 1286528 904169
1 1714971 940165
1 751303 889286
1 1548374 1112674
1 366423 433022
1 416016 1916213
1 650490 1707307
1 1924286 1991620
1 152436 534828
1 1740945 1533930
1 1520830 116463
1 1733486 716605
1 674555 1008045
1 487143 123374
1 1667212 149577
1 1852356 221468
1 1567066 927012
1 1931780 681416
1 1210935 915173
1 216846 1294991
1 187565 107218
1 1740985 1677067
1 536889 1875292
1 1296628 1083966
1 464268 530859
1 1258853 1743604
1 39929 1650383
1 1571520 363351
1 475817 1462802
1 1541184 231852
1 387379 48971
1 879207 1211723
1 744452 894886
1 401854 218880
1 999372 946331
1 1046814 757606
1 1233945 724340
1 393928 1605032
1 797295 1139332
1 1168836 1632580
1 539544 1772672
1 736678 1148948
1 1856116 297755
1 897988 1618882
1 649739 11463
1 1451714 1354139
1 1833530 1518360
1 1478940 595167
1 268379 599876
1 259392 1366217
1 574462 740361
1 744082 274533
1 1332341 30494
1 1530298 945472
1 1100943 1052448
1 857383 733268
1 42335 40196
1 811816 1134394
1 322413 1379289
1 1056671 652482
1 1103087 1229212
1 800758 813458
1 380804 242369
1 1372358 1717381
1 1006276 1843726
1 714108 523971
1 527700 1747144
1 886881 405199
1 531697 647816
1 1885117 1565419
1 899824 93907
1 1574197 1027241
1 1188991 1661532
1 282877 255677
1 1459740 210124
1 1529790 1984540
1 1577497 1192062
1 488028 990551
1 504534 1085466
1 977241 1022673
1 1116115 1592518
1 823724 847671
1 850165 446575
1 161450 579290
1 731622 1200374
1 482783 932429
1 1137570 877729
1 1263562 1836901
1 491643 781942
1 489985 378117
1 1813572 699104
1 1033977 1059292
1 26205 1027221
1 1841534 186665
1 505719 406368
1 753154 288231
1 524379 983813
1 1184061 817954
1 416692 1862345
1 1683222 733894
1 123016 1292728
1 1408633 1208571
1 1999313 773725
1 1194207 1874717
1 988913 1388238
1 487013 1681153
1 1352951 439330
1 220356 1636844
1 465895 1126400
1 1001339 610494
1 1077008 1771228
1 1367595 415639
1 118563 1932500
1 940774 1776719
1 140274 291659
1 186603 1316674
1 576012 164823
1 1833453 968275
1 722911 64410
1 1159846 1665409
1 243728 1551979
1 882673 1050501
1 1335568 1181396
1 1088506 1711377
1 535434 495963
1 69906 414986
1 898764 1202714
1 1414880 592448
1 1717766 1115743
1 1365181 1763622
1 327752 1909269
1 1462817 93848
1 882868 1901446
1 1287482 1569566
1 1961982 893803
1 372000 890045
1 993276 1900194
1 406057 394862
1 880565 1663650
1 1464473 936908
1 1872855 660202
1 1156192 1300543
1 1075130 997940
1 1515899 126927
1 1758606 742308
1 992398 1576405
1 1743672 1545264
1 510275 1720954
1 1013892 591546
1 143477 1583512
1 1497127 811315
1 772715 1358849
1 264172 1732897
1 288303 880272
1 1428879 1295328
1 1134576 1583630
1 484077 126133
1 570825 1235982
1 604694 1022702
1 1804307 1575009
1 1008458 1199580
1 170919 896279
1 1491160 1716837
1 1653404 237273
1 1370160 335171
1 49197 545653
1 121070 421373
1 522284 1175413
1 1602012 1617397
1 1561780 742096
1 258098 1844234
1 1239754 658066
1 1255286 19091
1 206246 547661
1 1360447 1199750
1 1418959 37092
1 452639 1229779
1 165514 707523
1 1436991 642878
1 978019 1714647
1 1389396 1213153
1 667293 605056
1 1890057 431031
1 1191774 1160934
1 675429 471179
1 953536 56659
1 325293 508015
1 1366508 335117
1 152659 208476
1 114409 576427
1 1661696 352541
1 1512799 434522
1 1230838 1841661
1 910864 936684
1 1743546 1381514
1 1670307 528328
1 1183568 775748
1 1651905 155509
1 297819 1373547
1 827244 1639556
1 1927250 1592203
1 1175546 1659905
1 398080 300673
1 1033091 544453
1 232034 503860
1 598354 1487303
1 1795699 438587
1 398095 527237
1 1383970 275922
1 195376 1645136
1 322260 927953
1 1297648 1501738
1 95794 1233606
1 1478079 770192
1 1981188 519553
1 234883 1314695
1 1971226 1600521
1 316798 319150
1 1856589 385357
1 101219 84261
1 1247678 885083
1 269409 1300774
1 74555 395486
1 151116 349938
1 1116913 341199
1 1942955 1912860
1 1144011 544320
1 1887170 914003
1 1244189 500844
1 1555110 20124
1 22481 1324370
1 61451 1423063
1 263790 746798
1 1604170 534140
1 112399 1851374
1 1252362 276635
1 683293 687761
1 1484877 288441
1 602149 882853
1 1364035 1543679
1 1180326 1955721
1 418353 1178253
1 270294 1259207
1 347173 847281
1 4978 528498
1 1280920 1658827
1 306214 528890
1 508733 1699503
1 289846 1119550
1 1957162 475215
1 1384185 1588348
1 486952 1885313
1 653470 1014512
1 1065851 1662433
1 1760926 435318
1 544252 404271
1 1442200 476826
1 888159 1191269
1 818135 875397
1 1944584 600484
1 264713 1425310
1 192548 968807
1 1944616 708159
1 1689162 1810636
1 611266 1521532
1 1433539 312092
1 1530782 116115
1 1508496 1102701
1 1858145 1925507
1 668321 897463
1 1194094 1243523
1 1871567 1839113
1 528792 1373094
1 1371344 942853
1 1381778 1419116
1 326525 711472
1 1168688 958284
1 787718 1655491
1 1999177 685833
1 1188953 206870
1 1021269 1994870
1 506815 1770334
1 1672942 999886
1 1056198 757659
1 1162249 1869991
1 424433 1934471
1 920951 1893606
1 1745160 1728060
1 1769623 85083
1 957797 1511762
1 996523 1027833
1 1348746 385586
1 1165568 285697
1 1263622 1682102
1 709603 1870596
1 1114651 380613
1 1952763 221365
1 1198754 1272582
1 1699014 1194920
1 122531 423193
1 844566 1589872
1 375684 379177
1 971020 801605
1 586989 1362925
1 1644330 146778
1 1013094 743013
1 665450 1565403
1 1817006 845707
1 847304 512758
1 1874039 1819917
1 52666 210116
1 406554 1325138
1 915734 729986
1 464661 1694150
1 699132 1817893
1 1893207 591602
1 1925322 123813
1 135064 1174186
1 131129 1394987
1 253847 435876
1 925385 737291
1 682488 140909
1 1357187 220880
1 678900 666055
1 1461872 851914
1 1482963 955169
1 873934 1034979
1 487906 1130042
1 277977 1022236
1 150292 620791
1 1963964 154900
1 1793731 281832
1 1847735 413234
1 895001 760520
1 1119484 1368864
1 875318 1890798
1 1382712 1090671
1 361559 706723
1 598850 1288520
1 1353885 202213
1 1482498 1179123
1 249354 786925
1 1051117 1629312
1 1944977 480280
1 765942 279333
1 107398 353625
1 941167 40703
1 757060 1703075
1 1503617 1862230
1 1992908 96170
1 1095961 737242
1 188759 1316282
1 662232 1573297
1 1211110 56241
1 592420 1435815
1 1319457 1844338
1 1508587 831691
1 953423 1380658
1 621429 470166
1 1010744 727552
1 1636293 903701
1 648172 1541010
1 1147905 126348
1 468323 875883
1 793634 1847691
1 1284330 414136
1 1206993 1981
1 171689 1587938
1 1771267 1832402
1 1499517 1474788
1 1725462 133999
1 1877659 1523197
1 1945640 1925922
1 315811 677466
1 996194 1169866
1 1664629 67610
1 1340314 1865470
1 135025 1890638
1 635179 157616
1 821877 375801
1 81907 952077
1 807536 659252
1 1780337 1911667
1 922306 732254
1 179000 358806
1 1994993 982556
1 1675675 644541
1 1570287 1746781
1 437098 7206
1 502801 91038
1 101465 980407
1 1479933 1905947
1 1849286 1269314
1 746335 212583
1 819021 1823579
1 10700 1459817
1 1679245 1164197
1 826499 937427
1 1192724 19056
1 1093986 790074
1 279478 177768
1 1071211 359243
1 796495 798682
1 1350330 826139
1 1268448 594533
1 228057 1868143
1 114527 23656
1 556096 655543
1 1567465 1502093
1 52570 1508829
1 224206 184400
1 1585390 1684817
1 472519 1248978
1 40243 922772
1 1926963 1348382
1 979448 1796912
1 225504 568626
1 396908 1170164
1 1767234 111323
1 805424 1972986
1 1630838 1060597
1 169105 1954537
1 1013243 1908865
1 602104 963527
1 394211 1397464
1 1230660 377937
1 965216 1079360
1 1398517 1574279
1 1583334 1307406
1 193732 657771
1 1056260 308339
1 641046 98219
1 1547352 73891
1 20798 500706
1 1663681 1733413
1 1455976 1088584
1 1411052 1858862
1 1063791 1138588
1 493086 862717
1 99434 10311
1 938624 109272
1 1238735 1292393
1 1738943 53445
1 1223575 1499362
1 1527166 125234
1 353586 1863683
1 808849 60582
1 1226700 1795092
1 1260763 1666614
1 1523624 1134475
1 7239 1749645
1 452366 369461
1 1357261 633341
1 1168877 61321
1 1628843 1795680
1 1785838 111775
1 368045 1181491
1 382162 572361
1 580691 1536036
1 1082989 1623826
1 702221 1786357
1 466989 922494
1 1220415 253180
1 442496 1172889
1 1778530 863573
1 1071427 193619
1 583952 915583
1 1842746 1535717
1 1309544 933780
1 307070 951720
1 413688 458949
1 1969605 1734022
1 729891 33938
1 880845 1397689
1 256918 552583
1 1530479 46400
1 312680 572755
1 101727 572112
1 1344957 1679501
1 688004 1898290
1 76083 384829
1 1930785 98807
1 967394 1991319
1 176552 957569
1 1378134 454198
1 541846 924566
1 145026 1618852
1 1532499 1427122
1 1530156 703988
1 1748631 1183965
1 1550106 120249
1 1784431 864337
1 1065034 1162267
1 999197 702598
1 616360 1166238
1 1615993 1844075
1 1653035 1867991
1 1947812 52232
1 1214901 284583
1 1414672 1810901
1 439728 380167
1 1004282 874492
1 864441 600579
1 1900905 423891
1 1362928 1087892
1 472611 1887999
1 1069559 381347
1 490260 1631472
1 752223 1546879
1 689856 148599
1 379262 1563035
1 433783 1668136
1 911972 625906
1 1933869 91362
1 680144 451989
1 545786 1140458
1 1119899 225115
1 127775 1967577
1 1081376 1380552
1 1272712 1421537
1 937241 968548
1 1620762 1556182
1 1650580 227805
1 913186 1949551
1 1141545 108708
1 1561501 1699116
1 1000475 673127
1 149391 460837
1 1454194 178956
1 1540954 1577745
1 1747473 1812197
1 382067 974190
1 1367389 1856680
1 150266 448601
1 643777 809980
1 1693489 698191
1 924699 1778318
1 1461125 1139829
1 12791 165204
1 457457 496514
1 1354937 564629
1 1279889 1432152
1 1392656 320027
1 784879 890879
1 1097019 673917
1 261826 1624587
1 227080 1817152
1 1966046 954761
1 1027235 1271460
1 1260040 210535
1 1791757 514131
1 1127296 1862492
1 1557088 1268388
1 239143 345861
1 296925 1689710
1 131887 1951862
1 384548 663100
1 398263 325684
1 1816451 955454
1 945624 977512
1 1143103 1025995
1 1310735 1295177
1 1487992 178374
1 937302 229092
1 551594 20640
1 479694 336907
1 398166 1643556
1 1863753 1663444
1 1726800 107741
1 590894 1239416
1 162808 1719680
1 1965910 929021
1 224534 1058103
1 1398173 1097543
1 423265 1104100
1 1270013 121455
1 1319582 863948
1 713767 1777292
1 1854455 317503
1 766761 1692600
1 1138451 1111244
1 935998 1302091
1 210150 1222403
1 979454 1647884
1 1014665 1565091
1 1368617 893069
1 1710964 1560613
1 636877 1128048
1 106967 963935
1 1468024 1307361
1 871531 334729
1 1461249 854110
1 715680 1256754
1 353492 390064
1 106529 957245
1 1534664 1326914
1 1090098 1723489
1 62781 1907121
1 250900 575629
1 1447162 273098
1 219607 333005
1 1864646 1511451
1 1511056 1390634
1 1398178 623342
1 1986544 1670864
1 1390851 154648
1 226232 1370298
1 1718030 582822
1 1441175 357063
1 112885 1097086
1 1735883 970579
1 204486 458985
1 931941 1068065
1 791918 886722
1 876314 1941079
1 1757882 1594126
1 48544 34695
1 1265442 786693
1 649016 1166488
1 556432 882990
1 1649131 1519049
1 859162 1877929
1 1969417 1819397
1 29280 906581
1 212717 1486125
1 283990 327912
1 1444033 1766288
1 557695 430864
1 1039851 176515
1 1132787 1740703
1 1846247 209569
1 1349362 227510
1 1073800 173914
1 1833157 1391191
1 1085867 1755908
1 1891815 1510439
1 1353283 54928
1 278133 196539
1 1707596 1660612
1 839708 1972127
1 1978940 453107
1 1115201 806156
1 508732 1484589
1 123902 1404876
1 993490 108634
1 1972714 1894731
1 76954 138627
1 849674 30275
1 895458 40279
1 988082 1001662
1 474729 1244044
1 1368255 982039
1 1483534 497574
1 1240609 1564979
1 1633680 537471
1 901518 528055
1 991514 959725
1 1159327 840089
1 627946 1534914
1 426947 423747
1 158096 340414
1 1914195 1838438
1 743100 1246209
1 1881642 1892559
1 538817 584298
1 1640246 372074
1 706234 182329
1 557475 276834
1 1422858 1273047
1 4541 583810
1 1483679 1069799
1 1179296 1455640
1 1038289 1539630
1 1637344 230045
1 1780579 270426
1 520391 418987
1 1212805 401219
1 559760 795664
1 1025278 1437232
1 26198 795069
1 547394 1897899
1 863472 33409
1 1059518 1697091
1 1979999 985351
1 981671 1746883
1 811767 744001
1 1117630 1269484
1 1512545 198838
1 1095894 777831
1 1802284 1850024
1 316567 1479141
1 798465 1468086
1 273851 1517501
1 837063 1630664
1 1195647 361171
1 212814 671658
1 1912635 335153
1 864551 1540337
1 780412 36216
1 1751716 1764144
1 494288 1465500
1 1428969 1438866
1 756271 1261628
1 1299067 1445550
1 1824238 164001
1 342589 682674
1 962915 1425401
1 376375 1674069
1 378785 1929135
1 700645 1891750
1 413630 1593007
1 1695365 1520034
1 343000 63007
1 809146 1851368
1 1587270 344977
1 173756 252352
1 1536521 892109
1 1391521 424722
1 1893771 589690
1 1098634 693135
1 740047 324769
1 1992932 1739154
1 1588753 712932
1 1425606 1801735
1 257099 750716
1 816591 1304732
1 561439 1628367
1 602572 1147463
1 1092429 1562077
1 1204154 1275074
1 246977 1453924
1 1300072 905032
1 1111717 282514
1 1953083 602755
1 1812029 1576053
1 187424 102016
1 1731770 226534
1 1584399 1581976
1 718554 1260401
1 997656 1121052
1 522944 995866
1 1906998 61347
1 1684137 1131843
1 398794 1879775
1 1086368 722510
1 681455 805139
1 1719213 1609052
1 1372067 1087441
1 120713 782466
1 687656 245714
1 249910 1138027
1 141616 134654
1 417040 553732
1 113684 905715
1 1569456 434924
1 150168 1871869
1 828408 950955
1 1699966 1133228
1 460912 499931
1 824479 156694
1 511227 259305
1 277500 800317
1 807443 283980
1 624200 594143
1 670921 493208
1 1586077 1348682
1 1103677 659031
1 501408 560524
1 1030459 503110
1 727753 1721116
1 907078 1712970
1 1156928 414942
1 49513 965103
1 1516915 133601
1 341803 1840734
1 213965 1013245
1 580732 905101
1 615028 1769487
1 1316386 587830
1 1917210 1500911
1 958756 1143806
1 450799 687678
1 1615875 1012636
1 1179568 390811
1 418280 1668926
1 1429794 110694
1 1860264 108974
1 1788496 447686
1 827270 1844134
1 1833639 208390
1 1587221 1292135
1 72141 1444835
1 516969 418815
1 529564 1781909
1 587238 643809
1 1289620 1264979
1 1576948 1891785
1 1943006 1433336
1 413768 819451
1 1684566 766647
1 1375609 942271
1 705940 758589
1 1952524 1798970
1 739573 105967
1 1918496 966420
1 1891690 1979096
1 1444122 1480314
1 1128145 1240642
1 1478112 1145710
1 1741881 721522
1 553337 202808
1 1125473 1941387
1 1910109 509768
1 1335102 1074955
1 1297324 1914744
1 954626 777397
1 730282 330147
1 1634553 1383561
1 1145909 1553813
1 1103835 284381
1 817533 668040
1 1905152 1299384
1 1953000 176137
1 589811 923129
1 1055744 1261815
1 1112147 1874416
1 1873482 1738124
1 1740213 1441253
1 1810962 386901
1 838554 479505
1 1992333 1523674
1 1638771 1158766
1 528162 678279
1 226759 1190686
1 1818113 1988954
1 344401 1290870
1 1103693 662132
1 1899604 724057
1 84539 46774
1 175281 1930794
1 659477 846469
1 1064444 1566510
1 170769 458940
1 877192 1332728
1 497207 863299
1 1858054 1137167
1 976171 1584972
1 1645232 816137
1 1740617 671853
1 135975 926040
1 182295 1758867
1 1176773 371397
1 1896525 1249400
1 218168 1646048
1 1699312 437018
1 288145 1671664
1 147561 882552
1 1557821 1050684
1 392992 817466
1 1499445 1076470
1 971333 744792
1 1326523 515502
1 1967362 976444
1 342345 432973
1 435854 32774
1 1656769 717992
1 1577835 1250287
1 1501420 466328
1 231074 1843176
1 770401 1053518
1 763474 398254
1 1400624 606696
1 452224 281713
1 8842 1345044
1 286977 1606477
1 1181476 1778813
1 888408 630765
1 300236 1250550
1 1495595 662841
1 1819127 568227
1 1881862 1121642
1 1653663 10311
1 798917 1614536
1 1382791 1441795
1 1024498 1782983
1 1630567 655074
1 358488 174098
1 1671291 839359
1 104740 1229443
1 226129 698541
1 1044393 388136
1 292533 905163
1 1190900 209110
1 1111502 1125275
1 704032 1406801
1 833248 1881890
1 1782472 1225458
1 1608440 164530
1 1840358 946580
1 1342878 990827
1 308932 404987
1 1047317 1833282
1 1876266 1614324
1 1420269 147591
1 903644 1308431
1 45313 786028
1 1078310 288778
1 369582 1472444
1 506946 797651
1 1411735 5833
1 643807 1772909
1 1640251 368691
1 1301807 344673
1 231517 201250
1 129882 346004
1 316435 723456
1 1344969 1773426
1 209187 1780541
1 201035 1900526
1 535064 127369
1 892103 713442
1 1808107 764842
1 22852 1113189
1 629355 658880
1 825324 237249
1 959690 1392041
1 609681 343765
1 5036 898603
1 248707 937301
1 964711 703317
1 585009 286829
1 713258 1962821
1 1487709 905232
1 1371896 744380
1 1369030 365595
1 1724322 112378
1 1520432 1372865
1 761234 71677
1 1830970 3787
1 1603931 352798
1 1932280 1902719
1 1147738 1903484
1 1498834 595370
1 1589054 1959693
1 1225383 241207
1 1764057 1471160
1 1844932 295442
1 1170947 970027
1 1169484 192309
1 1659215 367245
1 35369 51970
1 516221 334490
1 181521 778881
1 1959552 738592
1 1514096 346163
1 1357749 1729634
1 741874 720894
1 1509165 313892
1 977160 449352
1 1344849 1550720
1 931981 981193
1 1442182 501538
1 1059766 1241618
1 647258 1763024
1 1079137 1449541
1 1187691 1065634
1 536276 789755
1 787758 172356
1 1257177 292175
1 302120 1330038
1 818109 1799070
1 826110 1545772
1 1188678 637135
1 840521 1323873
1 805425 622616
1 1083335 680340
1 373236 130969
1 90968 756175
1 1425015 1127307
1 724998 366201
1 425004 1356572
1 1121198 194606
1 132082 977575
1 707005 839918
1 787835 1102672
1 1170801 415901
1 533546 1941422
1 1676365 1447036
1 1695573 1781080
1 453271 1896089
1 755486 1426389
1 12189 398442
1 45497 1050071
1 61786 288998
1 1023737 1348022
1 141334 380291
1 743029 622429
1 136487 1906483
1 1585203 1695972
1 667738 1209100
1 1252094 1157465
1 1301489 558621
1 783119 1213245
1 1088302 1232645
1 1525345 1479987
1 239490 377687
1 1122432 272041
1 219087 1440676
1 505573 49996
1 939527 50547
1 1861628 1446253
1 1083404 1431952
1 950764 856653
1 1169009 62362
1 1698570 1201635
1 924693 551456
1 842615 270533
1 1455876 274857
1 597612 255696
1 187667 271905
1 484814 1797732
1 1112191 251675
1 1556172 533909
1 1572984 711493
1 1191430 1357368
1 1375283 1296140
1 715746 1107245
1 687442 1489338
1 936366 1619673
1 969201 1081188
1 1577578 1616934
1 102146 466946
1 692415 1916510
1 755611 896436
1 1475447 1701290
1 119674 1099289
1 964391 1611560
1 1735713 451051
1 1342246 31141
1 493345 379711
1 929382 1369170
1 1063113 938566
1 1721494 1627993
1 1162798 298674
1 741019 16180
1 168094 1219554
1 749642 1461605
1 341998 1697754
1 1617682 1278913
1 509197 1350462
1 87670 1191238
1 394617 164651
1 796364 1006691
1 258263 444185
1 1765438 1338009
1 1493921 1964293
1 40067 75798
1 108368 912190
1 833184 448558
1 1409054 766257
1 773867 1911247
1 1891321 953776
1 1075302 443652
1 1907010 1848724
1 1776463 34146
1 273585 455154
1 403052 1286765
1 707707 719946
1 1441377 1323922
1 712124 991744
1 1304713 856763
1 1546818 1493207
1 393197 1269607
1 1480152 1416821
1 159965 457347
1 473533 262336
1 975832 1513673
1 491462 405970
1 580056 91651
1 871140 349156
1 1038198 1213571
1 1907602 1906621
1 157616 1875855
1 492716 1426865
1 1438058 14835
1 902106 770894
1 527927 665089
1 545414 592299
1 723608 38526
1 92315 1825041
1 861403 1791946
1 889874 603349
1 1258538 1429121
1 581604 694287
1 1069935 886179
1 939094 682123
1 1550795 1745009
1 393422 193177
1 1023544 1045781
1 959735 1614722
1 651891 1196994
1 1505932 122904
1 158440 83896
1 287618 1370033
1 142800 260557
1 1661366 1139793
1 1481365 537684
1 286241 1726621
1 1648765 52019
1 1814577 452895
1 67638 1196866
1 1639600 1260636
1 1296972 986
1 834877 328009
1 102156 1813803
1 1955455 1691004
1 282301 1670711
1 677717 914425
1 247163 1413723
1 134883 914174
1 1717783 1632972
1 1867000 200178
1 179156 499396
1 930338 1192116
1 1179217 387804
1 475218 1504180
1 733915 304685
1 708970 621739
1 1912388 995797
1 639844 322552
1 1448856 1922084
1 1104293 1698730
1 384808 1404160
1 456606 993694
1 386260 879874
1 730524 206114
1 1446778 1152028
1 185784 173697
1 914142 223961
1 1447450 375831
1 654902 1265924
1 344620 885876
1 912631 1397271
1 895817 566176
1 1838318 907536
1 1824826 1457071
1 786709 993066
1 1240054 257955
1 406092 923843
1 1642888 669906
1 408776 1474633
1 977045 1736307
1 214269 1524754
1 1785863 532475
1 840243 1841880
1 298995 1269272
1 840412 1140903
1 1025968 254736
1 1291931 1427970
1 209527 754765
1 1826996 48922
1 1376937 1450168
1 1877089 960843
1 1925122 908938
1 1563128 1640261
1 489208 523421
1 1386705 1704502
1 1508700 1175611
1 270309 29733
1 656591 5850
1 169946 901807
1 250203 1646339
1 20575 1897439
1 1174809 1059094
1 865295 1857556
1 366768 1303923
1 760940 1025630
1 457179 1849206
1 1955487 1602300
1 388260 292498
1 600976 262385
1 1234005 1071732
1 347336 249653
1 1936727 1229227
1 742848 609736
1 193011 209658
1 1344060 1248970
1 1048484 956854
1 375798 218409
1 1186503 1312364
1 466060 1075656
1 120290 1553693
1 1710760 906789
1 1178351 871269
1 1806257 111946
1 395455 600917
1 541586 1407795
1 959564 53590
1 356061 360373
1 336333 1727582
1 1087571 729361
1 1380005 393916
1 296461 1919732
1 381538 1749715
1 1719590 98342
1 545209 157450
1 924242 6119
1 957822 511951
1 154269 854427
1 1038120 1164859
1 441253 1675700
1 1104756 636721
1 1376987 334851
1 1747524 725560
1 1428288 1025077
1 540086 1292313
1 862969 935212
1 1732401 1102604
1 1048110 1872720
1 1877450 1056359
1 100450 481707
1 1938654 1971545
1 964287 1733647
1 669200 556769
1 1202846 1946355
1 1349952 354937
1 1616248 576811
1 1299041 1914460
1 1140107 1640164
1 406115 1390842
1 1459065 347182
1 916445 1442334
1 1945318 570736
1 961710 810455
1 1696594 104147
1 1860209 1602602
1 1859433 841008
1 1791488 309619
1 616712 1095912
1 594869 590624
1 1694042 1931297
1 1000533 1456101
1 1751398 1608316
1 154853 1056136
1 793746 1127573
1 813423 194177
1 1660424 390114
1 891422 370131
1 442530 1850888
1 1120833 1668426
1 403585 1936592
1 322507 709196
1 144912 810681
1 1626622 1628847
1 824986 896015
1 1346291 712342
1 863298 568299
1 173529 1959159
1 1513468 1546451
1 1784765 237599
1 233404 393734
1 95845 1560972
1 1401767 633669
1 634673 1085684
1 163590 1784094
1 912415 1737173
1 356530 1895595
1 1252542 1781053
1 1022169 842144
1 640083 165872
1 81003 611720
1 1991713 848808
1 180403 534684
1 515579 919007
1 1760250 1234853
1 1868470 758916
1 986512 491954
1 116353 732807
1 985589 1489410
1 577552 438329
1 1770023 953405
1 1278913 1025727
1 1265998 1166080
1 346960 410762
1 209571 910686
1 519453 269003
1 22539 1313873
1 1792140 83714
1 1166218 1481197
1 1014828 945371
1 675041 1331425
1 805716 1044003
1 45095 106301
1 503893 143774
1 74648 446338
1 476900 1502717
1 621650 7853
1 192934 1551308
1 13142 1766292
1 1475412 1027420
1 757933 1261379
1 1837373 1324638
1 1005827 32402
1 1119643 573669
1 1422081 296191
1 1640791 1926683
1 130795 1527430
1 1290316 1982459
1 1790260 1203513
1 1197398 14466
1 911545 989335
1 1608170 1337804
1 908787 1893310
1 1799092 1707022
1 579934 595621
1 357513 1410143
1 1858471 35109
1 690631 1743462
1 1385067 1715009
1 811989 1961777
1 865243 1595035
1 1415282 1452370
1 112974 1148604
1 202010 559777
1 560519 1284130
1 1721514 1314684
1 486521 58815
1 1202111 542139
1 1776183 479730
1 359894 294032
1 1116861 972221
1 1380882 1804239
1 356600 1311445
1 1741430 643933
1 626648 552139
1 917383 879011
1 1692383 1431779
1 113668 1270643
1 431828 1467930
1 125300 1184445
1 1463049 1326796
1 246069 1503527
1 1331248 1437937
1 1011526 1539591
1 1564940 1106909
1 1789665 827279
1 1038467 293095
1 300958 199245
1 37247 1000747
1 683396 63709
1 1045019 1499315
1 1229932 1760572
1 1931078 892544
1 1563983 1737689
1 912267 1824415
1 1730931 545840
1 1304723 1690251
1 117050 295210
1 1337108 1427144
1 790321 1659225
1 840250 852185
1 1617584 1166624
1 1786851 720387
1 612085 1946077
1 1207062 1131745
1 848364 296998
1 1653178 1269569
1 1257527 1169771
1 1934904 1682934
1 1699030 115920
1 1366229 500843
1 331704 1545093
1 489281 251515
1 974450 618033
1 1287214 1490794
1 976032 1159508
1 759002 1551050
1 1922290 1121201
1 1900794 399633
1 293700 779659
1 1035416 1692291
1 546377 1920343
1 1343957 1862367
1 662430 1934615
1 1861668 129298
1 1539869 1239409
1 64629 1058737
1 625206 444150
1 1269869 103687
1 1359415 591175
1 325112 1949427
1 495816 252571
1 662573 1089034
1 1967401 977206
1 1675183 1538931
1 330290 252936
1 370389 695738
1 1290024 67108
1 752000 1007888
1 1567184 288880
1 1968203 439502
1 93736 1494709
1 25236 100385
1 530887 1155784
1 1942260 571956
1 307718 116470
1 400136 768938
1 1379061 1766483
1 715113 1635850
1 1158878 512921
1 1982304 89918
1 737994 1907179
1 32433 1209410
1 1417599 419383
1 1947625 1627455
1 1840391 527483
1 1904326 1346102
1 1336739 1102536
1 522208 1444170
1 1844335 113552
1 197770 478626
1 1653762 1985860
1 1890412 239721
1 1472552 1508030
1 965480 1204806
1 945941 632799
1 114190 1403660
1 466785 1942977
1 522694 822531
1 1757806 795628
1 1705827 76766
1 1871205 784785
1 1849108 94116
1 131566 1420309
1 695272 171819
1 23245 137883
1 1229989 436122
1 476121 1863608
1 1406633 1174758
1 1319896 1449681
1 1420710 1999346
1 1706959 510627
1 1809393 1339247
1 1975163 1542432
1 1490427 1488393
1 285217 559965
1 1020382 934927
1 609951 441827
1 279643 863823
1 295325 1183586
1 893341 1495922
1 338122 666661
1 57631 1601599
1 1546065 565851
1 463536 300729
1 957059 1912901
1 1382914 246838
1 501188 1418041
1 1941786 245063
1 1425702 118986
1 564329 327733
1 301016 39842
1 1874303 1135872
1 1436755 1070747
1 749504 1576988
1 1349766 1219701
1 1934911 1429739
1 502364 42369
1 1035825 947761
1 1952942 1816473
1 1000236 1244805
1 226037 1234116
1 1032912 875608
1 937586 1268958
1 186405 816715
1 1188141 1344719
1 903151 584588
1 808033 24112
1 387996 325294
1 563906 1682472
1 271491 1334759
1 546006 1436709
1 1299028 1857958
1 1112077 1835246
1 960961 1146463
1 332909 503877
1 358243 1655636
1 1254063 1969700
1 1837666 1112159
1 1943925 373520
1 696166 14865
1 231600 704356
1 1398782 496080
1 606980 471080
1 1840631 518830
1 1020225 1788622
1 1688815 664461
1 288092 1745384
1 1933472 1254460
1 80382 532411
1 211988 629833
1 152502 1112170
1 393651 1549522
1 739604 1225075
1 1357491 1650916
1 867402 314335
1 1421057 539596
1 11782 1807242
1 914870 611634
1 429574 982082
1 1056182 1290693
1 1154037 1174868
1 641756 1714488
1 1235672 983135
1 807957 1515030
1 272693 261611
1 868210 920958
1 557104 751559
1 1461617 585240
1 1514807 647703
1 120920 451695
1 1142251 472096
1 1568406 1993995
1 1231099 1071608
1 340031 56367
1 1782429 1278473
1 1510810 1101051
1 1336445 1872135
1 944963 1884282
1 378414 1561933
1 1000126 221385
1 1563949 482116
1 942935 51203
1 1327347 42952
1 1695575 501476
1 1042849 1698341
1 1612094 542129
1 606251 694139
1 1487990 1494665
1 1223789 775164
1 1619597 1057610
1 1813347 711075
1 1982447 1074171
1 376662 97884
1 368786 788660
1 86480 1426500
1 778706 1925574
1 457206 95308
1 664714 1031609
1 1708857 1449767
1 309751 454344
1 322426 206565
1 1218499 795265
1 823143 538879
1 1286726 1693751
1 1281352 708824
1 315319 655954
1 1986163 952734
1 300388 1920068
1 349077 1342231
1 34820 1697626
1 933438 62556
1 1819891 1181524
1 86882 943011
1 499591 1948110
1 1260822 758538
1 822648 1160489
1 1958271 595249
1 536872 1954122
1 517175 1583850
1 1869756 16896
1 711888 910788
1 1140891 713949
1 1952496 1005491
1 57210 1899415
1 732466 1385442
1 428578 1316030
1 1949584 621757
1 1224484 904521
1 1897964 1565855
1 1694903 1191785
1 1350730 554834
1 442158 1374929
1 838506 780009
1 1249684 251521
1 272501 1490422
1 1396200 463497
1 1508261 395000
1 94947 163754
1 1673811 1265872
1 1914135 1229200
1 896065 1773869
1 1851127 1926424
1 590802 1494689
1 1082227 429029
1 1450541 139042
1 1524940 963528
1 359855 1775436
1 850721 696959
1 1829860 646839
1 829920 110347
1 1774491 880110
1 872978 1698521
1 1656371 1584087
1 249644 1454548
1 792597 807994
1 146412 1444141
1 1360774 400686
1 1774316 378094
1 550854 1495812
1 1894913 1839892
1 1937920 1248648
1 1797480 1757570
1 1912959 1311878
1 1014888 848094
1 226768 1760486
1 1537813 1049719
1 1588267 761280
1 1571673 594964
1 760496 270161
1 193752 1671354
1 1656402 842926
1 1413816 777481
1 199783 1605614
1 1164922 1995248
1 1917683 1983988
1 756097 258662
1 1550221 478064
1 578450 262914
1 193314 954488
1 1596925 567952
1 103963 369452
1 1083664 314612
1 1580579 396552
1 824461 933293
1 1270069 113278
1 564850 496297
1 1430217 1610236
1 923301 84738
1 660968 1149906
1 553691 944905
1 221197 13498
1 1260295 1895335
1 1216722 580113
1 393700 1092700
1 989709 1771819
1 1102749 853254
1 301720 885326
1 635920 34959
1 1116679 1379758
1 314408 263166
1 124943 1173997
1 1176475 117321
1 152200 1945273
1 1983321 108862
1 1201001 817603
1 1411547 1598139
1 620047 208441
1 864070 648894
1 823141 16252
1 166823 839595
1 248051 708226
1 1696681 119323
1 24310 1951598
1 1180625 14894
1 1287902 1840915
1 86607 645737
1 937958 1458851
1 52102 534052
1 920188 1130540
1 17449 22860
1 524820 1578175
1 1527993 1926319
1 110565 844822
1 576011 592475
1 755435 736028
1 874238 406967
1 152713 1576937
1 1029741 1741201
1 1918752 1740457
1 493236 1161899
1 346925 286434
1 1532592 942176
1 136489 1735418
1 1049749 59359
1 881394 1791234
1 693231 1690582
1 640548 504156
1 986973 755642
1 541417 1937268
1 1071559 1569195
1 1876211 1617306
1 8158 684754
1 1332399 1623387
1 1888036 1515707
1 1271406 1728266
418575 13489 81357 117512
1798617 1701856 406085 365383
273420 488013 1722690 30035
1355327 476965 1986095 1948939
1800449 442433 34058 643298
1313511 200079 272427 1296228
1286627 578565 1611288 1663410
1305987 1664359 1190050 176789
219791 617638 1014247 924363
270413 955409 1281002 1049198
1533427 1865016 1566761 1304259
1577761 6147 221596 103625
709937 974560 1261919 334205
56921 1807992 1313713 462761
680875 922382 774440 1472493
1650619 314653 1080094 497510
400330 1857643 1161771 1530118
1642098 220813 1464986 1917655
1761893 1824521 253816 373078
1676896 1563873 1727655 693588
1923396 339524 1142792 271497
1115625 155050 107355 1984238
1985279 1632104 1490597 1497233
1312184 1343376 1509080 996692
375752 346584 1055016 244154
1273670 841486 811296 1077626
801321 1909746 1716989 507473
1714296 971172 658966 1335243
280370 1638506 1277260 204362
1168738 285645 123407 147563
1389004 130429 1162826 1219568
1038719 1297741 1899765 647223
809009 1507105 1213853 1892844
711350 149613 1074457 917152
1871311 1068055 146180 999975
1318598 922406 387840 1870820
622184 100562 940626 1586719
1760060 1891456 1431188 1557101
1498612 731705 1523812 121771
1975374 1336763 1397074 429579
720423 410874 1307348 205682
481993 1933890 1734296 1828985
997111 795162 1031275 1173482
483389 748828 450240 438406
88087 1281090 1395638 249240
1983985 871196 132491 1642341
702168 1338006 1457451 929613
1929450 991557 1384233 1851422
1959880 435931 1675139 1498916
1490684 1105137 107253 347169
1897502 1007346 403054 1278840
694146 1472489 861021 478153
1710696 1292149 1484903 220296
70034 809259 1777413 1520656
1932868 780258 102854 588700
953432 642709 1421168 846505
329005 90028 819728 375576
1747737 1082820 802272 980683
743672 745832 1137990 118885
217335 1618700 1382258 514471
1167145 1655927 362536 845536
473977 751721 892111 729273
1049803 1077736 956119 747797
392738 1480186 110388 1275738
912372 1825003 1571697 790655
437331 1221185 1778605 1557805
381300 1650779 355479 364713
309995 529528 425187 1958016
445820 1193685 683025 1167553
571956 302138 789304 765952
1211176 913984 433091 283290
1510237 901896 553091 665774
1279375 918859 133571 524210
326500 140707 295211 227841
671074 1194236 1276051 1407189
18545 111317 1009483 180967
306840 13442 1487689 868454
1839409 1816500 1681197 299980
1897514 978301 1488787 528406
932333 1036248 1001845 1855535
1337565 112085 231538 1663952
1625824 1065645 361946 805915
1215737 106773 142604 1308339
95554 1025791 571212 822217
1159081 851439 718556 316843
619450 1633619 725886 14900
1399450 654891 1113001 431558
278093 700604 1100882 831202
717101 682170 1849740 1976050
4636 582116 881294 829982
1251914 652400 1460831 1205122
1068356 362284 31588 1388777
229341 336851 31706 1740222
434511 1048915 526947 1982924
1835408 136787 1419259 1390757
1882024 1669009 8963 1046024
1526837 1618582 60670 575352
689623 633000 925302 380380
1838614 555536 1650614 1503276
1045703 1752928 586863 358573
641253 1275159 1286678 1956730
812034 218872 1929890 608777
37146 1957007 563920 392077
554194 1550724 1286738 204364
682455 938869 154580 1449703
967515 804633 1333504 1453096
180194 784278 1516097 751683
510811 1071066 268856 54604
1773221 1269966 1206838 902744
154751 733535 1456726 852625
146485 1188039 1858392 1252006
451366 1098543 704629 452691
973424 64419 1685305 674667
1993230 986546 1759193 234439
1371034 445179 408989 1496971
1336208 278653 1416186 1581629
1098956 599706 684846 971139
1495956 658254 958399 31906
1732851 843803 94153 708241
1281501 697876 1823295 1239065
1703855 1983361 811798 439503
1289462 432892 619455 283152
1904060 1605828 1976432 1550742
478197 794758 1361454 812497
1256333 737345 1026222 444067
921568 1290985 136373 146070
1750142 477661 1402463 504699
705844 1006030 1646033 694692
1883717 1178783 1799854 344438
1422597 150016 526652 1614096
1535862 1636400 1765345 1591381
432886 458970 780889 645807
1653165 1249836 1441061 1408266
436649 1932745 1936339 642063
1268886 67163 837801 1769283
635206 672179 1312726 1396549
250559 777760 1992845 1018935
607822 1022415 1070666 1697787
1437626 1424210 1093464 719260
923427 514059 381175 1307775
1228109 1430992 266765 1609889
195446 1648353 1750768 1577654
786020 242491 368846 1419916
1218912 1898304 1746464 1394659
887606 821885 1199006 423290
535541 1968109 197967 149842
608120 912946 1749553 933062
1545768 305626 229667 1241907
417217 741147 876585 354280
997502 1932783 515494 1988310
243413 992528 3782 25441
392374 1530651 363090 1525196
198111 258792 1029817 1461355
1195537 1804686 1575146 477260
57119 890318 1132974 1757785
182678 1334446 192361 1799981
623982 1856204 910840 641010
1550533 645404 480764 1981832
1046293 1959195 504772 1257533
1302639 1065414 1573046 81124
999529 1749700 865411 1532919
1216869 1152577 924874 1220286
1879187 731429 732925 1250101
1463872 1464759 1670093 326817
327533 1716940 1170449 961926
1180563 669672 1934318 1690758
1607112 1361536 132067 873105
107259 683076 1435815 1185174
819151 1402650 445477 499824
1536550 61660 1326480 1356650
650816 1388805 1183351 386894
1392717 1678452 42169 325220
880452 615005 1545232 903649
1751101 1752145 291908 323568
1693285 378031 1584611 835408
646047 1976500 168863 1529155
740799 612414 983884 508761
825003 1408416 1098491 1418271
1657187 160917 100266 600803
302784 1288656 917465 491636
1045926 778922 1043100 548041
3756 1239266 157960 305119
1147720 546052 1504753 871064
566966 301049 317468 251347
1342082 1753400 1624699 419296
629451 1080777 1615238 1711326
1326597 45687 1758236 1583244
59091 409426 818609 1479227
245968 777814 142173 1713439
1170683 14058 496621 1044995
1626096 1006323 1305942 821717
1282861 1097197 154525 1054339
1968550 1326830 1020943 641585
1680462 1839900 1107552 177746
968701 1854568 242106 1182421
1852288 396645 1441568 50591
655607 1965319 422043 152456
30183 547765 1416278 1383602
583977 1463573 609136 501719
1362951 1744581 1113057 1853881
1264358 1785706 34434 1559773
141992 1031762 690418 1092318
780206 1341975 633005 1324968
1273873 882385 1714693 1740090
1778652 1464061 981515 387412
235080 687702 1403004 992939
935391 1989015 409581 716845
1137218 1650359 637753 549530
1654268 1930777 1920223 10576
1603021 391614 1102159 1353336
1523646 45778 645637 1604578
1809604 1495755 1830223 1789241
629819 1700308 539420 1310704
1456251 763809 702112 677116
335371 843894 1852955 552489
1942958 541622 1958532 1237245
874584 1715205 1381736 714644
277623 1414832 343756 693399
868435 427580 1209688 146950
953769 392297 1114776 1890343
756572 108510 1886435 205384
1988811 704652 1232584 437611
891605 1252245 1483875 1117487
733568 118812 335170 78936
546305 1965274 391804 411413
188403 1468178 153326 251717
1053417 1506510 1744170 113079
11552 190328 788782 1857530
1587529 447878 25943 1964760
724783 1400604 498630 877918
1488026 673889 268878 877769
1380311 1928466 1220652 340595
1292158 1894876 900860 465362
529616 1694934 834254 1851462
92686 1566275 1364507 1904246
112330 734967 143656 1424344
1985342 1669438 548866 11153
1308134 1347789 1783107 1042997
1917054 1056965 354167 1956893
130973 636898 370747 1711392
1980238 1902490 1442620 561399
1148434 950222 1382561 1633694
1617512 1687742 1179598 993196
1286905 198738 446528 790472
921929 479134 180894 315385
1721694 1609588 617908 1835790
1770703 988821 1333166 659409
812330 1243069 1812440 1419203
769489 863598 1128294 18593
858633 866648 1888631 827413
1366978 61969 336679 208759
1277703 1618878 1361559 1232750
27025 932978 1429754 384836
1939349 597946 187757 720253
1080252 158208 778542 96937
1529259 1442598 456710 134945
742508 1306926 208033 1579450
979129 665535 1270581 1473384
1507005 1816443 872424 913233
1333162 721870 799061 1177096
1101975 1772032 1231530 681524
1226157 864789 839014 985347
860335 993125 1274689 1787839
1046327 1555736 228200 972751
1026133 1014384 702564 87128
607911 978650 715479 332556
641328 343559 360663 1498393
473421 190712 697474 125866
549781 866215 118365 256403
360946 1890083 1000966 1220914
1438797 1896941 1154150 40142
1649444 1857552 926705 1052296
1659816 1769472 1995800 160282
1029897 1890545 162745 1328214
444490 1945092 1237322 351007
1178949 1138184 1890641 1270061
742409 127215 1118427 1581618
1541020 460532 636723 1683591
328430 918343 48976 1671045
480296 1110746 1277885 1239405
1050349 110360 325179 1778997
65515 1578449 914177 1410336
611663 1390608 1233709 1591937
500455 334807 834787 1295344
1498542 723665 277666 1642801
1391163 1090577 1007534 1866392
162817 1682001 1408648 1108567
931096 1905253 1782506 1352806
1101472 1126632 1493759 1106327
829311 1205425 862450 1957141
587027 940746 1433443 1400147
210965 125025 1720322 634200
1196805 1035036 1115286 966251
184388 852606 421693 924944
1855730 1647197 38003 473068
1932722 1157872 301989 1169847
723930 773272 456782 1009924
1384186 1610535 24681 1701706
1680573 1370293 1792343 1856326
471470 1581488 814308 731119
418573 1560896 386499 842349
1049823 1851446 1400956 353392
1501800 639481 46883 302228
1914143 1772471 604748 1046576
1751778 634462 803030 1677035
102775 615080 159687 985588
682195 860280 310391 1543652
1779277 245897 1515796 709775
1872499 870025 1966644 1368573
180215 1931927 676665 453542
279992 848095 207658 163613
3770 789976 1874521 434005
715381 1498330 1937387 914613
1530700 1057394 1464884 1360683
1823918 1622916 591732 1958618
1422980 832678 1860964 828954
759445 120246 807710 1509169
1616870 1516599 1961848 787070
1126048 1506225 504057 1847376
1843020 1347521 1420250 1395279
1260707 698374 307605 16592
1934139 1939466 1521941 423602
1985344 364965 320519 1763163
1895237 851932 1715203 1346809
1029865 914342 1485994 976737
1035739 1081088 1310360 1525782
780492 649637 1637027 1186876
490182 1357257 633730 1978089
932469 1417229 19696 554256
965566 926238 916707 231789
1665036 869161 309596 1829630
797518 1270917 885951 776292
1956760 1233956 1883602 63960
551103 1763266 1058775 1517294
1511659 673956 1990309 1569673
1495103 928322 1896190 1392271
1228081 1782995 1909223 1712151
171924 50139 500380 997381
1988714 679477 1652503 74923
1041968 1301422 471931 1247856
876725 756032 1718472 1219699
1073159 1793907 476548 1096456
1933966 1529511 1003029 1081970
1188505 85081 1842745 457458
432703 1165949 979650 165278
136113 1329148 270988 1335893
72420 83022 1523854 1529761
414310 660073 1290237 744866
1618829 1979704 1063314 957078
1334677 524945 217706 1839514
739903 447073 856729 182976
1310348 601069 115429 1509683
1501808 796796 1435156 51902
187975 769810 745353 1627573
767113 190120 1672674 933288
1892515 128618 1389073 1520743
1101320 826661 993147 412524
881799 1301710 24427 1283552
1873693 892394 1978147 247082
571847 1362547 115623 1983913
1080198 1001010 1365926 1079454
1924804 1119737 678897 730248
578818 1577993 1546480 1035035
165352 879916 1348255 1747999
982237 1959763 1792428 151476
1953926 777340 1991030 1229658
555202 1632837 1975361 160318
795998 1234735 279954 1611596
833600 1470429 769706 771394
1298447 1366660 359497 1969030
427074 1071003 230328 1142707
166475 1506774 1534434 1878470
170577 141938 635296 1203917
703911 940812 1831529 1754989
1487576 545107 1620702 1426186
1987253 1298472 1986934 1957792
198616 1454019 77282 121210
821248 856149 1934370 1719485
105288 59823 1400414 1416184
1858596 239702 1688082 294387
1427554 1810196 1725964 114680
1733969 1799783 1487290 172273
924074 403328 52232 1640578
1147222 141138 1542361 1264266
401659 1191425 149526 59125
1565485 1456984 1373815 726925
707845 435882 606629 1064461
30676 302036 1419018 1440344
1784407 1626843 976631 407039
1679858 1102631 769535 352296
1378119 63663 1770693 1234287
1958631 1647282 109938 487987
1731419 1444254 908005 1112294
1368740 101923 56064 486034
1029716 235727 1818486 1958386
1715171 1391284 195938 1460087
801512 425968 1606916 1598505
1588709 367936 474236 1051029
516562 363686 1822933 567523
1925450 1209146 232351 1373153
1354978 110137 1129407 1549632
198605 617471 1087794 503304
913457 885421 1328723 1651738
1845648 12921 1261379 1063641
1352383 338866 1254977 1909896
1330707 736828 445953 1445544
1739279 1645880 843389 1284968
1039546 193618 1165231 1781962
116539 993856 1956982 249530
417351 612073 1317932 1194252
1069221 617034 625976 1159051
1799953 438641 235756 44998
1402225 1698973 543094 785124
700839 35977 954746 1782808
1383099 1401952 283034 746697
1428027 1366957 125680 925283
1598811 297759 1652128 1927250
1662015 1933062 486790 968593
237381 697228 620907 216386
934173 297989 1858905 1824035
1733817 985887 471202 1635467
447972 1287247 1106117 1359103
5219 1864127 478365 66444
294724 759641 784398 25660
1526030 1372337 1582433 491670
258523 1553776 838031 465534
282531 433164 568257 1993901
8623 470800 430879 970744
836670 101588 905142 485775
1667300 454775 1365201 72564
1352503 1356839 1190782 1219431
1594987 1615039 1774320 211207
267788 1127046 302849 1946701
246575 1231086 1610669 1561011
659032 1325165 62503 1655727
1832021 4200 1963460 394176
552795 37920 1417144 914600
1748037 291942 61188 1000951
715649 1332887 1274922 382816
536218 961051 1303791 1576063
295060 873630 1246624 766066
1968781 533900 1575710 566012
1408599 358781 134686 884133
925362 670069 90965 392898
284737 1723668 924536 928713
179658 143462 65851 433559
1042513 733249 1305984 1391880
974134 905270 985477 569199
225014 154418 769843 387356
94699 1473014 466107 939659
1560975 863498 1128480 1619404
776356 1280367 721563 840607
21338 776223 1920052 1528033
1900801 7674 853509 1528681
1526425 1091995 487585 1466607
1993442 783851 1820718 1437328
374996 1253143 1852090 1224419
1872834 352738 1107313 1836181
171080 212264 1195844 32109
950324 594276 1431510 1283502
1785192 631869 825449 1862256
1720122 988841 908752 907174
1929456 1235098 50036 1182857
1147560 1800779 1370484 1391699
374529 1485776 737702 1402118
1946835 940120 1834863 1334381
1603654 502492 1399397 638261
1706431 640941 1860339 1606228
541297 1952003 995598 1044911
118579 83218 425598 561995
857065 1970457 949703 839939
1410920 250025 1544738 1585462
1294813 1352645 1542896 1972191
1924120 1511104 613767 1947050
604444 1564399 256444 1793953
1245911 1652679 1143321 476566
1524464 1790791 1081373 956664
1670795 1974130 1841479 11890
1092310 1099428 1930253 794776
1318643 267714 462669 1697769
247447 1267879 1726746 806696
375577 609151 1142870 35707
1646235 52489 215572 1674716
1768238 1346841 953253 281505
1415048 31522 101767 965778
1832390 1355494 443845 1834649
547397 1693811 380371 1735707
917065 78633 1214988 12088
1276304 1181996 1931426 523666
1314425 702574 693289 1848668
1778954 1677317 792913 90932
1764799 694005 408459 422221
1581604 42639 709153 599036
1466283 1945038 385220 1951525
962115 910159 635626 1119407
745995 233181 1590834 1178950
587124 88810 1383114 657351
227369 218634 891208 1897259
614940 930228 1123993 133521
948953 1158432 1140903 1395903
1837485 1111488 1721598 493471
91667 40651 922833 1662152
1381873 920949 1699169 1744318
926135 1819170 934297 1967963
1429686 1506256 344604 992609
675494 688888 1436056 533325
1476206 984051 1310324 758744
1941747 1469524 1672128 666701
903917 318709 499376 1756570
134727 1452094 1908465 1759967
1837562 966648 199578 1397660
1516916 1868839 1690429 1213752
487995 150648 274048 1214980
1807219 694569 1474517 110064
813220 817259 400968 855688
1781602 1349162 1698817 1727784
1237884 1781361 1113927 1057832
877507 1905530 172794 445158
1890114 804872 688753 695570
1863323 597078 1723119 1480836
1957905 1562047 602479 593015
489992 1053851 1723226 1465217
1964745 430150 354342 1159239
1666708 742467 889240 1606261
1396654 110049 819830 1448994
1173202 1436661 633559 1054484
1649868 1363726 354842 353587
985448 885780 590508 1239210
1725996 1444927 1797183 469030
1781229 814000 1506707 18125
1605677 861065 1214354 463987
1035845 1118807 1406693 723980
308172 1154547 593104 874899
1372021 1377534 515526 1632623
1759172 1195563 82170 806936
941739 141588 1624026 1571998
951389 161795 460467 244625
1012758 1428972 211799 910904
311764 16077 1626611 1039021
1314959 365868 1841144 1017113
1290731 1539323 1699288 1433997
606841 127545 36524 147031
1442904 618055 1059474 1850145
856230 1446111 1180751 740098
568875 1710893 49504 471853
1575142 1619367 702014 1887110
632330 161260 368874 1263515
1937316 206380 419847 807827
1007004 1780159 154615 1244292
724681 244374 964416 65337
1691204 960869 1479251 1998432
1840850 583877 527042 687698
1591154 1595170 1287560 284107
383949 768336 1874 897376
1733154 1209382 1444041 624523
1541820 1690515 12601 94682
24796 1577199 1583281 76060
10374 1423659 969217 961320
1363760 943309 999703 814449
17762 1054606 258472 1677660
724987 32975 1608251 367579
960051 1317258 726891 1972515
130348 1809706 1832182 1759696
47142 850405 1640353 364740
1510446 468345 1610807 891924
1730660 278193 480528 822017
1806566 182936 1811629 1281641
727110 1920589 1185775 619369
856716 687357 692870 1168335
705046 573921 888800 1322314
1663470 881896 1451806 1772062
1930620 472978 1445632 669109
1168787 833224 1728407 498869
1661437 469330 29796 772582
1696049 193669 1553350 1972052
95768 105964 970792 323253
1781681 431656 1849343 1009487
206063 1032949 1285755 685376
1137982 891292 1618057 1897306
415681 1760367 118177 266948
1397281 844564 555496 1204304
719988 1583463 1808812 1749757
417618 628244 1010750 1623966
965716 417323 1046044 877477
440085 1921046 568120 1277248
573777 249046 547963 416616
1894265 1166684 53246 243656
547405 1898493 1336380 1949843
680265 1734776 462454 1445978
1657586 1444222 275409 1218104
902178 420448 1099340 518523
1726304 1639337 456282 1134904
187134 267002 1137121 623927
344010 1423685 1859416 397259
1461459 1368414 1271429 1025081
1644492 1383841 118909 516391
1663063 732751 1538907 1135689
1726260 540524 454399 654164
917362 1908353 276617 104670
680586 455775 1964863 1790435
1971543 1447539 747414 1196058
438037 1333073 1402212 282061
875964 927660 803020 81859
364214 863769 1665092 1170002
237855 1825776 1496556 844025
1679846 531858 192172 1513514
457378 1524981 1536866 110765
393867 588984 371808 1603473
388910 1161811 824014 27117
1555180 546047 1213841 970312
1293922 1737490 1305771 1385440
1036127 33288 1821623 377526
743344 1843180 1578250 1545549
458959 1353663 575784 1785457
1101324 830960 155664 1253965
1038551 859727 1736151 349767
1319075 939529 1374878 651109
1174537 1643981 635073 1995610
588957 1682035 1259712 1883566
1988710 194322 301459 1005236
1236948 23510 687181 1986746
1157422 166704 18835 472529
15437 835616 103501 1845085
1950618 97714 1446193 1562051
1979962 1251068 1171290 1342711
572122 1721294 321006 1756219
961586 11040 955092 182581
42658 710956 1590631 1075946
820140 1051710 601032 1452080
1463937 1562528 1905525 1227429
1082384 178719 695017 328459
774522 1424891 67268 256298
1553756 1050009 1657230 390366
450019 602905 283852 1054410
120796 1586703 1454303 701997
735774 96225 1292696 25786
1097411 1150527 1552961 1667203
1392034 1409830 79652 1527847
1447641 995493 91415 1702284
620821 1646804 506723 1703652
1434820 1641943 1875529 1738033
1294087 500254 1880193 7576
1964546 195931 1060260 214280
190972 589285 1862632 1006134
602689 1345569 1213923 992167
721937 1622789 1749251 1016451
1094756 1438627 238056 1503191
1702829 1760664 260305 1106573
1083990 598781 1797234 1153497
350504 1794542 1076554 265920
1625893 456455 468126 1540044
1176398 1014869 598134 756829
1598218 1603978 1548994 591116
1845985 366933 128787 1388014
1354342 1931533 1899867 1034490
419123 1892861 1188277 1676551
1668822 853273 508865 827249
802529 1837883 1916365 597307
1917610 122160 254890 806139
1537217 807700 1882152 1275461
1595782 333086 414594 1767952
1112289 1738312 1026767 450788
1271804 1914008 1912823 947493
113332 1145653 760542 1581633
105204 427786 1141359 520117
1995397 1236126 591530 579067
976600 752210 1986229 1833612
952728 668653 612698 894960
53531 1339985 197317 970215
1441849 1720266 959183 785946
831476 192309 101410 925673
1507642 643677 1918004 1483445
867741 1630396 1051028 972852
1710801 1839056 956124 1989746
253463 866919 1654551 1787443
1729758 607172 69705 1132943
1815370 920899 1014992 1060285
565431 1838578 787105 858048
1910852 291990 1777541 1522522
1073553 653314 1421834 443023
218774 669525 1178830 919958
1163272 1308840 1547994 1972544
1296567 1901203 830474 1364760
1576695 142200 311998 767708
1175244 56148 813749 962357
537925 450441 1313907 141981
852699 253841 1495408 1067710
1511955 1054105 864050 196831
316142 988226 1481213 1635214
953726 800713 1568780 1139483
1201537 116974 561875 912252
166032 1944904 1918098 131402
250458 575397 1547460 965907
692161 917181 323804 383938
1167248 798082 467792 1660649
1922372 976855 985992 973980
233375 1056847 774484 757269
1003351 1289675 684417 113022
1216074 584188 1045236 913457
487889 1440403 1203887 1225110
1157273 450889 1194287 142604
178194 1478972 861705 1966906
1529329 285271 241034 52029
1538920 1199325 1607613 1408133
1378067 758631 1300800 1757207
268759 1153771 268316 1639639
950074 1769297 1321028 686693
1753623 1571385 1521497 324196
1367626 1959799 1159012 1641200
319299 1794647 143219 1709973
720245 710647 372338 71812
1200312 1990221 1536047 1080662
1101563 548323 1263746 1423047
975393 230558 1622612 664103
345738 88756 1397476 395462
530461 1269771 316318 578933
42039 1852620 1610276 36509
1121801 692873 1959160 1077401
1494111 1400093 1843361 1880291
1487162 945703 19593 1512560
1647746 535518 249899 254541
996191 1324365 1109935 987635
358265 300852 696671 574827
1541046 156496 173612 1435176
1017160 1620870 1155924 815733
1277606 1154303 100840 1528517
694528 1106480 1818735 1205073
28579 617733 812600 427598
163432 1716247 751262 242453
851069 1661791 838450 826885
1146287 1370103 1287555 542582
1845196 854123 20742 1399364
937121 1934025 1875857 1370130
1525519 201241 1395501 415949
717098 523898 845838 1245672
52816 981498 872004 745758
1345193 1765611 1671974 1233672
648743 1335789 1367644 1028022
208237 1176249 340734 510209
1508176 973945 94544 599490
969857 179452 1076174 1038007
912475 116964 1340337 1241433
1759216 1854336 808211 1592570
876529 663135 1214752 1208779
253659 583549 1461345 1409408
156688 1056690 69029 937718
9202 908473 649657 1080446
1653100 1954227 510236 1263354
1008362 1375644 1656463 399
1679295 287901 899891 1062774
1195464 625005 450939 1104488
26214 761903 378222 545562
626748 346651 1383731 1817496
966780 1444730 1501199 631390
1696849 496478 112536 24734
1684681 1133976 670937 1852767
42241 1777221 1101644 846217
1007953 1288344 1466041 740654
60221 568444 1439086 1527706
1192510 1458324 106109 1382555
499070 1171828 1571150 1700346
1334469 1009667 597949 1949906
1683335 1481259 1856374 1351916
394190 955563 1696566 262580
782055 822977 934431 1453857
1602266 1726652 1995403 474809
1360210 768886 1959045 21282
1175563 1689067 1262528 972307
1846597 1269486 1055960 640407
154356 1417242 1036927 1296104
503332 1480487 875745 1437042
306087 136352 869047 1699489
1266528 1368473 1467874 1100372
1314262 1409340 672688 1774977
148718 566430 1764465 409194
207754 1127962 1736612 848181
1104721 182422 147143 206347
20985 1868450 19586 697685
1931408 1972402 173706 1819944
1378699 931432 507632 498984
224684 677908 1394232 930257
730473 1834155 559778 686664
362687 1957982 1700505 1638841
579006 1619928 1780501 1231771
1909393 1086530 1812062 1596721
382111 1012294 695852 1067455
503904 1858596 349378 610771
1324736 1057123 158153 1107228
1708546 507767 193825 365039
410478 630958 811723 732171
1744066 388972 1311604 733184
30773 628525 1107687 818733
260731 20832 659112 1601635
316867 141711 1282061 886343
15756 1950963 515774 1378314
74523 1736659 1157380 1416133
885068 1043951 465252 495743
1630981 674785 1648277 290534
1091796 1352383 53404 1308881
625619 747332 283862 1847646
949936 1253683 443824 1373007
1532752 1815964 1707391 1042607
682672 1872760 1747651 1817391
1828603 868312 69438 59219
321290 1487179 1097005 257753
298436 902616 583185 1448508
218603 1092662 1446827 971869
41366 936830 803458 1075050
518518 463613 404173 338240
150272 438672 121337 347
1975869 1298323 101783 675217
1807027 239075 930789 1422772
1402455 473267 1512121 1783018
141587 986185 169526 253121
704390 239610 1373997 1793622
89827 1798818 1817920 1308312
439741 974999 463381 596236
870027 214221 775162 1667564
1871726 1026895 145889 409541
1621145 279776 47683 233076
1459175 432688 1602138 1638923
1695810 1042032 1721809 827952
1551616 1528431 126652 1222942
1751339 465505 806142 263753
1329257 954317 1646155 763558
934332 721121 1093407 836721
1838028 251950 1987198 1460476
362568 1683354 629225 1571876
1086535 1183244 1627231 1133588
1137759 1711896 564806 1669051
1315280 809099 1239329 1764873
539694 689033 1026941 1787980
1403708 149991 1562617 1323114
78433 1759911 1338523 1517561
67184 1359374 202595 1634475
666562 334069 1079877 1573513
1647656 8795 606819 403839
667808 1745372 669811 1607408
778034 1595839 1232221 649067
571635 1641086 1445948 1976968
1245272 1401335 374394 1510149
326182 669806 1064476 822694
1102254 856594 1363696 1775123
965853 101315 12530 1316125
1824958 1112617 675701 1237152
160425 56411 820117 1686479
1963663 252615 802671 148852
894758 169186 927978 213154
677072 464656 931100 765863
683454 1204926 399829 172458
133595 1173865 1543224 709955
927191 872269 36026 143568
1488645 671720 1775359 320989
664425 413590 442142 1883822
1957449 708283 1100305 1761646
1473242 1270127 1506220 437233
1415592 770317 1462580 1667886
167006 1392287 758912 256959
970042 1140453 1245767 297285
65219 856003 499893 1821569
516881 1176748 696882 1725450
784199 941774 942659 218939
1339597 1982016 1484779 369081
1594950 1526765 601316 1864981
400201 1053927 1053249 1765474
1808170 1975855 528468 237716
1794774 1772685 1212103 48808
480509 1939041 207538 350573
818571 807527 33077 1990831
1316912 1209562 1394394 444876
1905009 342298 588544 1877066
1295927 1317801 1795668 1816785
1913825 1580687 1084190 1252591
751778 1108818 973402 264630
1119665 667442 1006796 1144001
1672629 1109061 1973025 1733976
332352 1514840 462811 614281
800509 1721927 1767060 214411
1170472 1119994 741609 988487
1385134 857179 605729 821466
427822 730212 448892 1425118
843260 1554063 1573530 425092
1838563 1068351 480396 1404100
128194 870233 270021 1758664
631284 1047589 197787 1925586
58259 593495 899678 1715704
351077 1411853 1100729 46460
1439785 1651340 572391 1639413
49970 66672 331472 1292195
1511953 1251346 1570571 417137
697133 424512 1274043 1411598
469003 1482880 141302 1295532
671040 717298 1299864 58951
1308054 934528 1419908 130844
1659773 1759640 1367679 875356
1981362 28333 513520 1038908
860004 1088466 1477579 731466
1148217 964023 34318 495716
1020039 1638652 891279 96434
1367770 1442911 1026040 1793809
899857 1613511 459316 482341
1671234 175773 1795914 1541483
73469 1033317 1426686 86480
163773 1917555 651455 1107016
300140 534853 1093672 537344
1847935 554557 1552987 1109051
885039 1131832 840177 599180
984764 1545075 1319118 1054725
725864 944948 1037979 1365530
1874546 1916082 1465288 559469
966693 1103533 1807054 1854684
920012 628869 891065 931775
1139710 1841684 1036426 167480
1983588 545676 971919 160506
907583 775431 658220 1065222
373329 459492 605393 1497842
208746 1800930 454185 317822
400709 1924714 239147 1350827
203853 792313 5669 1775440
1347969 1194932 296518 1076501
1715502 367416 1913029 1401947
30483 626116 728191 1721954
1022529 986642 1545044 311929
1845142 264619 1872123 1498884
1375241 1290445 1713559 70918
425751 1609287 859948 1785751
1495457 409771 933426 1903855
471882 1920618 338608 141285
911142 212943 1227272 603566
1933046 249543 1838182 1764325
188853 1651661 1032798 1842518
338916 552243 1909501 1177498
455048 61047 1330644 980619
2149 234083 806096 1644876
1246440 860624 1878993 1265818
868511 1213409 1121227 1768649
310714 1011633 1232141 1125119
1834313 977104 385636 1596509
1485990 951764 1019214 1373162
1049633 909862 221133 702432
271380 1113497 1388101 45136
923849 1079636 22065 3058
1102172 1025945 447209 1597989
962511 1735534 925413 1577917
1991821 1895859 1424639 24951
320821 1449684 841876 713049
1677676 1298236 1730785 846148
1568600 495933 226208 1811359
1553154 935432 1542310 552849
391103 866353 1742239 809970
1308082 1299854 1558357 1410676
919014 1262009 646203 1101915
1504305 857643 1941831 913909
444196 1721839 1219606 1928784
1859109 377831 894048 493177
1174104 335573 319239 1520393
837729 29821 1818001 1915528
1351080 1981116 362768 1116833
1102788 229895 711155 1592643
1281715 1087129 1432704 486244
1396619 218957 327258 424833
338178 1229942 1694954 558683
753059 885620 638417 600602
1058549 1139617 728090 1649286
495210 1972528 1370627 1689911
954407 10942 1436953 796019
981411 92623 1406057 887660
1212928 1139609 894515 1711731
1561915 1633871 1477973 541551
61361 133248 1442785 789754
1582795 732154 50203 185804
730390 718315 274139 338380
1205503 1107648 1313254 125141
410007 455474 1606027 809507
1582478 1934751 1809396 89300
242334 671096 1078831 253687
542415 933979 704983 593076
486798 388490 1309252 1236835
363243 1184233 1007330 1111405
737531 33724 1021977 1035807
1634917 1572742 1510195 1900053
825806 687177 162069 1406372
1583450 1022083 1886274 874986
1886247 1509767 57412 907058
1993368 248873 922422 1727045
515514 1713185 1353221 302076
1695730 1652634 980592 510015
1631821 382844 833286 935895
471485 1763410 1812689 1529056
791577 591875 809319 1002146
1922545 870932 937161 1112899
1220497 107246 1946713 1804887
239097 886920 1610140 157666
850438 1760966 1969969 1591154
804063 1903734 1930379 1035656
1855607 1955484 578537 1591111
1315795 1450862 175730 1561509
994582 1552077 1535277 760987
14678 1473106 1791279 1161875
113225 1527650 798557 1344027
1252304 1174979 857696 1487185
1449338 652453 1512878 1894886
607479 1397889 1199722 787791
1304380 889790 1225272 503881
1244138 263530 523240 288690
778882 1583481 453094 688739
1476281 1326807 42158 897466
557484 1292040 201481 295409
409927 1999307 198503 1155958
1924725 556654 1006961 1357631
1896115 1326081 1087974 1257736
1765844 374112 1429676 188399
152892 467277 1276904 1608854
300544 32535 391624 917273
526428 1655252 1205598 191663
1129473 959171 848309 1817434
1730210 1272702 398140 1920043
1735908 675000 783206 1575296
1555535 869263 927926 1570766
1422487 33323 1909309 655333
731116 626826 897879 913522
404939 1394766 1786148 1144749
1832792 1494300 551056 302397
905640 41912 940396 826544
411564 887439 144252 80797
975077 1986492 1414890 941692
1863697 21105 157437 1506557
417042 946067 649782 1131930
1988095 641757 24811 1355055
1168216 1269116 710232 1729402
145354 577923 1174981 36980
173061 1456124 1211321 1371226
305984 1637249 916865 1353067
787266 492009 663521 186834
50907 1880068 416364 732140
1385361 948580 1587159 1472804
1684211 836577 1505881 271911
301755 660736 1971361 15812
167320 615649 1035068 910254
950424 1407006 1744711 1486267
1445814 1315275 1422001 1022300
824677 1158382 278020 1668170
911717 1737086 120674 1290501
1434474 1790111 1748081 1249085
928008 523734 1525058 1346272
33055 924533 1356805 1847027
1405687 1891260 1363609 788447
622145 1491343 1848256 73723
1866785 915514 1534156 1501845
1558221 175181 626148 1998587
172951 1695460 1069529 916677
935272 1331834 1483589 1496946
4428 759173 150046 1060327
35047 1282558 1945250 1829005
543821 1740471 943300 66978
609935 677566 1898663 972299
1821319 386671 597761 1473708
71619 726590 319828 986035
1539863 1414062 660359 751851
1959872 992578 1786921 537770
473484 248879 663654 1165537
1023893 1625514 501958 667959
250323 358929 1225156 1924185
862589 502542 1402948 1671046
1127195 304314 1860086 698367
1022915 8213 1677907 1204073
49220 67991 626568 653580
1386354 814964 1617987 990466
425594 1482 857660 59328
1746435 54023 925516 487114
1526107 892884 1416067 1988366
1421610 205329 915626 298268
473056 1761229 21208 670230
269949 512689 286346 177134
858460 1854094 844063 1847800
1563420 1105473 1077819 1420435
625297 402898 134581 197964
178955 1619513 487810 707021
1802211 1615729 1709066 1056016
1413524 968495 1603563 1606102
25051 736490 368714 1817346
1298644 1785768 1791779 406777
457227 427310 256788 1876845
1120735 1414212 1424485 1589
1741582 1339474 384234 253831
931424 1752110 892760 305644
1220808 1876000 1937277 1690946
801440 826677 583611 352658
727911 1323536 1266147 466569
1058338 722794 913467 144641
1250943 839239 904842 786708
1317696 1373015 1290856 144957
1733368 98958 1104589 962892
731633 1334985 1643873 292882
361919 1767162 145473 921711
1493902 42667 1716586 473776
521504 487481 1129946 601548
730545 1920152 685361 300790
776545 539423 1545737 1676501
495274 1574091 1933402 1733530
1237321 1213597 697603 929564
171548 474394 1045295 1089261
228947 522948 509420 1051367
148523 107007 824586 534407
1277988 1845515 1116537 1488098
1614651 764815 1838098 1000333
233883 1820869 1319530 1435098
1400617 1846379 1145553 1912927
1229898 1224228 1908436 1371733
1595721 1052116 1594147 1311626
1662810 1387408 162231 104820
963634 915617 1789000 345060
315321 1612543 78735 1000225
382212 934836 1016458 140189
1620325 1323272 995791 883324
427111 60991 1558532 1641967
938378 643304 771267 196188
803110 251813 1471922 987262
1974641 993540 889802 947434
727328 567953 105366 1817733
475094 1015829 1587532 1549257
1939705 412700 830932 1654286
383789 1076765 865082 285262
1212637 981784 1453581 1026508
1246205 1391739 1065710 1471765
617017 1497015 945357 1241749
1013979 648503 867822 750104
1767725 256259 1555219 409321
563611 1273675 1413254 481344
1725289 624188 1152158 797331
354008 454213 789605 861778
1929015 1020542 1474229 1220713
610464 652399 633051 383668
166793 1284180 608906 1809466
852313 507484 952238 1520495
446365 1933039 1204191 887819
1797050 834435 700735 1956083
935724 356502 561764 1349622
235881 1108437 1290397 947584
435151 920054 101553 21775
1856937 1159840 441514 122522
1184796 140946 881121 155145
847233 1753411 578081 743321
919915 761489 435306 72610
1268248 1468348 786676 850682
1835977 592273 1252472 1935517
371155 617103 1530532 267529
403724 18972 1978253 558895
912887 1358245 1755126 1080512
684384 988151 1875127 1826183
684825 783401 909215 1381056
1962756 1710728 1878289 1251903
1462354 412886 260802 1211078
120041 1854828 47329 720621
1732943 42234 588850 655639
865490 401247 1385545 1844121
678368 365065 974497 446505
1312324 1754385 1589276 444086
1329059 645940 185440 330291
274816 1593144 1154315 184097
569743 10234 682520 1066238
1430657 529633 737055 1210685
1464394 837339 1759483 1987678
1551039 576294 1089890 1794870
167796 1205529 804002 284443
1455449 1373335 196101 1607398
21586 1974137 1212174 438173
218366 1422437 836621 1772845
1511873 1170244 186872 222201
1686719 660381 608663 1035091
1115859 52024 1201323 677937
1341285 1379874 1553555 1348641
578279 1570183 930170 840381
1703820 1863266 1840455 302854
1458371 474193 551477 1671123
1192635 1200695 1653271 867167
1264052 1408729 1701822 974410
1184067 510912 891405 1300990
1791558 1441517 1550325 1527607
1520517 11295 1542453 506468
661978 1130356 1291230 1678897
1413173 1656394 536181 599506
1887304 110111 1881804 150810
449560 35397 1970778 260421
1421009 555076 1722995 1057580
475185 1774267 1624175 1210484
1328578 101110 1066585 706631
804328 773507 1613356 1752778
1994448 548069 1837047 230239
758668 527049 748387 1851498
567224 785213 247195 1980953
1480194 150734 817830 1730446
1978138 55469 340581 1008054
1336349 857018 283804 1561478
1781583 1877068 1178893 13863
21616 1212366 561099 1582807
1262147 614491 475211 584968
77733 283075 1578100 1934699
44527 1124128 212062 1675054
302930 397955 1705495 1260860
1285317 1368557 192929 50008
1707020 581940 28673 559983
327504 1595693 223715 1653172
1952847 1982762 1287018 957266
473529 1295677 1319651 694807
1472215 215755 10725 503703
41102 1095180 367168 156498
1363435 1102089 177945 784736
1332762 1878587 1307400 1270991
1907538 1404380 1027660 586597
923736 836651 834661 158656
624659 758185 1017877 1743684
716374 1559212 1951189 1158487
431861 515870 1885610 1572253
971734 1089282 1019380 1658629
1981123 990189 447600 1464257
687839 14128 1900134 783014
1165057 1107836 1218180 725946
831163 1614250 1075211 1468676
839955 1833636 1158148 737934
1106233 1583725 1667656 382570
8120 267132 892023 609478
1630077 375336 1194420 1483711
50804 498654 499304 427226
1264838 1534265 1235974 200018
462472 170568 1670820 59780
638789 643809 1412918 897702
359549 98982 824834 1776565
1454326 1013436 520074 1002902
541625 596392 1879800 637641
938295 995074 755306 1162505
869476 1799878 478381 252496
87867 52007 140840 1829571
1872689 1296333 910766 296174
1911462 925953 841338 178206
153139 1638390 1315173 1126002
124859 1277519 910373 327976
648732 939963 1071984 380500
384466 861262 1015963 1614547
1048870 958614 494008 251221
849601 1312553 673525 1246915
1226585 1602409 1109229 266676
843749 1064454 1257371 600336
1723694 1959588 355374 1988962
1742605 1785624 1649816 1691588
142460 159332 1003307 4543
272093 749480 1996738 1180507
1195824 26619 722589 1080543
500026 1700973 900387 1532698
140360 892031 127260 1737918
1178454 1081355 1088400 482933
2725 1993391 1240718 1203081
1177714 1197635 1702941 1069892
1170407 1812147 4395 1156532
1491056 1898196 1304624 1773846
731875 1978294 1250751 190394
1377748 687320 1875820 77182
598431 1050611 892826 818221
80570 1648408 1451519 1716622
1816069 640428 934866 1700892
113172 1210228 1544971 1767105
1428465 895861 551896 171780
595129 1730047 842994 1791071
1840276 816612 1339024 1422656
295882 1177005 1361924 907827
1943263 1025322 738526 1187906
567246 442680 1147187 74962
110370 813636 801449 113139
1040928 801842 1078113 771647
1255227 639182 1882082 1750908
1862965 1956143 643925 1585583
742900 56748 613074 1483794
730414 662039 376570 1470787
1904811 1208201 1852645 1289329
77366 546894 798602 1599782
1475009 24248 704878 1258122
1671934 889070 1464898 811447
1617316 1936641 1289887 566492
936436 783479 1837445 17101
325317 1340249 1456401 1002194
1655512 309333 1300611 298005
1893151 439157 1491544 801243
1971172 507182 489703 473492
58334 407828 829088 815282
258065 1982379 458488 825260
256010 886200 1144871 490487
337702 1990843 849749 1539121
301378 1186466 663488 974264
1430691 859453 757957 227713
957663 860526 853518 291227
112029 1031325 255218 826443
791076 1459300 571055 1241200
336037 1142860 1275683 1626372
802077 1868760 1211595 1372918
971541 1577409 1844584 1837891
518927 272798 1255969 376943
1919861 1467842 160792 1542851
1020729 208425 1620836 64609
1609183 899007 1726325 1906376
352771 1414438 976863 1949556
1119183 751342 1659438 1417657
722410 110551 803607 1558412
1108991 1426107 597715 1326306
1203838 1914168 746709 1097151
716008 1977175 64934 291506
674788 446735 1529655 1070115
1714432 1100210 56497 905452
907542 980820 1479764 139509
1504285 233042 1491309 140656
1231338 664578 304967 943278
1571770 1493529 270799 291328
160148 397302 19254 214250
293864 1442745 614138 1150319
170717 1085506 1154017 90799
999272 631380 1196677 994862
807246 972768 1844657 1733872
211945 1204682 49602 474895
306790 157659 595251 1701923
423970 1016208 1599062 1447565
1664114 863426 1384593 208569
267420 134757 963182 462779
758432 634301 810861 1384135
1150173 1432870 1016658 1329099
243703 635277 397860 956563
1081181 910226 957527 471842
1950334 999228 1075199 771987
275706 75436 192812 343787
1278668 1963894 1365290 1118985
592968 903168 539621 1038363
1077225 1683104 179818 191846
1625287 1608401 263424 556800
1620740 1622827 1035757 1396622
864822 1561585 746334 64986
989060 1477905 1176629 509995
38410 1547819 616482 483191
1834239 459759 443605 1305696
866510 1802665 1577206 409018
340984 1678113 1255978 1933547
415639 1699735 1175960 1347105
611971 226222 1147244 1689145
487564 595353 171377 501701
140246 1016325 1642622 1372427
42877 1577439 1065781 438302
1831737 733206 1332880 1429077
1293622 1628535 306074 429892
210693 494163 609727 1613038
824062 1358591 1321389 1550148
1368481 1497054 1925977 907234
930289 259896 854058 342184
1759881 333790 760665 1209114
1592163 404262 1946874 1156934
1138343 325071 287335 1460005
730924 1570897 86087 1426788
1033769 710462 1966333 653625
150692 464630 890848 389136
1238047 316033 676983 716933
88701 1047365 1003747 969092
1391583 62067 177084 1880860
1959032 330006 1620043 1721230
56787 1153926 993168 572834
1974464 1328940 663751 414182
1174280 1878256 1560274 1847619
1506129 335997 487570 1043752
1757975 20440 153241 863914
1871849 879373 508461 380241
523593 876733 598547 1869619
721544 741914 1514879 783145
767768 729304 1096500 1581322
1974180 832791 1802189 757902
1994931 1652110 1428522 1024654
1731299 683279 284 529535
1890792 1605844 1480161 777300
315926 1145970 1660831 1205011
602660 17913 1676254 1864485
1548318 1329766 783947 60046
1390141 811022 17429 1707820
240775 1777195 1313021 1543114
1762188 1033968 1144044 1559276
376114 1216295 1362343 280886
1173360 1297131 1925261 774606
1514984 1476849 1334691 1344883
174944 229204 1794166 348205
296789 1068819 1000610 624606
598525 965829 625125 897426
1699296 94271 1993322 308895
703949 1982687 1423920 1887444
1083052 742175 1810364 1747120
1872091 295788 1545649 715380
5424 1503679 937093 1635559
1841062 31433 447341 721517
1387138 1917045 713292 1273163
1915204 1571804 1765240 1489175
1966101 599263 167465 1435690
241732 1753789 336222 1559322
1874429 166707 1658209 1220151
805317 1561644 1977177 157400
779329 1565307 860891 1210352
1020163 722531 1597049 329968
283937 186734 1467048 1389608
1832247 387424 1016634 1550820
1555314 1629807 1807902 75044
1947259 1478324 1091746 1406634
1379369 1844728 1824991 1501922
1537989 96659 1045475 1236095
1532848 1667508 1205439 765835
1914919 1499395 652810 1334975
139832 1253905 1124630 998557
764912 299134 944305 491574
514268 1835782 1542885 833057
1375466 1444579 1812572 161686
1494772 1427959 1206381 1350772
1217725 1837072 106564 1929076
17055 816535 1035189 1077374
1874644 1862797 1405618 1668025
791738 1344277 1169655 158963
828696 1829281 1553672 1980362
1960066 1120920 1124585 823358
44619 1199386 1708362 1591514
790741 1736859 43499 229245
1665357 825522 851657 211091
1420363 612667 626370 585781
940225 822579 866259 734212
489980 878153 564023 1801814
1384148 1821412 1153990 470983
706666 1539627 819344 917902
141586 1390738 1488207 69243
940964 1652882 1669924 1288294
617943 852699 75062 944573
95671 397446 208192 245740
199521 16744 1169149 1456586
1881990 301129 456609 687781
1269776 1911276 1767472 768967
737966 1775898 348184 1339046
479951 1884588 1960258 611772
1066562 414537 1816321 1765198
19911 571659 333944 1342864
436215 1043059 1142780 1566807
1267282 1146922 1188171 174860
211420 710451 223401 1337626
1620167 857974 1929810 1865672
1547297 332522 1030389 229455
1766996 848173 752286 1023831
1439149 1200148 380821 1824112
1620656 1815050 1208885 1981298
406360 1008214 375742 429106
318283 1327670 1665286 1866065
1449526 1708862 1096101 1884913
1785978 278005 270370 1174959
200686 1960651 505068 25472
1062983 1016917 131699 1835512
844483 1518479 374927 1488271
56254 1103220 215766 430028
710045 1391825 1475870 585942
40929 1705273 346776 609176
1413958 1064174 1119051 831197
1468912 1137339 170424 1673176
1151192 1165286 873646 1366333
703798 679683 1504115 1588457
328695 1455367 697739 868376
826038 704149 383146 1020268
1868826 1255436 1879692 63991
1256487 273105 1788206 923777
1645097 15988 1322284 525690
1147904 399255 501558 635606
8456 674623 637275 844076
1426452 1726362 1838891 368820
645273 306834 586772 489134
877572 1286437 313659 274051
667429 65048 1998995 886356
618286 1693060 291836 1984074
950116 179503 1761754 1490968
157882 914751 1050590 820272
530685 341510 470125 1320754
1287410 1801769 1963190 959285
1967686 34234 230739 1246792
349710 1713000 26431 627374
573343 770816 1573127 1420121
1984917 97968 172054 405289
995203 527066 894630 895990
959784 1010695 15855 1173601
1815931 1520161 1132296 1750954
1857781 1779770 58647 1065852
589500 923644 558573 1005174
1209737 1286361 1061615 987846
1569642 552808 166111 208487
1221351 1781147 708174 872977
1437937 1918393 127588 1177824
280667 1085259 519064 1810329
865632 1257757 1342591 1286489
323677 1110058 987184 1992027
188282 1498484 1807577 861917
907365 677797 510478 1327803
1705542 1785690 1326163 1970590
1788151 686481 902728 771223
616302 1443019 926434 573581
173557 1985931 1912115 1290822
174436 237749 1021088 212003
675574 462055 36130 423317
47352 1613174 1215471 141983
1687981 183087 134476 1479322
1836658 1031653 1061225 1325819
1745252 795350 435656 1821998
802391 1639391 693178 984998
1950848 1260374 1909731 177716
1322589 1510054 402552 575927
361172 1921578 1546898 637380
538952 1109721 901208 617027
1914308 191191 1586059 382681
1671693 504156 905270 990063
643328 1868395 1085193 681201
1424653 1773157 772742 745303
823327 261210 942433 1100236
1779742 1606652 1239221 1000801
128700 1819771 217952 673446
289110 474816 820355 748465
163280 1117367 140892 1508766
1564562 196135 584170 604874
166054 786462 1781562 1421228
1185911 1374993 302892 1001418
1291101 1421495 47545 336829
27670 1738006 290761 457020
1028026 1442185 103995 1964370
915992 1368354 1718834 133127
1718971 711917 436125 592677
255805 1645241 1260958 1347422
1444591 1917149 623567 336279
1730007 249859 782511 683416
262082 1593689 1905978 1800754
961539 103053 672130 819461
497566 621220 1948309 1907455
227911 1024739 427750 1464733
961928 278933 1298728 1334257
1579825 982466 580072 750683
932100 1450190 1805994 758430
1312354 1339154 1454801 1856728
1789609 267162 405032 1008970
1096502 605610 1622603 612398
1071525 1274087 1786969 835973
1097311 815854 1430326 624045
660560 1391364 1662103 795610
1699627 399565 1259487 1099478
848374 460901 622323 830460
1869090 244675 1854520 1822913
1279845 1889850 611417 37742
1216968 1645904 1123748 40210
1018428 41475 1590792 636328
1563183 997976 445845 646590
1047824 1239619 976472 1638139
1157351 1673140 838444 101094
1167499 748796 1093142 1515739
803207 1522371 750712 928471
1953596 979821 1847443 1681699
57467 1063720 1056958 1879903
932257 1722760 944377 1817042
339694 232496 711549 142059
1600744 1404755 688407 1371549
539158 852813 162084 1486746
1593413 68108 690387 921660
851276 1842792 748813 283237
127770 525058 1416644 921828
1181551 660855 1519268 961500
1173693 722609 1034342 478082
230727 96905 111052 392782
1075463 376759 525091 1135010
1658321 1561359 1934676 1347292
1280531 1647854 379776 1903602
836415 869166 679304 568123
498953 54545 140730 483476
1517944 1079983 338893 452669
642423 231952 1204355 1946625
1118990 24430 118175 56726
1851610 853620 108718 867539
85858 1267495 8243 1331083
1878994 73370 1740251 1760487
1590240 470025 1656640 492266
1673779 338611 1265350 1807324
1552754 600624 276417 478470
9157 1099793 1235370 918341
704599 999281 831727 1343033
1316726 1681625 1366334 335912
1787744 1641330 1853341 179228
621026 735559 1924754 18124
1805647 1303539 1256583 10488
747161 509610 653793 157082
302742 1080123 1896314 1806923
1227853 1463428 246528 1193091
1226404 147667 1701942 124536
1679374 970462 1949533 1929674
1232991 1405192 1890205 1519969
106325 1247673 1797096 689906
1321633 481408 781533 398810
1144665 1647473 40276 1274494
1641805 383870 211096 41049
377796 1266310 1307939 1155791
440551 743270 1546661 475442
230234 1193081 703638 1285067
1042634 1887386 1497073 715949
1644226 1976557 593773 122473
565081 762226 88247 1600072
306810 854184 1715185 1900711
519259 1485589 1950080 1361377
1020452 1168584 1252447 1745369
1725071 355894 512546 1846752
482497 1629826 1662576 355067
742873 589690 1635134 1724976
37528 1125889 367432 1124527
558733 1355899 674467 143144
1242982 1418452 1908695 374393
1210298 1298262 325936 479741
563589 1659447 457930 1591108
911299 696494 1148278 802862
1054428 1498542 567314 1297484
897944 1764273 1206418 649314
732332 1217912 1936474 892239
1720579 1522688 166045 1534542
1897657 1864490 1132959 77646
1088168 1770044 1613015 1260131
608532 1145402 714440 1983306
750587 402345 539465 1847022
271865 21813 497055 895697
1390971 1678143 131739 950218
396948 1434868 1430102 1967667
470991 1826230 1773151 1435709
1087924 1732286 1224376 1661625
858785 1521672 690677 467933
120394 1782966 378582 1296087
1725494 300807 1988891 1880240
1377922 842190 748861 1981057
1729666 172660 61636 1158161
1668522 1508745 579782 1615898
586988 1266176 419697 1020573
375391 1518105 1860492 455615
1513967 531322 490856 1768917
727756 1225444 236104 1046992
287078 1343489 49017 957832
426064 313006 1735169 490705
1098611 539667 379616 1106341
768036 159664 228237 1005362
1563083 1569521 587078 342087
1788897 1290350 1487009 1478550
404714 1478633 103216 1820247
1519324 726858 1757306 1549800
1176552 1903629 1608184 870440
368410 1829758 753787 1211161
1641117 1989829 933982 841201
1661865 1076935 368424 1492727
247876 605082 1407861 729190
948943 1920400 601938 578854
1844346 129825 1277493 1894467
41974 269903 1003391 1712825
1276934 1903079 1533193 1349303
1197471 771040 412141 1936195
1459480 955299 1067599 597833
1604363 1981751 721663 1128895
1269208 1251919 350267 730978
308481 1151927 1439218 1566047
1850766 625713 1602363 1842073
147808 1460669 938912 935693
1135514 1685012 1112494 1824993
1299045 665298 426018 1373715
596746 1613234 44783 528559
864537 538553 402148 1207594
926442 1615162 1581496 723133
1466161 127535 1770269 1514514
487374 1964477 867057 181365
604559 1409231 1400258 269729
1449464 1647092 1086795 1156353
224104 231564 1502864 1982993
845599 1824752 1325644 997879
1225791 961077 1844008 594727
1777112 236195 1613393 1271606
1416309 1947758 830986 819160
1863773 1208221 468855 740748
628702 1688064 823405 48174
21143 1417357 1006425 198000
360257 1348663 246545 267269
913983 183543 402469 1960097
1838462 1747607 1239085 1357284
262923 178187 4919 375871
97569 377828 1136531 1420132
420524 406176 868188 1397626
312570 264098 1431004 1346286
90863 913481 399120 144470
1522419 984720 510832 1137443
776475 1406862 98236 53065
1991009 1500347 699461 30217
615190 1778188 362570 1138650
796647 1677022 995937 1611836
977092 1221169 1224209 1427013
8844 1206652 1995276 282957
1554271 1827047 1392413 178583
1775457 1641530 902001 1491405
310868 1597742 1698014 1436035
1537272 947572 1492602 996853
318576 804053 158969 406078
1025926 1222384 1563808 1766808
1875310 894731 961976 212251
24918 1620929 236485 377055
577551 1615741 1221847 1707653
1034500 1281711 510203 464983
991145 1722444 125018 1820125
659140 1621896 695489 1309785
967342 1260245 1713405 1976923
1804794 1912206 223586 391177
347435 156753 985456 19693
1892265 1183043 1235203 796682
1067248 482912 147509 1861108
502619 804102 345930 1417157
556530 822453 1071489 294943
1144339 1378106 502411 497147
1771117 1971642 1001128 1779545
62263 607135 91358 343821
55372 259732 1843589 1266735
782130 41512 1406119 877596
1117302 464397 1360014 1006294
608483 111286 17277 155638
319773 1886103 790718 1029958
1386994 343171 481794 1808758
1961602 312463 586725 1976903
1189552 1570500 674382 201634
1612615 1432056 1303746 113509
175930 1408870 1266715 948922
450865 1104752 239008 928027
484304 54386 582100 1238604
1217020 948041 182313 1628414
857830 80996 1573270 1903965
471189 1888687 1215012 44082
689610 996973 540862 893870
392228 641380 1771806 1760207
659137 1987265 693692 609443
1476478 566734 879092 1039117
252635 961112 1596471 586461
1036549 1174839 1321198 1026859
1736735 783787 1053651 1528329
381818 1272729 1842914 188470
1888288 83706 1833926 50541
1936044 1743428 1420689 1139961
496513 1556293 648908 1707436
1713814 1106856 1550725 648405
1739252 655654 106413 963578
73932 1339376 953751 1064023
401318 478241 912467 476935
330194 1271578 873179 1116023
505675 1201329 1095160 491950
1607370 1543949 629694 275513
326812 603129 549066 192871
1050490 337455 1967340 1349485
946960 543777 984638 1247355
1260140 1067813 221660 1985107
417097 1091080 595152 1994147
1644918 1654984 1408786 1132387
1470725 796965 985865 1199366
1787353 1901358 88742 1753982
561262 1832070 1656182 1245229
548541 793812 1087457 1522895
1739179 1641086 1982566 811494
945602 1023287 228706 683336
1792382 583932 1499446 934275
1619744 527161 993901 949544
937708 55464 58194 1422376
333261 445411 626795 858997
1462117 797840 1479362 359980
1394988 759695 51738 108670
1071830 121554 1035415 361981
1411959 1005354 916404 210308
115911 263713 926656 1840621
1530984 704486 1379147 795953
1707777 37845 1269201 618269
1711595 1671243 1096962 256414
1972175 447111 749896 1564346
1228097 1078540 1208031 644966
1902977 801337 1517177 891115
475099 1301324 1810777 152509
11761 1499661 1932804 1434110
1867319 160911 480155 1305050
281338 643268 870197 1192631
877747 580659 347736 1209495
276870 688836 172120 25670
1666797 368642 597527 341214
158382 504067 1258338 237214
938046 1177140 1800092 1748604
1917451 1243557 1083057 105327
429651 1284389 1857846 1841006
1060006 512368 880861 642388
1023529 921217 1212657 336442
384742 714830 1780404 1976010
1555964 570752 405944 364343
1842103 1442830 1655521 1541985
940051 287607 1054332 1256646
1393032 1489145 254084 1857434
1309920 1843737 1509895 533663
160662 1612761 566129 1233202
1747557 326671 1628643 1919181
1096894 1037451 1207733 1286427
543665 284211 1959990 551253
1749406 800916 1461278 1456753
665453 230639 1361156 997390
1113813 1208765 1493018 1337165
1632634 1264037 1462771 140549
884263 1010434 1668448 1229268
672921 1687605 1994899 1351253
1670741 1962224 639217 1762874
182095 772574 1672452 501224
1979553 93779 26514 422126
205473 628796 830065 182979
1377992 121022 92495 451934
1022794 818852 1345542 264421
1635417 740929 1045159 196629
730426 956112 721991 1901859
1554910 1727262 932593 1188544
289337 1910407 1943229 1301181
473704 1250652 1618485 597766
621218 436194 793366 379885
490207 1421063 859166 1097021
1749628 196327 528999 1438765
222839 224406 631313 685770
642818 1404488 1330708 1842707
1656325 1343345 1091291 1058920
1022091 270278 1996695 1541755
1570804 1241432 65927 795282
1467674 929487 1106316 357187
527202 1850179 1707379 1476267
1542328 1944108 1172531 1828181
1713343 1569641 986441 1592710
1489053 1936509 658552 1125344
949622 1199061 1549475 1332298
1213345 653639 221765 1887530
1878265 582361 1435652 1826088
1504730 797861 1552312 1237047
1301921 1340476 1243844 750761
737432 868092 238178 1959115
861010 1187252 979177 1305211
1606541 598803 1997544 1584798
1624822 808578 268227 1101474
1645516 513791 1924243 1532355
657431 257339 580035 1362476
1603975 1569429 1216255 1787363
1584514 1460995 495418 1033160
1460722 1423126 614171 368288
1382500 1195530 345308 865241
1351889 54885 228858 1371948
937406 1016073 450148 1406541
1842671 1550483 858018 163439
1120921 1661820 623281 1022782
1677435 46816 741943 542096
1944779 1047614 186473 1392738
443855 1566453 387493 451307
453656 1491505 1909095 1932764
1972951 881673 115320 1135031
908109 993050 1879205 70366
1851724 1298325 1157704 201073
1964732 701617 611110 1576161
719357 1971187 1103893 179555
937333 829216 1420660 759430
1483084 802448 1494556 822813
1521711 1359393 1331842 1861217
598733 1659623 1786125 1745155
359257 1306604 1375388 193452
790212 481767 1855995 821231
925564 503723 667251 1902596
1381400 531358 1265290 1683145
997965 1708326 1737716 747261
1858650 1322947 513690 1320676
1957209 1398473 1455687 1794497
639394 1175711 1279898 473697
444473 853200 1064793 159366
1548478 894083 1641974 868698
295819 771442 677378 1428257
1819359 1892323 115335 1572991
1569417 1565588 156721 803052
1600553 1383022 482740 1669816
488939 68979 1596005 1229181
776221 714059 1578808 1948684
938338 1456432 1408238 1530546
1041186 1527804 547793 1383304
1118608 1088014 501463 1473404
1543730 1943890 1712090 1519190
9567 779257 1195003 1654852
257088 1714117 1925226 1976762
1595537 1596276 1259221 1917467
1850198 787878 453166 1811019
1824058 1798948 1074083 1839119
481884 14312 1609985 1733977
1523956 1272170 1034378 257844
1912041 1733017 1191006 733784
1213926 1883623 1225277 470376
1711136 1243294 1562537 1726672
1763248 803399 541170 1611514
834901 1914742 702193 912457
556061 1788564 1177703 1455775
303802 1726249 693951 1010671
1145002 857996 1185972 1229873
1165368 699209 186922 606466
1712594 769121 1476570 1488836
1401871 916627 526019 375231
1569532 281760 146429 361201
1815976 54444 481851 1911807
1632118 1363244 975797 1485255
534445 1014435 328952 1392129
704835 1284333 63026 1740897
1840957 546916 918826 1125566
938716 923547 527331 264127
842677 613984 291770 1966099
390756 1032744 170786 1496137
1864280 1638904 326320 1005306
546923 53666 1234873 1864783
1099808 50509 1988968 1807956
750802 331221 1145220 1767693
1398079 1928790 958081 747389
1812477 583623 1756031 1171992
249572 1876030 471546 1629907
271263 169355 64848 528376
1683419 1675726 884838 1354363
1282057 674446 1109736 1511597
1162874 1272742 1758633 1048578
745284 981195 1886616 1748079
927685 1791290 1948353 1758851
203550 437613 1278737 280514
1302595 620174 471319 200121
1533070 1386051 1246955 250204
323996 327207 1761932 1487346
1035497 1647129 135941 916684
1776602 364043 1378825 42547
1452413 1647857 532714 1460766
1261985 717794 1615654 1423159
1918250 646759 484767 1282650
1563554 1013967 546188 1501958
1546277 1706823 1304476 52833
1090644 1378546 788244 660405
1641551 1459301 619424 798885
1422181 1479284 1972245 1429360
1176278 1188005 710943 1621360
1525763 272524 969362 116091
488383 1213951 246261 86640
52472 980066 1982297 1900313
1758265 294733 173308 1354357
62932 1507195 293234 692099
906548 1004687 790001 250037
288265 1926836 58719 1709083
1395963 1046722 533844 1829554
154978 1385644 615500 954190
1932161 848555 230347 447602
1642195 1389319 580302 569810
778974 1808655 763370 1816935
592204 379431 881185 808638
1923168 690830 1029974 1444394
503444 1530770 12800 150567
989595 918766 691910 115820
1776623 507683 1251609 1805540
1468863 1815844 1962371 1311293
1164670 962108 336210 1438973
1199511 163457 1841630 1225767
1938518 505634 177511 917871
1562920 1084657 1013182 821864
526102 1417902 1172759 500211
1596286 198082 1847937 1011894
884588 1182661 1027 1358328
875407 467342 414673 375339
235775 1422400 860157 1008617
977919 1437102 1621752 36583
1687375 152537 243397 942109
533032 460823 795784 54775
1972467 117215 542824 1384717
1952642 788965 1782881 292355
158753 683834 1256860 1116366
657140 1477782 860681 1486507
1465514 1896 769912 470942
922674 1811314 1641285 1267756
1199835 1342496 1526247 25598
173883 634109 460273 233050
73875 614534 393726 1541213
515640 1980782 134830 1793425
1699388 476755 1925988 1527067
231669 198189 88108 31202
1139025 1409600 1231857 860402
1561051 250556 290799 1091081
1953362 891355 372803 1806521
847793 2849 922649 1068511
695518 1930806 543517 976675
889940 1077528 413479 1711807
772942 121665 1526559 810196
879922 1043249 262168 1374365
1238561 1254232 1121065 335390
1932605 149765 959180 1432904
1037209 1011507 1249670 142157
296522 1910530 1572530 17883
1915155 219792 93434 393811
97708 1880115 1573854 961915
1327058 1704239 404697 1755446
1755682 318115 1259619 417209
1382491 1864166 1489305 59808
79646 998095 627908 1818591
676966 578991 1568426 611295
1649909 1584530 10385 374119
1264643 321566 930754 239724
687988 241198 1549644 1529747
1158766 1161076 544677 328749
135172 1551788 1268476 96525
1149740 399160 661255 1404500
646072 509327 1511318 1791208
