33290813
6728318
14124984
12305074
23913517
7682435
15385461
15751875
32387354
13516413
7595810
4958299
3586263
18218821
23189135
17714123
22572183
16467269
25993714
13591589
9280239
15332744
26973482
15642315
18001000
1453988
21312749
229678
24393024
22500662
4887162
14947814
6563726
34294494
15702013
2815459
2181896
9361646
1990511
845799
4344682
5714305
4924515
21117716
25800505
4660900
16595194
21326278
9491246
8105772
12875359
10780335
20571230
5954034
6059074
14097880
12586149
11110649
28112484
2666589
24869276
2655272
30359606
4699836
1439809
16745008
15443766
3235895
5837235
6639417
9284470
3153985
6145539
26501271
7329895
24997977
7717021
23773847
7923504
25375585
5491628
6299265
29855026
7589337
7053000
12272837
13096053
1647790
2842382
3194193
9490968
16586118
6545176
21699893
5623787
4370233
8355464
8319763
2748435
2214762
22136018
14127755
8438003
18856599
10924194
20685450
11983734
13687477
2846092
2848630
8283645
5568549
6623799
4665748
17929513
14063886
31174122
6786273
2764621
19974124
13129994
5619282
2480637
5803908
8581268
15276997
12302779
7201497
6971922
6103567
26367011
2279945
20678862
1113581
2147890
1375569
27656340
3077137
17854484
2136961
28910466
8427807
28231169
4397316
1444133
13150151
16585441
15403007
4403874
9912650
16353937
3446029
25561278
7241312
7079419
7018287
21983539
13179641
36828251
15514401
6640454
10518389
9533467
15190203
6135070
3228310
8338086
3863604
13679046
8584057
16806102
22246316
8401082
16018970
26919966
5249576
22486110
21521019
3910575
6337079
2889419
28808506
29147255
34266372
17482812
21375815
7887001
4897716
21482357
33626402
9458527
34261387
2278446
952037
14629421
9246486
25793858
16603460
22149066
2872705
17530069
10631429
18033242
6904977
9700863
4083548
11135025
11681252
11121300
30368322
31441633
13981913
15425255
16955511
29687894
10182176
1847662
19017553
3609872
5817910
24933068
21788190
17562010
23469255
7066116
27728406
9618309
13426984
13332595
33422760
1807841
16445011
29128147
8709293
13089298
13104317
5186268
6944940
4584890
7048750
13282450
1413357
3309248
5732133
12617278
13272131
20274939
8338885
29667785
2286602
13723849
13243023
13577963
5656420
13974452
22109585
16180528
22309722
6423591
1753460
6054625
29902334
21280284
27919015
9140549
17219474
6857279
6483036
17943587
26170469
8997716
2080480
19152030
16795060
17141150
10174168
28870268
327401
6570447
8667375
21968094
13110611
7955298
19810290
4992126
30167247
34086026
9559367
33586290
8244297
2239183
7166838
29302330
24791802
3050934
9142457
4006901
10494585
7914525
8991575
27684409
25632678
5876013
12080939
17201208
22001142
21571494
9875806
26439488
9943556
363206
6570645
8142525
15434703
16222223
2058231
13787712
24277899
15363854
14022277
2921226
4172305
21917566
29909465
17998991
8277552
4667515
21687860
25453892
1629578
17045670
2942709
2048418
10481965
19773342
16906786
10991346
5806053
1222467
21443312
9963378
13354413
8968716
3733794
20300107
20352548
17352442
36153558
21630777
13357375
3497958
10885370
13354446
29357087
848660
20947580
756209
19929426
29976632
20462137
6580345
13873482
12327844
14228441
9933430
1211136
4526388
6712900
22656803
6936233
14380857
13026165
26001626
28453630
3518954
19373137
2149209
6542632
9273514
13538040
9467773
3869949
33280613
20746514
11730641
24025089
7828443
5517812
8656994
6769281
1532078
6564590
13270955
16244517
2387555
14749795
6037107
6928062
9267454
19741459
7656149
2242722
14445332
21790073
7786000
5229973
18038517
13789851
1418245
15767631
9069052
16976299
13179247
8523904
6096957
27243915
1819285
6835233
25220267
9172017
2032564
3589356
16653218
25288861
15491923
14891951
4916962
6301080
14059440
12524450
4972301
33975122
30597625
1707307
2323132
22260327
2736810
26311541
9556002
33997311
13631425
14132104
10624035
7196538
15935741
18591585
2247838
15751042
21258812
3561051
30104041
2958317
5435314
29348813
10422190
25947299
5612245
15384343
19539836
20534507
5902027
24290264
1698894
18749772
12333996
7466241
21772784
21472200
7065303
21336074
17980588
2256141
21689742
5497813
14082596
8249807
2964504
12192609
15774975
6835152
28251023
13126854
20876427
34742807
14989753
1275303
6302717
34437008
4944518
11708657
14695786
33462032
11609473
7304398
3238335
31443490
6200622
6486854
2125401
21274903
6900073
5303429
14684735
10651897
16863125
2014645
13550355
13403292
18454320
16662809
3958150
16851489
17394594
34436460
3034906
2587063
6756488
14265366
23386778
7661125
9673279
2061111
13069501
28685781
18523001
10284105
1262113
14537935
26930129
18893201
5912154
28608151
518788
25575925
9073013
7615219
9169595
3563847
7131504
1445649
11268056
7961401
21359043
6357878
20704283
14592746
2761386
2909783
13184909
2510398
13392419
10351592
13062762
14445978
11813710
22121772
24783280
14452688
14695946
1178495
9518860
7421052
22887926
2938522
10863770
14745892
2321093
29713404
13618488
20901428
21174405
22279035
7541960
7061546
27262948
11069249
25868673
10383116
24853410
1932086
24558645
9867241
3410444
13585661
19697774
17732238
22027864
7084404
999644
985732
3125011
22766966
33507052
21318338
6388297
3599569
9588249
9740301
25390842
1992251
21582637
12531215
11277492
22759751
17043058
29748557
2717863
12400993
9279392
22121646
9797366
7437398
30931476
8624261
1115850
9442896
5337256
16235461
13546549
6018360
6619692
5521101
10095469
14442928
34005222
6202736
8255065
14395361
26177128
6698801
9866323
29887586
11072258
8718422
20901153
5410218
6613348
10045698
12231229
5769992
26773927
21483801
3599084
13833336
22458087
30203282
28020847
9960043
10816993
24564418
807097
26123534
16875772
8342016
32733332
21137110
34058084
26777021
6173414
10845861
2373617
22636975
34647893
9504683
20026929
8469987
6895061
6543974
8287897
25625610
1813988
22075078
6805347
10382090
5928948
22600486
5434240
21386853
13223272
4777064
654179
31680754
32264974
10229319
3484724
7953506
19903582
27064408
7618232
2641359
7193385
16472725
3200486
925810
14570644
6656790
1916391
5644756
13836908
2847945
10604903
8568117
22036200
7726378
16120267
7298393
4615190
4264082
18911242
7730555
24662874
9487174
15515285
3849195
28630253
5548725
24265326
22805101
10530133
5577621
26210971
21534457
6046440
34382447
28398406
1182970
2695423
14007451
8743456
8161606
11877430
25107943
7487151
30230300
2935258
25516065
5526892
537979
30450436
21386416
20639266
20736206
2734684
21853787
25282856
5937098
8065562
8703122
31138976
29255820
12974298
19800593
14350037
5573251
37411755
8641703
22311434
5875789
529485
34984515
8721046
20402959
19077564
15146289
280928
26679904
10621104
693716
26674570
18476273
1806359
7251209
6135112
25040834
6496069
7539441
9656698
9224298
13774632
27258514
8968332
1684793
1886421
23161331
11542955
11100241
2142867
29338730
7961024
33806331
13377150
13242694
5750799
34566058
1155225
4746570
7955684
27816871
13059195
9621837
33856749
31881774
15350474
7726237
14081914
25558824
30901142
3284710
15076011
3374089
7406977
34869093
10726583
8896325
12202342
18526567
3761525
21646406
27765934
8926455
32861016
12841586
1406942
8750975
7500787
6648729
20854553
9162312
27854703
9731372
5762969
20870269
14157778
22355166
5819239
12031092
7076417
9226683
1473618
15677729
29228806
8922711
6283476
15406976
5083183
12494374
3950057
3165998
10964909
2030768
4541500
1046566
28834506
21024224
29381857
21509115
6028748
14860146
2414312
7614035
7005497
10109845
21472732
13092839
11609435
33074797
335602
16375276
27294894
13801533
22303412
13390469
24598562
17456118
25048923
30352069
4098254
32040075
7713931
15961407
4669492
22207876
7072175
21170032
3382211
17849780
1501007
5887520
10901906
16027702
1619277
27221434
7325563
7020798
6386791
1717765
1945506
16410672
10516344
9863375
14840238
17985621
4161796
15351996
3133560
26033078
7245713
50878
31485418
33363414
9410777
24005287
15030256
26229333
21783414
10400573
14371463
1956440
9615904
13381680
9569002
26687632
5420770
8626480
2490131
18777682
20869801
5324800
27853989
19505794
4906769
26894759
5845141
6595637
20689079
15247770
2350835
15575976
14618621
29210997
13610018
28211671
18248914
22510959
1649217
11278339
3715654
14023115
30891390
16921492
7318403
27108818
14738545
26229092
14526719
3229144
9718685
16883734
27572244
3109031
14316740
9903331
10066821
11568605
3769645
32699404
31331202
8303185
12425211
7360673
10078177
17214803
2285290
23349351
33550030
4929978
9006623
35033607
9464631
27862360
21583011
9268405
14506444
20814949
16838687
10204085
3427698
8532578
5660460
9755849
12635884
21569518
15883416
2592021
9023645
2523427
1131991
3077864
9867923
3038943
20617022
26036734
2027514
20602339
6888862
6861393
10587489
6796435
16115322
26082072
11936211
23161699
9273500
23587161
3097321
25552889
23165745
2236756
13582967
14656933
6477141
5301431
14976953
5446354
1623718
25604811
8080944
9250323
12904410
31489845
12181105
15787658
21434597
22866372
5263840
27176584
223251
7710480
760908
4486448
26344544
17773394
4871053
10231711
12991677
11566765
1356893
7415875
2534551
13767790
2173904
5343026
4162476
32557625
20656826
25104711
3315630
5456645
33859140
24242071
21175373
16439767
17192877
5970801
25219006
24632931
1631412
21659819
33789449
6434435
7351727
1851806
3610564
10585356
2657122
13187630
17383371
26335150
5828735
22311528
13870464
1546327
15004058
10237305
2825834
1945978
18044585
29678787
1102782
5673933
7354123
446797
21069089
35230724
6707835
1581057
23175163
13381865
1967686
18477143
8763277
8999318
22321894
8530189
7545791
7265528
4833609
13534357
5547921
14946911
19968755
2537699
5825504
12842645
21925717
17864397
3487997
13310313
13652791
12440482
4031273
14703284
18164902
4357419
21484930
22155438
9374750
21761991
15665657
14725625
6275268
14090916
21625623
12888015
31258274
18055414
7581006
13475675
2986464
2033499
3803517
6852525
5653040
7318771
2169034
7742706
1123340
7840385
12952621
2401849
25699848
20400715
18076194
20534686
5304777
14125975
4921521
25782841
7433400
21121190
6818234
13713369
3418495
1910832
22594152
33905976
10201707
26809103
8389785
8285375
13470354
27546621
29369323
20547464
9301096
15130202
10345695
12843620
20338604
13643712
4173910
17549360
15659382
7899889
1724176
4531051
15419900
14533415
20278757
2949435
20250717
14883898
30346331
27744199
6547872
32556987
3435097
8009059
16534709
8956303
5982404
21849917
6681179
14474981
8695649
8729497
5382960
15319968
18357885
14542728
13857481
16874106
8296181
21748773
6383027
29677367
20380497
9979515
17057258
21678123
23532946
9272527
27102021
25696422
2553127
5219346
5909145
10359105
5084184
6602393
9168473
11278136
1254690
20426044
9452314
8558912
29467974
5943327
3135138
24307577
28332659
2883413
9550728
15815657
14401144
7189420
17292994
12040534
10126784
12986091
11942692
12696849
6555006
27766333
7955644
21965330
8883177
7872436
19737411
1894690
3936325
13691875
7434807
12943503
12511185
13297714
17231747
10910011
6414000
6759012
14051380
9484308
5018796
27452228
7342903
2268163
30282937
422574
13012626
21990804
21379354
5283930
23530302
20282387
29250584
1901908
305905
13045537
10084410
7528023
30453676
9345489
2925493
14226885
13595814
6018561
21039855
5675416
4045044
29361626
26393939
9229033
1465596
17816387
6683500
10404412
19891009
10789745
21299369
2454735
6516959
25115326
15883340
12383912
26555932
6067628
7865219
24310102
653059
21816877
11090182
3066375
21796225
30471640
22552185
3022934
21308375
29002719
3437069
18425870
15765538
13353566
27907986
6634638
12424416
7250809
14579092
1297257
34279622
14216315
8991270
6585726
6601983
6593066
9617632
12282783
1867270
18551268
5904339
29735459
6336901
17195118
13123402
13313631
17462718
1802906
33376890
12582208
13118261
14913307
8094307
9608879
13673166
20987893
13153623
2976961
12512372
29207873
6363846
1487378
2507466
23368555
20282609
6618231
6242430
21376071
8466795
10853305
6849175
8527025
4516198
1838751
2003180
6544921
26528597
1915301
25285196
6776260
15070871
22067309
21258476
8957817
14963897
20954502
30055142
8630597
14669339
2081769
450912
1775979
8837804
17836764
15816201
21505353
15252894
8490381
1943554
3917335
19868023
19978779
2782596
34399555
9756705
28373499
4790323
4945933
21152243
1325211
18923888
18076038
7270635
13050774
6192123
7412947
19984586
3124324
8092173
2504425
13793455
20474123
19945883
7320397
29260497
19507834
4479284
2021634
3723672
20248156
8278458
36234713
17030120
6997229
20933642
4883348
21468899
23615577
8741460
9233222
29743780
9786249
7622760
11751154
9156877
3892674
2956734
5906804
7437133
6744681
27144492
22065480
20774396
5712040
10045559
15058618
4376832
18951199
25961149
30776037
27743371
8167282
3860929
10118042
5813470
9573971
22949803
19790848
4529149
29535443
10605868
8797669
19779424
29634430
13565262
9468241
25495955
6061403
10361226
21992731
9313205
3982176
25825289
1812781
11244046
29908251
17258889
13747456
20731128
14550141
3045431
1829777
10786590
4689095
9398508
25679611
6256116
5247556
4877378
29922539
15423347
11004323
13136380
29714357
16941728
18770712
34210184
20768570
8842298
5221686
8254363
22544201
9957433
16397238
10104456
13826991
9032930
15884448
4266833
10865788
13049522
9608494
31948361
7073625
11021524
6227693
31552698
6631945
10530577
20259721
17596940
22439961
1978611
4700077
10400404
4952283
4156441
2236243
21717589
18370987
6847409
23236969
19968418
18184635
1992964
5780895
21215227
14219061
21711053
14731457
14058044
25447068
18816149
18746908
13453464
6917667
12238294
5551083
8454788
15471459
18235917
17728380
496075
13850824
15791107
7287483
9283741
19157915
12004491
30427092
26329072
16451401
422355
29105633
1650447
6749552
16552305
13294782
9225546
9353310
21745236
2622434
9554129
9803463
14901703
7533386
13178806
18429312
34392005
7400303
20853668
1778485
1266207
19822853
4673175
23551207
29422149
26775568
14646294
17918201
1475906
21787718
10111621
2784219
5540576
15558056
20697534
5511157
20923033
1037476
24201280
1301043
5095969
12507086
1528727
16624073
22230508
15435023
19797868
21819955
14581720
2237034
20675731
22182888
17389055
2561654
24504923
21550160
4389045
28678742
9233944
14540463
19461571
13439382
3696958
13084301
20390708
8692557
9922822
27146303
17317771
20124068
2145051
11729200
18605982
5328605
33939821
713475
5579523
2447822
8186287
14925764
30395590
3414026
6961524
14262008
28633746
17096091
25550412
7530081
25892712
9385203
915329
34493986
2756691
18028499
12479816
2169006
1390808
17797150
17912521
4279957
20091940
30313361
7896787
18314341
3972733
1951297
9596739
1828373
11606658
8480300
34661076
577889
1931425
12019374
5993773
17562260
33724353
6985129
13503138
28295436
8521691
633982
1723986
26543144
19631626
32100242
31678678
16174131
6997884
5545893
9563757
28622768
16039039
3552116
17990592
3365089
8651379
1067426
30457519
2177090
14431175
19802434
13663951
995226
8538520
14258667
1541333
17833348
1624514
25238346
9282063
24889648
18183765
18556703
18650252
6021483
20507212
1574071
9368821
20884332
3725364
9079540
14433244
30421592
9194623
13622305
6598047
1939227
2029703
4309822
17110837
6329025
10070844
6803605
13492979
21319959
15433138
33731320
10977359
25050589
6934310
10224056
1697464
20971963
3515838
7559938
1983375
13624306
21271149
21517182
23401667
3293169
8903965
7073289
13861341
5691319
21100593
4428202
7122046
7141237
10146246
6115727
17900166
3289950
7841270
5127891
6869488
26276423
16416396
9787302
3181113
22153476
1246798
33672711
1885477
6257307
31698448
6196601
2221751
2400883
7577393
20464384
12892892
21166888
6809683
13221325
2049537
10506694
20358045
7252259
26746388
7967789
4339813
7322128
10283354
263597
19944741
8250846
1090038
14058766
8263885
14187273
15125727
1050550
12328096
6466903
27228220
28306734
6726180
19220074
21681838
2854609
20178025
13220111
20720462
22356395
32558373
33979459
16220152
21632515
14292983
5837244
5679316
13672330
17397050
12963245
14199826
29047046
29889306
24741527
14764203
13394669
15977126
2561595
7582389
19185369
3148485
9412345
34835401
7286209
9202510
21580394
26927019
20238083
1200512
9535264
11947699
25171131
1964342
4225309
9409421
20600159
12356292
5997846
3826821
12154383
8995770
21739985
28584291
10589680
21023426
491290
18258642
9007898
23013052
5769657
7514747
3804389
17789908
2952426
1114744
21643596
5911241
14748273
2493699
1881066
3664006
18285600
21579855
3772590
19467165
13927800
18800445
21772900
10754118
33870526
9653866
3936770
19059653
18649702
1163775
10050336
17037462
28684832
9077204
9018485
3038814
26145225
10466990
12305508
1583163
10990001
5670038
19872311
23535781
18816172
30038655
15037290
21791086
7794348
32927869
32671866
32118532
20320847
13327314
3006848
12606985
17950116
13797042
6247535
5778487
22447061
4030831
13692565
9890895
8609480
17066974
14790492
23000615
679362
15828708
14040797
27450433
25430819
12508670
14012554
7077518
9276791
1180023
11003837
6446576
29662617
8916941
12780358
8151966
9333269
21623094
13342344
18543384
26437348
13934957
18249224
21144527
31093919
8357735
9039750
10304570
10013592
30859440
14686263
16318888
9768827
4780904
5498031
11817609
2113570
15139201
19610372
24894379
6090817
15679129
8403233
10707462
10633399
25907693
21612887
16283663
21797614
7332310
3215000
