142148637
84744221
1665075
27824145
109832191
12888583
149718435
99382932
54088184
20455978
135218150
30984475
98519804
98507380
42774235
169625040
30024244
144532003
57635406
75106703
108118723
59854275
19485485
58452444
12198530
68747107
66287477
160354160
88620884
91515453
92204054
125681281
11239576
22154239
65392239
79717219
25551804
63895843
40377520
123200060
12880956
37203609
128204858
60615636
75590999
68854876
98352173
89256429
73066095
124124369
53553556
30117792
45507801
115232070
62525964
3359719
33086765
69257943
71217033
70938591
60816902
103845098
44772986
66902515
127687216
62835542
57548852
73117242
38724374
118595428
43264157
83959357
71082017
166110249
65033634
48906953
167048468
14859240
75025391
17007099
100662178
171267990
40609026
22981151
74797353
21176009
54978650
27084854
63456928
30163522
101140478
53901665
35577461
34212197
89996124
7064283
45035655
42128778
117243783
62643069
179162114
159928943
101902
65865770
48833245
108930996
3997503
55719242
173039818
34900539
25679521
91239064
71933902
106953051
16662636
47697748
59524330
40597814
2017348
10716226
3117044
13706273
123048521
26246681
6342576
2974036
117636174
11013865
44800058
14853639
63513715
152084150
26774438
100849840
52988443
136777639
97300507
58265388
43205419
42814673
57529233
32829299
7992478
53925659
67148579
160911822
63837459
82157740
27093848
18316432
81133131
5561843
141468042
63045239
2284897
57075487
96726824
88277098
47237014
1228259
76657011
7231681
206370450
166087130
119383845
75916588
98313303
110916664
160698673
41357822
48488635
102730917
127828128
97407872
73695116
39395178
166885543
75911149
11041550
58830003
20211059
25204920
157893553
70206369
95864880
54645642
2826057
113109609
54505659
71514880
32594452
59407371
17327059
78612365
7005476
57139728
18865905
64063067
21259228
141060407
78041280
76026774
99692567
38515643
60771180
109556375
177760714
12597802
116396801
42998727
34109721
3680814
109155473
39244138
74333042
108230507
58117905
44155594
134716522
139005450
34864356
135532274
162296843
78319228
151891177
89261103
39672902
68757025
17095718
40125974
103593779
48399678
22956354
13718125
30616246
65770679
15162809
19011240
51112360
7939870
146840520
27470886
64499596
83986399
51675534
65864124
40229008
9709567
65996605
102968847
11549938
63513836
64218292
58432550
34207967
164783331
123986264
41426743
160487741
76192419
51650095
46521035
79563522
163437963
173986654
11642754
13076414
66425656
147365113
88400391
11711266
26676127
23859656
144143720
683193
143827288
16956327
16275149
62803166
58026296
76321191
65743988
25122137
80525537
103291944
34482920
150940231
80061704
7382698
135006317
32150990
30899911
67470418
127193633
821910
99261162
25010743
109359222
15956688
91867986
37724997
19785747
5728027
49513077
87925895
43379935
56060384
16404755
7790750
71184172
69512207
44882497
47774961
15429266
85990301
119083868
59660359
45776760
11523551
101445415
85608786
75398603
22785048
58717702
98573232
130972020
134703364
5877823
34074491
103748334
22450403
190122729
47212169
15470043
88600616
67647055
23901274
44692953
39727533
9804544
114729352
9373172
51303244
96790727
53217489
149460261
128013296
38620162
72282249
8928028
28570353
28277820
150631282
42767470
105218219
136360842
59012344
64364308
134227829
111438806
19548934
112567097
90333367
35179381
10187551
14394403
85401169
87098680
19277899
49096258
63161149
92596733
58199432
46919416
5039401
41078299
180864341
84630287
37911891
17065995
31878257
40998774
19300691
67571092
25885566
27090629
130007073
68501318
8880803
148086425
97345506
106805295
189945213
30675816
155429780
14203093
71865358
123290391
4695009
75731901
37533022
28819270
85372323
83869644
3679049
73339458
12949628
42739910
112663402
74271037
74272861
119566263
68696518
32238362
1623731
42955409
56837559
60236995
62762631
119233377
27263899
114874310
118505851
148431159
2445499
30590467
43322432
182467544
77808151
58674620
54499350
2891314
60702670
118917275
10665272
41224390
190633576
50380592
119695343
121622397
8317810
27625649
26897678
4686864
37255512
42794920
9597970
167802916
25961485
28762091
100245073
145249041
141015186
101941130
16259119
36343780
18236761
154812591
8117086
30485869
23842933
27547282
119365395
51212477
28193397
83952789
116671544
2033295
118266006
26857712
54193617
14725684
55801117
66969333
141346896
102683323
58351856
46454620
151034704
14149313
128865695
16755194
92616959
7108317
10935784
61176581
5577184
36080298
62519508
46867935
30252996
90414336
95547998
23990255
29734151
140352076
80735500
21038424
103044412
16545784
89988389
168649918
32482134
33437268
50739416
131081203
22972527
15758432
37943209
132181717
66701980
70164844
33798437
25292151
29762657
108248728
56071243
2950356
127868411
72392972
160660468
40296579
24952693
48659342
44697377
3758942
18243937
45685416
87638695
12961743
12643441
28168406
8918713
37501624
33261878
47397096
96662765
158407072
85265527
116911772
32652521
11817043
19210447
88197961
140631417
23627794
2638844
119873898
58377608
123546290
60746447
91585445
22580561
17174740
24021080
38388374
19663654
11778193
1221875
94301865
48472756
46588392
12405069
58560875
146737092
108508501
105250517
104029005
12735997
68997382
71913430
54071171
132320135
17312109
118081546
17245942
99532147
127625055
107106309
109673938
150419566
66736174
36060978
82355897
69407100
27702363
32262763
113143540
76818315
101695544
42616162
23838662
75363785
51352773
57338960
115862954
105701294
46206404
42171765
54108280
20571254
35399290
17287719
110325034
66463173
5587007
88843666
117080976
81481243
122209678
23753703
20320462
76643162
36520
106897925
11658987
128986853
111948550
49285278
51052917
72672433
49743361
101220079
21249178
63896980
127122411
149999832
87152485
74427506
23580544
125576221
135555948
116051433
135446654
31232701
110294134
147969778
50135027
32844062
46584160
20868972
156570814
67385251
86343439
5485875
37977355
146930184
13792372
87995348
87435773
46327763
32320950
29082629
45529431
24502241
15582072
65526118
21155309
79670063
92415967
45848954
48659948
46813207
56287167
92321261
53297643
134650773
61381672
100022684
111493487
39690421
171373911
5509401
16634852
17690570
4439234
61119667
6796548
14194276
39176295
10700694
73909860
10895998
98050020
67381304
125422284
41935435
52476415
100865349
60267197
32911500
151940974
47269723
74482445
51357500
49959912
84040342
3336174
20827702
2771534
23786390
45738310
76152376
97457093
88163836
54036886
37581068
18909500
89298052
18862037
81593909
165873101
108046185
21241017
71291903
120878886
87857416
96994042
67156043
129435197
73096777
16953527
66878414
31880521
21295429
57047825
15277041
81745415
42157874
11104785
2879839
98714197
167590198
13909383
120504313
88713878
36801642
157215756
44691112
33387793
50541583
54057098
76439001
4551027
43723311
82514417
124981881
26936134
9029138
31097442
117766688
99060908
140550143
108496035
8324472
30190841
76214209
61358850
98757207
161685021
16383617
103817894
41898431
15955280
26322452
5041855
42041705
84485090
120222309
107291344
88798899
37367475
33239458
113208476
133216086
43722619
17355649
99529596
13149996
56726268
49641691
72416661
85475490
140981183
151396668
78663707
83251836
54483337
117514903
9231471
142268809
27842040
83148682
29846368
40263131
69330704
58894906
65131383
12824183
113494764
67562440
72928773
156263537
38432223
77506620
87444891
99746093
46589825
126241807
85379915
24855460
35447953
124475014
110175717
73515440
20629144
28502983
73305754
20138885
48281052
57843366
120221096
40559556
40917843
88811774
71697376
60393570
6344702
29832261
44276767
115836049
94239195
18459586
2253196
46683472
51181470
165070501
5387550
2733573
7615851
101275716
107813910
119565987
130703421
154938920
47500491
75593227
2479481
15715643
62104922
128077733
123301168
1010953
57591327
113020275
30922907
20818220
34675206
143068316
136445852
70811465
145583538
85271397
75952308
28308739
66961236
7302127
133484546
20721887
22731773
114269298
23877063
60392780
90096228
52874963
10102955
42505395
65447523
3905892
175545241
122614404
89172341
111777922
75680260
69511581
46806391
109459844
78560205
48691105
165923621
5946645
109451844
17523659
166872701
58520173
10082821
64811297
116182103
136392154
120321008
98392282
114290089
43102896
112492951
49395576
15800317
7963086
52127030
17411551
89485673
107697326
141132671
110109858
68074689
50203794
61983337
26439554
84745283
41711557
81349578
59557079
48901606
155567299
1737810
788112
23615072
35351474
38896299
115479887
14732484
68886732
17140073
140838165
99203305
35707252
113955209
44009428
112131850
13076391
15588205
18210889
26163203
29371646
120555021
54255812
33472063
10935873
88289266
10776466
12932721
17408204
77762609
21212611
30913583
49949435
44076291
30617908
5417656
10024611
68623906
69503386
16419680
70362950
67307945
22284149
35156948
145841354
74808662
8045139
11449275
91315636
71955088
32887781
48734331
90251341
145503426
21762931
74610040
150916745
45713984
19966556
733276
68391505
100660404
20427039
30187903
86285870
24301890
54292341
132530122
17841246
74948437
37321709
69989041
108527329
61146464
51821765
86449201
136046601
84522568
75200951
70778019
63887385
40818910
65579801
1707493
62075221
108637646
98669689
77090232
25416302
23844698
8837187
42164
92680399
91706704
2298642
82785371
165642843
51929381
19149658
117563384
27620570
60522615
155720317
84681712
121580506
145817228
18606546
27144088
55994856
7015975
8670574
34176566
125271790
77426432
136802603
107579254
94440642
46427315
77099337
159464877
123117120
34027499
138871643
21115408
1527876
2486067
132947816
128348711
74335468
17261700
51809813
81546237
12295952
10436172
45475499
50019881
130512203
18349660
105896727
19098458
14358782
11710781
28516148
8423327
40265669
952122
138409857
45791072
104194548
14188406
9065566
17656913
45906571
143193390
156065856
81595953
127161157
28341940
45044932
25197915
92549807
11316543
41247695
33959069
46356283
141143470
65436182
134086408
15277803
81829199
29400444
79815412
72502530
57732294
20787219
55634730
97663564
28704125
42199720
92831442
19247795
97505850
125030593
46514202
20820759
10167234
18118743
40686387
25544320
80074880
91438585
84206906
21236580
41278333
97371505
611980
89854657
21820715
16143195
196748826
31185110
10015564
92153045
59577021
34475501
65522369
76941115
48516356
99230374
8966606
2790621
22286494
72908350
67481864
49273746
7268034
107744544
98424153
12750711
27979943
12891428
158668946
14232839
117744489
19809447
118407164
12721049
29021812
46118101
137173836
80397888
10359596
127264711
124782689
26344362
78366746
100268291
78775459
107032677
57687782
23701343
128963108
16122220
58038692
12030323
97266612
8642021
116285895
48119275
50767485
168393122
141099325
86193558
63454863
89643443
15118410
148364558
145200765
159675303
47368913
161918329
141173592
12872733
1008732
34147610
167248544
80858039
133410476
64405565
474692
54944522
148575231
123040949
17482217
117096942
20006972
65625079
43443288
98583028
110724655
58837343
51137177
154030654
3974028
107518957
55824069
62362235
19951213
181017546
42726088
21563280
15053685
31596012
19970026
124603781
145823451
113173040
15624060
2848772
74077724
7494001
21518160
112220404
88626087
93247298
61643792
78817183
94306833
162955467
111962027
84814861
117237110
6794863
92462943
6299317
138033631
75539649
141543548
50161006
30429059
78260433
82167959
52719619
65833053
42095479
37353462
57536793
176835077
102646981
75516552
36800929
1308039
20412746
73132090
82609973
32065120
132176286
74510949
103138766
64564501
104865361
43783936
109573022
41710052
72942088
70979087
15177499
61647873
19794791
55282660
136483925
59761842
61506530
74121124
74889811
10695902
43073235
85048953
80932153
2791046
137890162
124002077
19644567
41103997
117085594
10944524
141170775
50283072
17288710
43013006
170530151
91570739
116881052
57990621
130535566
32723663
65329829
136427794
122374094
121431174
68618950
115446985
35044046
81360874
32378894
116913837
29490671
112533972
20076449
147989894
99938820
76993985
150754823
74210328
16110121
15150124
38620451
164615533
124096996
32758250
88792021
80152966
27826532
38191072
32338954
9540306
30831519
156875537
66075407
158443474
65858599
134946419
136931769
96397202
82132481
20374046
108622940
5265959
80741974
88953258
69554413
75703867
6385033
104682290
44936714
135297060
15846361
18973607
45262276
45319059
19340285
23912434
81388657
57088278
77228037
35194529
68809247
49429137
53494299
26006727
109364698
134917279
129873041
19676799
152662627
17459903
56080380
39392708
32186613
89029855
138884518
53635864
128996912
126648489
173892940
43701352
8893067
60423572
120001388
197414708
102213298
86005531
103124809
115142903
16202017
88892935
171981278
37847609
110078141
86330396
45549203
36301861
48915460
70386535
117372749
110908070
129715298
58409657
154585531
42282451
83366857
154492676
64262097
64858917
36109748
83821002
98899747
19141244
33593906
76610034
128032537
47529709
4627211
46045917
163876362
86446753
60480693
5921647
13193112
7878696
55562016
102500724
7656743
17202197
4435054
132184356
67939353
22047919
37354945
118391081
57354714
174178992
70520991
1159925
161434634
808282
179145564
49180852
5134662
42928800
170061425
25188490
85789687
23831315
65886315
91336268
194683141
153879168
142320130
20321721
16323940
57131465
128404723
164026615
89943794
82504560
66253843
24442334
4143194
9295408
27291962
55641248
56964169
1186884
426232
3861259
73694243
10996437
5059885
98733827
7887899
107414026
79158696
64120042
32886459
3854817
5427912
88897398
59907665
33152454
17672107
10032942
114473420
2436928
31415999
43089998
57801969
136126107
75509802
140409677
107425469
97788190
23166675
77914239
23618348
57714714
156672104
8043670
36835140
26337396
59313979
39437776
49569649
59411811
7147106
27166326
74641253
1758895
73669616
42835887
103903713
103020790
9728087
133523881
54477066
53525095
16206172
74848353
34859522
134398172
19762189
14713715
50198330
7050209
123989406
109986157
7468382
74736590
46261907
104809208
5007407
73836392
55956695
85254988
162357209
33445983
24755045
190859612
45343350
163071334
77221311
23156587
41899095
65385074
24169669
43339082
55370927
837871
126299417
31482512
2912016
93580919
6293671
36060777
10258706
90209129
83065809
54142239
92800112
102221554
158639807
4632445
87160279
73388437
173355261
104040528
42067145
56985405
155197682
91190093
3497272
13113230
47532722
114193071
50201821
123823479
145462105
43004182
8247346
59352958
108378866
133881247
88412476
122598496
92092555
9878673
9887285
48379982
63100196
4718695
92715023
74790663
19956312
106687682
44822177
8672472
83943020
37652614
124668390
54305738
81193378
8612199
111740349
19806511
122256929
85164150
79591072
68361736
80944362
13629554
81175373
11452266
1448475
97043697
118110667
57973754
35620480
86628789
10915675
19518949
37049838
54842657
43791673
58609069
162871611
29145207
137058984
100432812
114252487
77113855
99133849
66744757
109180357
137968316
11120508
3681401
63486703
62332059
5033768
2871687
156220033
50330275
47064943
105508324
144198660
73386351
29886248
11329887
45549623
87624211
106970778
73747320
44048757
32644558
159820778
112908417
90127215
84119857
73760742
104890221
127929137
1795861
4307907
82112459
76675482
50197249
18074605
28646202
55638729
19807763
41960524
45844981
4844731
55611601
90683477
82641807
72214750
21044247
50605658
4348162
26348025
105058964
87230052
174078688
30502393
31113885
84479707
52403752
7645957
101262596
58098285
86939286
35504447
86590053
110675376
76158481
101916665
5978103
95694443
169092199
152647241
26952573
28614224
127894330
42567365
76181277
20217444
46293804
109047993
23949376
35518673
19468913
83672528
13338563
168841173
107967684
64852774
25666061
51962632
98149933
78701937
16982887
8219085
39687172
13389266
100384725
196228753
142791821
32917791
67270081
31750469
104420887
13944960
27304186
81990996
68607526
38418407
15339934
45283977
107535388
94093097
95114853
40721697
51441159
82734300
89579340
148178658
3219085
61087075
78373682
50268247
73722490
151079702
16598304
119958118
68428743
140770023
32644100
32222722
76511684
16367678
78419466
76135632
3327594
36109789
89064737
100440559
30429590
81917691
42472162
125260895
29864049
103871582
122893834
19313570
137189965
66039665
189121442
5721247
82509177
45773736
7584669
77263171
81310951
116949833
28022328
653297
68305429
173116734
81758571
7687034
37555418
33238850
125435359
73925957
27274498
27743506
42955748
72856917
60222013
7503062
39193052
32767809
49344733
10454347
97094825
70360420
125969088
115101933
2836342
124801186
153143640
83860242
97238262
35563472
90599008
117254651
19741692
27809304
81615034
21102404
7311624
32215853
12570496
127772171
7033387
192068298
67821503
94207508
146518930
1891844
27901835
5738306
43783281
161431465
1394039
18970542
149633125
14400007
26842556
26912173
147650521
131175663
164820530
37293207
127018027
81713671
55082939
4223025
104993716
47273960
82183523
122106799
117234627
35694096
90727576
102108339
95583880
75555591
100287245
89843413
98457245
70740358
89842382
120858580
106412052
32581955
132163586
25007796
1049292
162921920
78641855
56485570
82729691
16457388
72565794
11928126
80061931
88689208
73685684
7368144
26265917
23340739
111393058
46732051
36200021
18317151
76607488
26421091
54488681
16951830
125787267
100984727
56792255
18638293
75949125
151153316
2440185
68370782
7192721
38536576
103181796
29886307
83055312
27186028
143258576
22711450
99538355
120801994
65804320
58346679
45575072
113443758
85968018
48165043
7788739
137291035
8307682
3517242
72506838
79472132
14368004
126218670
60254203
47979093
27610107
64868209
73676019
121007713
8112443
98508139
28382572
120560274
19278823
55207983
96675437
54912494
24216445
56661468
48710384
72174280
83476746
66393705
19929519
109466935
65503512
109188367
184347345
83946741
22638245
39481912
111862565
11168035
111225763
50554975
29797612
126437924
36797885
34015682
22080721
55929746
78651506
105446586
55163832
89477166
173841772
23007562
47336094
24100825
40449544
171115769
177706761
24715976
102172011
95318723
109898437
49507589
23126068
113042174
70678477
104364677
24455755
163733253
39334742
12259102
18009562
89073394
127861479
59273475
23301475
85530737
45259397
122777055
14212317
32532410
71350797
34721958
75112567
