2000 2000 2000000 2000000
2 318308 1381215
2 1073173 119761
2 1469991 1360473
2 209860 1631143
2 105423 179910
2 320344 79640
2 1116857 1908759
2 696320 1608355
2 1031597 458895
2 691099 338750
2 960063 662526
2 487929 206526
2 488458 118878
1 1006770 197753
2 1906659 1487181
2 1981366 181528
2 1197689 1867318
2 1621511 119616
1 1857518 350135
2 1090951 1892131
1 1950356 1147353
2 1196757 812861
1 1704085 226020
2 1180098 229387
2 1090101 813031
2 1625565 1846701
2 1835872 612051
2 873835 1556703
2 1261807 640641
2 1234021 432091
2 1390508 430360
2 551815 371044
2 450829 1468158
2 1831686 1755230
2 601044 1462256
2 307342 940858
2 1313814 815494
2 1313007 1151401
2 353003 62011
1 70851 792944
2 553797 1150836
2 1318419 915316
2 1928891 1369464
2 699757 277150
2 1942579 131472
2 1605766 1916758
2 1547199 1636286
2 1035365 462773
2 1736176 18306
1 369158 1124911
2 706980 1512807
2 1462837 213967
2 1826769 449922
2 582999 1307081
2 297939 384799
2 1263784 807702
2 1966374 744874
2 1256573 933043
2 1506412 1410829
2 34516 257562
2 283902 828769
2 571465 1967303
2 1246636 318911
2 1297953 174994
2 1747672 1887684
2 1438618 346803
2 29747 1600931
2 54801 1053684
2 226642 89848
2 1228195 225322
1 580133 1547182
2 66740 1872870
2 1451034 505092
2 1032206 1669407
1 1230939 90413
2 1167259 1604173
2 744106 704311
2 96087 122246
2 862322 747855
2 1286860 936749
2 207582 189347
2 909331 1147490
1 815176 1334496
2 1339016 1385905
2 309942 1966247
2 1238534 1270314
2 831432 1978847
2 140511 251255
1 1968338 1735853
2 13500 760656
2 1857751 679956
2 360989 737084
2 471359 1994443
2 515212 690252
2 49851 1881322
2 860693 502970
2 232033 1223357
2 695182 749148
2 1504046 339791
2 971341 1866044
2 136181 449031
2 142491 1941360
2 1136769 672658
2 39139 612145
2 1014105 1317900
2 1738883 1322597
2 1065330 589252
2 16998 993945
2 1515128 1646919
2 854255 1186363
2 244001 1818656
2 488947 526957
2 311216 1873912
1 1559325 1416813
2 460765 489118
2 857170 428880
2 1276787 76198
2 1992404 926860
2 1024962 295504
2 37466 1477694
2 1252127 1537663
2 1283712 665255
2 1700872 70207
2 1446547 781635
2 791070 1913564
2 656848 1777056
1 1110455 1142919
2 82972 995057
2 1005066 240529
2 1517804 1307929
2 1106336 1228317
2 499710 339221
2 23971 473813
1 1493934 1339277
2 1978718 1390693
2 1252161 1045745
2 78130 427126
1 1400100 1885382
2 358897 1201569
2 145439 1615369
2 1238046 1421051
2 875360 1701706
2 1840202 569908
1 15885 481051
2 1637607 1536747
2 1426074 633799
2 1170986 1817832
2 682376 531924
2 271463 706496
2 899174 234063
2 753063 992298
2 1268514 46194
2 927579 1441037
2 986681 1987296
2 297661 265548
2 630070 1822376
2 1078709 1987727
2 1057828 1623988
2 990964 1210698
2 116565 1344315
2 1309437 290149
2 1730409 1150889
2 183771 1659962
2 1007937 1447916
2 1612275 1411815
1 1030140 1109677
2 1007249 638847
2 315789 502496
2 693437 1316038
2 1942006 305158
2 1523630 1339552
2 858721 1700515
2 742760 1372283
2 652598 790226
2 908553 512688
2 1695780 1856308
1 34235 1366492
1 1854111 7188
2 6196 1519492
2 1188132 981618
2 708507 1689242
1 485581 1033570
2 1942472 612228
2 465355 1582677
2 870003 1027723
2 515009 1559415
2 1112513 1905424
2 562655 1182229
2 1354069 1578248
2 719947 80881
2 1772702 99814
2 1240522 551855
2 1273944 1214443
2 1387489 189713
2 765143 1884683
2 52834 569990
2 1593367 1754107
2 409204 1335789
2 553019 1994575
2 857401 605420
2 1723284 1316997
2 529080 732230
2 710314 761383
2 1077807 173568
2 601974 1448774
2 1337092 1558468
2 1504603 1412807
2 448588 49671
2 1976071 1799942
2 1534791 1866080
2 1087278 639242
2 59438 739902
2 1271932 376557
2 283462 1084656
2 1917197 401026
2 892220 508157
2 1771933 578462
2 1819338 405546
2 200155 1461809
2 126593 139937
2 955015 823402
2 1513686 1284186
2 1431801 693625
2 452637 1703403
2 533699 1765304
2 549913 1874939
2 1795156 584479
2 696907 1995142
2 1462699 1002312
2 1402633 10033
2 846473 352679
2 546902 1527209
2 641270 1290774
2 980294 877154
2 441624 1945336
2 1016248 671120
2 1374623 825090
2 445841 510367
2 1251308 1423453
2 339331 1098581
2 1726314 1971621
2 541421 1050569
2 1316280 104825
2 192597 271989
2 1881573 1800961
2 1799884 1035818
1 300134 1055256
2 272509 321869
2 1822583 593601
1 575974 1074020
2 172065 1307432
2 90482 889930
2 711766 1039038
2 510052 1959019
2 914623 1163651
2 391824 1887469
2 1591333 1473734
2 620362 1485680
2 1973481 1306609
2 1090443 464892
2 651925 395941
2 726650 1167786
2 1814478 326158
2 1090523 1511607
2 1788124 1547176
2 1459272 651739
2 694425 1489151
2 1021076 1542459
2 1255047 392272
2 641054 972016
2 117393 1002464
2 69148 1886987
2 1726447 1759838
2 267019 1370908
2 1858861 1128729
2 1380128 1517843
2 131956 1055508
2 1213501 459475
2 1336126 721934
2 166186 488679
2 860544 854367
2 1509821 24214
2 1403326 862188
2 1280683 1467967
2 1519940 931081
2 1566375 1819868
2 768489 1445856
2 1434834 825407
2 1510549 1128101
2 667303 1284842
2 206108 1889082
2 451669 845698
2 325519 664079
2 1021317 1595597
2 804680 1759243
2 51234 1114825
2 620352 1294986
2 240411 721383
2 1966270 37596
1 1772252 1773073
2 751611 1762190
2 1124968 368788
2 1307713 1133024
2 1772970 1361252
2 728708 620999
2 814945 1362274
2 1555156 804751
2 281469 435178
2 1480920 594500
2 1919347 1587243
2 1674404 1785456
2 820786 21066
2 233275 194610
2 345135 345467
2 1218246 1347964
2 1050472 1292682
2 726048 1849035
2 741132 1539344
2 626440 1283574
2 370609 203273
2 350381 966229
2 1200055 498757
2 1966529 166053
2 1609289 464960
2 1124218 946034
2 1566309 939477
2 80810 152467
2 17924 643349
2 906253 1326246
2 1265795 1599583
2 557074 1597477
2 1350964 1907558
2 446455 1813195
2 872128 3806
2 242934 1326287
2 1807993 1971482
2 1804399 1505184
2 383632 617953
2 1796666 1052301
2 1460791 1906414
2 1882246 1557131
2 1426747 396795
2 190884 241391
2 834365 1185384
2 1379199 241988
2 343882 491231
2 1091973 533976
2 1487745 1338923
2 1445630 110655
2 1964843 493701
2 224507 1900059
2 835437 1409989
2 136685 479629
2 478403 1769631
2 1729552 528576
2 980969 804549
2 132856 156111
2 238994 1838029
2 1773430 1003970
2 712407 380876
2 1335719 161533
2 1155292 1680723
2 1679964 200930
2 1684616 1533058
2 1729164 377953
2 918446 730502
2 1314250 906638
2 1822485 1771163
2 707514 1168541
2 405249 1252090
2 24578 819148
2 979384 558341
2 330827 1409420
2 1305762 1926672
2 43567 1712828
2 633651 148864
2 1725020 462150
2 1951092 993434
2 1157567 493226
2 1631986 1781755
2 1709434 102023
2 398113 327859
2 724826 414294
2 666313 1216732
2 1209541 1235120
2 1929200 1256621
2 1111076 1540578
2 1255365 363595
2 1027941 1513655
2 601166 1504454
2 883214 254937
2 1431036 88144
2 1718890 1159108
2 1471451 1209085
2 1139425 625630
2 1792995 1836864
2 845748 357883
2 156866 400432
2 542987 1909587
2 1084219 1565193
2 1381577 42049
2 1992199 205171
2 1444644 1450713
2 402372 643862
2 785741 1062228
2 50565 1618396
2 1225349 1019561
2 1321134 446702
2 688976 1883731
2 668710 823312
2 752538 935282
2 1793454 484282
2 1883662 1754074
2 651594 1948018
2 781737 657009
2 1756816 297036
2 1635930 1529720
2 1437195 1925924
2 44558 725977
2 1163719 1604784
2 498981 1521395
2 1539790 776011
2 1377548 892861
2 63167 170576
2 1090756 1430559
2 154305 1125175
2 1816439 1577516
2 1476195 1692931
2 1123138 1832681
2 1101295 724395
2 1535401 995917
2 616369 1500285
2 1078440 73709
2 1519101 1472794
2 1473267 1428466
2 1779063 611486
2 1902603 128160
2 1784507 41643
2 1086079 1659714
1 583042 1498927
2 466727 1198078
2 1350608 1709149
2 1851115 1019931
2 1829452 1452257
1 1040547 606976
2 307946 1472471
2 1776866 1854753
2 391108 296812
2 671269 686010
2 834438 938897
2 1301186 1087046
2 1783684 357053
2 648758 385456
2 787315 744827
1 486856 1255762
2 303322 1721053
2 66127 65808
2 1887155 833225
2 1327000 419588
2 1835801 779933
2 1993810 1431534
2 1109793 1357324
2 866426 354167
2 1385989 1725500
2 756083 1810360
2 1834128 1986144
2 135136 1906705
2 1968587 1268062
2 1321232 572143
2 25866 1346520
2 1551250 748072
2 1575894 329406
2 1490469 1674044
2 1632672 269064
2 1835060 207979
2 1932569 240512
2 1308622 1479588
2 449606 397767
2 354635 935971
2 1007191 1539555
2 139996 230245
2 772707 547841
2 1069646 1784004
2 201934 712592
1 499850 1626220
2 1178531 1960477
2 54566 721080
2 1782517 659592
2 44717 519230
2 425954 1650019
2 359009 1952978
2 60456 1863039
2 1303427 128891
2 1238633 1653893
2 828939 469377
2 1612572 1304161
2 50127 131629
2 183858 1944604
2 1450885 1201436
2 853072 1752757
2 6333 243335
2 1487263 332045
2 401618 131499
2 393486 1476609
2 1027861 663973
2 234445 460233
2 389063 1785745
2 177924 1544677
2 1168406 1611831
2 408373 866235
2 507735 276072
2 537839 1475678
2 154966 1560630
2 1185802 11348
2 136649 967169
2 1564053 1567342
2 1143677 1853323
2 306855 791697
2 1042818 945257
2 1475154 24164
2 1166391 537968
2 1180220 737417
2 1853942 269672
2 555355 1323692
2 593376 972492
2 1338896 1246268
2 690883 2832
1 337860 1373059
2 1927345 1600908
2 1836803 937537
2 1332297 1722150
2 18163 1240934
2 678550 368496
2 294315 890072
2 1502221 1672717
2 1252014 100809
2 1527483 973138
2 1110023 1604260
1 1137531 119770
2 1799055 110234
2 1153872 35792
2 754726 1552154
2 377218 514946
2 279839 779054
2 1142714 1408512
1 1302764 1228714
2 642655 31964
2 516167 1965517
2 610181 1623857
2 1421840 879319
2 1908863 1470108
2 1773494 696720
1 1272049 627014
2 974383 854669
2 301412 683662
2 1357756 805017
2 420689 258894
2 1301339 834427
2 747504 1793102
2 224566 702616
1 1840076 739812
2 1227000 1708496
2 832309 213601
2 971929 457257
2 446601 1070496
2 660472 447905
2 1115155 1075225
2 1715477 1956712
2 1549527 1117571
2 219612 715980
2 403383 1156531
2 1479311 967666
2 549802 517149
2 780723 1825792
2 74359 901033
2 1501085 819411
2 1834793 256925
2 727703 921564
2 372482 1976596
2 1577025 1533424
2 888962 457347
2 789937 533199
2 1417864 155769
2 1835727 443346
2 1500841 981848
2 1690919 1613825
2 1034383 792917
2 1922208 1105719
2 341882 1614290
1 873852 1117383
2 1580623 916021
1 1810041 710412
2 1869644 1519840
2 160361 1460199
2 905313 57915
2 1956120 1088395
2 1049576 1904639
2 205224 573958
2 380201 1776790
2 1478767 1171385
2 310895 356320
2 268249 540293
2 1273395 1762107
2 1009282 300533
2 1659191 552806
2 24208 1295800
2 886766 1816989
2 152988 1729245
1 740319 1888076
2 127795 793380
2 162639 555216
2 729537 1655961
2 1699156 1201019
1 964317 1294610
2 343485 1807741
2 269463 1938625
2 780260 130256
2 1623099 1173587
2 995196 410417
2 649116 1198229
2 1226100 1099864
2 368463 1377446
2 1454195 291898
2 343179 877057
2 1144369 383954
2 1423012 1643879
2 1269322 1968458
2 1115522 449837
2 43326 1875923
2 747041 304464
1 1863696 1160327
2 1051530 1261460
2 314613 587474
2 136886 1149482
2 1716314 979737
2 399536 192347
1 1325325 1626331
2 1557566 804394
2 1894700 318827
2 274369 266896
2 1329144 1019000
2 827759 1990193
2 1607101 806253
2 367382 152228
2 611336 1287031
2 739858 370898
2 1209815 1529129
1 1114377 1181659
2 834542 1375654
2 222777 1538632
2 819084 442083
2 1959120 1101949
2 622506 457220
2 1101074 1047223
2 385682 1979253
2 823648 980953
2 749394 1376513
2 80567 388010
2 151237 55397
2 1569938 584214
2 386211 1428534
2 1452828 280676
2 1942073 1597904
2 39110 435097
2 115220 605158
2 1556540 1301229
2 350039 1822208
2 1027009 1372138
2 1870090 1935830
2 236835 928635
2 1282276 23088
2 951295 795279
1 71992 1201550
2 1696912 679117
2 18584 1783233
2 1192539 1091153
2 1009244 161137
2 1903252 1200659
2 976728 1184139
2 924561 217322
2 1526746 1815119
2 721900 1784885
2 1793847 1886500
2 1643415 850160
2 840459 1138780
2 363519 769001
2 1985577 1919664
2 1711129 1990485
2 1716951 1089250
2 849820 435061
2 598399 1630081
2 1995062 496821
2 269698 1189927
2 203121 49292
2 1896170 1138311
2 629880 767820
2 1429821 1081192
1 1906207 381776
2 303316 652307
2 268583 1696977
2 1934085 408496
2 741793 163944
2 774984 315144
2 829544 506100
2 763304 730700
2 1429081 958208
2 1163209 1128842
2 323493 1064854
2 1336700 671790
1 354577 438501
2 353431 1208865
2 1597849 1495612
2 827146 77649
2 558024 1779359
2 465457 1128819
2 584635 624952
2 940474 242280
1 1720809 65207
2 1158714 1529743
2 1054729 711986
2 383233 62192
2 612036 481630
2 1638417 1432731
2 1706077 188777
2 472148 656402
2 460153 167870
2 1756067 1285525
2 853177 796400
2 1327233 921689
2 777884 142995
2 1408814 820378
2 1137548 1380453
2 1234822 1194024
2 1463686 1195887
2 1973561 203069
1 1486086 607028
2 691822 929393
2 1384805 246483
2 1198989 481249
2 30519 1920814
2 1079651 1184117
2 1162498 1649173
2 1647117 1673851
2 1088440 256643
2 1620807 523528
2 730604 1045843
2 275224 717906
2 1198356 1116843
1 1542955 148188
2 481568 1686729
2 440401 1495117
2 1294172 967755
2 1253308 1561032
2 198521 287691
2 405307 1232338
2 660473 799597
1 1998772 364967
2 1021595 706876
2 1150950 1455325
2 1955726 1508291
2 397592 1935325
2 1669844 854289
2 377709 1174899
2 615124 792380
2 1125849 246983
2 969789 356319
2 641523 1700029
2 634356 1281095
2 523135 86828
2 673697 1043034
2 1718965 1501200
2 1697420 737786
1 877235 1061955
2 1337571 335836
2 815343 1155933
2 125369 1042404
2 1083782 1121542
2 1965850 1519863
2 110108 393878
2 503630 1504950
2 181129 1021029
2 1615456 1652412
2 1480827 1145074
2 611877 1525668
2 807908 1321071
2 460579 852675
2 1054285 1849213
1 623299 1919589
2 481164 1280854
2 115746 534126
2 21228 650696
2 77289 1945361
2 497068 485302
2 1672699 1615471
2 571133 649659
2 239598 1758091
2 1080865 1207253
2 1874839 1331107
2 157829 152838
2 1924074 223386
2 1258658 1687164
2 5291 245830
2 997882 175689
2 1981960 1713958
2 1214425 829001
2 533893 938286
2 1729461 1057505
2 518902 1101017
2 1929584 1820366
2 1935458 1653416
2 1583948 1098184
2 1859431 235855
2 1913586 1304478
2 33144 527781
1 1782510 1407299
2 627501 1562457
2 489158 1180504
2 328011 1308124
2 1507710 964190
2 791995 755833
2 1393235 1146086
2 770573 36521
2 1439803 842668
2 675269 1487527
2 877015 1722200
1 1871499 1799908
2 1253818 1415971
2 1715554 920562
2 781662 1718651
2 1103062 1588256
2 1989756 1504343
2 1749892 1660244
2 1209497 789817
2 730123 1122917
2 1248697 162997
2 1177662 692092
2 1116303 1253693
2 1382268 1446450
2 578113 1513773
2 817875 1234514
2 1871727 303324
2 781436 1349129
2 1443614 1589459
2 258706 365284
2 1791327 635747
2 315054 1742253
2 293451 156004
2 1786266 659128
2 871522 335570
2 1943731 1240223
2 988681 1166719
2 1536586 1422772
2 1596026 987445
2 606003 1259516
2 1434823 1358491
1 1099731 1331271
2 674827 1789984
2 872463 626598
2 1235240 879525
2 1314293 1002391
2 1429384 1010026
2 1914364 1623245
2 847853 1303139
2 833365 72636
2 712803 1436474
2 833973 1957321
2 1612604 1509212
2 1089595 554016
2 1932330 615729
2 885306 1144452
2 706856 1330635
2 1371240 1495429
2 530125 1650971
2 1269600 1676977
2 1537840 864509
2 568748 1414629
2 838251 599036
2 1428342 1566401
2 770372 444546
2 429521 1126212
2 547689 1913110
2 287031 202693
2 1935639 630766
2 1110453 1961751
2 1299939 1525830
1 1612789 98489
2 1825335 723657
2 147430 802721
2 1009034 80282
2 188963 89716
2 1963103 1314907
2 1090015 1081280
2 1104622 986382
2 1952224 636823
2 701267 307802
2 953837 175504
2 436946 639146
2 1228481 1489613
2 1211238 1270096
2 1240276 1835088
2 1875340 1854313
2 1772288 943842
2 288 411329
2 1303481 1578805
2 1885157 603163
2 72754 1079083
2 952880 1311801
1 817333 1975219
2 814216 1328296
2 825311 1843050
2 1171636 581815
2 1363843 1606913
2 194878 1616301
2 1532289 1317334
2 455340 1874048
2 909301 9713
2 432896 239109
2 1053632 1642509
2 979044 1636339
2 796317 542309
2 1078831 1078064
2 1900357 1028972
2 1941648 315214
2 558769 244947
2 982049 1877652
2 168824 1236655
2 1775240 893439
2 1075392 1063769
2 626164 1436717
1 657428 1462389
2 1956640 84781
2 1083477 1078338
2 332758 1060678
2 1033756 855956
2 907668 806018
2 1190152 629466
2 1925609 717142
2 1111524 1426904
2 1637080 1586407
2 775293 1256112
2 1817237 573051
2 1787529 952726
2 1581578 476885
2 1073472 1959497
1 1727759 832855
2 1386122 1474101
2 833781 1755045
1 376553 150537
2 618346 616119
1 614555 1068570
2 708802 1779799
2 1257311 30139
2 224993 431199
1 639223 32942
2 809641 309878
2 1944552 1296977
2 371848 1522375
2 771382 1213873
2 20265 1945694
2 1227652 225910
2 667291 658850
2 1966496 1370893
2 1635123 1956955
2 1647986 1489445
2 640603 1720403
2 1825605 559573
2 1794671 515841
2 1693008 835289
2 1546341 1985393
2 842973 927234
2 113996 1195986
1 89343 1050009
2 1027847 317051
2 50394 691683
2 935321 1516583
2 1140236 1685941
2 1158819 1117077
2 1495190 1569544
2 1097687 1761604
2 792013 1949853
2 1581247 462003
2 1381697 741946
2 47176 71048
2 1184182 1473106
2 1219392 1501351
2 529128 147525
2 1983438 809575
2 1265841 1290673
2 1672641 1398422
2 982161 1844078
2 1558918 1428949
2 327786 1745244
1 172199 504690
2 611930 1389356
2 889628 1580658
2 654923 658596
2 773692 1497227
2 1679025 1759568
2 1359418 75787
2 874770 1808237
2 562388 551919
2 1575594 1443402
1 1681765 782731
2 879021 1936560
2 445135 506710
2 1400093 1829674
2 1212956 592445
2 351054 596279
2 1236724 1254630
1 586219 72906
2 12935 1845493
2 1748473 1775677
1 101616 1475500
2 1853856 1395387
2 967372 1988878
2 1990054 1293809
2 1460305 291535
2 788824 107786
2 594400 937599
2 828151 949074
2 1608399 1766291
2 827522 1683917
2 1484396 1459972
2 1205444 189575
2 1343702 1343543
2 1033966 1337978
2 238131 992304
2 1556359 410504
2 1346657 713015
2 423236 1602104
2 214022 913305
2 172937 1847682
2 1995733 922429
2 813504 1722058
2 848518 396807
2 914934 823749
2 124888 1622488
2 290444 820651
2 375974 1719620
2 1111573 1282297
2 1915175 1539431
2 276652 349847
2 1645567 1919519
2 509528 1009
2 1331568 1275382
2 270427 70529
2 515993 369244
2 1776731 799582
2 1168192 846854
2 240024 1330839
2 985485 1744581
2 1687805 882512
2 1031085 886746
2 288257 1879510
2 575157 1367513
2 318429 151177
2 1696741 493163
2 1838901 898424
1 1051315 824014
2 95916 758652
2 1780939 1101676
2 1139886 1649158
1 241853 446115
2 953129 1757466
2 1377577 1880044
2 1318355 1335843
2 1395015 19807
2 1103366 821324
2 47183 896640
2 93111 1111323
2 1364476 137574
2 694962 1382542
2 1096601 1010948
2 1518603 418503
2 1385882 335892
2 493922 1975334
2 1899326 1893571
2 387803 1325566
2 1534245 464916
2 861890 745649
2 840965 615180
2 699392 1715566
2 975240 287108
2 386618 1662548
2 115304 153334
2 731791 1874278
2 1266375 1484794
2 1648602 1790448
2 1407942 1288627
2 461386 1747245
2 70253 1462856
2 993738 33777
2 937664 1435426
2 396103 1081107
2 1080964 1397776
2 1383259 1081131
2 367119 422643
2 1746608 724521
2 1645999 1249617
2 347123 564378
2 942789 440508
2 478354 1369724
2 1239720 1741512
2 1209974 177494
2 1430475 689745
2 1660669 227883
2 450852 131644
2 879890 1288047
2 702590 595482
2 1833467 32171
2 1934987 1814826
2 302050 564681
2 1922354 1119609
2 1998240 1031330
2 428397 1610444
2 461117 1446505
2 472490 914891
2 1722631 1104058
2 503384 1879316
2 1563831 682422
2 1405688 573112
1 526436 999260
2 451413 169962
2 228091 560585
2 391280 1688348
2 815837 1738752
2 787983 1590873
2 1350919 277811
2 1914505 286729
2 952754 1241277
2 378396 1641755
2 1091610 1731291
2 929234 84534
2 438509 1273566
2 1437481 1368219
1 984784 447300
2 1979769 1942173
2 1914261 685829
2 886556 1016455
2 1947607 1288049
2 581188 1052877
2 39322 1824032
2 381021 1936834
2 141708 102141
2 1871114 1359467
2 414489 137026
2 1406867 955976
2 583333 6195
2 341176 330005
1 147296 140248
2 1019145 1130768
1 1488050 1358244
2 904210 776550
1 61508 746986
2 1731560 1052015
2 671088 434470
1 1540665 115703
2 1565922 744641
2 89980 150348
2 991509 1336350
2 1954881 842692
1 1677378 225658
2 511171 446155
2 1477217 1362851
2 827906 1932224
2 1043261 1030010
2 928162 399941
1 1634862 487932
2 1171856 1607467
2 935349 386810
2 293919 725434
2 953976 690411
2 368584 1441479
2 1083271 361695
2 1616791 825452
1 220973 360353
2 322673 800450
2 1897606 841784
2 139375 598540
2 1250980 713946
2 1991167 1310788
2 661823 956014
2 315587 1105165
2 1692188 481588
2 725903 185874
2 1479274 181333
2 169776 101569
2 1776809 732221
2 1892891 1638563
2 1206456 769608
2 1431976 1597385
2 1178368 111890
2 1198756 1512429
2 1931308 446820
2 498306 814628
2 1395963 1465232
2 444699 937718
2 1835692 1976578
2 1570088 219651
2 1221 23612
2 1840314 1911497
2 1237375 1512149
2 828213 1787450
2 863262 539742
2 262187 1080306
2 153810 1826704
2 452138 751262
2 1656597 1849119
1 50018 624389
2 1385040 202515
2 1876144 1509134
2 916657 279835
2 1337047 1340778
2 1221902 1625764
2 181818 1143328
2 1051328 1961818
2 1446716 1221702
2 1958830 1689352
2 967117 887913
2 1103637 1739097
2 636735 1112000
2 1380335 1077436
2 1611487 316515
2 856378 983394
2 1460806 1502113
2 667200 183068
2 46248 1292621
2 129149 254736
2 958287 1842149
2 112856 38790
2 741681 820972
2 261407 455282
1 650344 780946
2 998022 1383075
2 1641284 1859933
2 386373 1586009
2 1873673 321993
2 1448845 1580774
2 1402739 403596
2 843780 1509725
1 432599 1197775
1 1069749 1709083
2 1588168 1526901
2 1998166 1351434
1 1354602 1841977
1 95171 473301
2 1043589 560503
2 1340307 337385
2 984836 390225
2 1309324 1401052
2 1851089 218196
2 1490565 806709
2 928823 1095939
2 529716 685146
2 1717574 312704
2 1890031 970259
2 807595 1403411
2 214516 922754
2 1873703 73462
1 1066952 1194407
2 810182 305066
2 1222968 271989
1 1541072 1490521
1 1696735 1009384
2 1461025 597255
2 1813470 55274
2 1078843 1325134
2 1043537 8308
2 541001 346846
2 1099276 1562937
2 605479 1139517
2 193060 69608
2 1758744 869776
2 316589 1074874
2 1785421 1645626
2 1492876 795132
2 140290 11659
2 1857744 1359541
2 579688 1585101
2 1547578 1523753
1 1792196 1953422
2 695001 125556
2 547247 1023247
2 351877 1473018
2 29443 1937629
2 1017594 1484003
2 1916524 269890
2 1058638 1149684
2 1159647 1226985
2 1277334 1489401
2 1107465 1385568
2 1750676 1330822
2 1858715 1706697
2 1222589 148959
2 612724 217738
1 1654220 1584473
2 468722 1776445
2 959986 271008
2 395399 164400
2 797379 946478
2 651692 101038
2 640292 297987
2 667625 445285
2 1544347 1320225
2 357572 126175
2 832938 845288
2 1947571 422592
2 684948 292768
2 180961 648376
2 1835206 1570279
2 409456 5326
2 768365 175738
2 300712 1785668
2 289863 872734
2 1920373 476313
1 1363230 1096189
2 1182210 1442237
2 755065 136739
2 310777 686774
2 385304 994740
2 483107 468424
2 993290 1417680
2 1893739 921613
2 1020302 1531586
2 761679 1787028
2 1116240 1708909
2 382275 555013
2 515861 905555
2 1854825 1231490
2 434161 1407398
2 1194266 1772963
2 713282 1030547
2 1079548 1434945
2 421688 1761372
1 1508064 383602
2 680483 1943789
2 1908987 1673539
2 500723 924152
2 77432 16789
2 582133 402098
2 683835 245450
1 1986944 231786
2 512832 860910
2 1391139 629376
2 395529 541425
2 1141037 680933
2 581686 1100358
2 576056 1231899
2 1783261 1068739
2 258550 1773086
2 1703938 84188
2 1590274 1081677
2 1728003 819512
2 235272 1775181
2 1898339 1364797
2 1001287 443807
2 614581 614266
2 218721 418787
2 1945375 1061665
2 442111 1850612
2 354909 1450416
1 114963 1180421
2 990779 1213364
2 865580 152982
2 1170049 39688
2 1915765 1504849
1 1106364 520777
2 145634 1459555
1 998496 1496891
1 490774 1540896
2 1832196 1172615
2 1202144 1581972
2 1630733 1031404
2 542821 49800
2 901398 660184
2 1725271 1781087
2 368088 1104278
2 1015426 1806887
2 1258562 1488396
2 28388 1978126
2 436816 1992445
2 108591 597977
2 464992 1688875
2 776152 1783396
2 178153 1760984
2 1918949 117229
2 636106 810183
2 1253157 1033483
2 1018130 1849221
2 339383 546157
1 805282 1320674
2 323550 1260368
2 560667 1921090
2 258440 76049
2 1160370 188073
2 1306541 1826633
2 1774687 705813
2 314821 1882753
2 699391 202034
2 1117267 487400
2 1738916 1624369
2 778136 630102
2 671042 1952713
2 1202816 1959188
2 1956 274780
2 1294669 1968791
2 1578762 95651
1 19087 1648689
2 1978948 357190
1 1943064 273326
2 664491 1333380
2 1300190 1235423
2 28920 1990673
1 1773619 1234321
2 538649 984757
2 1291099 1831822
2 1147566 189721
2 686563 494807
2 1965158 1078351
2 1347206 1523700
2 861678 1416705
2 897109 654756
2 1219087 622543
2 1358002 483722
2 421415 803113
2 125423 1212091
2 534436 1792389
2 93871 1081864
2 1866372 1267941
1 707555 625306
2 1337472 828150
2 1401914 1308231
2 1120455 1215308
2 1917611 1206424
1 832922 1423907
2 1123473 988641
2 1465319 215759
2 361342 1323625
2 769199 136744
2 481524 1817672
2 1961240 1226140
2 689401 706400
2 527936 1193514
2 519081 1914729
2 865695 1891482
2 160657 67908
2 1795680 1780058
2 1998387 490654
2 302942 1123283
2 949010 511638
2 380214 1412318
2 96583 274740
2 1247402 542471
2 957952 1782641
2 949208 831254
2 1593382 1648354
2 664947 1941637
2 446638 1565136
2 1521188 1626883
2 958466 1902234
2 1008639 817647
2 999463 891614
2 1315235 273474
2 1739480 1068409
2 887462 1807004
2 919522 560199
2 1532615 1982918
2 583996 1622899
2 1692374 692897
2 1098669 791700
2 1459589 1320854
1 546099 497269
2 1866472 1466640
1 1820572 1788909
2 1990000 599670
2 367959 152686
2 691962 285369
2 1561907 1253774
1 234044 1149523
2 242703 1026849
2 1149703 1905880
2 719819 1253007
2 1990175 741168
2 1829136 1003629
2 615505 1274449
2 207390 1441194
2 617669 1733848
2 276909 1176759
2 211701 1858363
2 1318627 1611020
2 1842819 1674082
1 872329 739696
2 4261 1243232
2 37524 19309
2 1670245 1691439
2 1636303 1003202
2 1957149 434739
2 976704 1262009
2 205001 500817
2 1997833 926934
2 302619 538718
2 912138 1531616
2 1204540 944877
2 1961287 180586
2 969248 1877858
2 416898 1900925
2 200273 337456
2 861141 930524
2 33126 1372260
2 1118296 1355905
2 152650 1807010
2 569820 1116323
2 1043456 1828309
2 1747072 999626
2 1834660 1733613
2 1988764 297637
2 1814878 298533
2 27190 825170
2 1935526 1713010
2 384380 1257421
2 883549 1392698
2 1796413 1878648
2 1613545 1579379
2 572893 1405039
2 801497 1130183
2 264984 556169
2 397263 28539
2 253187 845287
2 703554 1638624
2 1292466 319880
2 291878 135301
2 1328930 387452
2 492605 873647
2 863247 51908
2 37248 1026206
2 1156136 431177
2 844981 563613
2 185970 702352
2 1099180 659159
2 160279 1445326
2 1113886 615252
2 946327 267850
2 812899 219456
2 1485845 1957250
1 795711 1751283
2 1193190 1916719
2 1099745 31826
2 530301 62340
2 1190868 1395304
2 331950 558965
2 1641453 1367068
2 1812726 132320
2 382811 1527451
2 1130276 1284898
2 1155143 808829
2 1483257 32414
2 1540985 109724
2 1831592 1713845
2 1668848 901754
2 961434 1746351
2 1236168 1942677
2 699190 1983492
2 1332561 972338
2 718645 596416
2 1843775 981075
2 697342 136768
2 618768 1803195
2 1898126 642185
2 1159023 1698958
2 636804 728299
2 382567 1130821
2 841966 1513371
2 369425 1932327
2 1894608 1768274
2 1028495 822458
2 1430156 1084557
2 1615060 1980296
2 529747 402241
2 329930 382352
2 607962 1583410
2 1068597 1128641
2 41230 455305
2 36646 1276956
2 361902 1032924
2 732535 874205
1 1534914 1904995
2 640382 649442
2 262699 447527
2 1389431 951137
2 442254 869284
2 60543 1863265
2 1673696 227039
2 1928016 725382
2 1091135 1482597
2 868624 114757
1 231084 1192777
2 1163570 1770591
2 619298 886070
2 1073205 1359333
2 271089 128730
2 724692 415177
2 1988875 1366967
2 1772829 85538
2 1303049 1716018
1 1037774 1946114
2 1073801 1227687
2 890619 1054785
2 1630966 262474
2 1919547 244604
2 1362803 1143780
2 1743750 1572103
2 599785 1386691
2 1137767 462359
2 299026 1701621
2 884281 485249
2 234652 858839
2 1541565 147601
2 733393 792036
2 1084902 68656
2 765315 711791
2 1082918 1031101
2 126819 417488
2 600788 1630678
2 398161 815892
2 1332885 1799344
2 1395792 1603042
2 9667 1347322
2 1152169 364698
2 1164989 638239
2 203590 767417
2 1073966 1824896
2 103107 1157737
2 667593 386604
2 1216979 1387411
2 1780671 1429151
2 65194 1599068
2 1217137 25758
2 741647 984024
2 866369 1188533
2 1007818 397832
2 1592153 1929750
2 1238023 726205
2 151469 747458
2 1219424 1494504
2 1803459 1632161
2 924557 1149478
2 63628 877487
2 702548 1213085
2 1651379 1673383
2 1338582 517011
2 1442092 1867386
2 52499 1210848
2 180034 400869
2 1318477 1078569
2 1237508 1484790
2 1135041 1661887
2 1596370 1387762
2 1328289 98985
2 1090938 1024512
2 656915 1780685
2 1456313 1533484
2 862374 390199
2 842658 117370
2 1675958 1381227
2 289330 463373
2 300820 368002
2 1350711 214593
2 313106 658021
2 1684131 805514
2 748388 908980
2 573476 465903
2 697225 1632425
2 1701693 493376
2 372468 1616233
2 1886507 615356
2 389406 1244468
1 764261 478417
2 958976 1270244
2 1120815 384563
2 1886424 1674472
2 1103276 303310
2 54876 144159
2 1646050 603482
2 1526492 850159
2 273483 302889
2 949573 1252226
2 993756 1215129
2 1392400 1528382
2 1663386 1734885
2 1617554 1819052
2 585541 496481
1 1758716 1266642
2 505467 160607
2 587901 1558990
2 501196 853850
2 642587 1656188
2 293780 1965095
2 1460833 105049
2 1257404 1959803
2 1694902 1624467
2 696567 1537635
2 1562812 1380876
2 90218 1454298
2 475286 727593
2 1735413 127510
2 17294 273793
2 1072041 924987
2 361521 1805286
2 1441285 1107207
2 178815 1147016
2 1885466 412838
2 1784166 1223686
2 692738 979091
2 1481886 1097834
2 741870 650738
2 181521 362173
2 462462 837341
1 235001 961373
2 1933858 419109
2 578273 1207611
2 1976905 215604
2 30290 1470427
2 1041472 872971
2 1960327 1231833
2 542855 1737073
2 1104614 195772
2 126176 1844760
2 411241 1425081
2 392469 456019
2 709895 4355
2 197680 1367967
2 1467216 307566
2 166558 1375564
2 1262685 979196
2 1132108 342377
2 1897479 520396
2 208216 1085663
2 481666 1304180
2 1974843 876213
2 1965488 1868351
2 629322 439283
2 746771 1114181
2 466021 406737
2 473712 1743890
2 1446276 844800
2 1031432 244877
2 30802 1456578
2 1538974 1024902
2 826314 831892
2 1838984 701154
2 1752722 1782618
2 932328 52188
2 1735667 507584
1 1023100 938774
2 990932 116767
2 1756560 1468683
2 1164436 345485
2 1698000 24234
2 1508192 742438
2 1867073 247670
2 151490 550745
1 768632 1394278
2 30028 1513716
1 1834552 1502832
2 1255117 339164
2 1456525 788413
2 922330 556263
2 1837953 1386997
2 826804 1876539
2 1047874 1469093
1 1457767 288593
2 1607792 883192
2 1618245 1757494
2 251650 1645306
2 1850141 298568
2 1007954 1383736
2 691570 633079
2 505235 1119008
2 1660807 1268807
2 908742 841588
2 1383172 1348681
2 1248517 560349
2 1631260 1788486
2 539771 34764
2 1497970 603234
2 776246 20230
1 1481402 980572
2 66112 871133
2 1128620 153058
2 473752 222023
2 1716181 574586
2 1454898 899605
2 966362 1575781
2 1318546 244586
2 815218 648098
2 546026 825862
2 1375206 796146
2 1207438 1298504
2 1388529 969646
2 1179110 28952
2 1613540 776063
1 717875 1362276
2 288132 1644178
2 257998 401405
2 1331714 9689
1 1962631 1781101
2 1340988 1006359
2 1357589 1056237
1 1640261 1538664
2 1244765 1868509
2 1620559 796320
2 1235616 996929
2 619393 1104606
2 1942313 1504292
2 288000 505668
2 1849633 471502
2 1711866 1042268
2 1027857 1721784
2 259413 787933
2 99375 1921337
2 618641 20429
2 1644295 805735
2 384760 1025370
2 1506488 1657330
2 1566588 358456
2 61381 700825
2 119159 1875444
2 1341147 60507
2 1394846 1288275
2 1892557 1995729
2 1752668 335716
2 1713819 1571235
2 1445758 1283608
2 1360788 1439919
2 760866 1212366
2 1913849 1424062
2 240664 1889454
2 5085 980302
2 1219003 646446
2 388661 551650
2 1917502 1470029
2 1257906 1315861
2 1769380 1814178
2 978896 886478
2 97448 528299
2 331732 1479799
2 1011501 1342817
2 1090307 1283559
2 1874820 349882
2 1104479 1885535
2 578851 1601147
2 551091 1987817
2 1330817 1254944
2 1822319 103231
2 41564 830565
2 315283 990497
2 1095567 69426
2 583915 521157
2 1262523 114615
2 260134 1262662
2 1355585 885065
2 194785 1133405
2 1898719 1416726
2 1797168 1012547
2 334262 1113856
2 235028 188936
2 1382532 1453916
2 1155169 1518036
2 875818 201162
2 405296 713715
2 845693 26715
2 374326 184201
2 677935 1096449
2 1741250 798729
2 865803 351557
2 1029971 1985079
2 647715 760907
2 375353 1558237
2 160883 1804315
2 1421174 503729
2 638979 1089856
2 610386 1672436
2 1636950 151619
1 834683 52216
2 827459 1717520
2 1766062 1133125
2 1532812 920198
2 1736686 695561
2 1606525 1723550
2 76993 1976926
2 33186 790790
2 332131 499010
2 127896 436772
1 219534 1133715
1 672734 1269520
2 1233871 1772794
2 198087 909015
2 1571877 1272830
2 792696 1015729
2 911850 697700
2 1542624 398803
2 421807 1717434
2 1099819 1230474
2 830952 1180128
2 1914822 1118275
2 1030606 536133
2 511411 506111
2 361872 1472141
2 972213 1852943
2 126771 291157
2 1313188 612063
1 1339463 926094
2 145857 1234258
2 153003 1881976
2 1688674 428500
2 1146019 1338919
2 1862211 1270523
2 75659 610594
2 193606 94832
2 631972 1520057
2 809816 871927
2 293821 1305969
2 1663196 326134
2 60654 275293
2 519719 181041
2 1795556 853533
1 155099 1539426
2 481442 635013
2 340274 1428636
2 419636 962119
2 945862 1767063
2 1379521 804786
2 464434 93090
2 1282629 1050496
2 997538 1769651
2 1314321 1432245
2 1477596 497756
2 482618 1187793
2 941216 1542879
2 560136 774387
1 820945 500057
2 1714538 362539
2 1094919 1192403
2 137549 255784
2 1328928 1894871
2 1100105 23097
2 1434423 897984
2 1962444 648012
2 594512 438966
2 1478959 1276737
2 1282589 1994951
2 1488489 103201
2 617202 1348172
2 1612040 864028
2 820167 695357
2 238328 1970071
2 1774633 1946549
2 214955 1128856
2 884156 1308626
2 329022 968316
2 886435 61298
2 1089913 1610019
2 1712605 1104779
2 1209025 492189
2 1394571 511310
2 1893182 1585965
2 734359 219439
2 1201106 1481704
2 588408 1897186
2 1136124 387260
2 1973472 98831
2 1437435 37289
2 803286 1394750
2 1385107 769336
2 1079225 1889551
2 379030 340944
2 196736 908333
2 1838460 1008426
2 1945594 1933970
2 365565 1156446
2 209055 1725340
2 1154860 87816
1 1892803 1175212
2 1804417 1601822
2 1022108 968078
2 1067502 581062
2 324384 152711
2 367905 1246978
2 584695 290293
2 489903 1919020
2 1892683 1907738
2 1365646 1390171
2 1524823 1318229
2 1851425 651553
2 1098762 278982
2 863274 77254
2 1745636 230356
2 807710 971465
2 53959 228028
2 338130 631540
1619838 1770466 108889 66522
1429129 1454936 586229 615179
272253 1469050 272889 839127
1669556 125041 1371403 1106333
1569513 386936 509055 1814795
80411 115632 195559 1193789
150145 998614 1746288 997488
204765 93809 1198554 1063888
1643457 219240 1031486 900147
895628 1626569 787733 1290630
328454 1000402 1734026 1622948
829742 329806 1236757 65686
1715507 1544878 693962 902665
1495238 417319 524835 1813086
1474930 1656792 979164 1631323
1789105 72616 37183 274248
860784 1112223 1163078 946713
1712553 500380 170396 1833996
1383237 1260345 781799 501881
1467325 1098211 669860 1236187
542681 1445361 1616781 530224
1400552 62144 785522 1173
667778 400712 501300 1421055
942030 1277219 1552454 903583
599069 1188861 667467 1586757
1526549 625453 788311 102054
606965 1325317 1168567 594718
1796824 914402 152157 108585
835771 763117 40452 1189346
303198 1934018 1137532 1480663
1887138 748155 1006488 1512357
1570545 208890 315242 1795550
1510897 1361932 1424068 1662419
1738059 1003469 1844342 1337145
1333417 1955181 665833 1825934
974762 462895 162096 1994746
52503 1889543 294989 481611
849365 1355879 1547034 1674559
1374031 1316968 930758 1175017
1966618 460269 789388 1745257
903619 1090793 812925 1326603
1253392 1149698 1591382 798589
49603 401701 1360928 1349846
1131207 1625562 638561 426104
368067 93263 1061162 129879
1782377 1214378 1034708 1992203
633412 326733 1646668 190672
1602512 1027739 700338 877124
1221001 1644165 549359 1674346
357407 1596819 1599377 1977382
691317 68777 1153705 1476527
460062 315862 73384 220868
1486865 399167 939716 538727
1397882 1788885 172012 338325
908870 1251558 1619624 1928528
277449 1360297 323033 273208
1309894 1255578 862192 143537
658396 1828361 1359791 521093
918755 1536965 1755278 427441
1043808 1400952 1816981 733970
1622302 1483391 943364 351031
1551986 976750 575978 129330
663391 1919052 200930 100881
937298 246905 274505 111161
1952510 430382 716475 103609
1392781 1978896 1934294 614997
107654 1278955 739189 63796
1939411 959170 1310462 1349421
126604 711946 608232 401724
1531015 1549765 264750 60424
1146928 1065854 773357 842594
464138 1983375 1190024 1509264
1222949 989155 571437 124486
371580 15015 1971902 1498034
902579 190346 303343 353756
808385 935554 352994 670818
1996685 251852 387876 70281
377677 1882725 554133 336567
1309689 1228035 546477 59738
95905 632088 238443 142907
1436266 1384125 450334 574811
1936807 675436 231769 1976210
1391187 599419 879565 1779723
1312790 134125 1505383 979585
899614 713011 215952 358822
1475065 1640982 1199806 967718
65359 1318664 641171 343766
1527305 316149 1222782 465556
112826 1912887 753862 1914345
1857784 936048 1637636 1057456
167503 974321 1134259 1356099
169679 1786502 727889 1592377
364550 1456207 699640 1595068
456477 1621738 62480 730594
568091 1408777 1414510 1130420
1672696 1787287 1596587 183949
1389841 1182176 858186 1428626
1385778 823586 1789531 1474333
1593759 478627 463385 795792
1786512 513974 1090470 1867101
1966327 34830 178600 435861
1685138 1818964 27374 532805
784585 1601273 784530 1703120
845053 1271675 1616150 1012938
68617 541995 606811 1602754
1195563 1744726 101412 561423
1008608 1430609 1027337 1422189
1889929 674989 1421350 1284398
155353 1215235 1883597 559963
1714659 1743830 1958968 782124
1805983 146338 1978297 180693
328879 1510401 1172684 1989312
674802 1253894 1404220 12938
334500 513480 1455292 660123
1220121 1978110 1373352 721875
1529815 620430 998340 347951
1253710 718675 1810651 1050664
758679 1594013 388082 1080108
243880 54863 313610 108031
445282 759949 235510 533081
1749623 950828 1710994 1123897
1532216 1476770 1392228 175457
388175 1455041 1643472 722497
1412097 104240 1724689 545915
785251 257023 814310 1651682
372882 1582320 397555 1424121
1895881 1880227 769118 308524
1626817 1057118 1505113 964765
976543 1698320 594970 406825
514937 181664 337697 1214931
1481475 1962969 785447 1258936
1771160 1574483 116254 1677661
1639329 904713 1827095 1201661
476700 1172360 1461783 1358667
814061 250385 323731 1529646
2782 1901138 1379711 664990
954369 59198 645 560195
1411201 1638592 1904167 748450
1096290 796814 1572035 1628362
1167834 244466 1694931 949110
1933789 540830 1468186 1110934
54462 817294 415804 1275349
1097296 543694 1174334 1966294
709143 1803455 1122158 1739393
824710 360359 1581437 528917
48686 1769552 1725691 1506681
1485774 529027 770688 926136
1185378 543552 445016 1081364
1217995 1592129 879780 1626538
251033 275489 512986 259150
580182 867890 1362058 938877
363297 1097707 468339 128172
1920958 1237915 597164 1086075
1397132 879552 740145 879226
1501159 883944 1490674 81618
823457 590155 1496271 1946396
210007 1400740 1113676 1236881
1309905 770896 400102 855785
1165747 1453074 1718181 1919212
1256180 988443 1230705 415959
747619 1053439 1540520 1987257
1965391 1629463 1936360 1136187
8498 1837157 1982329 1338830
25450 1469045 1760850 1613689
1419178 1447632 202797 1422874
1899976 1934947 1159053 208312
915750 332406 4858 1782061
1499256 779897 385721 1876874
108626 69877 1785606 1556774
1653936 1986097 1121293 1220630
1901897 1366928 1520351 794343
1657669 1157000 621045 152723
1881926 1676629 683348 1649415
1842274 1678292 853389 1896651
1195581 475386 512260 710593
1166470 603794 1649320 516882
367803 1931398 1965510 453456
874237 1323020 149525 194633
336856 268028 179960 1005284
1941779 967080 1410070 1416740
1415894 449582 1163231 1555032
929223 185396 1249211 1247520
1919105 1848884 437954 770318
422828 599321 1041114 1063060
1564630 1965670 639450 694670
850634 479819 431006 1683857
1328619 268411 1351630 822839
67784 1685553 1199453 1170991
1802387 798061 1321600 575887
1409685 945082 698269 84934
1843782 65385 1603768 1485255
1151289 871479 648970 1460213
1253790 1120665 1029750 1607124
18481 656674 787135 889913
369671 949224 237751 516036
921162 240664 1550681 361695
196169 624151 455715 588740
1268765 820767 621827 1195332
712626 1286819 565901 1916590
1796801 375027 377058 203779
543454 1383731 1329809 33588
871412 1617391 1745810 858995
1902863 921218 914273 894307
1156421 1254006 1627065 1715531
383788 135524 945602 1417666
1856005 1392261 780069 53406
1957340 1579375 218518 1770353
153134 122227 266676 1005001
1125904 632899 43938 1422930
1819078 623455 1437756 1502586
559102 723951 122626 1095850
1257760 1851743 1292920 678447
197932 783455 1345557 1363277
88760 1816313 521625 1939476
920411 1613944 225997 429442
1691319 1553360 600739 615143
950870 491852 1556716 1358989
1054913 539377 1545036 1229166
1520756 1900540 110374 1523606
14952 682419 1465786 50371
1916012 917754 1663993 878147
326500 1575860 1741573 632819
59862 1576122 1749884 1730345
412060 47422 1081868 1496032
216158 1844554 1782248 285117
546356 1089783 1447584 217672
138829 152333 604222 1926100
301877 922572 996865 303949
356249 999952 545994 1766461
1930028 948573 1594525 213758
115809 724209 1258012 187539
1041073 524354 1596451 1249032
1670818 431290 1456436 510018
1333721 593408 1476772 1608858
1752896 1476511 1913744 1100611
1083198 211884 1814802 263047
753794 1104548 630841 294446
1335862 682165 1063173 1905580
1948478 1884306 1501389 955693
942051 1831542 847360 1858127
170352 558541 1760135 1613896
1163930 1315223 1507168 305137
748399 242288 1409675 1233560
1803179 1904523 929882 377687
303900 1495890 799993 62855
1180577 1898334 1828405 1280150
1945751 1092561 1601079 75597
1755530 940235 1637057 542445
1830394 1744630 1119014 1502783
1410230 777103 392756 985224
1288193 1258250 1356645 322966
1418861 1181953 1965034 1171292
501782 800533 1050357 1861102
1561169 1353211 932603 662351
1352009 1605002 946652 451588
1781496 744059 68398 159510
1353744 882108 61915 1878811
1660368 1306436 1234704 170987
258886 933758 1870087 534030
1705188 1079502 829204 1017423
713046 1164181 1155929 1428077
763528 982593 248470 163544
1794278 698200 993187 786663
1931924 1276535 332805 1112359
1915352 139652 194933 885419
1883678 79406 1981042 82262
1219237 937959 1356719 1727339
367193 1881694 992209 641334
545085 1269600 1934112 1665014
1692851 1394106 762663 1256763
1185333 400363 1064448 1883882
1475053 1307671 1710420 351763
1484348 1654554 1725828 244340
1873493 1286284 535626 636009
1243055 115757 1154713 501790
109045 1758818 1602475 1774340
661185 1357820 569241 1902421
883381 1640757 1067212 955371
591588 540019 1105752 1290211
1792246 1158450 1154522 970374
936288 1514954 178605 284466
612181 872825 1265455 242613
1076928 285777 1416662 645156
329151 557845 1069026 1576541
1817675 1762002 782913 715582
213447 863663 590689 950729
235800 567821 1817817 581929
1963459 1094920 1162833 725818
1075028 781379 1186440 614915
202040 822201 1596364 371154
438375 1329276 78704 1917891
688569 1405040 885400 1383706
929372 1531754 1673531 1388161
666056 327903 1875355 180021
162497 216505 169093 1031819
1245465 509688 197030 382559
962517 455186 1168576 1752366
933889 324578 1988998 1922423
1091394 1563443 1337631 1464094
1194264 893646 290240 680548
641635 1974592 886842 810016
1467738 1324492 1261359 124246
814818 486337 826986 79020
1853323 1324319 1454846 68807
892623 1615834 76879 32483
1125041 1911117 1680123 528198
1809905 654365 1301484 1152878
1388384 1346261 1188494 728824
502285 1367758 472070 614965
560378 1021569 1175452 962387
693409 1738254 1375364 1386026
1721977 587077 1261377 712766
1764042 625610 1118312 280165
1316855 356778 1406326 1071889
1005175 1381598 150673 793717
510946 564902 1730812 1228490
1423374 1597464 1936833 1634962
624993 72707 113634 87270
1734487 1685471 1582624 778813
1311472 1419203 227810 1204344
1209687 894090 388207 1680648
797906 1708461 1597246 1164940
655210 36292 478281 511027
1637008 1380026 994271 561191
940741 959265 5987 1391269
560194 1747623 1812001 1959684
37692 414499 1453901 1165902
1298521 157984 1329500 702358
1564147 893039 1866728 216449
1664541 396246 620313 674050
818881 223718 1051513 27003
49101 36472 1946860 423540
267158 1266795 759304 593388
1541444 1876271 1442506 1922628
411162 751439 1323925 1411068
75336 1029168 750350 1535359
1068212 692586 823229 1852445
1722883 185286 1136545 609035
1245222 1482468 801398 1086829
1343525 186602 1130518 886995
500654 724393 1674904 477239
431899 1640345 244528 249364
87786 1622412 638243 727891
139117 728996 1070775 414215
581711 797354 3158 1063426
612899 138623 1982185 1087666
688639 812730 1914302 186259
1338858 1695411 1717260 1873009
1319859 1866489 1939207 300464
1339907 1960365 1253414 252534
189688 1786266 528807 1123960
1170761 1952177 1501622 1083688
1811556 1125680 263821 1059679
1078438 1091596 1587001 194161
1097818 1195328 89318 1971739
161243 1757671 1567445 219213
924743 1910673 466341 716695
935121 404845 1654586 775480
1596453 1536635 223811 1068760
230777 187816 1382417 962356
680763 1890963 562920 1604264
610318 776646 1755887 1826066
25501 1662924 865814 84286
1298009 1422889 1584396 1369201
251061 1508796 179196 1697952
793062 674193 874507 1060315
1097476 1752136 298682 797827
90631 296891 979831 692107
1722650 635755 1823673 739903
638356 1757418 1038883 443675
363716 1097631 958046 867646
266803 1418859 1149368 1059417
478323 1103656 898119 1345378
742352 1162375 237580 446839
146022 873093 211993 357299
440986 1776554 7598 156761
1809116 1481868 1388 1351533
1183261 1742128 415540 450214
344082 643254 722720 72637
100687 1936111 275712 912687
1937422 485376 1708631 737596
1384936 1148568 913073 1745031
1264950 1100097 1015989 1292201
892804 404486 1695539 1710209
1131459 1767113 957731 1213769
655581 28922 374216 1482398
1375184 931286 60235 1434326
1540518 670743 803241 442728
1689986 1328536 1584272 1667247
1816240 1007023 352487 1963477
1531320 4803 546764 1061931
1395508 1123540 254385 795540
1971221 547924 97626 1083390
865720 1331285 1260458 1117343
1858386 1781232 344259 1335835
179143 543039 353532 1252227
1520382 49369 758286 1171803
1329363 1284642 48716 1470638
931308 1736558 980306 998825
198098 174708 926595 1064608
1344381 167556 866834 635381
1783930 1683162 1525119 924901
151299 38998 1016645 1154203
1749187 1134272 809689 585064
463418 578945 394899 746029
1769751 1537700 920594 1742765
1440364 1865845 1336858 484933
1228079 602018 776006 420261
1766047 99027 592463 198731
1051024 908996 382555 1470376
1199918 1628591 1882121 671251
132526 1271523 1389356 1437334
895785 1904963 256000 292020
1739155 639014 1364143 525642
1632811 57857 1572607 1615708
1694632 798895 1980271 1733633
1541383 774769 929626 797519
1664782 1841170 1013609 490800
853402 201792 252570 206027
1548940 1516972 382741 1881804
945160 1534814 1294431 846030
1263735 824152 65960 1338955
1454398 207772 156209 829368
521375 280908 1897274 1893434
719871 55921 710261 529010
577733 1402738 803822 699096
1690651 394756 1201194 1305551
219828 1822374 1986695 874941
100161 77933 828533 1063886
962334 958495 1634528 306371
1373192 998200 1856460 1447710
1222615 1944542 1271510 958155
378231 1445798 919023 59904
1596643 921321 431957 490110
701944 1049613 793463 54284
1627032 1330706 1948546 1229746
27068 405205 1887930 1268849
1466820 1706046 843735 1995993
1324396 908199 40699 196993
1316325 605605 26156 416293
868389 615502 983577 1416606
1713368 1245213 1417265 800399
395520 1003574 645632 1850096
1316543 672867 1212151 384943
1177628 1905303 1560129 299056
1541084 1430504 1052676 1644636
1258913 1770706 1071240 1644051
39709 722918 1776763 571492
1359423 1629713 1645782 1074165
701742 635678 889829 822014
187024 1392660 1201918 517039
1747508 1508627 203651 192099
63962 650767 1523972 1332077
1954270 1693279 942476 1044083
1369364 1145232 1225763 1160866
174200 247950 619473 523999
311977 677970 105356 1912126
1931117 205114 484487 1779829
1326831 408451 1126178 1518740
1030114 852668 1386197 206574
237736 1273850 60981 82982
1867211 915539 1695533 312679
1480639 1297803 162791 117686
1981200 745452 1548390 459329
1059767 1067405 809598 1394417
1290571 1438588 469770 882034
1194329 1157748 40678 629869
224872 899028 172351 318132
556519 1952550 1738568 1091377
590724 1946505 312046 1372875
805798 1809970 294703 1631348
268461 939680 135499 1905172
1005136 656463 1605125 1725947
1167429 867642 591406 1719828
1946305 1747016 586153 16006
604767 1057707 1596532 1680965
946446 796438 1551029 1289617
500829 497591 849055 1376681
90260 1475157 1682071 415010
1779780 1638569 1840108 657002
1635072 1415965 244818 1442006
348350 639409 550067 1021528
1448564 935492 520918 951527
1654870 1886025 1730229 1712233
577133 552103 642096 509560
1371662 1529685 1900353 309157
233343 687763 202181 872775
1636318 385364 1264960 233218
741857 333440 96963 398486
1073242 439010 702943 1456914
534746 1562805 205494 1446201
1390798 1745525 521952 1792853
1077212 1861135 170646 1574331
1088741 1041525 869997 1030388
1466746 1973596 1753976 1062901
159452 1053551 1658241 1964544
1380778 1625201 611613 496160
297374 1057349 551163 326046
1958084 717972 921820 1747486
587050 617243 457099 347962
143546 815607 1039607 1979603
163704 1873578 1861742 887454
61602 264250 466668 346950
1739558 1911353 1375178 462841
70929 1489564 621737 1771570
1654454 13608 311168 1391573
1254341 1307217 989171 753352
574269 1469233 379381 1447579
1925258 593882 1644782 1951433
1562656 669581 224173 1071721
1340318 1847742 1891870 1622004
1953219 1925822 1348610 1617645
629186 1474103 866197 1497911
744927 474149 991852 1065405
565118 664587 198321 976629
168128 168342 1343594 237562
607831 1637170 1062117 890375
1920417 1153576 1889301 1082984
1415320 452394 85136 1045619
824865 431981 1669468 357642
48816 1427731 1715123 1607846
416009 1530784 763061 1372783
1592465 1282228 1357117 561549
718908 149311 1211350 17205
1046792 322208 1549856 1071315
1171898 1656255 1112091 981650
1284615 539975 1028165 1169444
869090 572161 500649 512692
379894 1611529 1277467 1694845
779140 880731 693076 1585240
712832 1329734 620459 247652
1813858 1968266 1555007 528979
296241 1158766 214316 756902
1350055 249982 860535 509584
105971 1400676 501284 239199
326007 249843 784637 785189
1646694 1208891 652768 1077136
418862 1288230 1898407 878763
722604 742878 1565674 1964565
45188 565463 1161277 1548832
1746985 870998 1370671 706515
124781 591324 56776 3190
1436909 1272076 1595191 732987
84687 1881091 968552 1121047
1453268 430621 1049 1488317
562921 1438321 234482 1188132
273063 1942860 296436 943213
1630009 1495711 423489 149711
957839 1813408 482447 655036
1326568 1880481 24191 1276078
1602385 793582 911279 711585
1858778 1199014 921908 161979
336882 1284629 605202 177936
1022684 809073 1146912 44235
1031164 1954174 1328020 1405156
311403 1507910 702103 906744
831963 732758 720957 1589208
544168 1035490 641748 76075
1446040 605051 1461244 795884
183643 937909 1086587 1152836
963492 1194912 543395 1338197
1216031 687341 1734739 1189065
1016950 1472659 1079118 425280
927260 1814867 474055 859031
9491 67576 1494717 151822
95314 1243563 1125963 296509
118126 1042744 1288747 289472
845194 1155155 1916212 464400
647997 1341440 734007 1822933
913918 1827578 1695192 1819818
1783919 522972 1012049 324216
595468 1948663 1040069 1204065
659368 1103306 1950895 1825694
809646 712613 694633 1635235
195885 819861 1408455 752157
1441934 127099 1576461 331946
82408 697013 1053973 556035
1931684 361078 701315 1292204
110653 1636548 1194898 682974
1136052 1809399 93441 696298
402023 247436 1841166 1388277
574277 505485 1104696 541360
1670747 799302 1926302 1850685
1243953 966042 462356 867426
948045 1263045 249760 1482850
1309345 1373186 969945 1494559
1054240 161851 788831 1260929
49961 1616505 1110690 1047170
1448391 1320102 654772 330740
674723 1276331 1771006 1603936
1634881 1706543 1961953 565895
865376 80656 704912 603964
1308434 1712944 566388 746719
517411 238691 979881 207032
303458 1746208 818859 1110107
1250202 111555 50568 1953231
338599 582607 1441315 1076473
179355 1565840 662035 1867292
533385 365415 61580 64319
1048151 499785 584355 279343
1079257 1520103 946496 1735416
541060 1247885 812618 765821
1817423 1297095 1706553 729638
1650317 536738 543533 1830934
717574 810628 1395967 1644692
1481304 407809 1365378 823330
673185 692812 1633139 65410
393031 636250 1548339 621016
1111248 1347901 399890 605372
1469942 619991 118639 475538
1238586 1592559 996053 1555647
1504778 945753 1328960 567055
1951093 1682379 1272857 1383755
1667837 1027985 1668169 991797
1561586 119616 552190 1642743
563515 1741017 485568 1990371
298884 1608224 1645838 366295
531867 771168 1658271 760068
935172 1193290 541120 1283448
950265 1430945 514512 916795
531898 824598 1263936 994297
745381 1831174 1286455 1656719
237491 105043 1350384 1260051
1392365 1080263 1562923 1025709
31296 1903402 659215 11439
1596710 160034 295927 1434162
127782 1185133 1737888 821225
1950759 1360547 1044928 1579233
1609158 305086 811469 1979851
135106 1058886 457141 707355
652822 1161938 1857484 1632391
557885 1467327 1824683 1685373
176371 1906850 1383205 1435973
214154 300736 1637748 1133948
1831069 914512 1544957 1248411
1430539 1137896 264452 494361
1832932 683164 379177 1559783
528029 184610 1143 509921
1494023 913352 1804683 381432
1105709 277558 730618 1604199
1518754 1818692 1749488 964742
454620 371015 1941359 1006698
412697 1195046 1023243 365933
624616 577241 1532270 324348
1652862 1809049 1572265 1244541
1590507 1644443 1163500 830443
101748 683278 1679771 610325
892987 40337 1054679 1042749
904374 272067 66896 979131
1805691 1080739 836876 295441
1246967 722773 767566 1422951
1715570 443056 1930573 1657759
1472723 172921 1058098 810173
1723060 1402593 1226625 476239
1612629 1283172 1795090 1743218
1805228 830698 1896796 233250
269038 1785157 860498 1395521
1488149 1821905 1316262 1995727
377034 1637990 1083842 1135107
844521 333951 10093 735858
881572 1786407 1432000 1998675
1372420 253887 1822984 160383
1772161 1219537 1294156 453605
1789329 1736562 1249608 499210
336576 923012 1316219 1027446
888861 1545595 1515462 1409029
1576540 629098 172623 447120
1809835 1625034 1224043 1972796
223247 1961378 1268190 1744181
397276 171378 1511304 1816061
709641 1304520 255389 379175
220988 1521577 1873802 1705554
150517 1842638 184808 515196
586250 1861526 486572 963160
206890 786833 400876 1939027
126454 1158779 164507 152982
380685 74144 930621 1839411
277351 1630447 342764 1333950
198875 461132 352193 1882376
619562 523666 937755 611346
302053 1312571 459848 1607482
217385 636359 876573 1693699
484663 1126034 570278 1575241
1361374 1036412 370843 1737493
1211110 1550726 591072 1355812
1724167 835249 454361 241407
797295 1880853 1301138 1227225
1293136 942101 731540 1921050
451737 1867630 1408295 323851
840259 1473486 348315 1195921
1055280 996675 1483276 1743833
1778616 346430 161837 359743
1004820 1326333 1524618 1523580
529715 1825878 1233220 1952110
90887 1031204 648749 1778056
1260003 1173074 730538 413557
1026838 1653796 174502 808314
1207696 1465088 1158391 1844477
1395517 307408 1569493 614366
1238691 1805701 1117187 867025
93723 965890 366248 601315
765882 1644079 306099 744062
213334 1962479 901286 580017
13588 536448 911244 1210477
1131624 1401256 341692 1293048
1567255 1507518 1012128 479431
1831382 771293 1532510 1559679
719495 517265 829310 841752
301634 417840 1219089 412899
1580303 1437540 1438888 382712
456713 1110441 1138422 344347
1783190 1254846 73930 1330997
76035 218314 1100915 1077551
241559 327652 551645 77017
1039343 840562 375033 72731
1769561 1032068 511307 1004928
351067 1599558 1160980 533813
1698730 181445 680799 746496
399144 971537 1020203 1232003
1769768 1077471 437456 1439924
771612 263250 51914 853895
408074 995095 213926 1452440
1681647 1168047 935454 1350556
1795778 1211392 1510704 67273
1306126 27623 1026605 1297221
1924334 74663 1461000 1012830
1362069 1315422 1519164 1890466
812982 1674861 1727841 1791663
1113547 720988 1658077 1027856
1509294 656348 1606983 1480470
973387 871339 942950 452489
1640650 1270546 633728 1774965
241942 1922974 1905026 1048392
403116 177527 560668 927572
418588 1375324 1633712 1110275
67384 942710 888468 970570
1222902 1202858 1598300 306054
1699567 1229832 70563 254572
368053 1520088 774880 1848963
657020 658636 298975 1880110
1865853 1271814 1441087 978665
1010453 985795 539393 480415
1280756 481812 507140 1963939
1705855 1759105 1662729 471894
751923 786594 1102638 1595964
1236763 94921 423271 617216
115533 992631 1486527 797324
26463 559584 275455 276752
1468437 1867328 1499262 750859
68385 260753 427254 1698050
188659 164990 1406011 1087388
1915416 60849 902329 371716
1572556 1860407 147322 1252242
99556 1777098 1272714 1722689
727521 1371671 666955 920303
1282795 284538 846406 429612
1314478 1461545 541320 480580
1908732 9208 1365653 890385
1034703 1980456 66297 1551933
1957370 125302 393614 1692721
1506827 1679897 1680332 51999
116941 688525 1122995 1450465
1306127 1201484 813717 9143
1814186 356878 1939753 793523
1185721 1888298 897610 644285
719708 1549546 744509 146882
1290702 1396390 1688923 808786
1158003 552412 1991282 193205
1951 382497 1118664 755741
817589 397894 1944373 438736
323848 35966 1190736 258839
1120816 1715253 1591739 85465
1607135 283581 1864002 348380
1932964 1582375 808838 289723
511739 503699 1817362 891796
844891 726246 1373062 766054
1823229 470621 1758502 276119
1401397 1238317 439555 1981857
1665852 750964 1540406 1908700
479677 744739 963345 64089
323862 1094292 789488 1984075
1547386 1086328 807756 1888147
732356 1191172 1610032 585216
506719 1797516 1840347 419373
39844 1467215 1563010 613449
860342 171722 99379 1793812
1100396 1590018 364276 140736
1790641 687633 1294478 1285429
1614799 1373231 481084 919635
1215627 104746 1348890 504342
611819 1732313 1908395 1948756
1767372 340500 1949604 375226
111169 466320 959043 1688338
463647 817884 687490 1515883
155185 78250 639544 138778
985016 758328 309997 1774737
977716 1222035 1620653 1284988
1296125 726827 618609 245576
1651585 742294 1509576 526612
1308993 116839 81931 556261
539129 1372465 1074987 1767679
1304122 1722673 1911199 948415
52106 139610 1681009 1479158
1003395 1296750 668870 1777848
1035732 1888387 295011 613222
1300002 1620890 378681 1361712
6316 1254485 973491 352731
1737552 541240 1256029 783800
1593275 204662 281854 32804
575391 1868569 1383138 1371689
624099 718187 404173 1495897
1946997 1164893 1656533 837160
463073 720428 1689308 1670823
1451265 1343792 294063 568971
1533929 1167259 759766 1691928
1229314 1398329 1471908 825481
1508462 1191693 1115434 1480282
193363 1287823 842344 1905644
635374 1116632 792970 1815931
764411 1375367 289364 1700342
1389512 459322 778095 1500885
1897277 1765505 763337 392923
939271 1747892 621137 770440
1570884 1504118 1905493 932140
686815 540553 1584675 314029
1744908 1508123 882822 826113
917605 985199 1569464 731948
1520511 552600 1486076 20133
1585650 1138871 1826469 1729453
869608 363307 534169 1342401
1558400 1521758 445261 917648
1014782 458257 1946857 1918723
1202832 988846 1013493 599723
1159420 337477 1175805 1978710
561216 19623 888538 469499
789900 909020 280598 1679398
1770385 1390845 29886 670161
773514 1377048 759815 1632765
46759 1943230 37627 1651405
351324 1547828 451652 931687
1285265 941784 196709 596496
524574 362001 1573905 162352
1554922 70 344735 640640
698135 1083994 1953171 1815031
481155 1420755 1894691 578291
858291 335004 1449825 885573
912944 971597 200224 144822
1248539 905596 1187020 1563882
578944 1297720 400890 1593137
904698 1699536 1589500 1085460
522361 672061 1786933 622784
1876312 1315460 722442 1699108
1373181 1146632 1381016 340462
1051498 1643357 582602 1806940
340754 342326 1523564 352667
1591394 631224 1835477 592656
1472849 1527450 1121663 618714
1170126 606652 815829 1549693
289815 447578 1774642 438017
1627451 1592649 161322 40944
1695012 571720 844112 560247
1875281 676125 504746 197092
461674 475620 1306795 681778
1942845 918906 1250257 556110
1158020 1406736 875050 1409369
1975183 1473322 1421818 133877
1687595 1785654 1633943 1128609
1503484 1610309 104572 1838993
1706209 1476372 1831365 598887
566202 249930 733238 1410977
572614 778230 1700623 642033
989250 1999769 1175444 1093200
1977798 1958528 1506697 1339303
1459028 678233 558376 1464923
662912 1552269 98480 865392
699732 1565899 754583 1783549
1786629 1455544 1377630 1213746
1429202 1553816 755972 1541361
928664 136458 992097 1134307
314753 1512859 1998054 1894265
485685 641939 1674389 1784611
337737 929030 1216851 1513119
1911634 598097 808528 45351
848180 797672 118228 498688
1201898 363616 574272 1045497
1270860 77933 1747930 1563714
282279 436741 1438763 500373
159252 1348562 942694 1790549
1532620 575557 972727 409031
1924650 147198 250922 617853
726950 1667014 690395 444048
853250 689829 1967859 357820
404417 1978812 216340 1044926
1754176 33856 968 837767
775800 780794 210697 1931386
526318 1425604 479009 1619216
899088 700540 332896 505011
1316929 1307798 75329 935131
285228 1762472 1727742 462410
1842798 1243380 683049 824563
1332638 477523 271156 654047
1539841 304844 387449 1240531
776701 364037 1273705 1030861
116653 460642 1349731 839315
1527247 891452 1910811 1793408
1525940 1061226 1674226 1344073
920213 656183 829660 640228
601765 174670 42489 1953012
1380302 1939011 1244401 1527219
964689 1238360 80178 1956654
188319 1295916 1337012 1122775
1805615 1159587 443769 1404692
280728 161852 1412509 1449979
1432734 192113 736638 1789652
1051003 1001463 633148 1419104
543571 1937168 1055293 200151
383478 1690547 639816 932573
1221283 888478 407207 830161
267117 437486 717941 695681
897788 1837872 132060 986260
1271796 1496313 1804422 1022926
1130623 487372 720129 496762
86270 1803510 1709218 1924403
1945854 729086 1927163 1252977
468595 945070 483202 272481
871456 996296 1086387 704247
1364362 1461416 991626 797518
691118 509092 284365 557524
70142 248265 1299267 1646131
1648312 1680388 1505672 1496188
1276902 1777615 589324 1344631
560588 1330347 338156 190110
592402 136513 1933994 1377352
50544 954439 1029336 1266124
729318 1044795 369566 48791
799359 1212346 1911763 1566319
1818426 1920479 1457836 1592871
1845068 871351 767496 1348147
189656 110114 71743 1176220
211315 30238 57102 102142
1011467 595751 1176620 809251
1482614 683035 1071359 43801
1559778 634693 1330359 1316300
1163837 24517 8383 1032484
1539256 626035 1978269 328478
1933492 1462010 1702404 1068807
649735 856527 734490 1299957
488132 616682 1341669 862923
1561129 1371880 1715519 1204666
1335670 446084 1450958 1527399
1382816 1657875 1187944 1425677
933 1732600 752691 708351
1432137 1156131 1210071 1909452
30724 192526 327270 1951963
1066088 1255513 636373 429311
781139 1193355 1150110 1706939
1539865 1608739 1800477 1359123
1824597 1141569 1861552 441976
1734208 810991 1582851 154859
771766 57545 1525857 367260
883559 652110 1705255 1405618
1326499 1128538 1048373 548120
840493 597570 1683847 801890
877664 1138982 1692479 700486
1850816 120432 1756741 1596708
817292 1158929 576425 1919376
92776 943678 1601010 1882234
105339 5710 820799 1723322
1177204 1979998 1077492 139325
1023125 13040 1083228 830038
888130 399665 1844671 1290322
154108 99556 831339 664233
940005 268575 656064 1167199
803560 1724527 356961 1241235
1800843 518003 825371 974572
137466 1308166 1681897 823315
1110747 928267 1473179 1018548
782779 1255176 50620 1330189
140851 1386536 1764344 910580
662905 694943 1057973 1255211
1514703 22516 1754702 964437
1632742 757635 1593812 175943
1856948 476675 1218496 1621638
1457816 249720 421998 902578
1149170 1401880 1420076 800471
772658 1221686 552744 1008961
1047229 1902828 1936436 47497
285356 1063053 58912 336497
697527 1025432 1196998 1204668
312442 1604428 1673187 1660763
1149804 1937895 1383112 1511443
880291 760494 156971 328533
810020 1071549 1115201 1826011
1343875 1810280 624085 563591
1463923 1490346 328596 151048
1004342 550328 1694389 1068833
1208233 332728 1773999 1259269
1244332 721505 354665 627989
293616 1423101 1726849 726003
90665 666247 906018 284714
522730 1046672 1240352 1610841
535687 347338 1115254 1977916
803011 375433 151347 1243200
755017 736968 356503 187270
1655866 1928284 929267 1831754
1584891 1373002 1623879 534735
595218 582483 1106951 522233
98508 645281 1264689 1342656
1199066 1851203 225418 693204
179704 1586492 939520 979836
1752814 660241 1486697 1141564
1114767 309958 886890 367117
348780 1994071 472547 1683341
1940441 595266 1939680 553863
271907 811498 1170399 1629529
1218236 853753 252952 368355
1425741 623116 1471954 1336803
615347 1525554 1412629 332993
1976347 724380 448991 798547
731080 718829 175041 1496179
898771 928449 1076129 621399
1815955 889050 652310 237319
1166513 584550 1504089 1260464
882974 1947771 1561822 930430
97031 1955258 1741107 1559951
1385291 130789 567954 13546
1858259 604514 678443 1999436
82207 587911 1622115 612099
1486590 554095 1658742 1314087
493033 1145594 144771 806876
26194 1850371 618491 1422608
1663959 784690 1743459 1997791
315045 779403 484048 20
550642 1077559 125129 1324694
486971 1906833 1714486 1386964
1484894 1799906 662319 268221
86730 1291900 1523109 839916
1494294 1689759 427773 1390474
1067396 1922340 1995955 553751
879237 1267866 554274 1419420
201049 1424282 957720 1154296
402409 225121 1916636 1852753
738732 602012 1913916 483138
1564669 1982451 1311706 1653297
682670 1986504 1979561 775346
1786814 1377353 1585843 1181974
742918 236697 762452 1545123
1243396 1446601 1191326 1038912
1570893 268847 222509 1328793
1659750 1713842 352075 659692
1716762 708335 855298 1718777
839567 107733 741432 527012
713244 1523146 1253022 1083047
113717 1928717 906410 1058343
1276090 102708 1361543 1409351
1972242 797798 1888402 1383590
362417 1559925 793254 632821
1466674 649233 1856840 1698580
241114 1819672 1643089 1076868
1193723 1140033 1400440 942118
1653269 1882888 608115 1472809
1572149 1645552 1450688 1019117
1819133 731333 1755591 432915
1320162 1467264 1095880 988717
871835 1603248 670742 23075
110889 1998900 199453 93017
1101493 1449607 1629986 11979
934004 568423 939922 1151401
602980 258554 1877480 1679743
417639 1398510 802622 1190217
139161 1541464 1238859 134106
1215172 1528728 1038983 1510733
864042 1030263 997436 904349
200890 1937609 53233 432809
749470 351184 264172 264659
486434 1308540 1833775 919393
386035 223211 1888715 785065
247110 1228882 1059994 623781
1751832 941602 444052 120017
195378 1902721 520677 792912
877958 1356405 1481719 918680
1985165 1107427 1820292 236961
1696001 1853172 721018 814558
1144235 76120 1053370 1937758
839267 1381070 1356149 586749
443573 215340 728456 1793322
816508 1492167 466249 343729
1663674 189137 178679 1717038
986054 1966789 1683021 1717404
38737 883920 1424783 109688
1430079 48065 1554481 700558
288488 724099 1058696 1710440
1213651 984235 863233 353889
1042829 92962 238355 557344
1412845 233998 684836 1602871
464551 366909 954166 949196
472047 1248097 169684 1037049
862715 1908869 429604 1165138
1181415 15989 225414 1549222
1511003 1493388 1234257 935365
1669802 585116 1972840 927730
388918 644774 1351011 471371
985602 82786 1110524 1789255
1362741 1951471 371289 277343
1559203 639853 260733 1117124
878368 176265 552215 825338
550314 20816 711855 1839134
758550 240523 661627 355182
186208 1203303 380989 1981149
1212539 1930244 801088 543378
412636 1825734 630605 93807
120565 1711197 878289 276355
1855437 254358 882196 838454
826891 1580771 1774616 910168
289520 1985598 519828 1630378
1841169 874250 1501784 1072814
1928233 1159963 967586 256023
1763291 855327 1767129 1463469
45377 1698549 865233 1371308
1212365 1760160 1430595 1917363
1720414 989037 1538671 1626867
7212 372667 1919526 1912643
1599874 4726 1840558 915168
89168 75993 7418 318211
7352 1907839 831921 1611449
1209510 318394 648714 1050071
1649882 1641396 1894085 1550466
753617 1070516 1457665 1385333
857018 1375169 132177 1187157
1083255 999363 689642 1184616
93499 1771462 1058885 574180
598958 1815265 523893 1365528
912831 1953918 939665 914245
341665 326869 592032 1036442
1885749 708003 1222469 375561
1490468 1232241 770481 802374
1277735 1590307 742461 1539991
1172179 845069 1085708 511930
331459 1424464 1431949 531994
72535 677523 1041068 1370543
1549081 1011724 1726618 1503302
1670064 800680 1852935 1970920
816880 1520335 978312 478881
250214 1410938 1852684 300660
1586365 1738070 1762462 1898242
1432620 218037 198289 995163
678979 336860 517638 53332
174815 950173 1439771 895077
523714 820914 393672 1556997
1346712 1861140 1626367 752681
829563 187182 1389009 1004825
1839880 202429 540278 897491
293078 1993825 1040598 719063
1574461 837705 1519804 1726360
70085 403620 1378141 845533
1304418 184808 1497 922578
506304 126094 185001 826127
687908 508976 1496402 1626398
891509 19667 1951409 1378390
810427 952903 45667 184374
1658104 169865 605054 1484670
1300010 1065339 1811114 1729717
1362565 948413 1051119 620904
364034 1180579 1661831 1972470
908558 1116215 797732 1920271
445495 69232 959715 1183962
624149 196511 533271 489748
174335 761016 1100578 1654829
248862 474420 407382 759415
25940 1396714 1113069 1686832
1139954 314156 1770560 1439389
830974 1019697 449680 185378
13906 307154 1765948 1859408
144600 1645494 1584101 1754070
376259 1697887 1283505 47457
1540471 971590 818845 1961827
33292 1031586 841442 1157315
1529623 10954 1356195 952646
1936400 1461738 524358 474224
96801 1186215 1597326 1818923
1953680 511750 390925 151494
620204 1792786 1010534 1787439
1739494 658522 44785 870734
599000 539266 1928926 1484142
635150 577517 556980 1793576
407067 1481384 407344 472929
135631 1861639 535830 592124
196883 296052 1859549 1905220
1859882 980133 1036758 1874328
58915 891788 1453923 810936
810420 1349369 186537 1968687
928245 761914 926895 511310
457008 568247 874762 1711007
1801238 549775 322497 1764123
1476733 1816786 149216 229208
648028 504902 791932 491669
21106 590986 1125698 240444
1554610 179289 1782090 1453427
1176121 1223118 1834470 1563680
1434581 174750 890900 1211413
893046 1383639 1892421 1320716
92772 1303890 1282873 493214
818205 36653 1527588 549455
944176 1935375 515671 503873
1875495 959564 459820 572251
543740 1341576 519176 852552
1101547 1868835 94011 1629492
1357373 1317934 1856627 395905
1562058 632063 872964 477574
1225208 1090289 1457218 833262
1956678 1047882 139498 642530
367177 1822851 752718 1073644
1496247 1287214 1315039 314856
688317 1681497 590254 1871471
696145 1299787 910238 1945222
1263490 523288 1405443 1541243
1307347 178650 155 306111
86517 532148 1565024 1797502
208844 848909 1369466 591773
101504 1599441 251114 584009
1681374 235641 1645869 1017504
558545 1348534 1286414 1596979
1678369 1746275 1560804 563605
402839 1642801 618247 828979
1490866 257651 336939 362016
219519 466594 1049231 1833277
244811 1686596 1199402 1086799
976828 1175729 434599 1639552
1552590 855587 761603 1012137
1013176 646053 1955927 131225
1679144 789000 4913 1291884
1539169 949262 458825 1931165
1280798 751312 1997087 1816878
689956 75980 1831279 1998125
958526 1612004 1000907 1629890
1864666 1243865 938591 1023493
1729927 1743197 1671309 1062802
1845366 193977 527122 636454
853587 119772 1756153 1841321
583812 1617389 1930949 758764
225489 1566633 725861 1104513
257464 468531 7559 1753261
1624280 1082496 777141 73378
1918404 1465353 1087876 338418
905012 505028 499030 896719
613388 506834 1167601 1544358
821166 381787 502228 565292
1593393 1755993 1205980 163414
1019887 1319800 503305 1584081
1842068 498349 73665 171669
1429543 1924918 432328 474850
840855 13323 131933 1113575
645931 152391 968603 954974
239568 597904 263415 838386
1452211 1646739 1164438 524452
1001891 1263245 257838 213654
938243 658932 108031 974679
1879715 1867841 1689345 744449
1588071 1136231 232004 1640054
362643 901542 1038947 252075
1098163 1711784 100516 211903
617307 141807 1301199 257338
115621 1544075 1237502 780125
1057559 123264 696088 1193771
906108 1553427 1986363 550646
1230559 650090 1669392 8139
1502302 1019121 750405 1851286
1136426 959056 566002 1098997
952356 1435887 1058815 228887
1567404 1667394 877337 1180898
216372 742448 19855 655778
1458218 1242613 814908 1403617
1680974 246460 230768 1433249
169966 1383940 793051 1740355
937491 405417 388426 1895872
1878596 1026703 1235969 1290288
245181 1128014 1015452 1353338
1580267 525242 1756975 367254
601667 917913 955420 1503233
1823889 268714 976005 1225059
789057 1932025 5789 678542
715254 478279 724528 697261
1479308 651389 21930 1656947
358668 361497 1645234 652032
1632549 1351777 1456407 1572154
767802 688311 354344 451660
1816046 1242255 663549 1867612
1066348 1853942 1270564 634784
1587081 1676020 135042 1525278
153680 401585 680016 1583591
412985 1951143 581536 1797074
1210390 571767 1694926 891523
123328 800533 1856589 741511
1424175 1667804 540129 1071531
535878 1673334 1705325 950323
647557 1706562 37045 258465
1809239 283883 540923 1633611
807693 1221441 1076994 1100713
1518916 790860 805229 1242240
1730469 56971 261282 495566
1439796 89592 143679 1849805
1623244 1207921 398078 1687361
1366564 1409724 675553 566795
1076538 1014470 10226 1111813
136072 1809874 566408 950392
1105522 481730 411702 1632112
145496 1745421 508257 1427278
479737 538651 1581172 1185429
771386 1656385 576303 1827189
1530571 818541 368573 88409
24072 1877638 172646 868921
1614936 568027 72629 1660006
1467154 1485773 485024 1711863
159935 609003 928064 979201
215591 926570 1780947 720219
512116 1477384 1261513 37183
479550 137321 606211 483973
1052348 1832743 1313666 186673
844744 1307636 1351966 553055
1750327 1396966 20090 42496
115063 1791662 1468441 1189110
1325244 495408 835274 484792
1399201 1805249 529043 1889882
883180 1653718 132624 1990288
1468006 1756890 1728676 638064
608087 552938 863558 1293267
627474 1093222 855441 428353
429274 1180079 525999 292178
1689028 959176 1880857 418054
1833992 337413 233509 1699063
1210986 1224944 591311 59416
221793 535010 1822222 1110569
1116843 724533 602387 1641860
1816089 1194188 512793 1933967
703643 1918025 1986514 162919
264263 919101 1323423 1323451
1002231 631727 1823378 898539
547223 1293923 714048 562292
1672775 1834626 605294 1511777
1396386 286275 1407762 1790160
1103886 154096 403002 1070382
507706 1015699 1391517 874998
1721669 1566349 933514 659535
797715 1652632 1590145 1532943
894084 1306628 862537 994518
742002 1004152 1799752 855518
1068115 294349 1629592 278270
1743344 1958274 333555 744229
1077072 1767002 1334935 1137042
865609 1530081 758522 1399133
670370 825767 170548 1116421
53187 846778 545239 1452175
621101 820948 473655 1082847
1560832 1031462 1797717 1302767
458429 955301 1151383 282990
842928 298870 386391 1977477
865382 1861854 1741659 1813916
1666575 1331081 1943250 431337
994871 1200302 1742857 1533907
659141 1261381 107097 570010
1111147 1264605 666663 1047088
707612 1132213 847131 1784101
698802 1588300 1787610 1432320
1722568 444844 269438 165003
1352298 892297 15383 734289
1147562 581693 1000184 1510588
1858915 1298912 397492 1854158
281515 42616 505385 1323433
856492 1821761 460847 1887474
264811 1114764 686740 788777
537692 1693351 151698 1210354
564079 762081 1454780 766565
250634 1025603 1737220 1888929
1777798 1064065 1116228 1160391
84067 1513132 1419999 1116414
281615 578845 1623012 240321
1920154 1402029 218821 1672414
1466987 1073024 918111 283870
1899668 1227133 1851037 834159
564949 1260053 1047456 1036354
80854 511188 1353797 1544023
1917895 1687116 3759 1308912
1481890 700098 466369 1948429
1617090 1896243 724905 328547
800508 522959 1825135 1674563
564117 5162 1702693 1356657
1854114 476365 1968726 902514
1107099 605128 270923 1444677
1993386 1961796 364058 1327262
1868014 16452 1541442 1903745
86166 1033809 1207562 835580
1298104 826390 404615 1069549
637394 819398 143422 1726203
84120 1219602 503567 1313010
569261 1010795 21419 1303547
252402 1543353 966307 422863
34380 1492529 1148938 1215328
618472 1494468 1742658 1172264
1453600 89605 75663 1149882
1931596 1224300 1478553 1634786
544807 14663 1989803 232990
698632 1329424 1042779 1764808
799458 1216337 1717386 1269898
575522 422166 1986345 1086455
506398 1659020 1051019 1050374
251885 1526756 867523 962543
1277919 1470934 1601065 592086
388567 22242 1262129 592082
1117781 1798268 207848 350540
788597 1850139 877563 1772569
196766 44036 597618 108230
829618 853024 1734690 474630
1751547 532184 437245 1394293
1325399 1969944 786828 354570
408932 454317 459230 1837040
763834 1343633 320488 1514694
1877026 1936013 320815 1638090
1386430 1984535 577760 93584
353314 1789937 870184 1729178
1100475 736206 1297545 655559
1675833 1622020 1775168 1509317
1639332 1133341 1729076 1331401
1892682 1795907 1467667 552426
873358 928735 1921980 921989
31944 1753842 75076 530011
270812 1322598 497829 1791728
220561 348207 164969 1752581
1738768 1816124 377650 1830458
1475941 1990938 1991965 1448665
1017258 1169735 1309062 590962
881619 884424 1362110 380048
1557316 1394685 418217 1696031
1518667 1876848 871862 939707
1969113 370476 290147 431344
1033077 987664 410894 1826960
944035 1812347 944507 652894
54397 492343 1770489 869707
587467 863149 612364 798168
7264 1810103 1797524 423047
563331 1948643 951067 1766835
1364874 273155 1448554 1066743
372489 140369 794713 1439321
1849605 1413006 123141 370533
51183 855114 265092 1192343
1850591 1310505 1012132 1427017
1537423 1869358 1330852 586618
1271476 55322 1837283 704044
1021168 1876535 1876995 794202
18689 1154001 1916982 1362151
1896418 749404 487778 1250534
1577841 427821 105122 1866890
807629 549628 654063 1222841
279779 1096645 492691 1943361
667128 767497 1175463 1770443
94482 1851746 1426424 835507
1967950 278195 398184 388402
758012 752399 1702809 1456964
1968502 137803 1297695 600554
939683 1498630 328334 8882
493525 1918455 210348 1977958
1454189 979584 1487794 732051
1043908 1567359 1000330 953283
1187235 1583844 905387 1889304
1126570 1178352 666832 340350
89331 1011457 689560 672497
895827 1473254 898280 288823
925487 435687 956260 64148
443434 1625656 391996 277485
940892 32504 219860 1345465
1550993 79687 1707665 163750
732446 1790657 705965 561945
190024 342759 1162176 147324
1860086 307862 1933980 220463
553293 1699444 1574542 767233
1958238 1516368 1152790 768902
1017641 1059737 457553 640509
873982 14839 1330422 153112
1205494 71465 1309679 55145
1755819 654 1674331 1156472
1826068 1225090 877330 1126096
876519 14938 1546772 1135640
133604 1185534 541227 210497
1341629 213190 1500949 1332823
1626769 50554 1518512 1696561
229343 1040193 1420019 1015129
1564678 1033708 1585829 1573371
1411740 1411298 1770404 1939273
385785 143192 772284 1686339
662037 1277739 1206648 1845541
1373341 1114435 11686 1290867
1014776 591382 1794458 809598
1631245 1115164 114043 1100969
184596 1532930 1330578 795207
1800548 1105605 797679 587230
1373952 1911668 1613098 13881
389677 906972 1083259 123527
777082 667250 613956 196214
1528169 1746973 834003 1382221
73252 1831362 1705211 1000391
1850116 1082089 1876631 1864692
790632 560300 1083735 1818729
619885 551699 329604 19800
884652 1824011 461799 1373123
1299040 722347 1661578 771657
720792 1249864 1228667 21512
1366728 195212 745952 53895
1621609 39837 1661884 1890498
1504790 831449 1254159 804396
1282832 747492 1913927 1504618
1250821 134701 1295925 431516
995687 339100 231354 54471
783188 1945560 422167 387896
626541 415635 1697544 1913193
94786 483421 1094070 1141339
232853 165018 367956 885396
1678731 1183002 282054 1198418
1130283 1770692 689082 587419
1806131 1163873 1329694 1334749
1796983 106345 1701586 1873148
1485841 1143268 688135 544553
608853 831832 178473 567034
1917849 703753 640968 402586
523550 1317844 690169 728848
193353 808505 360207 880266
215040 568887 719230 1736979
554866 1269361 491655 964215
1812231 973201 586056 556426
264247 191005 1438091 1125518
306900 417548 388094 1756734
1291939 1935564 1912615 341250
721513 927694 1108856 552428
1966260 400126 885636 938868
190662 973153 133321 57545
810776 1080821 1573682 895785
1076357 1381410 635221 1893919
1600663 594168 722802 894403
1924490 1766494 342611 80286
1357062 1922557 991717 56833
1229042 154636 879957 714358
1888721 1979157 35880 1851528
874890 1201118 534521 1294229
1903065 459564 329462 657297
1117879 325098 1954588 178036
783439 196309 589990 217357
1125712 707983 1671084 314108
302874 18413 929063 624552
1632520 1860130 1361282 986841
389005 706067 774139 1373913
1243774 723487 1787877 591663
1131577 264772 1263326 343498
769400 410246 1993964 494091
865204 914560 1283760 1109094
1165416 166938 1288476 1316314
1560503 856618 646954 184144
1672430 1964647 1753131 94329
948778 248283 628335 693699
1514737 438060 1433058 1610571
1360287 1451303 495184 1248255
1007740 1569465 162569 726069
703189 1841762 1258559 908333
736692 941262 1699133 389063
90754 785162 1070087 76999
458336 940346 1960784 365507
763999 547823 718009 697720
61004 1069550 842416 1681289
853560 398647 1716337 1080121
103426 1014794 1846309 1762900
1427110 1683282 419733 1667959
638954 1633586 158366 411399
1915784 1191293 1460774 266236
1892571 1207094 472635 1745354
1196675 120180 235621 302683
1207124 1950534 1255989 1549389
1764309 540022 1586554 1315515
848129 356414 1404147 931910
555197 615309 1704081 265940
632215 1476283 1052877 708524
1616034 1128203 351532 1369596
1695570 63355 143014 837106
771561 312566 1200617 997002
1952118 1048944 1982178 576850
546284 641188 1044028 127456
1618158 319465 528080 1870213
1679952 1594742 285824 1146593
539663 1148902 1401376 1595635
359244 1323548 1624051 754049
1461833 1260058 525208 1551354
1037649 902606 901653 168089
619409 808488 536910 1189268
762076 1309717 1284389 1516914
976726 1190113 1660244 230317
937470 163044 846055 308726
1812175 1852389 819000 1128183
946287 342317 217208 694169
917287 1574915 1090335 768637
382575 1760915 1486413 1208709
580948 836875 963746 687424
1528421 196381 1424884 244158
1044507 1432349 1876422 995080
1584022 1431662 1209801 800089
1580401 632703 325805 26205
690245 430489 1239613 1364707
1067893 686284 1883045 429020
932109 1387376 1017498 1568542
498241 562538 1594653 411789
1246400 1033489 1010489 1998227
362187 1478393 1623570 261061
751590 1913481 1641692 1860597
1451760 1003483 626608 1431215
990748 1506397 1749912 485299
1726238 797353 813573 1870312
477630 1929886 241399 1871137
666310 421086 1503979 357718
669383 1658700 584908 354577
1444398 622104 1446877 1045202
924362 1072023 17738 295048
1522666 1473513 319913 1705091
1621044 242362 978864 1344266
1923538 256941 1663027 1947592
1146489 353733 349304 798271
716516 556879 777981 1992171
781356 408410 965767 1197146
665230 1040235 289259 1273752
1097148 439703 631754 1595120
775706 225050 1204063 1872708
371173 114647 882513 764300
1908725 1972611 365724 1761629
1006235 1267417 747604 1434783
553568 543662 1840290 119300
1016413 914883 1970396 952816
1515363 637310 351984 1309326
795728 1255390 33792 1155977
827519 115510 1865238 732856
1984553 633589 1441157 913832
457394 589698 1509884 1617885
1761572 1654434 298365 567515
1726033 1472944 1627492 1837139
1105500 174065 1159523 454375
1951860 222205 1363131 1067041
906829 1465192 1637353 828593
489244 775578 428611 1880005
67075 1030084 50039 725469
1874407 1801157 427483 1658824
1841425 4080 1403562 1675590
1210860 1653084 765270 1263631
320792 861374 1392869 1989861
1542048 1942908 84870 1287784
765964 276991 25947 1114787
1252152 170883 866815 1618126
8101 1417809 81442 624807
597091 490708 991789 1689811
950287 164729 1832184 1290143
835587 1088326 1957620 957843
1018081 699104 1793300 1864465
819300 1642778 1355311 1966932
1886351 1913057 1682390 1158904
1738734 247049 51494 323867
1483734 1654055 259660 109324
863242 1689388 39093 1648734
260143 864347 1072033 1200700
1517821 1961926 740675 456224
1943780 69455 858875 1650687
293772 1561785 1603953 829739
1225397 1336460 1220832 752754
885678 1435359 987405 119357
1005370 1873514 213917 1067620
917495 412612 1778710 234521
1464720 1557702 864298 1983657
1455339 1763892 1301699 1966423
1315711 268982 884151 880648
846579 1387546 1502460 256858
328169 768215 579211 1409908
72994 787154 562482 1128322
1983655 755200 1645796 458658
1324238 1184767 1240418 180792
850122 418893 1502211 1894927
1133562 822672 311964 1772769
1333414 1598636 510401 1584880
232166 513299 914705 1629528
172383 1827222 443174 1931642
659648 284282 108027 769855
1140070 1175224 1104042 415918
73102 1663547 348979 910235
248691 117822 1369174 311101
56392 1138927 866135 710448
212880 1051539 1914180 1307923
843734 81507 1279524 1051014
229730 1110430 589747 823172
380586 331505 1241429 1074791
1709804 759582 1088782 1814706
426035 988417 321867 1372876
591468 929958 1629733 341487
898575 1191702 1553214 259144
358977 480771 1298443 32715
657146 919449 250951 1718347
1321589 840111 472389 1841598
1508606 1313393 410789 854322
425693 804460 1099191 58785
592843 38589 1605214 1554521
898029 141001 835935 1722668
340461 877097 1351842 302309
45806 1341394 1780293 1324854
73547 1273380 1663161 147243
508076 305729 173055 1310011
1155871 556071 856793 96061
760858 263190 1968375 758859
1419831 1774605 1810298 346351
1070306 194489 442534 1795316
524756 1565262 694896 447928
786172 787446 1322332 303574
103298 959423 1295893 1865033
493215 947688 190188 1696927
1562148 853343 1119103 662207
1004109 1364019 1239614 148829
656446 1664864 1527265 823315
557864 1665619 472106 1922250
1969785 1323190 357075 1181967
1573761 1928452 532304 146665
726812 26285 1393206 1869223
496093 1277361 715086 323191
1059256 566561 1685338 590433
1929388 1238648 978237 1347816
777972 1486967 1634088 26728
376374 637774 182236 1411465
1917410 525449 1848288 200128
1198121 931545 802442 528122
1721439 1847720 1541252 777405
636863 192384 1675201 10835
1973392 604771 63857 481719
1636382 226492 102545 1707912
1999575 739396 1773871 1231893
925695 1630284 1684036 1021206
418745 431281 706072 1293267
633910 1471371 1725037 168655
1483537 974061 1562445 781761
1250557 1204777 1499785 109251
855217 1663109 1778374 920294
714572 1156546 1442729 334501
606487 360746 133483 455581
1554454 825643 1761276 1826491
666064 655115 169718 1035682
1459179 973694 336912 246189
1400014 1757589 490274 453256
687165 1224274 1674968 585586
1203345 1248064 1645717 1846135
1501477 908721 1957169 126330
951241 690442 1806602 604237
975713 1784777 88137 706599
1051 882320 1506782 1046149
695139 1372507 686477 1843580
926605 1193901 403353 713746
187682 209247 995152 750827
1420428 1699043 1853545 84815
1305775 1233737 1946415 1668411
298540 597550 1821368 1772916
211377 67602 383259 1411912
511384 210753 1740730 1728115
354751 571977 1009210 873391
1570426 131390 107012 445997
1940994 1674107 1729412 1793581
683073 11137 996426 651400
913460 690595 206733 1630384
225123 1273271 414233 1976883
805745 130308 1662388 653169
147096 12617 864858 1753221
323199 1098717 267341 362845
1195446 567102 1591792 99699
561951 1158183 1453189 404808
1416208 1461362 439289 198130
1756016 873260 1946603 958373
961399 1962866 1794572 1523700
655999 442149 207089 1599589
1397255 659666 88969 87811
1197144 1952460 1520509 1460288
1958148 1901991 941307 1656692
1456625 893168 115576 1263859
1567470 34632 1786423 534907
3873 1687422 1393779 1087005
919682 752428 305293 679382
1926311 629422 65793 1273092
172272 1151267 129348 1437636
1137841 1374890 432833 885029
1147272 938095 1720603 950016
1413826 869256 1490542 1228049
378760 1798718 1069342 1854461
1955987 616 1103831 1194763
40656 1632507 1205055 422651
715567 386161 915962 1039550
1879378 878797 1875804 229074
1017091 1881946 368861 1443809
180992 1823123 1887393 924398
1075533 775324 1928335 289923
1767653 410432 1673822 1316357
962026 962024 1393669 348111
691062 1868750 977095 909729
1784127 974205 560643 1541960
1339730 39834 591024 700707
717183 1475543 929369 1142777
901434 1916236 1197380 1994358
1193061 201763 784310 1254788
1194386 532738 535782 1664623
473080 231396 975046 1685495
1020027 1269344 887223 445072
1730899 333370 1983848 755705
1093064 418132 812297 1834492
1094959 546572 665995 247423
326928 98555 214873 1371385
1884643 860814 935677 737329
1864331 195858 1262006 1782109
1934192 1778857 720544 1220655
1548615 720362 464364 1100654
1744006 813542 1713811 988915
638432 1437396 1825476 1761494
1854364 560187 360214 1095803
151024 1759332 994283 809891
720948 1517455 1770991 1122546
1948194 1313619 1681620 1991445
348984 873243 1321283 214268
54771 306633 1295123 1780732
1173676 1050803 1405200 505583
1376519 489997 1671869 935023
1252335 943612 475550 904473
1211971 1383243 1451660 1554510
1359196 1594768 1330510 1259864
1356749 339297 1704224 666675
175381 482639 73577 1150415
236000 1629881 1599877 30359
1808324 405698 1778516 1403165
26301 1781593 1878039 1581459
972703 1602634 334547 448615
1331308 999361 339763 622712
348063 1324655 1818346 71820
309030 608023 294605 425984
1169286 627685 1508953 1496503
1588594 715892 1658478 520174
728956 827439 251791 1121511
1924010 153036 356399 1535248
1234189 78780 1295819 106055
554185 880084 329257 25578
1792256 855708 251499 1829420
541657 1108208 371460 979514
667870 1523515 474332 635553
950765 1786169 1162846 1757427
621902 1731301 1982575 427337
1913681 332075 663776 1923767
1968649 929797 429153 1061779
688009 1702070 302451 51485
1660729 886059 359049 318026
1250889 237343 439755 837524
1094627 1261868 1766664 1517762
1718314 750217 1664083 893681
1949833 658155 854654 1562950
565067 1843198 892992 128369
137517 1826786 890505 1844031
731851 843622 1883619 1045809
557111 874776 1758579 1118353
1695551 1949283 1340444 934660
1209462 150733 250890 98959
1367391 1819080 354589 1076171
1886430 484148 960999 1864797
1346480 1776103 589071 626715
1947952 1134198 910505 698054
507011 1148177 1398074 1580939
1864538 583278 850522 1929825
322295 179709 999847 1983169
310999 75746 1183286 1371911
227513 1704991 1492656 216582
140732 1510299 1296078 1179691
1849308 1051456 1562027 1400536
1748131 1649425 407005 1996379
1520147 912935 1315914 1497004
550607 1046431 568491 15023
1766057 1727460 55442 1389759
324203 1385865 1046506 119343
790512 913990 1392202 994242
468356 1707285 1162215 894469
610755 884717 480189 742145
1507227 1219395 756559 1432417
317366 1057530 165311 854317
1591940 194949 765852 111378
1334615 152950 448795 1100144
896684 1546902 1765780 1974900
1654824 1360413 1557203 1885464
880131 852988 1273378 1362168
1253879 1384854 978048 1033266
298328 1359511 1484320 896045
1178330 1161285 1704946 1979850
1195972 384989 1621825 342537
447738 1286051 217015 524775
64732 786489 808165 68592
1149906 826761 875463 57569
597315 484461 1043845 692334
325291 317785 510167 1375073
1683682 925701 374937 932019
1311598 1062134 223227 25154
1017748 1267171 1650953 783359
369187 178596 596596 309924
1390985 1574417 642911 1797578
1979116 1497671 584870 1554943
1470436 1964709 1434291 146821
874556 887770 1687979 1002803
101631 522933 71034 136897
1588813 1562520 1237010 1704921
1297888 827685 163702 1764803
1443156 1378978 1051525 797876
1605277 1760130 748966 954719
881978 1751651 1276492 1382349
1773070 1428236 259943 1082383
1254730 1226897 991353 574388
1101002 485621 122691 51099
168602 1548033 1480744 1309761
317383 103676 927959 1096602
1288434 250075 1803865 1880685
1698010 713521 1169967 1269208
70782 171383 1264706 776173
374104 1768203 1197612 1163739
727607 198544 1123280 552198
562725 158278 490558 702452
1507421 1608214 82172 358078
1778240 1456138 1756258 1615188
235860 1820766 286428 1786966
1765451 1251355 891709 1086955
1460679 865006 629163 1444388
39049 1711056 128766 536109
445443 450582 1711172 1339699
1200648 917980 631338 412169
644228 553558 107890 1605327
1720948 1303726 1435069 736568
1346579 98628 663085 1411373
576445 1907601 1315216 350987
1764250 1052501 510912 1118238
864664 565811 971875 1407329
1373709 395806 414450 1213660
863566 831657 1114870 1928331
48635 1312164 1312364 1832741
1400806 354365 1174719 1433253
580567 989462 1038725 1738353
1362312 521201 376742 883082
203912 282862 745917 1761139
442970 1977908 649765 622744
1299719 1202459 693521 1808685
1621398 1951950 1061211 1758745
922751 1913224 1757288 1010415
424163 687208 1251993 1112904
457580 412727 1036824 525886
1786663 417349 1907563 281520
1445875 1691597 317416 1120543
344415 796754 979374 650167
1341622 861859 170859 1294629
1872468 1640545 77417 907745
1985754 1750956 1286690 323381
288580 1560246 547573 1499718
612596 1121310 125134 744064
1838144 675726 747216 917583
723951 473563 647463 1132370
598760 1486242 1723871 1424692
888784 449366 516521 1567092
1207497 1947839 1513598 1415736
1933696 879111 712235 353114
698993 512580 308849 312141
823154 1437578 1241725 1755115
396519 384239 114948 28259
1322489 795927 1816300 1118888
1099817 601609 475533 1848863
1250016 1411158 146620 1769930
440033 1397923 868142 1275462
1741734 1692227 783168 771839
1899214 1223241 177567 521302
836907 631131 715447 612791
1640105 1522780 1981498 1436537
482335 453926 659449 1509481
1981642 724707 1729998 1622165
122355 1844482 1841261 138857
1969437 966261 231404 939823
1174907 642402 959876 893055
1783447 858107 737195 351096
709354 1806589 1666920 1484014
1645000 765739 530828 700940
1914321 1011590 1522525 1777051
10247 1633340 213588 339547
348394 1000329 1494516 207555
1233116 608589 557897 318727
750183 780095 1794989 1523002
984260 783082 1300325 1381420
19721 648997 1751851 768926
5884 901245 374604 1801411
1045946 670291 976533 1861982
1552510 1971566 1424482 1505190
167061 927774 1047033 128298
688826 231255 1945389 99695
988909 53493 477497 472180
838853 574698 717165 262673
728030 789532 1595958 1051851
1284252 1269255 1737618 251076
9690 1719571 1300465 69405
43493 1598332 121744 531406
562216 1433645 800202 1114819
1185186 933968 569666 1202487
1016143 565037 711715 1770433
524788 680700 1291627 1698556
