200 2000 2000000 2000000
2 581179 1610552
2 1653964 1766305
2 1167323 1321665
2 914218 1692970
2 1986161 1802125
2 1038949 815099
2 1637417 172381
2 1231960 248038
1 99551 894164
2 319061 274454
2 1215227 353215
2 677153 1643274
2 976173 1035373
2 1058235 1057744
2 1080558 1891638
2 719694 1714445
2 1000190 1153809
2 1696406 1211202
2 1991484 1226291
2 447110 1517047
2 1625575 570998
2 1025641 1012144
2 281594 147296
2 808267 1928156
2 364460 107907
2 1546435 1113728
2 119830 873748
2 171370 787998
2 1760876 1869694
2 858044 1155828
2 1944595 175849
2 847700 535934
2 836354 1634167
2 199207 1665532
2 1084356 656850
2 1731231 1853123
2 449109 1795761
2 621567 1637171
2 1348349 1545555
2 1325695 1974506
2 1098966 1253427
2 579729 1948733
2 1114335 1192677
2 107413 1399540
2 1083491 994524
2 829282 1831161
2 1098312 339793
2 1725531 1715853
2 372716 868211
2 1783886 1310207
2 720922 1287791
2 55876 854060
2 1528165 1072764
2 854625 630931
2 852926 365939
2 1407098 1619258
2 963790 974684
2 538428 1339587
2 1960733 204123
2 597475 756513
2 90032 450077
2 934174 283789
2 38446 594109
1 1437610 450487
2 504371 169608
2 532171 1418743
2 125152 564440
2 20046 1367189
2 720946 1168842
2 1760168 1009644
2 1496485 97415
2 1705598 597538
2 380961 1276917
2 1388713 374646
2 673027 1012174
2 712303 66765
2 510166 1111941
2 541146 666209
2 1426973 1081034
2 778024 1792083
2 1050121 664747
2 604941 322563
2 1159809 594698
2 723373 434280
2 186467 636533
2 1229545 1929816
1 1432259 490011
2 1141336 217592
2 310724 1648815
2 1886962 410596
2 1265788 223841
2 604203 527008
2 1933073 1610528
2 356790 1316975
2 900908 326688
2 288614 875183
2 642046 1329648
1 396739 1833696
2 10404 960403
2 1704321 981660
2 1945218 1567976
2 1521100 947970
2 915702 622857
2 1495949 765650
2 282011 316392
2 374534 591609
2 1458983 3457
2 641383 514164
2 1054477 66186
2 446060 1940186
2 8735 1486615
2 1764990 1008625
2 1289786 655601
2 1243262 637668
2 741706 849581
2 207187 1434289
1 1251705 18077
2 602568 586638
2 1072201 1842631
2 1146665 1461794
2 1083350 471894
2 155885 1098647
2 1165979 726061
2 1591530 655405
1 595798 634863
2 999895 1527959
2 385650 1924469
2 413516 1893588
2 1912343 680643
2 1473155 290705
2 1260586 333609
2 525771 1016187
2 1756789 1708863
2 1953085 1152605
2 1817717 1524934
2 1748991 383698
2 528768 1199589
2 1841309 1397914
2 1216045 1086962
2 876237 1052586
2 1459633 957923
2 604406 989602
2 979106 854896
2 723173 1153478
2 1037231 1904888
2 1504410 607874
2 1569524 944239
2 717087 586148
2 1611465 1244406
2 1196756 207049
2 1827324 79764
2 445560 209890
2 514865 820856
2 489173 1669213
2 1937137 866917
2 56770 1581873
2 958279 1498586
2 924631 1911893
2 1238392 830226
2 1048833 864013
2 1572110 1457950
2 1950909 614432
2 1715952 1309625
2 307501 1828619
2 236730 579383
2 1707742 1631753
2 1370650 519981
2 284324 625573
2 1690084 1337649
1 842347 1317602
2 130820 127049
2 1381904 891314
2 626102 713845
2 1256572 1128903
2 1071189 1424200
2 882117 442140
2 280209 48927
1 1310532 1642088
2 1420845 1318066
1 857014 1299988
2 24403 528853
1 1092469 872661
2 2189 867589
2 900610 181482
2 1480699 660122
1 1721171 441749
2 309135 1442946
2 1937134 1147347
1 1904132 1948263
2 1130777 943923
2 1755128 1588064
2 744991 1547067
2 163494 1118013
2 375469 162532
2 266659 344228
2 600122 1351411
2 1319706 1177170
2 500795 29002
2 1337607 1974447
2 1045841 360896
849578 866484 724156 1436388
1043814 753517 888633 1337731
1061679 1450565 1391584 1473601
229676 432394 890706 590595
893015 210542 1706644 1763790
481783 180081 312132 1199230
27172 1841079 1725964 1964943
219887 1356918 1573235 1917473
470385 1410378 1731336 249763
952055 1566300 1305655 1353436
1059489 1968924 1974734 760316
901555 1921629 85079 84843
20464 1521273 1306324 734258
1301366 1686908 860293 1542642
1024818 1898097 1427159 1502855
140859 1527157 972135 71030
1890272 1728358 1768712 597225
57485 1066054 1740982 1642908
1450345 1251605 1103949 1118944
43871 1239955 166654 915160
799864 1156168 1085306 136622
1249130 748315 78105 883804
1520722 1511168 277209 635118
32675 857727 222949 1297865
864024 1509885 522840 1474621
171042 413796 925972 846827
1372549 746566 1453322 391703
1767837 919838 1888637 481459
1461689 1697793 1011204 848627
182997 699772 1708590 648763
16906 67577 1547161 1693552
1611253 709503 495486 680628
1536998 1665795 1814165 960766
285647 896860 1829065 378093
827271 401036 723988 1552011
91172 1275939 923906 592173
1823254 740443 1533758 413609
1582370 257405 632535 1782375
938853 994033 534891 1007229
544683 1390626 544912 158253
1771875 269973 386911 1521401
750524 1414749 1832561 912637
1873692 1943532 1234741 99489
399218 106483 794331 264787
1593257 527209 1542581 1243341
339992 1510553 751916 584175
1207525 1716200 1792522 1342598
1859347 305873 1436006 601594
761342 713073 1762038 1503174
1229717 1769727 1578296 1276046
1873828 1295591 329556 1856514
1547822 1785616 10108 360303
1391763 705504 542595 1782025
286740 574411 1753259 650506
681610 1844327 1189590 892061
1161420 973291 77571 762730
1603208 1594061 1171728 473484
1280018 642627 922078 766468
1261523 1187103 899391 1563301
1480371 859994 1712113 1117619
464532 1250700 1909366 1964157
701103 802018 1289830 767926
1781115 967271 313651 1444029
1498636 1529512 585528 908975
42114 1464921 19751 607015
1679785 389052 1755622 771939
1518323 741560 543032 994475
1246217 338059 1214188 358312
1119684 991610 1191783 1501595
1518921 182545 266344 581597
1555023 1964944 946776 361960
1611943 1952427 1298267 301856
710394 1776566 1711092 1790317
1482260 1000427 286910 1865382
1749936 1031243 289905 1792549
810132 737644 1594602 828537
455456 1808114 1016103 150452
1494100 1501431 1426896 1221332
1749851 1578448 1242944 1576799
1616715 709227 435245 1851339
287370 902790 1006293 70424
1782022 1289717 766653 1393790
29806 1258105 1509457 1172175
1499283 1082572 161787 941923
494628 1411865 18176 482939
1008514 218882 1624442 748024
1457975 574313 1301156 266016
403020 291970 847108 1812537
665181 567313 1908513 842022
723020 609226 662342 1426616
1715126 227127 966438 1395355
846755 664982 209707 754542
505245 1708792 1011574 15701
133544 1183466 854760 1684981
855141 561356 1248408 86526
452801 1340863 862015 517437
1936778 973013 1672656 475995
1066354 1154401 696841 310889
463389 1912647 975414 181664
895029 302852 1357518 1361853
177426 953860 948145 1115284
512050 395250 1778463 448631
1776487 528518 1296212 1004116
1787379 1565767 1247783 1483739
1991007 687019 661311 1688739
1684713 256662 704682 683787
183748 1675622 89763 1545576
1235485 1494838 1615078 1204269
488113 1741653 1818946 1098585
1347990 228381 1763472 1162246
962730 1569449 1189966 1971323
957951 219291 466650 82329
1805149 123175 116581 552778
1087998 1318739 1009704 912667
446551 894616 1383824 207263
1848342 1918889 1747003 182474
877424 954515 218075 925120
1755566 1427191 1818722 1430663
335058 164026 1178929 1693372
1823310 1501986 361580 1302563
893810 482962 664426 690774
1383044 1039253 1817641 1681700
1654633 700018 258456 823943
723902 944897 310412 529819
1943656 1013083 448167 149725
1545383 1205410 1485953 52078
895911 438141 744620 1780053
268552 216297 1283941 1755478
1796315 921586 1179749 643544
331491 1452259 1391692 1333985
1914600 1133024 496397 1119274
320370 63412 1342259 1275737
1232167 1144932 1701983 1479761
265181 452221 1710077 1948795
1675504 1234898 1677244 1388068
1304792 434800 1135301 1467753
935098 1900475 1526508 74485
1066203 1403580 609531 1115192
1668157 684615 458291 399269
884840 794794 1945120 1999935
1149310 817762 1201005 1932739
987955 709266 158477 494907
981008 308802 32680 552493
342958 191055 1291877 635526
940142 1253468 336982 693224
996526 1908458 1379985 24508
1961838 718491 505367 238565
640121 1626125 1408667 111872
1510847 164443 1070831 863644
759595 15580 1568607 860685
1728520 1017724 733465 1596048
1498458 1857508 1656729 586302
1972688 776559 653460 1727073
1955732 1461661 106889 1521762
197458 504801 1941780 1138453
634908 901573 1857425 1485735
1219395 99059 566252 414844
831158 470766 809107 1017950
1184104 1422342 1430175 447928
601080 391647 1967747 1529091
1012465 988320 1414836 1564678
706404 284176 182941 265568
851446 1817679 484731 685015
322614 172253 1061300 1398868
1838367 1761074 1919131 1719801
430711 1851283 737812 1121173
1832522 1415002 411352 15368
31055 1543840 1316142 554723
1753899 1200636 38745 1467100
1640123 526938 1685046 1520994
17750 68196 1899227 1054760
1862600 312397 345477 814776
1087298 128283 630144 719756
1110652 1691304 1476754 928392
1748744 957500 1676490 221238
679539 239343 544371 1419596
1872666 1393954 1947470 513778
788926 1748602 1531905 420186
1868432 1659981 1848519 709755
1601285 1580435 630239 1928475
992153 431984 689292 769639
483291 743894 384849 480422
1477895 85731 427045 1349151
1263573 987399 235067 1052125
853273 510560 132033 1120962
577607 345867 1604207 1338535
1231536 567917 391502 89513
1644055 1705778 669816 1479615
1217554 801693 601836 1392481
1481879 1067260 679561 20609
12959 1896745 1867659 837594
1650055 190896 524118 1924648
1520031 852347 1743800 607895
505610 779546 414254 891153
1441818 1100694 630840 393707
633529 1368434 765284 741590
768870 1345631 211612 30389
1070378 954108 1917464 437017
1516936 23545 1807674 1211303
1563960 1155121 220023 125783
1639613 1262239 1241318 1307204
1239829 1863733 1640744 162189
1407235 442658 1039020 864562
780245 312979 1163446 750509
979922 1675685 1953541 1528039
1049777 596882 1973341 374491
1193923 1220083 1701763 1952877
836288 932952 711043 1586912
924097 1816373 1333653 568132
1999511 1427405 856472 1326925
1077055 1413992 1032351 887544
38326 966286 1237290 1401086
996712 539350 1920783 1488720
1736614 538647 803237 561344
901134 1675370 585017 1079531
719071 1921695 1692822 1563972
537147 130356 28419 697738
1196485 209416 645422 1320819
849435 887713 1269705 243881
949717 42048 1646459 1890155
408842 809760 23841 882186
1272537 250176 1428064 838680
537158 1070413 605679 802694
1633492 827211 1568583 1827422
99569 428292 1075228 988294
1433585 445395 479089 431281
1195945 1671919 48126 535780
1288249 773018 229665 684513
694747 356238 1881417 51348
90440 1849901 1433427 1392744
1637634 116303 1225965 670789
470898 1155804 294455 1955896
1961431 440726 804988 898117
566047 751034 1343803 324959
298436 639395 434652 1700854
1841925 1353648 1233228 1925379
218353 1526516 863439 682
786183 1677543 743014 462296
964853 231784 1112550 363294
422924 555246 856664 1305626
1769593 310032 1161613 253268
94500 1164708 1079556 900777
211716 295457 1278353 1805162
1667004 113943 873131 1014161
785096 1328215 15279 696577
647558 1642240 1959204 665664
284764 1327943 1273944 1324522
552251 2264 1068583 662987
1436637 226764 173718 1773425
809042 1002136 653569 1306654
152535 1866409 1718243 309459
968590 817442 1004195 1146799
1759177 1381533 196638 1121220
1522441 1137749 975377 45637
256906 772275 997866 1126078
1208864 1129667 920780 1224839
1534870 596101 841186 317031
1425981 355413 553275 1047241
327617 624998 63421 1644574
1880191 1613845 107417 1794420
182378 359878 1074428 1370330
1370011 1749880 721626 1917901
7102 1578390 575886 557182
1774506 1770885 1933280 878912
399280 882259 397858 1291582
942850 1665533 283143 1238021
1225411 1269065 574132 698277
810950 1107465 1269741 169605
257076 735329 1843336 1474640
1771918 1479949 80970 166916
360526 1440686 1309203 1272668
25093 1809962 655898 1415176
1689164 1921562 528648 276018
168052 776573 1162939 200194
548183 537579 1153954 791165
1857819 1268171 1002372 1790738
1226656 1997840 816101 1230162
1368071 243855 1242921 639412
100840 1106218 1608398 83922
231501 256709 392832 789316
1111387 216802 1468579 1302467
1040156 1269622 1123666 1989685
432101 1432644 469725 101032
778695 1886674 1105231 1780067
1652281 1408852 901880 1982537
152939 1840433 1835328 574265
235150 1747477 760227 1817767
417681 205104 1159307 1131282
267967 263594 1816640 1382651
1706926 153428 1327324 727460
583965 125564 1286945 1882795
532826 1666229 537217 84951
1734658 1495893 1574995 763666
39291 1221955 1248130 1090795
1729599 1747288 698786 407178
595235 603435 1557209 770248
1291547 123671 859595 644542
533286 602818 462381 929457
1140275 890317 905023 815282
1569961 1172943 1590525 1039422
1848142 1683819 469598 199908
326750 1592220 1774297 1742470
746142 1777175 1395541 1143478
765209 899857 955406 1613588
519142 1358226 1486851 1149818
342251 1493477 1662040 716153
1005560 1673424 1842616 1561087
1288890 946687 1605279 928866
1647374 1730335 152733 1320893
896630 1862207 1779301 424655
1655509 1936980 44702 814182
400622 618969 65590 1484619
473907 1084990 1054892 521466
1241113 714316 486086 1760737
1124650 1789417 1141339 1241847
1947931 1780791 1102861 122523
487108 271101 1161843 1067381
463895 835054 1550136 1891758
1457803 837029 1134100 984934
646701 144877 1998967 322051
1361102 1282606 1635289 1117902
1280710 266617 651588 1593401
693675 210118 243690 1255051
719737 1082286 1071554 320455
439916 1617341 1000377 1658400
1873793 788395 418585 1035796
508408 1467616 1819164 545318
1315554 29679 524892 1980549
332467 693162 23402 779729
1243755 632771 918598 666716
350064 1049142 270087 1270947
1410724 1964772 193124 317393
824993 721830 1552758 199775
1142372 1843237 991022 936015
223738 755716 718012 1177555
964391 660575 1865136 70275
669869 1201054 1139713 493237
484249 935508 1392475 1264831
1694064 1822068 79300 670772
1087906 1505232 108504 838740
1638238 38367 1576719 205462
1590054 1516174 807313 1714868
340669 1702977 104945 1306134
719935 240557 1762774 567487
1361181 222229 83675 1755313
572432 193334 1359405 1891353
1750969 1847647 768636 218587
578627 266548 516545 386601
1096551 624001 982193 81781
375577 1106059 706981 975743
534884 100250 1145439 422809
1033929 97808 711434 1986972
1725598 643284 1114725 1121233
1762340 33574 1317070 1970670
360993 485853 303702 1145039
996518 1564661 425717 1250066
63634 1032865 575175 705592
993294 390928 1044648 1457481
113743 1871355 705582 1463879
48070 1143517 105893 1033759
1711809 1431399 414140 1840358
1573090 678233 1854785 610054
1555418 1002424 462786 1932143
244933 85948 409667 1651008
1193999 1055198 1302015 231529
818910 369015 1491935 920820
1754425 701830 1538167 1301570
1603432 1698825 1947982 1416562
23341 1847557 1055148 1227235
1275293 1491161 740844 1670993
1858203 110280 489263 853377
696648 1862925 151298 514203
1307108 300198 617315 134539
1340335 1853389 961263 1190161
107491 1202889 725301 393281
975146 382044 1104138 849229
635989 1994113 1867138 633754
447914 872435 1500087 360479
1253171 725467 1826856 1349453
287401 1857398 1895511 62572
667775 57389 32325 1060937
127674 1504919 1370890 171620
951056 392751 1048240 1253855
535037 771464 1519728 110550
895419 776157 1556656 27994
1282931 535426 1926855 272785
1657591 764823 1792715 1266069
433272 1196834 1350698 137985
301809 598796 225819 994609
1998085 1058340 44873 73783
1044904 141217 1296456 904200
1192068 1280043 389416 1680671
415858 1335303 1499156 1509228
243480 940113 296787 1443708
1371214 129397 1471453 1493729
1020019 1882030 1723594 1744689
82640 702144 101489 705405
1609889 1937680 1052081 1407435
1151757 1015364 34251 1546255
644446 1366698 1236850 1285773
328674 423767 78023 1573931
1338221 1410924 1239728 1943239
1308035 570749 1099610 275712
1411510 629190 1651312 516791
220370 1175637 944701 1985103
312174 669685 1280761 940899
1644593 1999354 1942361 10060
733595 759800 414881 578843
1790757 167866 177376 1881122
1237873 26202 570592 48016
1343215 75226 1149942 1880349
910842 75712 348775 1293013
540306 1841301 1745967 893595
733641 1986469 508355 1002837
1265665 1194505 1221653 901204
1587368 1846832 1115320 91992
1110039 1909093 1722128 1029182
1423230 137412 1959295 668874
311205 113210 1060519 1499054
1147578 998996 867617 1795743
448813 711105 1528374 1533901
1880939 96770 682618 596267
435887 187753 234409 1790719
965174 1884378 659228 949184
1650275 269713 1610230 1039965
581507 1201541 1474731 11589
633075 342561 985911 925752
555811 479381 662564 950569
1884973 1763468 1895692 848308
175068 1807456 216919 1545924
1898381 1094920 968789 999739
120352 1335734 1551012 1333506
1647895 1811529 1302869 1244655
52495 460693 1694180 552321
1327944 149048 831795 231232
1969203 1533536 1369985 763474
303244 1501502 34259 1357945
1172994 950368 264838 914896
1921439 1277454 338331 998442
1473316 1502438 1885588 1126135
1108742 115564 639844 130482
1745319 828233 815088 1013902
975556 218595 1221265 221270
265098 1008931 125362 1049730
1447476 253336 1809898 1120217
829030 448815 777827 1326404
1200646 527190 1965532 985167
485760 597584 419487 402530
1785672 197356 463945 1761678
35673 1991883 692755 1974171
57274 1879860 816134 1023792
717600 811000 1904958 1261676
935755 1107574 1676374 1273987
1916402 1868354 1128086 1484647
1120867 1908435 831190 1900774
1558941 352637 407716 753338
67463 1704889 1082723 1466996
1856096 1792972 1548600 1789006
502200 1610997 1173989 280286
56071 1091152 452667 1195111
1920343 495677 864063 1436417
1110966 1111437 1456649 1121507
1108116 576143 41614 1863900
867109 466901 1266737 1211026
585504 1679151 120975 1965663
1102525 664521 794415 1289074
637787 1751270 859994 504155
219193 509699 691125 1078168
1376357 544332 366720 1382842
1542665 991950 1245444 1504643
175493 506934 1366192 122790
1300360 585351 404665 1065281
509423 1684358 381575 1811765
421738 133262 740939 987095
58104 1668826 517154 1260574
535133 1247324 989997 405485
1862290 1289791 687856 588757
1748902 1344101 1855173 1768323
54659 337384 1041714 1252466
1222385 1555456 679696 1124066
604898 730794 465434 414495
1988346 443532 1564743 1670421
1950662 416425 1015711 970369
1853278 1303725 1158674 1076124
1328896 964336 1998786 1084356
211721 837186 1498718 1388710
577610 415073 1257414 1005458
975385 190503 90728 737314
770698 1883086 1236570 381008
156088 1813154 1030664 1713752
1757460 607949 1496728 1139379
1511901 1889204 1990353 814630
1200024 246050 947309 1639141
1375687 1579581 284734 191351
1432778 1428051 491974 1700969
614714 1035383 1331850 1855568
948257 1648431 1656424 871049
1758338 1064569 12132 841717
1555140 1066793 1827763 417741
400735 1815544 948444 1297718
871927 1622700 41797 385482
681055 1973029 351491 397894
1846476 1323149 1634339 740940
597754 283508 5590 892241
737361 169404 1900986 1074632
798400 1698847 78252 254374
1475872 55263 499771 1827324
184633 361818 1390710 1871319
1217330 89944 1815964 1744771
298073 88215 207614 1741688
1515248 1255907 1935041 715994
820101 1668379 963645 1534308
682739 561134 1908004 698948
1213797 473090 1299766 1492987
696172 38560 1130092 161097
1631910 1981841 892590 1445868
1381681 1419173 232810 941792
76756 656724 790903 887449
1944471 961266 425016 1791798
338838 670480 161358 716779
1469796 1143971 931887 1282897
722681 1194776 1386191 541157
1896577 1990355 1335254 930723
693803 1929478 886334 1959327
572863 1900398 1873660 544045
456140 1550515 214440 140879
804952 1565454 661580 1648224
187152 940187 1102758 304486
627082 4786 897841 1618718
237145 629405 1298315 352660
1825249 1984208 301255 212867
143171 1867405 1771681 232646
374326 245853 99260 1337532
1529680 1175003 150630 252830
631953 761357 1316800 521926
1063455 1732313 413356 1241099
510602 1242704 1004618 511249
1219717 271824 822768 1258096
132152 161233 539185 1214844
21460 1672719 1147544 793
1036376 1159837 1924423 1822362
1765704 1754631 700839 1393006
1236216 1505419 1871267 1045327
1093480 1443736 1524426 737742
639188 1686224 1500365 1073392
869260 1386400 1169387 813872
325772 284170 892534 1635088
1948656 1262412 171007 1005826
332808 1578682 17848 548719
123336 770406 978556 1897619
288464 631759 220390 1294868
955882 1516386 7197 1596391
1171645 1161937 1367381 1472903
1259657 1857923 1363271 71620
818349 1956630 1166311 1661624
71914 1013748 1350640 915895
168757 1331979 555613 335865
1834782 1710459 1058287 1355101
470806 1734365 703065 870363
458242 1102727 673030 997728
1125478 1712149 222332 1596757
1049544 872273 415188 937311
775583 1612746 1085781 1843142
522319 1158170 1635304 1906043
467406 1350339 527143 1208600
136856 448092 1335507 244183
338073 542643 450304 1477106
485379 1273617 1542612 1288287
9411 1168235 702265 332741
99824 1713627 1440655 1318597
914669 1162627 1522810 1119868
515356 480770 1871187 466244
1384153 1989299 1401001 1155210
558013 1118829 1199730 821998
55109 1343951 1528501 543130
1991170 995433 1803552 481740
1649081 581828 1599653 437147
574853 141480 380520 705259
1420860 1432425 779280 1618059
1671154 1357983 860859 1525949
800915 1881850 1756759 1698801
1440899 1008361 872701 392510
1494491 589026 1806365 1223397
184292 115539 430725 1895497
1032986 1869845 1656654 1197824
581574 1418044 1268220 1938735
435883 272071 1791907 809479
189911 1886653 1335892 301511
578247 322676 27315 1024964
480122 103558 1313340 382963
1539630 1013681 617861 955040
1640338 1306254 2686 997697
458980 571957 726929 774361
1888955 56158 60705 1890055
1660661 1346999 1873282 1873020
541796 1040593 501910 1938801
1088401 829006 1875855 1586472
990137 397107 539442 1631447
228047 197888 1074351 1461619
955510 1048531 301818 250678
910331 1871130 1806118 1322540
1797855 1646479 1295368 1065093
775753 1428441 1615452 911147
407902 1023413 1947656 1727972
1301655 1602399 1689336 1656295
1384073 1507093 148852 628785
27617 1465014 890188 1574771
1038851 102159 1320447 1254712
1691192 1709109 519902 1064355
300313 585262 1526702 1270405
1311454 1562907 1514226 1733417
365833 1143371 1419997 774609
1001246 1285017 589463 1225584
239670 1843901 698012 1056381
768943 1515320 983095 914613
667823 710764 559381 1949420
1809733 1682712 485271 1468912
1340285 592680 476504 114886
1377533 514707 1888892 1213421
1767269 1058058 356122 1040671
1189342 907589 178067 1356096
1960028 1822731 1911382 941842
1957373 1580713 1879850 700343
788911 332852 820274 1945351
1388702 1325710 1921480 553187
1004902 546557 13753 683826
1972168 1710093 1834020 1632834
1124185 117812 1275390 1796761
740191 186499 1862490 1117012
1188781 103746 1400232 1438218
1292608 968184 1373773 72632
1846019 1468995 1618343 1527236
37584 1703298 1481200 1804913
439406 1897909 153273 1382579
66109 241266 134231 1864784
1627293 1916155 855806 1987559
369911 1792175 1466716 1843495
1810160 1055987 402698 892075
1464795 1829000 117621 1774493
1234737 507293 456692 1321108
439382 1272154 363584 1638029
1240542 479507 293012 1940469
1054779 1853577 950958 684082
199477 1833373 258069 918401
917222 1647553 1036836 1735828
1545297 1624834 321721 487274
1413682 331878 612862 1136670
1500957 1673052 1028735 1684484
1219509 1615843 1336106 448036
564395 307240 1006429 1853236
845372 1075664 536756 1173214
1194485 1943225 1167852 294753
426024 1176131 1953640 1955073
928550 723724 1039764 1441176
641675 1946403 962263 754085
1643599 1134169 1925195 679262
916355 903957 595392 1024622
396743 41503 556587 963145
570054 1355354 523819 250208
850210 857698 306045 452316
1877274 1589080 1794064 310083
1275243 4395 520435 1787740
866917 508774 1956443 1636776
1107210 725005 536717 556116
294609 749653 1393191 1637695
594188 516737 1855914 189058
1165255 1306704 948590 1897264
119960 1407345 1710193 1537333
27938 1541845 549689 1363919
1184216 37227 1082646 1817214
1068818 769742 735078 1750890
313435 1430118 1797907 45357
772495 13198 754005 1274271
550285 383476 1442823 1150072
75030 858579 244407 120418
1507579 1964657 249154 1633577
586262 1457286 78053 1617316
679951 593521 439272 901091
789012 1755795 284313 911500
1123587 92206 1984579 1203945
1065795 747670 1977700 1713390
696261 874358 1462824 999849
91480 1508430 1187607 140347
1647733 1977933 1212890 1007478
1912011 1051345 1246804 1478404
388119 1846066 1983889 91509
1994390 63557 975649 764251
1912397 1495698 1112544 315381
1231281 1387446 1133361 1688165
1726999 989264 1767032 806726
236543 7230 1121824 1229180
656145 947140 1862432 1629476
1159141 1988459 1847004 773972
1748942 656231 1274256 891791
12591 272456 162438 1584649
296512 205982 1977579 707818
1786134 497634 1440831 1297459
637358 385021 1533515 1337227
1001919 902227 1242725 803627
1558345 686296 1247278 1793733
1501111 937864 1600492 1778157
1612234 793520 1371376 1555145
1984047 1316572 1169535 1458033
1150603 1577594 1067588 1888155
656912 1850587 887031 469224
177743 413872 803635 630690
1540319 1595736 1935064 1287403
84445 1883633 1129885 1790266
554900 462733 539842 43327
116239 29068 1315173 981332
1431456 1281632 370696 1237208
394957 635740 372381 835394
1168788 200461 421950 331539
1957264 851367 140738 1657240
202148 323497 693535 89702
562440 1553054 440710 1395732
131614 310658 1214208 1312189
849741 1628603 1549562 1045913
1888190 322600 1356059 222613
1175420 1260239 1669485 911198
59610 1743820 156346 1794931
1926111 1456474 1014317 1750998
100823 1089867 613568 1869514
553299 1998961 10999 519046
230286 133847 1047700 884460
1941346 1140510 361797 1110332
790469 182524 170836 192192
1760142 1232329 1720003 10569
920371 664317 633602 1960835
1524254 1089347 954348 1412962
276663 1331623 1167333 181378
124537 878368 316565 450928
1267078 21277 152739 1428552
1448421 1160252 482721 1320934
1276946 730224 1967758 673262
1548928 807945 650427 1800836
1307255 594549 1366323 1636765
1335097 1806454 1786763 1328296
1765764 253864 1080885 1319783
1225945 846623 1507542 230752
1596109 473148 408645 290607
820574 1811990 842408 34272
89994 362823 1453555 1969053
536631 281069 1121161 723830
642393 1761699 1109846 651656
945764 1339795 1925310 608034
1087454 875531 1974639 1614237
1639856 1294584 1652063 881377
1567448 1088011 29065 124061
1441187 498029 1419447 1810033
1248983 548216 1870304 130923
73836 603106 1257556 1757645
1395218 1332137 329266 1260953
1506043 1422141 1615179 1175174
1563919 1129279 1779384 1058552
1654880 1728135 262529 714512
1708695 947521 614607 345572
1061208 387199 838008 225699
504980 79762 1202683 1186960
194123 1026517 1524285 529123
911813 486905 1957651 553653
1280720 1486439 542964 255525
115517 1190796 1283633 1770715
699105 1387460 994351 1388567
964573 1598493 1142631 1774396
460397 106253 1417502 1551841
158085 1089943 1308725 1481955
367717 364809 613608 457405
664974 1397501 63992 1546840
656667 453277 1768530 600051
1226839 16250 1033978 1473451
912778 632067 46945 1510261
1891910 1337403 444616 1716549
330263 532733 1539544 1659824
1090476 1725600 938111 637681
1183251 216872 1415341 1193856
2366 323838 1355044 1730441
852571 1304535 1923481 461892
1141868 685061 523652 1254641
974879 1725332 589881 1246552
878258 1407869 422445 1577660
366369 1400866 1944795 785474
1245279 818953 1956109 1466914
1667783 267912 1354751 963566
692186 529689 1585895 1813543
1618859 1977605 756129 558713
1738556 1020286 1499061 1162264
166259 16852 179879 924765
187423 738323 1966749 49116
1475580 1088500 1728622 1926194
57323 429758 1335287 455268
1783470 1712592 1054640 1776940
343981 745106 1569270 752967
163026 576190 733629 1113073
738899 275450 1823132 1442639
1319558 38256 1174194 1398530
423511 144731 1655266 1676871
1578871 1726041 1976332 1667957
915788 356405 1764940 1833807
441056 1527148 1252352 649266
1864441 937076 1845831 1878636
1427167 1492055 750460 1300164
228177 542785 1683693 561085
1092490 921971 1965218 697850
1191856 1306604 443539 712218
755128 1452969 1564848 543936
1439450 1613924 681573 708828
624340 1435736 1020803 1226744
1883015 384156 1956755 1506820
1105382 1449333 1877425 1171864
985298 1523323 1323768 1961815
288640 535073 165525 1538355
1434027 142269 26827 216239
1791522 100254 166849 1835303
214056 1515279 251127 314320
1356589 796889 84385 291101
918500 1176151 1369584 1193639
1506437 147744 751609 445696
169692 197664 1587063 1301246
374974 295202 1401573 146460
1317573 1045736 1402222 449129
1794881 243114 63078 1416970
247991 1398995 196126 1660041
1080347 1099601 1686420 315932
699727 1005087 178797 1847857
1185503 1570354 1782157 1238895
624886 1086457 1896220 1829681
414644 1585907 740260 151464
1403777 768380 406045 576936
406451 233706 1153771 474368
1855966 1087728 535202 640303
249089 607752 275623 790375
705882 1880920 1059068 203967
1843647 1540139 1106335 456568
308213 451896 887375 526951
388056 288218 1708856 369700
493506 1492698 1618318 94393
1917420 1191351 1730613 551123
1481479 1439435 87958 909425
959095 1108182 637508 562235
16637 899776 591192 1285960
907416 444552 1721657 300705
504191 124963 360942 1669276
393093 167258 1597669 1722971
1876125 516699 391101 1987066
818178 1106014 1756442 860299
235537 1608844 1207008 1853772
297203 1849968 1356118 1373178
1536635 966552 412698 1519627
1244717 1473426 797947 1835615
1504982 469952 815220 376283
167746 987422 1407748 1987988
1835123 9142 1047847 212854
561162 545274 1822936 32195
426455 1137493 1084661 1104602
1297373 1841910 1103767 608015
563737 170184 373244 1497755
938768 515676 1391081 1540507
775516 618693 1414437 733406
1472517 32088 1821190 960790
674362 1334863 1706117 459917
72742 481045 1974303 471443
886307 417033 1821271 1163524
90105 643415 1139734 1354582
229403 1888332 1195072 1445837
1874548 746624 229325 175418
1745921 1182785 943301 1193694
682759 339903 998757 1237708
1533586 606816 1094565 1383151
213051 163692 328497 1733221
674249 436400 1579840 1745173
1139662 519420 1390381 318476
565815 1568518 503494 105981
691500 593694 723472 127524
443634 834739 1794308 1111546
1534742 1299376 673276 1669151
740286 484389 430980 1981518
1181607 189047 1354826 866624
1165195 374426 1908167 1564828
1110613 1340368 421033 33595
1286050 1149709 441573 1975476
588517 540581 124531 1899478
1804573 1521988 396613 420480
557598 1078282 1607860 755635
114338 778102 646167 1387235
78616 1173179 1857557 1427282
1946367 2903 1598762 979197
1036177 1347964 1628825 555786
462463 280521 1304896 1414075
271009 1741223 348009 818738
1337974 22963 748533 975269
179625 212846 174959 203201
818363 1568786 1914881 140918
745604 944564 815622 1703913
337423 504910 916968 284085
1419587 245533 677686 1017300
9874 1524594 489184 33632
331631 1903105 876321 328361
1282971 81138 793471 985116
277736 1375357 1436298 1310815
1630031 171007 438950 585496
685530 649089 619205 886929
1793920 235692 581543 1372389
1532218 517066 1206086 1455631
891981 980176 24411 331344
1398974 1223727 1877021 337395
1323911 1980854 1298309 1950563
823552 1074830 858331 1743452
151684 99246 1195786 1073062
593612 114289 1528460 1452649
1096245 1957696 1422426 646404
1909852 1001340 1416776 1626075
1698448 453061 988044 1700585
1964242 1243625 724925 636576
631025 996683 463074 1729064
434780 1779736 979966 1775504
1639955 875459 957516 571224
542853 1868910 166761 969672
192310 353955 1336763 991933
136280 1246720 1380223 1775544
277959 194481 875429 1339296
1219662 1242076 1099337 967452
1177999 353216 1963631 1104082
737071 64629 347986 1622176
1115063 1230651 767585 1341212
1805157 1908135 387873 928930
1413841 1722356 1154755 1115006
1115719 133902 1866294 236649
1203991 105174 1978657 841440
802371 1322797 955655 1793750
24681 1190569 1880482 1662795
1970410 1772750 46426 379384
1069951 277048 1260509 53215
122751 701614 262733 1792246
302751 308934 813354 1310326
1738438 1328621 1784002 1804496
1156118 680561 1625031 847957
1851730 1137039 864609 28688
1411095 21965 1696319 250765
663505 233 959506 82163
1710096 50481 730798 1847709
1541343 1015199 1760714 155769
748146 1561894 1657938 616988
1102957 63690 196727 429152
1963574 759598 397125 925374
1301560 1581139 114219 1491135
145377 377230 1953639 1743571
104515 1629658 1358804 1213847
348367 1994237 1408913 1846813
1757161 1688146 762481 67695
235946 686279 1687289 244305
620544 1706508 1191800 525396
1100089 496783 1155116 641363
485825 2223 504910 332275
471157 1232870 542183 1832368
1812622 1755116 660367 410364
568762 802714 1823033 1616638
740514 1966574 1453954 1439632
259265 992025 355632 365607
174322 75340 1143280 99129
1142201 518113 1246218 1646145
293962 1034441 1584994 1286036
1508463 1069449 549156 1058754
1810551 47964 1820344 1412091
283990 580371 1266452 346219
1163573 440803 62766 918998
1719125 863411 665610 384544
1172670 128399 184595 663093
1985192 839945 233062 381344
1054580 1291735 1149103 1150337
144758 840588 449582 111294
1033117 855255 1052160 1108222
1654742 714036 1538195 516824
519864 575957 211303 1856035
247401 1554932 71416 1420157
1356517 714041 658412 796996
1325776 399933 1418729 1897853
851870 1628805 1176120 1756960
227560 1003940 985550 662740
570453 886859 52627 1635014
1784318 1389213 1860251 1009472
1248338 604264 1616157 1620509
1698020 1447837 1905531 261686
376850 1362318 1833375 1662933
984778 1749888 676106 1755043
678022 452058 1785478 1842430
1996476 946484 1605822 181979
1443222 1311082 266613 1335451
810418 1817947 777884 1550298
1080589 822479 986249 1359526
20183 1533243 54947 1551762
290937 1395379 1790925 374485
901701 1166373 406047 332660
571909 947422 1560537 833165
669780 259247 1019747 1530209
547337 1865142 136802 1083809
775258 108363 331786 292821
1196646 1051188 270795 1481289
327186 76539 1926278 853092
173381 1929865 1205921 1137761
946142 1655949 1190021 205536
641830 529416 927953 606293
1208070 763791 669983 1594694
263158 1073582 1587329 1380902
229809 1857607 540286 1658843
949413 888954 338985 645905
1312028 1177277 539374 589038
1848773 1657129 1607044 1075742
6579 1699581 707637 1645702
1678305 1267454 1154078 1472753
492056 1915254 195945 838943
479031 655112 1053432 1504515
472199 1320400 1091086 886562
810969 690814 1205270 1249606
1112729 27616 532923 350867
121453 1937095 1668419 333335
513077 1918871 1627362 460586
117793 473382 1660087 412155
859543 1860690 25786 176816
987140 1655858 1868358 1290590
1939848 814551 935574 1508229
65138 1592783 935958 914231
1324901 1361505 1036049 671531
1997372 1997911 683844 721999
1679330 900641 430192 21959
1010734 696447 1618758 1121648
1404543 1004279 1356647 1546956
909350 1044369 1514509 1925582
1563575 37357 1323237 578175
1677157 79077 1676543 1678158
796706 1893148 818754 1481857
1921660 354703 1939869 500232
1738869 1956604 377084 1067727
1288964 336541 165601 400090
1990078 1461551 1888374 1591201
1672686 347661 763664 1918611
1074574 1769929 27152 926511
1639615 188048 1502523 1610339
1307755 1309311 1098117 1679411
412173 1704456 849264 697121
753394 49103 1402077 655571
789210 243498 168080 324218
725362 1024020 395934 1805464
1301115 580706 610359 1638495
1494165 1985684 746429 448630
860396 155381 963487 185288
929359 1975261 873146 1480362
382078 964310 1583475 961257
872165 1931544 1614165 124326
707632 883563 1066156 988959
38631 252653 189732 513608
1361128 471702 1569564 1742771
712880 1609236 1554223 352839
509801 1171842 1088591 364850
438229 161065 1780380 950388
218802 1632137 483910 486080
1458797 1655025 664273 215327
1931174 1083813 1900887 447333
409562 842790 263313 845164
1506451 113911 430385 91563
1282920 1124617 874425 917149
3157 1749870 616751 1148347
865984 1569443 1319122 926911
804226 1636914 350556 1682943
661471 1650242 445360 1810267
526970 1724997 1594952 193461
1587423 844489 1664820 411033
17414 1714326 61684 1335199
1282307 338520 834704 1793667
778642 842959 1992693 1147325
1784886 1730958 368896 1225994
103144 286956 1529055 1921488
1333035 1862234 1576764 306656
1442859 226543 1615653 1662130
1904387 1390186 1509964 27592
1683753 830111 1520042 566117
994546 970137 1581498 304499
1348950 321716 1071467 853607
853369 1980434 575998 767245
439809 102827 1417963 1074399
12879 96152 219533 117748
1582578 615609 1404907 626694
1415527 274390 1166962 763274
1303530 1071818 357038 1571429
899594 1538750 352319 949264
1304371 484009 1846933 698773
1810766 1909163 300959 1323606
771807 350041 720087 709781
1221106 1428237 463527 317782
495043 1241889 1203226 1448612
1962138 371869 1992128 1587549
1192218 1162299 93089 1406172
1669242 79002 1870824 631292
1553118 1738200 1497704 1476234
1568081 1160604 1381114 1927356
1322336 736157 1226918 155893
434815 11706 455198 1649794
702577 1445447 919681 1003557
1637465 843225 1561335 349770
353591 782722 1106361 1469844
880361 1772704 785917 1349002
204229 22331 1122457 914825
776026 191334 261184 1205838
471332 1614152 1957430 1362171
738017 1704590 1773989 510077
127856 944166 437720 1265530
1918848 1917642 1516552 10924
999029 496057 793761 1067086
182396 1368367 392872 1901051
874085 1022506 1025058 925211
1937679 1136620 1714428 1707052
1654875 1139086 1928993 1262245
1681018 88896 1608289 1287189
1340277 1190202 886858 1328220
530086 541817 1271603 420291
120584 371322 742431 1405489
12727 1957053 771817 1431562
1316124 1920823 1370972 1576937
1048569 165116 1050628 764589
608304 1819028 686634 1326805
1400832 742598 407845 1494817
1342976 1391278 1908250 1018093
1545112 1454251 205960 556422
1779261 1316424 1341807 1008188
1862068 1900560 1807019 1373183
212437 935330 1478756 1377691
1782245 1607910 1181225 26080
1871096 1959327 935000 36395
1786610 1249490 1103231 109458
1162602 1843876 1154486 598287
1442165 826878 954959 1396421
320078 64643 599066 794134
536189 655534 855722 1770597
1356593 483842 305673 795602
740762 908956 193557 1585537
784687 271942 881863 1001781
575211 585672 1562461 970167
1099639 1145564 234007 1318499
727032 410123 1531748 106640
1011759 493910 998152 1849454
800654 1140212 641716 86090
385414 786951 457312 463755
1219836 7687 474810 1360722
1754575 733505 257768 615098
1609759 776730 398291 1295110
1815327 249864 1257501 1644587
1631445 398719 1597326 1509347
829529 106662 1313840 1356568
185272 1275527 1386770 1818719
208094 1474499 1755293 1200835
434375 350640 1334926 396143
1460579 1664965 721180 1374245
1630872 533185 1085345 1681368
1933006 417218 457478 1207489
1317359 1611124 1399576 481361
1990202 1786020 1902934 89156
64846 1856356 243210 1329899
1753715 791121 542928 842645
1661167 1372959 1980745 1650836
1884733 1274854 1349526 1554396
960044 1639226 39143 1940386
108487 1132644 1946275 908475
203641 289873 1335796 1197657
384215 1492749 1415892 660863
1380238 856878 1609882 1719152
881192 99281 1875690 1483024
1688794 1510444 1622535 1946049
1732480 1647846 168191 1677163
738388 983986 1374572 970394
1213898 1157235 437371 664765
222025 1000362 1179386 433107
1808194 609193 1531580 1804359
892091 1894209 942007 1302973
1835629 579649 23384 1487896
34289 621940 1428598 156738
1167594 1592318 1430080 1617248
545766 661280 1589926 1893909
1988198 1405941 877684 224847
1998326 1167404 1714530 10963
1753994 1073513 1650387 1826117
882529 222294 1899330 887851
470741 972148 1397334 477912
271162 1159231 1179558 32043
1329524 64872 62871 1997730
1323579 1233731 643691 11397
1478468 1186143 654885 340962
1841201 1625282 654241 368412
731147 833688 326566 915892
936157 1410409 719499 191135
320056 913245 1782495 1828258
1440041 843009 134970 712008
979677 562732 240772 351288
1007033 478221 7538 1341390
1868187 856443 966697 190171
936663 145360 464974 152670
1190103 23202 1732921 1035046
910388 1574220 1386117 330993
740788 1228343 565613 1386311
1856297 675972 1056886 1084069
526227 1077101 319428 390668
473902 589996 907050 1552119
666856 436098 1712859 245659
1733744 1677606 1947809 212064
1476797 1596620 1224728 134751
948141 483605 1371128 1491408
132093 42438 1787816 640846
349251 788400 1976296 1745170
1233977 1525052 1206763 833957
1827750 652798 1430214 1369515
968369 1149051 1714170 1671413
1499044 289683 1579224 408258
1983944 782539 575903 101022
797460 756012 1664234 1571782
1525475 992676 631494 1688399
574125 1844220 1645464 292629
1828292 1596668 1197433 1803429
1289327 760054 1257097 57563
1445113 850530 1152017 1712419
186081 1048413 850996 1909510
1008347 1114008 1292985 1498744
1895678 1826110 564960 1245336
777377 990370 1898337 358373
69068 821819 48368 1244580
966122 1651763 1422797 540601
1155714 1783110 1834284 611542
1890588 1620004 1461056 1559505
653015 1592785 17864 1821164
1377136 1912111 697448 662865
289194 897612 575847 928222
1836047 480664 1220600 1295912
480382 132809 1270279 767139
1547498 820940 716189 1646917
268761 228722 493361 846359
899017 1987999 709027 1565202
245487 849842 1876288 482522
1105862 1853872 1989828 995822
1259031 900655 814116 886675
1535552 197533 360320 1511399
1954232 151032 241811 1663233
1157222 1837037 438885 162540
981189 429631 1620923 246162
1097316 1786588 1931419 1369306
1869560 816928 424890 770630
976407 313854 966183 230595
1415731 1005079 1684311 913536
1654769 189722 1820299 957865
1418278 318457 1896758 340803
1126894 893653 47195 1713018
755874 1352857 1689902 829143
786188 209352 1715754 1384303
1601616 1095183 375726 1047291
787309 628366 1983490 995975
1686146 359162 356288 1751656
687422 1517523 986270 1401125
637196 1493317 1016978 603427
1390100 1887667 458811 1936831
1188883 816266 1422475 33093
1663423 739397 1640805 1834076
1979597 1849740 374925 1225377
550207 46613 1005841 341481
523830 1183591 1656882 1055011
216346 1234368 150139 1535410
1214378 638096 1395962 1177278
1385407 1268984 1325929 1271360
263231 1454825 923352 6275
1923507 1034732 322567 864613
385390 1657736 733342 461627
1106605 858236 1654127 1300150
1715142 235617 1609877 877587
974627 1430072 1563382 90755
666079 1058760 1297485 1688349
1316987 1540446 96868 1644864
1584388 142198 1091900 927185
1596659 119879 669272 1865681
1109263 986354 1948363 1475285
1141745 1431830 1700143 1831808
1533749 492056 490484 1590872
1840553 1443527 238206 1434687
1823654 983389 1061363 495251
295879 35898 1539467 1190216
1430554 1718838 89609 1291097
105821 1725350 354471 1815883
840689 372266 1675029 1396531
351525 1157162 124207 349604
1766204 1817654 453749 1116792
1718514 752677 1008897 1117255
1861961 1171455 1088558 839832
1857270 578524 1021442 1558541
1837188 211681 1374228 1727983
698142 849512 1291196 343850
923599 1806836 49190 1417346
114243 1419967 1050292 1139558
715547 432648 1261823 1197206
1450428 843403 979188 241518
1669971 1315640 1318041 1685254
589531 1310984 1555094 1830163
379086 1768110 717949 429927
1322731 1135308 1404326 766194
550669 1467240 1552078 1257935
1462695 1553861 1576409 289450
886319 1721258 355270 1482145
1214745 1167485 1660931 1655068
1878953 1757320 1847255 1861703
877203 84223 1238078 1150173
460997 920487 1438885 1362763
1406640 1729558 486719 398557
216201 618693 408577 951281
735445 1079293 1202022 1601105
1119085 32058 1994752 469065
1959929 155038 70749 861160
1695493 585549 1515838 1740547
183975 428366 362797 760706
1079340 1060201 1184528 104533
1876584 1400105 1025518 1016371
1431430 1554245 297101 634177
1133007 742795 970563 660827
59139 1405577 1071146 1925002
833453 240365 755136 1321829
172484 236830 1846163 1434006
1929046 675435 1144178 109123
606716 1491410 159589 1281255
480101 1621054 1417560 761438
1464672 159103 768264 1238795
1493750 1939865 843684 1334553
1748251 897841 1500622 705374
426131 167875 1578526 900518
1281031 1530194 1290541 1646458
1361405 1858062 1193998 962226
1335788 486365 1392491 960444
453875 1487180 1059588 1656747
209223 656147 148091 1181885
821419 34395 340723 261461
635647 1334597 1535485 1398384
1223204 388206 922575 406320
1701428 1691075 51469 1771659
288925 543751 1824147 646386
906944 1756737 1255537 7716
1742602 1223267 1465356 1618738
878307 771614 1167246 498356
547267 1076404 352783 84609
1873242 959400 784526 1393853
789484 1352440 596141 789153
1678925 332478 397103 763529
179376 537716 1330102 1068320
167171 1835496 1950956 777653
986463 956486 807348 1024075
1680423 1861767 877412 1757692
1421325 427047 1781357 744420
1395195 1490658 1633504 1258650
1970441 1933276 1676713 622417
1771877 1904651 1952121 1102922
608728 264730 1484629 1381448
1716627 60359 621911 1773544
993576 609444 1623390 660547
839964 785286 1467499 308276
1998926 1112041 1641004 592563
875187 1209814 1662297 1454210
1568852 147471 46717 1989961
831131 546641 183514 480926
1277850 387764 1330750 170883
711882 1180017 1917826 962988
1795566 1070451 1080912 1166420
1815056 1908751 1309375 1523713
368293 1249568 1643818 556112
443150 929285 558096 1551335
1558253 452842 1772465 1032592
1257918 1279237 529883 401408
941789 641076 800278 493228
122776 377940 584024 835047
1502760 1219692 399461 1726776
625705 627561 978044 398731
128489 589191 1671751 1636450
707639 132584 1353355 251284
135374 1481602 1498284 1795119
1334084 967807 830258 677957
1775344 58083 1959613 457528
554809 1976091 1588847 765529
1828143 680329 286388 277051
218557 1376717 1643159 930617
1987316 79378 1387184 616187
547876 1404357 183330 109297
980980 1270022 1810541 550497
94530 613539 848978 1742846
578740 1105401 114063 665844
1258986 520231 1594344 330912
820958 1010354 1959921 1699689
1760872 1655878 264460 1729912
1172051 176282 983911 1881585
703196 1626143 148120 1661227
1102480 434417 1757907 1382601
1008932 798856 738166 752784
1602699 661916 1728462 1364046
231138 599566 11401 614316
1283234 1000691 1331666 1992048
1970610 1493100 46888 359677
1033422 1210884 957654 1003161
875806 1228166 1415000 200475
816036 1041672 1888835 92369
1831203 1315221 35698 297062
183263 634514 1745713 1524785
1500822 398478 341017 1867049
1414447 898397 518433 1822132
808852 1885985 1737374 393699
827210 1176214 734590 1523032
582736 1881121 159885 1631137
411785 1472353 1570775 516435
1870386 184247 136202 753976
259156 1143761 267152 922943
1594265 995460 989307 1465978
591089 1949220 1404068 746884
1122188 393845 1343299 1736956
962319 966514 530166 286010
1303528 1332646 906817 1708188
174005 1109996 1877129 1579818
1026847 515580 347521 1295021
164350 985972 1714861 1830510
804942 737671 1394110 243479
786820 1562069 746607 383509
920094 443882 296636 728037
755661 1574160 1750106 132149
235187 566687 1968979 860599
641783 1824706 35418 465014
740789 1536690 1844969 1204932
846799 1024518 1698932 838559
1354315 1569391 1957718 279795
615063 330066 1738325 1584481
419728 818269 1901333 652268
5888 1573368 563114 1337927
1591934 1689720 518825 1020299
623178 766275 1464047 1189041
430148 1708064 1684638 887165
11020 404403 331000 823492
332273 855803 450744 1725750
1190192 1397738 1336014 851104
1067348 512635 1023658 1080123
888777 447962 383610 1871363
53876 1501889 1172097 1714795
976567 579175 1956668 1769982
394165 371373 761500 805700
852222 124448 1943623 1055271
818616 830696 1015158 588463
206887 336388 390092 485760
1047460 1237759 1107936 411471
1023776 294182 1315748 414262
1580165 1057476 1574815 737826
286086 1807472 1355074 416292
684431 1777970 306301 1242885
145903 435254 1233893 796677
280007 1052604 293136 1084563
1461182 318867 244973 112519
545408 1801868 1918968 627378
317590 1708803 478124 326700
347750 1173795 1036299 447470
759306 1738585 1196840 1626831
802751 1350019 806323 1892011
1207222 254513 1997223 57610
1294645 1951874 1484427 1394759
713488 1210503 102738 692515
1241541 1703176 334383 1121567
1190028 1466980 978898 292076
351796 583799 1412723 1146858
1516329 905444 1801454 1752275
874172 371678 1642569 304485
1176853 479953 426087 1915218
858101 748750 799687 1802699
1896525 1888265 607246 1041716
286864 183932 195183 1170505
1094448 1331585 1589727 1750909
986855 1436141 1048466 1522292
326808 210066 96345 760150
618399 1276866 589255 738493
1181157 370969 1595503 1573593
301084 1333654 133231 1695929
82745 520745 1531688 44917
1656106 1838174 914085 1225367
1503333 851112 349851 1801315
723276 645678 218403 1858677
59339 174625 1277059 439017
1437860 1245632 1104365 1594441
53551 898169 1205941 1718542
863054 1923738 651904 469591
1923914 834029 711776 1426545
848812 229313 1817949 245821
522827 43513 1458501 488865
954712 1813700 1619811 535714
1809061 568876 1140118 1363922
708385 60660 140539 1394883
891356 1295956 563991 889644
401375 1680730 1891503 1367028
305613 1581000 1777621 1789258
959509 94425 1675171 78168
786041 1137648 1276924 1813462
754797 680665 122906 1733737
815613 1634600 444395 1782026
1196077 1008592 1219182 667342
1557183 1007083 886204 64076
1275738 730402 490984 676057
399287 1226010 475408 1247440
824972 237704 153900 602859
622781 1815883 1700338 173102
328404 137158 1508782 667367
1285184 54927 264393 708182
98540 1468527 686069 228247
343725 919720 1994099 376308
1686204 906775 1131163 1199843
297056 1233325 776638 1200202
777498 1600359 1739183 931580
960455 1199940 1823930 328522
1494004 1820432 421587 9815
1206840 769580 1522708 1319096
1569165 1644514 1901979 518939
919197 1132985 215791 281619
1405326 1431210 241605 560096
1228237 740319 44483 1695497
1604209 565154 1715788 1569136
1167879 849073 1354341 1169497
796572 1109099 10538 51000
1709011 1552448 30557 1797145
269901 920683 651244 275090
1483855 1097807 427482 572469
1666198 307941 579898 1945678
820739 1028964 1870502 1218198
760139 836304 46458 1667459
1324638 983327 1866386 1783484
1208027 894989 1236697 557757
892932 724522 1049670 691574
1604043 1740875 503890 1170794
981443 402042 1804993 1781790
21409 1443712 1982854 1846326
320360 953057 866600 1510278
1808000 1094229 70532 1874451
98910 1394627 736578 512925
1467983 468029 1161188 1947273
561276 1642046 1892244 595045
1727835 445178 899618 1704936
1248199 615179 1713695 1146304
1758618 671857 777672 122742
1199236 1116161 841046 1759294
120400 1553995 385216 173669
1703611 1018259 1470635 1482323
1816841 829915 193558 1569005
15388 1444930 931058 1470947
305988 6759 1629763 159765
310530 381240 1492893 1683715
1629906 375604 918243 1147248
51324 489173 337580 1952879
1448298 183326 855307 1071112
1045906 948901 75912 1510266
955725 1266287 269243 29084
204206 1899120 1114138 451929
630060 1311498 299920 258613
1848147 625635 1792950 125813
1431907 1339551 309137 231524
1586230 1932529 1630943 886323
751589 168711 1023700 430211
664301 1565090 932482 133484
1977744 302915 1265049 151852
1443321 734196 616264 77545
1484622 1048310 647433 848778
1620639 653849 78587 1055576
1502491 1739716 914979 1537587
101879 1688423 1996637 495420
1377440 417127 1562530 623085
1406245 690560 1764888 561359
285318 392756 1038944 218486
47156 932823 933799 735641
1771275 206589 119148 1730250
8296 5950 1458563 1111375
441179 1734872 1470507 788293
262475 538017 1254290 1556183
1889509 1236073 656198 1954539
1761553 1620753 297439 733460
188837 341019 38869 1333027
131149 393970 495659 283900
1996232 1993568 477691 369830
1376078 1341571 1279868 325925
532353 35030 808056 1462072
1818702 306791 1651955 810802
1096635 1269647 644903 246008
1958067 752959 1648876 1579161
1740551 614359 742205 1276349
1145171 1959447 188986 1688432
587770 784725 362486 322583
1361425 1455438 158575 1711085
926233 658384 1448487 879453
1774273 595769 743870 644699
1317913 321573 259557 352306
352361 83722 1277868 879086
644441 353135 795637 89451
777120 238504 45166 1298270
1520946 793644 1616279 1205119
619893 1182000 860203 842231
856861 1502439 462505 1199596
25394 1533177 525047 416711
1544209 425492 1889911 444097
1649278 1003123 1928577 270911
1325373 1188357 1477064 1036893
816345 1036945 1547802 317137
1148307 406893 1018907 1656989
1680037 1686581 1895866 989877
743240 1961826 1863522 268731
1037944 823296 1484146 890783
1110254 107501 322714 101718
542083 1980274 1909490 1892970
1954568 361837 786352 368891
573502 1119674 95689 1829297
326593 1553386 755782 666275
1735696 1657387 1594896 1468319
1549839 1312776 479832 1094440
816183 1260948 130301 1562378
255545 650739 46475 1844650
747187 1354766 1794494 913243
736337 709238 1094729 910293
143350 1357269 1522710 1782937
361063 1595132 431266 446085
1046481 1095272 1544572 1183287
1623542 225168 1702644 72628
28876 1779196 910934 891925
340686 29777 370849 369774
636686 558250 179366 566688
1175166 1562715 1901557 36186
367451 566997 934528 1154519
736445 1505256 1383874 1752274
950767 1335212 1116243 773040
1675700 1288292 1833330 135963
161723 813074 434562 500179
20108 1138600 1541775 767093
1219703 383207 1519042 523189
1637654 918537 147591 526296
1778061 654960 1377483 897674
1927532 1079713 1469371 48625
1778792 1372012 521772 1545095
1758586 1361356 362247 593280
489652 588485 1033938 1758401
981795 1691054 873228 225536
907431 1087862 1671990 1797732
458735 1551326 968219 1786654
243320 799030 1007317 138588
300128 551612 822489 634450
1488303 1213814 422930 1727405
903292 1356859 1615931 1704680
290729 631771 1525716 157354
391789 1359611 303875 1404624
1483138 731364 167363 144756
547003 309977 1771124 1087568
1172455 1916659 1724723 1385945
617165 576682 1377359 301993
417538 286547 656108 970925
222283 370861 1411507 1220012
1882154 1291384 956626 900192
1956060 47895 646857 716220
114594 1668266 1478591 154227
213504 1058696 1552203 340534
23760 1277431 1113164 1429473
33037 596736 1098382 838984
639012 1309338 683864 339185
589061 909795 1533359 258266
694379 1402945 1895738 62498
279077 1325618 465702 1988429
1145880 1356493 388207 542875
408247 1982320 317808 790134
1318267 1369482 52106 627906
904492 774006 119964 910449
197687 977398 411662 1747877
1383453 1266002 1803418 8126
205222 1507211 1351773 1725089
135448 545747 331637 1759358
598520 368066 148609 955208
1870328 464570 685294 1129652
401390 1262025 1718325 1619177
1078787 354189 877746 1029132
1004566 1348908 485871 310493
1807383 591774 681970 1914148
641626 1692620 904116 822205
923434 189795 177867 1210493
57947 896668 1556960 1784557
1393618 527457 158239 925040
1224505 1544965 75639 1226035
103210 1905105 446804 1725843
561706 834175 1823396 231022
167552 628728 1191970 1306344
1679386 775172 1331724 546868
1248431 1919942 586818 195375
1703681 1738876 333442 472055
973309 1842579 1537763 717196
1871546 912148 1368858 1584027
1377233 1902214 332031 1902720
513837 904039 215189 1236446
933691 1456274 1842097 1211408
755515 200414 1590657 1592913
612397 1841815 1265943 256971
1313327 1586932 1399689 1369909
686314 1837830 100234 139771
1976298 1944752 1827565 1161135
180621 1260925 1249753 615996
982468 1027440 588611 212634
1933178 1248214 1664576 1027791
602112 1306214 1296412 1468988
154561 1937596 106252 803755
452116 1941949 1341368 629123
282871 1675092 861005 334542
414592 914323 27369 137747
788683 278264 1802054 1023320
822725 1384873 719708 228937
195699 1877841 1289259 714771
1489886 547916 440903 432138
941626 387342 293906 1733118
441745 714721 660447 418835
1005889 999931 849359 26147
816774 510195 1945872 1193799
1884958 1857710 931107 630327
944757 1829336 45516 1531859
1880769 1272133 548557 1604463
482881 1511855 1796268 668970
1873177 64552 80565 236698
161986 309141 745596 766161
1890188 1081466 383199 1949369
689059 546140 1813231 694699
791462 1053965 462218 1150526
1778040 624175 1335232 294079
1955864 434365 572093 1836456
503728 846649 356531 993666
63423 473982 856457 15808
825514 1252935 1895581 753663
22504 1242966 496318 1542069
1605493 1899603 1971425 1029482
1551289 1656320 762944 74677
175518 1378215 645803 1501846
1281384 1738968 931077 625906
1348628 1684820 1126167 473443
671590 1919201 1179471 400289
953096 387067 420039 1895810
662209 372156 872767 804660
1198146 1589024 1742294 217039
102689 660596 192468 1153094
110291 1036361 1085043 1405676
1066325 1001820 983177 1733083
123388 1317329 260356 989823
992137 974291 608748 878917
1679189 143933 458172 1559896
1430618 382460 238850 1410146
1017080 74160 72129 1795735
1307663 466143 1346915 1099242
1675128 480785 223532 1395195
1683201 504282 1438432 31609
1133037 1589195 1423904 199849
1601233 152757 1607210 1968657
1272843 559523 394411 472976
279048 1501105 1754248 493766
1235552 1982036 1781027 229849
903970 1866890 1047835 1922277
1690939 1326373 411000 470980
1203580 415862 391798 1527830
1890219 496121 990406 1882477
89971 805318 507985 1852738
1904176 509790 1306996 294548
777635 31942 1382661 1339991
1749089 46707 1431075 886196
929893 1424772 1886289 1931510
992200 1707387 410771 119592
1607249 801819 1377121 1525423
1221437 1017921 191840 788237
450164 1346230 530895 653955
812578 277364 1220338 1689808
1071911 1451263 1369165 1698417
568697 708405 764053 1705419
853240 1356547 870484 1175102
1984929 1733838 1417755 1271538
1383806 959853 1878073 206973
660385 1932172 1429608 259409
206750 1736803 1188542 170706
96504 1855514 1561039 1121439
1188524 1196879 934901 739438
1826075 1932019 1011917 1493215
1875276 1309167 1777356 1976272
128688 178888 1360273 1958389
67168 1577849 1045893 1685274
1722520 1857784 967731 685615
790084 1211060 1396146 1826767
1685664 866499 1988812 1687374
1964682 614761 1968744 1153722
1928561 116505 1766124 665273
1722144 1121177 958051 835348
819121 414010 1561830 1990707
56820 79485 600514 1730928
1238052 1168990 1417260 1181290
504587 890291 514298 349490
938146 1584129 715262 763949
1063288 1398559 301289 1951122
311592 822940 1873324 1039706
568384 1830194 1351650 1173832
1382296 1855433 864072 893737
1750766 648594 994043 1426309
352753 495253 447206 1134386
400492 1559419 445738 1216145
142451 1461075 897170 1424351
1538181 481265 760765 1811089
667680 479919 1405544 1175284
1235296 1498733 1642393 840176
638877 1365771 545712 1007118
1354463 1852901 667734 1486279
11763 1650884 523668 1790095
1538309 192489 472752 419033
1213589 1462370 582255 1481275
1072783 1719707 1455553 631109
459497 513625 1412788 1898770
6981 1614737 223821 1826801
1861935 1204065 1734732 910188
707056 1667626 906809 469722
1783636 43940 673124 1615367
441874 1592436 494742 1313926
782016 188983 409379 816416
1824717 1934112 1352065 1239777
1502199 31523 1045912 1090674
1656925 1035004 678365 984078
249163 1990369 1582100 1208940
705634 1999541 1412420 1358504
492098 1639053 906134 1204189
1739375 142710 1739855 1761131
782975 1960052 428793 1781725
1951492 205723 773267 1286546
1206898 782627 690324 1955444
1168246 77090 1462363 843886
770212 1826662 832136 1277965
240045 904222 857197 764860
663723 615590 780114 1597731
471503 541354 841486 136342
915455 1393986 1288954 1849274
814111 873499 1646993 1810451
432325 79146 922951 105884
1868330 37730 1906053 1099344
718576 1422319 1863553 1737662
1183258 1670448 1542784 1869556
575114 502533 1229757 1743339
856528 1925189 968291 1065208
1511003 1790735 1703100 1736246
1100248 13283 1181290 1297273
1625354 1147913 1516959 528211
1795757 1141919 1060155 1580009
298542 1052728 1399876 147381
885348 417108 1253976 1447468
162516 1035018 558449 771852
1015112 1189938 1862389 927295
1843461 626677 581021 1123873
752493 1810067 618098 447183
158948 108515 1555184 944456
569181 531051 1131839 219129
550618 183754 169095 1429379
1405955 1391202 228542 715047
1930857 1216018 868600 150426
1994403 1304786 1581857 322140
1755095 1691135 30407 1099731
1989230 880836 199625 134715
411203 1840244 1969020 72895
1512092 803053 505677 1487880
1201906 614354 874664 963510
751804 1487280 146909 1940904
956239 1162851 1437334 809662
1845918 791442 1502309 478907
77259 1524813 1563336 1006581
251907 430551 1629404 1783604
176333 166337 1009698 1126649
1825790 592356 597518 1816304
424044 1541629 79060 1325466
440259 638077 826135 116182
685003 429943 1542274 23551
1371053 713974 1733376 349647
531200 245739 850731 1386110
1910704 525131 1399548 836440
1456601 1275193 170869 1990080
1893273 1548105 1673215 539472
482593 589971 43911 1775227
286975 1360418 876611 579991
1991221 58055 1509452 1030177
1799500 1128318 1903951 1168796
850128 1340538 760994 659920
590339 1983237 556839 1921914
611598 456329 1652905 1742532
691884 1888974 63429 1798616
1624784 534334 471651 748284
551394 1433002 87463 1124983
1348385 872167 1784594 498241
348199 1333742 993424 873676
178073 369180 57221 1176558
1884097 134004 1446717 1580753
1618304 1318813 400664 1878586
41626 575119 1287793 303306
828843 766871 1215718 1895733
1024339 514420 883594 1687106
298055 1641338 977823 1215629
386329 865781 1650699 507168
823048 810888 1575728 444879
1621544 670962 1877938 465331
1182112 1247949 1307352 390093
353712 1376725 1018012 1501710
1985335 335205 788566 421501
135507 260071 790234 1786150
1689881 1443977 932002 675834
1265270 1677749 1545602 1878702
446130 919485 392845 1959359
321370 821428 199814 1918437
1550287 1635667 1245031 1550310
488725 1939615 1109828 711630
1160867 375302 1420821 861078
828514 1934889 547421 855366
1988414 1236723 224201 979552
1366150 1776278 1795929 1623079
1368438 1557967 676611 624985
1440060 1000168 788839 1300547
1489008 945242 788070 808100
96964 1640981 366648 1570009
472792 728237 1785461 1143183
1486208 1299559 1079945 1418110
1810405 1458976 1625721 1012203
770139 358180 306835 1190542
1760611 152196 817153 1868308
903357 944996 570595 615690
1735790 1492652 1317863 1336531
1217874 1144931 1597514 76864
1358429 1549855 592349 456971
155418 7696 1253986 1210091
365034 1413724 1502538 1115571
1341466 1277619 1242305 1699121
583782 185796 1223394 1367546
1342123 1912928 1554568 576345
19509 1069944 1772322 240120
1526820 487309 1863937 372518
1977968 1372317 686263 1183400
1975767 510433 230001 749758
1764350 107755 1328235 578755
454923 1350908 1715764 983161
1940760 1951655 564260 1161439
1300022 1256522 910242 1313413
626678 129503 1251765 456523
1105479 1934758 1456107 32874
1492953 475602 1441340 416434
1306034 1457034 1432198 105638
1833980 1858195 1972213 209761
335852 1797881 157844 1538304
560083 1506882 1433149 1078681
361081 76247 1143992 1610177
376383 358499 1738816 656309
1267349 122089 153938 1189056
269592 1578764 246966 1796703
719296 1146654 787532 629683
613211 46054 72977 1344321
1680084 1112454 1008129 910750
1586396 1716254 1842038 908085
1929350 80298 23194 150487
142447 446423 1926770 868891
1177611 318626 997936 342731
86957 549894 68689 594078
895531 911194 1727939 854097
1266858 441926 363309 1430446
1275133 371431 1872428 1757999
187024 1369732 1919182 1290046
1022561 1342792 786966 866148
876454 946989 925363 991114
1364553 1100750 1506671 1810514
1931786 1202903 38761 1630642
1068239 1963269 1177983 1238500
794541 582212 1671284 694071
114541 924193 424412 1291763
1909450 1960935 1124324 1869984
274660 1853031 288874 587500
874847 1961275 468437 1625990
1301359 1966862 1354946 819604
453790 366019 1046870 1406916
1955605 1668177 997035 1701296
1415388 1352378 308789 390045
629975 762556 1414031 307951
1314838 800631 59924 1631460
437153 889641 636292 265516
1399110 1830457 1175672 400008
1060900 232133 917907 997817
218641 522198 1654312 856809
1790147 1328207 443373 1940131
744777 1718268 61971 1551381
431149 1593149 1242644 1632126
465041 1341262 223295 1861351
691588 1175388 281369 1700822
205475 965767 1776506 437476
854243 1503676 1146776 1971146
413512 1483659 1714591 563735
1595657 42395 934157 1149421
1752779 1791404 420699 570384
1728112 1535158 1495368 935850
554644 1740329 47329 1231003
636152 10573 1374220 339415
278959 812379 715522 687034
1445346 1664095 1894832 535724
1112286 1712070 984360 253267
105935 672155 153353 1204637
1468189 1532065 1442211 280112
1496700 1864465 1147043 204037
399546 1799681 749710 993540
1459017 297852 787225 1015222
1629547 1492447 1130120 734230
1548240 806165 544112 658416
1083564 313206 1489618 1361508
