2292468
1883465
6176391
9950771
7494805
4640378
20250864
18485615
13593402
4472188
11808711
13229658
14779449
4869475
7537029
11438435
2287615
19138509
4837731
2911974
3636826
14041202
17247675
2979942
5383806
10803621
666366
1362569
7703749
16732004
18802434
12794236
2675068
17282257
1254258
11488914
1214888
12066231
6412032
1232602
14432818
10708335
6714956
1844575
766808
7036422
6820207
2047864
11117045
6454662
19160263
18609231
11440205
16547454
8791906
14036842
5592919
2965887
4311388
2014525
15671999
7727295
17734782
12428211
1036593
574826
11787942
232324
2130120
15874595
7641995
5472239
13644197
17801075
18139841
10085509
7799803
2783053
6838566
14030374
10584361
10389920
18655981
17219867
6409188
6289678
3000000
3626787
14665735
1962990
7078014
8009542
6569192
10140719
3958311
6814134
4088842
6072203
7824866
4255882
11627931
11782238
3628771
6765514
17050868
10997096
3949259
6139010
14575511
2438557
4945774
6011451
16859545
2177328
11689148
2043174
9780986
903760
12912107
18122297
4888612
3495468
16778014
6417976
16205845
1212762
3361301
13337048
5391692
16613253
17218049
13611788
6154819
17703788
154910
1657946
7273214
7212844
12582088
12830651
2388098
10821719
11485865
12007424
11219960
6750437
16551537
11135599
5363531
10864263
11119811
2257319
17168274
22958940
20504662
13410411
7391688
569235
4237127
16632819
6689105
5286115
5510937
11210507
5275687
4357749
13891116
16796438
19245042
1038979
19238215
17108182
5542593
6079692
808516
1315421
4706172
9486709
970139
13556572
5511292
3609526
12774070
13417914
8903818
12365610
11766176
13236248
8378516
11059115
20059059
12318097
1339249
1704051
10408887
2108249
6618084
9880101
1594598
16482717
6028048
5487147
5409171
6501799
13152985
10870579
6774694
2511579
6140825
12873011
2213868
14804394
10918195
10120826
7077826
12801004
5736530
7645188
4618814
7384065
4915139
3278915
1296502
1577546
11410905
11235634
14572490
12865999
11451674
17470400
4259071
6319941
14177996
10056631
2526335
7672004
11321952
1258416
1676139
5276130
4528608
12069201
13517140
6628821
8330513
16964964
13873569
6684181
16674370
2330733
17599452
364962
18039270
6478392
11427381
3841442
10182900
10417334
3324088
19762885
11640918
10079596
7104064
5184283
410745
12233369
8187245
5297973
18378075
18766287
13893955
8880251
13152402
12335248
7676621
9345170
6880387
3357201
16555574
1109502
4970355
4276181
1369236
6794739
8848634
18678933
8738051
8837272
17168896
1484306
9298561
1585669
2074460
14759647
12261895
11475129
2565773
1545176
2874215
154085
14274579
18638255
9171886
5044266
12552369
17269335
9502381
4388732
18403745
7992479
19108019
5658394
7636563
10010426
2612769
10280128
8772477
14101391
4266452
15164608
2898511
8057764
6276178
5256928
9054732
14291707
12516408
11594332
2572276
2823496
2302212
16384533
9415856
4108368
7075275
7081387
7467271
12423795
18853654
12342034
228614
10588725
3146981
10696017
17332824
10253178
11937641
182135
1185088
4435076
7750378
6581431
5469284
3489680
1139275
8604058
6649706
1117907
8063207
1334945
14857764
1949190
14315537
2169212
980645
10434976
1990998
7383973
14013433
7699595
13344905
7058612
6693154
5551310
6861710
2293629
13659602
12573425
5825017
18026350
7308432
16210575
1021998
10943321
6172232
7964201
1398620
12040797
1571541
22852771
2495821
10828676
14216167
2339274
2437679
9037138
903762
8609767
14896097
8813499
3038669
3934810
640788
1378869
12673139
12811095
6024060
2735549
18068011
7845511
4868474
10812440
13017173
3081062
1643645
5734880
6644258
6309433
11262278
4252466
13612905
11691944
5373982
7146316
1004961
11182970
5627957
1202541
1801303
2122165
8455065
17957776
4419892
17400749
9102199
7388842
3918752
13102218
20858130
3569985
6466538
9954708
1884426
1944299
1845163
928792
9606351
646607
14057885
9647444
9198416
13698764
7829024
10494421
6900348
12545538
14093979
4268682
9041120
6720791
11324360
4699413
14479115
3276407
7620877
5120223
5839094
6195933
15303699
5854124
15208903
9326673
3609829
2517750
7788158
6114481
12853568
3059167
12478533
8790835
1442459
6461592
11297387
6892317
7211196
17370769
8108539
10914242
5796916
13189550
1779400
7106322
3336758
15338023
13385054
10106547
7934491
18514644
2136365
8879501
10695052
6718661
2655434
6870331
12002969
8600679
13147026
16323982
5877555
1822508
5306142
4851365
14784563
1604364
6350515
8873873
16103934
7794224
17820067
1466885
7671621
9477251
4430187
7566828
13545826
5082852
3223520
12315289
5503713
12393119
17577087
18004643
1760597
16664759
9777078
9072633
6254777
5112831
5294644
14450166
11836300
13405220
6970077
5706318
12697409
3678165
10634812
22172561
3232681
12311313
1896847
13737704
3346314
4726411
7012080
15898813
5566234
8461453
3403583
2881839
14296448
7662470
5501812
13253814
2560672
15036620
5163778
13907475
7218138
17257823
7597480
12411617
2412065
8151168
18106523
5050091
723641
3239942
9293898
8401071
11227539
5702805
2045569
2159615
8398181
9612049
12842014
16365183
6298280
10618335
11967106
18687653
2692459
19291695
3273112
2680064
7108106
6486057
11524471
10623009
8912403
4707967
9754229
18848275
3949569
15965197
13057282
3767155
13021370
16821972
3722912
15629702
6929192
7494758
4149219
2123500
14880526
10450509
3187273
17365894
13603758
2461521
5082215
1643862
6149613
11897774
6204711
1830154
11986928
4080807
2324525
3603115
19697877
3468767
3225870
9382045
18363141
13759964
18808543
9386792
3893251
13599430
2509108
1651600
2935417
17075600
10458412
8536602
4120898
7264564
2907840
1675105
19215956
1708536
7027884
4473501
6256350
1106488
1151381
7947285
1822845
8520875
12210718
7312244
16252738
12004359
4598399
18392787
7827223
2683091
5526140
17492647
1279563
11032368
1795712
18714535
7982519
2301887
7701764
9749521
11537191
11717386
13228192
6480564
8773072
18259161
11046775
8964036
2759433
1068627
12289481
13583489
7268158
4219498
2996270
20603581
2249584
11695021
3145512
5851406
1599654
2813339
10951809
3915114
6035422
6318184
6192332
15691909
434464
13920448
16237158
1168646
8072360
22451807
5506442
3012512
13055325
9949279
2329196
5759396
4269563
12085320
7608260
7460015
10623789
20829517
5642079
1378001
6918729
7779059
12804897
1423470
13285596
12762116
8559886
12583898
2031120
3926334
6529724
4419282
12239557
1799552
17642887
7600153
8183944
11038647
10739645
425414
18148537
1333744
5084740
14782529
16425850
1395641
2174636
17692874
11463797
4755630
8643251
16743678
11062038
8807020
14479511
7078081
4728713
11930429
14072422
4977029
8569631
11357909
3263012
12684403
15513554
17141754
2383274
3763604
15827329
13108991
8105456
7363690
6917664
21664230
10325805
1768326
12313557
11491768
2077283
921533
20946905
3072906
15815326
8229892
16463278
6907596
11577670
4375716
13341695
7715495
7862310
9768056
960170
9105636
16417262
9855241
9526399
9381567
11184137
7065751
4741232
7211104
5952296
2098689
16701810
18101096
1238030
15606602
4949562
9667022
16774157
14582191
830222
18535207
1952135
5917034
7510008
6615899
13988058
3141179
11658278
8214654
12849381
736205
6675473
6551883
9706801
15358012
13000241
4304993
18488431
5998812
7159999
6548430
5331062
16716019
15001097
10018797
14783971
15443821
13898454
6822761
9993577
17100180
6581330
11914145
8349423
2229433
5142756
6242232
8990672
1393477
11903151
21868897
7338467
13633520
14628636
17149111
7885943
5900417
5522882
1914505
12163780
3321741
1524858
619660
13701399
12906609
3853405
2401724
7266960
8578401
10750008
6415579
16581300
11960795
6833300
19849422
5599633
7203242
9317375
2539107
8577539
14311
13719824
829367
10038648
10366468
6427984
11152506
5539498
16729502
12235922
574015
12309188
5359139
11571482
2756225
1602679
2895047
12545208
12619550
5051067
5731393
7570894
15325310
3460294
9318956
6835966
6726208
14140535
16860305
8970623
1915755
9605622
6609932
5720803
16468321
5217234
5085284
9287722
4774965
20179185
23232352
1605617
2379744
6659633
2411285
5091325
7658658
1487132
4716907
10388472
1617537
9663616
12035674
17808557
14609499
22055737
15377514
17668404
11941379
16239803
8350698
757989
349137
3078260
12510453
12866341
10657522
1356145
11709151
1854177
17351425
12164126
1373920
12140976
13677580
11378086
12286751
21100093
2902945
4603656
1260728
1002645
6252087
3785150
9633860
1641447
6755879
11212738
7439407
2315090
5652902
5130660
16607642
7820411
12594662
5443153
16707910
300183
2143973
2062063
17144296
7213217
11845831
6146231
6871020
5374426
13787126
19590585
14450050
3307242
5428640
8465196
17636531
7338461
10815395
9128865
3353808
9070649
6358328
6200066
7952558
8274971
6655247
7453771
17675272
12570358
16285707
11145335
9258480
11293108
13054076
4450576
17378852
12474162
7132963
1849839
8281954
1079686
1599695
433339
163738
16206392
12209878
3516882
9750236
13650696
1590717
2784262
5480196
9492189
5836576
4293568
8478581
11494936
132998
3148872
15154074
7504714
6468446
1946286
2646725
11145004
6352882
12858044
5533083
10768384
3202007
3718161
11569878
3649113
8536119
5578698
8303297
4243216
12063056
988157
2036089
5646740
14997361
18119710
17492231
2636435
2054553
3597141
1215177
6568432
4480986
4794846
11470610
1781082
1413060
3607527
13821663
11184081
4989288
18598594
411460
9283944
10179030
1245670
13996398
1477842
2054100
3498743
2487544
1658471
6672916
924363
12971772
2979076
11992972
6559744
19019557
10877725
3558038
5568224
3774577
3382040
1735726
5442635
5051161
1271022
5100529
7458341
7046388
9683609
2512646
601532
2195835
12545632
5782771
17207701
3101984
3169264
17437216
5806944
8422214
5447505
1260883
6444241
4617867
4515460
14878780
7689428
3326755
11718087
13414091
9711379
1369151
1251710
2996314
9292505
16819388
13571646
5896357
1144747
8007411
16889842
18196511
10919570
12120195
5853974
17174633
1425410
5328960
3998695
12037271
6728673
4312243
14176755
22005581
13899405
13182413
3029490
8007617
3177990
18747174
8837770
9378873
12719628
2461506
2884134
19349810
16381745
5592838
12675965
11716944
5709035
2235841
7557760
11691883
12799566
17721745
8534212
11427304
12981240
6683931
5576270
18059960
15744856
10440993
12495348
7378918
6060493
5062654
6201984
2656299
7178850
5068142
7793793
10804376
5489035
5221930
5841066
16325963
22169329
1890147
3136905
8273109
198755
16704698
10892690
12651672
12284804
7815236
734721
4976831
9833904
4096242
14202750
10423079
443461
6382775
6891086
4138181
9073408
11067502
5506061
6176303
8470191
11640752
4449439
7228683
17545011
11096352
6161049
16624080
21702994
9477174
6022371
10343101
14044536
93483
2180281
1049775
2197904
14658940
9690970
11314663
15229512
15042734
17180592
7224304
6483334
14071017
3886843
1117297
22579253
6027036
12448270
1562919
4084160
1559860
11259703
20499411
3897427
5799802
873707
6816426
8947139
14958597
4655765
11989563
10663431
6915930
13414531
19062407
6252461
16353636
18123822
3692029
11068751
1636230
14651341
7286393
6668212
8403707
3350410
7355040
13774833
12283642
7012988
5289897
3576640
13183326
4728650
1233805
12803200
1762195
11883244
6329049
136081
2794123
12576368
12363266
3429326
7149967
9089464
21961848
2160989
1270040
1862390
8698356
16089559
2499430
14249420
1159781
17926361
8128798
7355926
12635181
8826862
10499426
1506082
12509126
1874960
3503433
754220
9198762
626098
5371062
12709435
2294007
19858743
16581377
3710564
2924421
2736675
4795667
10740881
2201406
12666167
14254182
22523608
4251864
9129314
1766615
2980703
6234721
6573117
11598695
12005235
6606649
9360671
5447826
8157978
18405617
6322914
2778429
15684775
6963055
4514813
16711871
2537562
1470986
8444214
4429697
5185769
14338105
5385439
17626779
9379816
18497507
7844392
4128542
12852274
16963021
17589812
5981253
5389734
7473026
9883149
5747456
4246811
15307242
18856180
3506393
7978580
5682441
4457176
1806963
2067695
2659805
22972147
580021
6049913
10057612
19183838
17579625
17165248
11720051
9879248
1092704
7446643
13436116
17254253
1386244
7773240
11612591
2867650
6389191
4636397
18974784
11160035
18224869
8594348
1218773
10465485
9894896
21287752
7920393
12080756
9290152
6945203
12114425
13964450
7868229
12859744
11872801
14138057
2429543
5731822
3562534
1504076
7521706
15551877
12304900
5547246
12588254
4094647
907499
2643070
4654920
325000
15976268
7417159
12669805
2052442
15505471
16245162
5227835
10979922
6869900
545564
8667710
3760231
7161498
13963825
3147952
15558392
2714184
6151404
9905197
2980461
14019846
1348264
6671667
2298252
1370853
1399377
5452802
3099582
16760655
8512406
17545825
7656958
13620324
5294354
15007159
4662595
15808538
8684321
10756552
7721357
5811737
6683329
5998457
15550194
18698284
5595099
6868851
7694023
4866036
1284941
6453202
8971559
2129791
6159365
12143158
15724819
12438028
6609069
20955116
5755553
7442879
10068566
7325235
13229376
5464854
2875475
10906078
16039795
14857628
1901107
2736116
8280191
19774097
5808196
13014987
12416535
11173113
8753348
4256345
985340
1209870
14018948
7830328
24266331
9730991
19568300
7192950
5815991
13368645
7685175
5287289
10856309
6300595
1894626
2538728
17996181
13507789
15432511
16987234
6941359
3518628
6652287
13105403
10809607
13345377
5918425
647117
15460653
1721569
4673949
6069559
8640548
9742306
11810893
17997527
8571659
22205275
1449118
1719750
10034976
12231349
17917162
17228788
13840831
13435899
14224509
17674345
2458090
4192138
18439075
3356070
2838941
670758
6204787
6026611
9546502
14932862
4726166
15649093
5793827
10307721
14723149
12168609
460252
7804632
783286
4949851
6077909
6849249
1594499
4748509
2600757
9221795
3371048
2732759
10649751
6867125
11440157
15151823
14640106
6938318
7178620
2921744
13765561
8156938
3338535
10006360
4930377
18377442
4670828
7483494
231642
13229421
370160
5718392
6230312
10849451
10152165
3207092
1422357
4155272
18173410
4266045
16792772
2293130
4748459
13366845
17206993
8109702
1662193
8356997
9065994
10575471
6238193
14294930
8481022
15764028
2636335
16049771
12464156
6948766
9887683
2062638
15664865
8547918
15674640
17044366
16595805
14768878
13473635
1015005
11188975
12501920
6650430
11997943
2647079
15046819
11257051
3013034
2785155
15658571
2403440
5818313
12579842
14486475
1451990
7396626
12824053
6784123
10933923
18926288
15572644
15157924
7124300
11824957
13288288
1893518
9224530
17321086
7831073
3946649
17326274
5950667
9006902
11437787
8320956
2293911
6699815
5978256
13295937
6485197
4920319
9038126
2535562
12266600
10951756
4693019
11084675
1258953
14036056
12317375
11438288
1918854
3367326
15291646
8872702
13936678
14009394
13898652
18021064
6306642
15550132
11557729
3611927
1862114
17000006
5381086
9422316
10504911
7296781
7219053
11580134
7486480
3914033
2896462
8374909
8034464
4147826
5859941
1649371
12435449
2685679
2190022
6243405
13213184
15869142
12705732
1758043
17185452
773746
4550291
1821877
11412717
17444049
6241470
3365454
13365630
10147552
8709225
7475778
7921330
9859443
2034087
9743492
7626938
2781186
13185639
2022912
7522358
4764206
2475650
1575351
7834434
2608879
11294786
13311871
18299364
3367706
9062338
3223831
14648582
13918090
8005032
9458807
6242321
543023
4448203
7427462
11529552
7494999
4616690
550512
5842740
13012380
17888264
10292428
6710460
7654572
4755890
2401030
11906897
9644712
10496575
5806316
1820928
10524369
8352592
11965417
9143603
5655906
12680916
4292454
2081928
6343909
12642053
2539450
2456228
3986459
6285328
12074258
18390122
12168339
8475808
1618901
5174151
13576346
8823269
4568905
610621
9907546
2196182
2125871
4815611
10979980
6045382
2797175
13370514
6993424
8733799
2739196
3374316
1365032
728097
7469060
15522781
3432056
5714337
8395324
12813576
2258115
16307083
7064926
5506190
16168430
10394755
5963508
19377706
20931830
18234000
12373964
3103958
8680809
6187344
1993166
18763521
17449528
10914419
12829650
4586533
2218327
10387381
1833964
4159434
5436047
17435773
2148107
6841812
10403135
5729625
2242037
2333088
717547
12316784
9340353
12724089
7421624
2146535
11522751
2300666
2869193
14703377
13362650
7217891
1979307
12206843
14861487
9596817
1771895
1349184
12212843
14589417
7348678
7584534
6897093
2512349
2763567
6551543
9787206
3617120
2937818
22107162
4169054
9373239
8587880
10048226
3382820
13588529
7019360
2427203
6541796
10118010
5938602
3470926
4661745
9627150
12748701
17297465
3558055
8659712
2925534
18212185
1576152
17192836
21132631
2014429
13883248
16825420
4158567
6779737
5353320
936735
1847668
4929825
3416339
11562137
12743493
15615973
12944360
2709637
976013
7507935
7402003
3259189
21942071
20216723
2018798
62452
7304543
13007845
6215825
21509022
4852577
1624048
3277198
22731830
3677863
10198748
3511839
8433909
2356891
7263513
1200845
7584545
13303685
15615830
10091461
16607977
2034986
4574689
1240571
16672554
15019552
9488359
10817116
6594117
7304603
16948252
6283235
13636811
6560160
14098308
2508922
7878355
9374410
6583706
3366361
3026627
1670112
1831241
5518077
4221577
9164568
5819998
11545325
6293572
