4660905
15938066
1899374
2188905
3234217
5897174
5335420
5661330
9971473
14816574
9104368
3475446
6321650
4490966
1249900
6370967
2382461
6959688
8973686
17746143
3570501
18873048
4970560
6949086
16010986
14104951
11542997
6479537
6845066
14870266
15823473
7332662
18275373
5033767
5918860
1461548
2446434
1650799
9477968
17615722
2137539
1279550
2574485
7755065
17131149
20028483
4999462
8015683
20145578
18957350
7397305
21037352
22892508
18189677
13905134
6832767
13783654
18564727
5527953
12030950
3570958
19322631
5634622
17916139
5936673
5171310
3461640
23295767
3673503
2090686
14929061
7816168
9590017
2641752
4123782
8869771
1021507
164099
8036698
13913495
17620420
22409837
10091245
2880638
1095894
21618414
3658693
4441395
5686003
7866188
15640197
2468830
12875384
2717062
16923857
17138321
11294299
7290877
5901405
2634187
8820059
7475310
8939165
16451339
4839983
20064560
1492103
7919650
8333705
5403545
14226692
13279485
18532442
2871834
15176607
8145102
23191687
3680490
22476756
16843945
6146163
2012920
2341280
5843399
1071563
15983553
6948229
17230543
18523304
11128695
7648427
15012497
3580677
22223166
15289326
9829586
9377536
9056493
11272639
4046634
1476969
9152096
1842466
14449269
5557624
21231983
6469770
14074076
24671870
7100116
2824203
9728815
19439233
5759214
22128481
7659789
11024561
13309321
7476750
1522242
3570011
4027673
7403720
7168583
8646403
9056797
9682889
15527579
16930312
16758987
1959096
20969108
3266232
14375640
25248794
19511464
2469180
8546281
1708346
19698971
10324108
9680604
20190553
5570081
12450141
15412505
20892773
14207201
15672840
22417037
11339615
1735043
9426650
7728188
11782703
6608153
2975843
1222175
24853432
1523521
26163344
7716361
26205398
16919674
7276166
26706517
4337620
21488036
4532494
8610559
16242009
5360684
4154785
2111511
20418289
13325198
5666668
3029480
14706039
2620995
18572789
7556952
11384798
12783981
17223290
20415547
17126268
9566350
15661088
15387292
25881115
12490609
1739839
14607595
19641086
950411
11765583
3228112
8222040
19106690
19452134
1840608
9920689
24983
5236685
8091027
2409358
13989212
2007411
2158250
2283418
8829905
14985035
3563918
9487802
13119219
1958101
1855931
6880584
12534813
10177929
15706731
24014276
13759272
11677413
2982401
1448348
10974196
4080266
2948607
14093620
16468733
5476224
13108261
14637225
5360707
17574542
11997416
18350658
15130352
5731649
17327841
431094
13258883
27268049
6499800
15734908
14578489
8873020
21756223
13731665
18737344
9586014
4108484
9706397
16816916
15364755
8353865
7654458
4746898
13410490
15352231
2601319
11548684
1546676
8309937
7179243
4991130
21234107
4454242
1521816
6251671
12428125
14249383
23127445
3557470
19414032
14233146
15250269
9786625
20150006
2466291
19538161
11939635
19991417
11135230
9739288
2242006
7021449
23205507
14200528
19181307
7555235
10135568
7182273
1450956
4099483
5334161
14608027
16272982
8367919
14464350
15978024
3564936
14970735
8329548
12937390
7585976
22701680
16267526
13209668
2376712
2539084
3136660
6372822
13980712
19604420
3984825
13121992
2387792
2470143
3479371
19153109
6084730
10700544
5735989
5590160
15081807
11246001
9634359
587553
5257517
20949209
5057892
3745232
19631124
10956678
11193966
7200041
23988071
7720106
21500557
13738182
8180480
4428178
10370524
8577292
728202
18922666
14786268
6654015
1619681
3048541
21648588
14974707
11856937
19686387
3865004
21789799
1745847
10672503
8164813
2575053
9432252
16840929
7921418
16240336
1652139
11705800
22435439
13567429
9349704
11355697
14833590
8500656
2386398
3682906
15125886
13115309
2791323
6892434
5840235
5769826
16685972
4028648
2653198
10092886
6124511
17194546
9169347
2201596
6930776
8930779
6578607
20570433
9636139
743414
21971488
2575878
26877970
19053691
3536492
9202407
4675984
24753741
5282808
7510597
12958905
2858901
5102355
6006781
11399398
22627278
16408216
16160384
3762887
1493132
11434814
1058010
24494324
1784336
17017400
13410200
13981049
2949137
10651727
12167619
15521417
7581019
5327195
14567166
658337
4701811
4243845
5548400
17364616
16898320
11267765
553583
20394722
21419671
1511713
5569825
16408036
25101368
1860832
14389847
23059880
3451435
16742652
5307047
2540854
2067331
16002761
14209087
14553564
18140064
8382337
7531046
9162678
14610681
4963032
13907044
20648432
16845393
7053952
1266448
9585098
9458635
14799115
3605454
3123173
9623808
3593611
17501229
10412732
9360879
8274140
8794780
18436601
21300869
19761760
2040665
2302671
10311125
3651998
6916753
23503090
21784815
21814350
14924992
7474809
19682676
10534182
14144072
15710073
2708608
3155199
1361422
13269252
15319988
19447107
11824983
5290470
23903070
6260337
16018625
17741199
4799277
16016773
2909817
3128699
6206232
19770188
2969808
4736212
24826240
12987013
11192412
12835245
9266787
10706694
18315836
8370451
6945233
4444746
8514923
15157460
22879998
237386
13926226
6244158
5470529
3290640
14120237
1024811
14732282
17279860
9915330
11437198
8731969
17482461
7013180
8407701
7945460
2839169
1239994
10187442
19525025
11013762
9219018
6635274
22530022
12379508
13815896
14191912
20573026
20652453
25641935
22777150
25812617
13968030
14808366
1880030
7479656
27905605
13473484
4351273
6355285
11609270
11028691
6410730
11137637
10631395
16701258
13044818
8645363
9519388
6145223
4782671
7765113
15215021
25422283
11958595
6676119
4465323
8738460
14783951
2869302
15522181
7688766
13510623
15700656
4697256
11205489
848824
11366413
13690450
16061326
8304575
21183228
19171661
15844225
9700945
10402958
20604178
13031497
8320368
9609361
14698738
11108877
15547520
7562075
17475108
10833359
6532793
12510734
4543909
7203912
7686558
21170934
7380526
5184326
5124345
12111820
17849534
10816196
12038779
7105300
2276939
15547777
1376817
2597491
2564802
6523597
12463445
17107690
15199943
2964759
16196694
6312625
17485343
2730904
13615279
13304309
1553577
19910334
21196986
18081586
10442642
3214454
1869510
18916808
5459328
5644066
2530269
12614263
3357690
4340995
20666340
11858800
7690378
12353937
14477904
17762288
15910703
17089975
18288719
2397956
3335181
3485633
2893612
16088055
6998563
8033059
5056761
3273940
276147
8973910
14176032
985567
5716191
10878639
8864575
17964839
18478750
4182479
12348995
10945225
22140920
23452792
6882238
1766194
20589594
15316562
2876459
918016
26444052
11984994
17464216
14919310
13976549
11349034
14318278
2897427
10936903
2083343
2943973
6973260
2110670
3374295
5271833
10395644
1114734
26484544
1923571
10461567
26005622
3612768
14747552
3801091
6396252
3653366
5695565
7862657
14869578
15344217
13246177
2795892
10602350
21213021
10843172
8180303
11314846
13600543
15150587
4666488
8403076
23632459
2763948
15254321
18108573
15810638
18523867
15442047
6093964
10767005
6940763
10902566
21001606
1322959
8281139
20221370
967950
3559909
20518276
11092563
17685071
1394444
1405996
13723760
8548695
20642379
2873084
9450115
16272731
8743957
902677
2037902
13308725
8698093
20009005
14402664
10651475
14516837
2121954
10906301
13351048
5363972
6237269
8667979
9087386
16831224
8125724
2967295
4164829
10263593
3618715
9199371
9515348
11676528
10859733
11368834
10795764
12814872
6871401
20618851
22843808
13068701
4120190
6461314
9551506
6661069
10135055
2837101
12390052
13459739
3040959
11849886
12535232
15194471
19539723
17525716
3209048
1358858
4018538
12509463
2180992
11956871
13560653
487316
14242578
4689061
15896766
14071631
6143947
3363922
4807168
15753020
2316726
7668598
15699660
15909413
20604862
20256344
6167891
7150502
11199444
6659246
6247140
6529466
12231343
20980903
10540673
24041047
2014595
10365371
18709998
11224030
14045104
22157897
3248858
11832765
3359411
6034744
18661209
7650467
3315379
18284089
14232755
14352173
11720598
6401683
13019518
3781278
11244378
24841701
11944079
6533349
10045793
11276545
12751658
22342637
22314674
1132407
16175159
23672529
17362946
8847989
5561861
8572876
17279287
13889770
1406436
10830719
9194601
10489163
10160034
2168092
7561046
23274285
3084166
6525348
16443899
10400731
10779932
15872533
6709061
12402304
17520948
11240943
1786192
2794130
8108734
9308230
19878115
3537047
5391220
16039642
20896617
5785142
6985435
1855018
8217897
9158862
8605168
4931266
8182307
12095997
4347831
11805858
9403709
5294622
5150839
11716019
3568461
9417724
21517821
12931666
3565904
9723090
2528528
18102069
12956131
4080021
19712621
5751896
12467307
8495207
4365228
6061379
2569318
3944487
11955501
26644179
9183934
5000263
6131440
3070826
18688014
14819025
5584845
14147240
16986440
15105049
17469629
19309777
17217006
7563193
6558324
9155391
4248520
12846898
7190995
13115921
16676345
1234637
2226953
8027064
17266030
6095999
8513803
14072239
9696691
7904276
19431778
22962093
17408493
15943514
11652896
9910655
11698612
12798199
1202037
16580322
15434558
5413132
7497933
3037027
1307790
2860286
7686104
7820516
19880381
15266981
3297246
7396325
24269743
2434782
3957967
11382433
2493609
1907425
20873420
10626246
401784
3580148
11347735
8513549
2165293
14179371
5284709
12843231
8179832
10166949
3445400
5531004
17151571
16437013
6319856
9160921
15793229
4864327
20940178
18948427
8962528
8604757
17459800
8573481
19021434
9692399
4479136
13836927
3897170
23883982
18747481
3706305
8867458
17746804
8365507
11533727
17709204
23938785
8368806
7002835
24672273
26973039
8621976
1528619
1618594
12214940
10693838
3981370
4994557
8441611
17887995
2569362
703118
1289273
18103070
3442254
4667734
13230428
13713351
13910937
9603978
4341484
15158825
11451612
10475414
17955828
7673552
3331084
6485914
14477482
8138901
15248549
11180018
9762642
8746908
19499353
11138494
6554914
14051380
779940
22201267
7024150
5465502
6686329
16378640
7964104
2588486
13314244
22366996
14424932
19411679
9034711
20521154
4371693
22010698
10796292
16556547
10336563
13586873
2164789
16259075
5692503
4170867
25481361
14934331
9476355
20632258
5721119
8251594
15944690
9895833
9353158
4113772
21284105
8188821
853973
7641871
14018543
15593394
24479700
11564638
2983936
4852064
4308604
5866238
19312156
11107108
20426449
3041374
21632695
7847647
6644456
6473570
15360699
8851131
20204935
10383989
24708893
9103523
7544649
14139639
5298116
2977640
5045302
5851338
15909365
21313218
9441567
18973113
11567401
17566373
8117813
6093953
2519085
21433736
14627646
13741953
14242293
19033568
5690376
2989940
8678550
16773120
12301732
14753497
8220903
2207711
8508557
17609239
1931447
5942345
5533003
6964277
10921058
7453162
1025416
10238194
7338122
4659902
15469302
11925501
1817914
6317398
10312608
8191443
3065481
8172305
1163984
12352627
21443046
7850286
17456736
5258313
5578005
909250
849936
3463970
20457317
4181614
12967832
1345123
3733547
10613435
19944986
4176796
1668875
8038320
2829074
24212347
18747094
22620113
17909370
15450820
5644972
18305859
2440293
10617791
5505141
10289188
11280779
10457642
18299208
11209349
6506628
11650606
10389489
12875024
15711596
4750648
8628062
11497913
12192915
20195759
8640655
16787285
9598511
13967591
11779343
5107975
21224135
14717414
13923552
11854599
1650880
4034189
2157268
2737578
5778274
16436750
1663866
20358479
2854935
1743602
11721209
21164318
1831401
10945957
14665804
3634006
3344599
18261857
22183229
5256101
10746115
8164497
11603799
11651403
11621690
10058772
6708595
19786507
3427254
19804446
870824
4072441
8233261
10595627
8457729
1162612
8516264
3915805
7500760
12931907
16912467
6703513
15004550
18317332
16765259
5990639
6150941
5258641
10890638
16129728
3665989
8018317
1032559
18722810
6362161
2243290
3426361
15383589
12746928
13833224
20436930
1640473
6881602
11987868
13278949
18338803
10577044
1805843
13885603
3475514
10442290
1609564
8006871
14106565
21263100
4832742
2569372
6028716
479868
2861876
6607880
7087906
10788796
6983037
5420069
16498912
10867172
6330328
13818808
14292956
9411749
13302355
14480351
8403536
8851929
11435181
8692598
1794243
7985275
16829384
8182355
7820638
9623946
5560107
6363593
8512424
8286162
1235501
5607122
8307317
8039592
11624301
2308672
7299884
21113698
8823809
7821036
25804708
10594152
4452742
11458789
1300814
16879902
6821989
14867633
16949639
23570977
22910526
1546489
16638273
8725946
12988296
6990992
8217684
12395614
20091928
15301915
5109067
26637052
3427641
19635605
8904850
9729177
12915624
8360806
20978512
7000881
3349735
12075208
14710700
25973966
14060307
24576636
12184626
5206524
8517308
5075545
11228276
6002129
4169293
6792266
23097557
1739073
2013462
21080060
4315806
22273878
5761829
7589668
20244907
14901409
21919105
5784291
14361435
7905823
12061451
15478453
14194803
2642887
6297263
11261178
9822701
4930205
2807189
18020996
793064
12862246
7170776
13551383
8562760
26523003
23313479
13922372
13991984
20456075
10969591
1562654
11001087
3898696
4425333
7702287
19289735
4655018
22074170
23757143
613605
20841537
16408184
13913036
7715870
9831145
15303305
2880153
10359943
1506600
19789600
3101684
13497032
4043529
1667407
4618957
11749208
4162450
15828500
3056637
17351009
13536507
1093661
9200563
7638117
14245647
835932
7838809
7202867
7290640
7668584
21172447
6482604
10252176
1753110
2434551
3548831
10868424
9583856
17599152
22265222
6203487
1806782
4799105
5986204
8242272
5737062
15848572
13820253
6550549
20300850
24865423
8030202
18961782
14593414
8744760
84901
11262486
2148595
18579960
1777781
1555216
6442395
4268719
9887668
4048819
1159741
11210424
4999236
8331486
13553161
15530496
17925713
13837721
3237409
7881488
1910891
23430356
3433954
5953946
8280164
3959116
7091410
11269144
6455955
8516936
11119889
7673064
14806790
13694298
11554297
2150015
9327281
3142591
355820
9885492
8308738
6024583
4542068
12034237
14293577
10213363
10240245
11387462
22959954
12421500
3625455
8591267
8551819
8301648
9292956
5985321
2301003
5782695
4848449
5834393
7297808
2443978
1974591
26043098
4646729
17868268
10916865
8970019
6605517
3841540
18025191
2006265
3945995
7132118
7992223
6782652
11211537
8059291
1929375
14406773
24987899
7896006
2252786
14714759
21103676
16868639
7926275
7800108
13108056
18764076
23087878
2736836
3927026
2950061
7361808
2797566
12084998
3685927
12984196
14655254
13800006
15784477
12613260
3952746
3710166
3443220
4733998
11723180
19796320
6793344
4726159
22186382
20156081
4122285
21933061
1744399
14056807
10827769
14894665
12287362
13396169
8950807
5825945
20688973
8807703
5210432
22671887
5779922
5840026
16733623
15290570
20284860
13850276
1930970
9591995
7265479
2180409
9038690
12700217
23352396
11386874
14923809
20589101
19251364
7583380
25062308
6555926
2497870
15450531
4916032
1009411
15491944
13290737
13376095
6967286
17738913
6430319
1682089
14496833
11256656
20037528
4852555
9275475
10689505
2955633
8960719
8322391
4625208
6267817
6931015
108991
16143459
18572001
9152566
7965202
9703629
8766395
23989744
7229829
7287270
16338109
19605760
15396124
18415793
23758372
22994033
11367703
5150572
22058252
2764964
7619842
6918245
11874134
21754911
20103215
16648557
12354435
9076494
5799335
20088434
8570504
12919401
13055799
18965824
5645532
22904790
15286860
6860231
4965643
7277393
14946620
23495285
3560584
6816269
6326535
24194262
16807983
3795670
3307232
24747947
7420400
11623150
12310651
7271938
3757051
16170733
1395607
5693383
3390624
4222723
22642179
9783987
14579848
9477052
15441121
1938236
16029670
23245996
8411287
7845225
4648929
4902258
8103120
13259201
13582959
23759556
4953746
22632924
24614763
1088152
878573
3221026
15446977
16346069
5072617
3177086
14787465
11163795
10084936
17162389
4777778
10834472
4214472
3976494
19141039
3895521
7733976
3694940
1668870
23738902
8169071
9117116
7403515
15109415
22330863
11814384
1227464
2893125
12436364
4359426
14298228
20687091
1077886
15291126
3369746
12524477
7852367
15640271
8758201
10415935
13665500
1547778
11932694
7173601
3087538
17150754
8038012
14920979
4951758
2941345
19219865
7865702
6518944
1690627
7513255
13301673
16602652
2698321
14168688
1706579
4805829
2853609
3524395
20290673
13552881
3116773
8657202
22696505
20966721
7583337
10655665
6623511
4105388
8927182
7381431
12693508
18671215
6311243
7381879
8572564
22006713
13389979
22203942
15391049
9240175
8283140
5451837
19749742
12776815
17411183
10520022
20943094
8043795
14207151
3761314
20106298
3236525
13440617
2160460
5345456
11479246
1268987
14208654
848839
2453545
1412097
10791833
11257096
9231623
13115086
2523950
1379334
15520835
9968621
13812236
3732104
3480500
12520140
7612969
16877422
3872019
9104256
7888987
4240926
2170938
24541007
19710242
3359400
11125788
16269066
2811223
8694433
6942723
7954188
3534926
927702
13583392
5166219
4648399
4188411
18145110
8541922
7481968
14015656
13847838
5814277
9200696
13970777
8505990
10672595
14463305
10351069
660468
15880036
17528218
9784155
8261047
21074680
9015795
18928813
20998655
3457980
7354633
23680123
7235009
5742676
2599823
9011111
7063849
14543032
6386718
10867805
10739818
10855674
15552076
7755616
2613273
8073850
664058
24918182
15049684
13366158
7532397
11764707
11887211
10981394
1032994
25710252
4849354
1821424
15765753
7395536
7159203
16647488
18668239
9662493
18604749
21432384
10456000
9003853
23076524
