2000 2000 2000000 2000000
1 1177887 626339
1 761178 1913525
1 335243 1442065
1 762325 915639
1 1945732 397445
1 1444301 1450106
1 1777239 1212335
1 531163 1364298
1 1335165 642947
1 400255 1101113
1 1880901 311343
1 220545 1797760
1 1598907 965316
1 1471100 781807
1 1701277 1859826
1 1316563 17625
1 746888 1159719
1 601906 411238
1 494404 494825
1 701979 1860982
1 1056933 166315
1 1480104 1465090
1 1322267 999616
1 1082371 1315851
1 1883743 1297084
1 534856 1199794
1 1593444 1892411
1 1908588 508893
1 956899 1404799
1 683257 1018325
1 722280 141067
1 346673 1657185
1 474819 24132
1 1175612 1867422
1 1717224 1185872
1 993173 1501320
1 939367 1762356
1 1601249 737406
1 1650284 1528297
1 1858935 1228096
1 1690319 894324
1 1428752 829085
1 1791248 664409
1 687600 1317630
1 1672504 1036194
1 1913729 1874591
1 1215795 1439376
1 345588 1350217
1 1277085 1301400
1 924135 1058852
1 249021 525392
1 829749 850523
1 1800148 583772
1 1637819 1337235
1 1744853 696408
1 858404 686383
1 889078 528178
1 443120 1336960
1 595739 445700
1 1650996 796239
1 609889 1189162
1 252664 869281
1 1331983 825681
1 1360766 1679285
1 954869 356588
1 1276872 1464114
1 731864 1491538
1 824399 376617
1 590084 603346
1 95504 89958
1 1383387 1078549
1 251000 395742
1 431241 1330851
1 739952 482673
1 1180256 148551
1 558548 494992
1 178483 1136066
1 1382124 85630
1 253340 135018
1 877986 686836
1 451553 1176175
1 366380 1530190
1 1555378 1778984
1 1982603 337516
1 1277355 715727
1 831141 1047009
1 479159 583847
1 1017855 699673
1 1635259 1560114
1 475210 1374090
1 77441 382800
1 1700923 1572082
1 275882 485631
1 455097 1521010
1 610670 709372
1 1143604 290036
1 245589 1855924
1 109130 1966834
1 442546 956460
1 298062 29267
1 838120 1695847
1 1427436 1043831
1 1093895 1430171
1 1551875 397553
1 95351 105280
1 89601 619477
1 1942006 403385
1 1887669 659547
1 929104 401186
1 3899 390937
1 192034 356904
1 623532 709626
1 1830388 1273604
1 826576 1659152
1 772370 1414329
1 1472894 571656
1 46037 846898
1 776904 1025827
1 699392 1346917
1 161775 768371
1 1029493 1682657
1 444600 1793691
1 1273045 1239766
1 1009432 837588
1 745666 939669
1 142513 664294
1 104007 1973299
1 1426908 1499861
1 1597716 1098151
1 542430 1468710
1 1254371 609522
1 964604 363360
1 1329446 36606
1 172882 1902669
1 195659 1607441
1 45224 1378356
1 208404 398060
1 289162 552349
1 1234066 193853
1 1394709 1516254
1 1818214 959794
1 1215434 787677
1 317645 757077
1 1216967 1679991
1 1491560 1874657
1 692064 494408
1 761074 1715763
1 1744026 1555051
1 955453 1733836
1 1564168 26448
1 1428435 1213819
1 416302 947030
1 1155083 1858386
1 1223699 792916
1 915344 983221
1 1409135 730244
1 148741 535584
1 729904 1182310
1 1515591 1298948
1 77001 1986690
1 923461 1679659
1 262155 597431
1 388256 1798033
1 954988 951827
1 597337 675939
1 1481663 1497954
1 754951 1017895
1 1614861 1170599
1 170024 1677519
1 528623 1248794
1 603495 1422787
1 1807197 1574024
1 870967 443943
1 1577946 930612
1 609776 86279
1 994912 1987225
1 982493 795783
1 1559770 1734967
1 618691 1384167
1 1221577 52261
1 1466734 976295
1 276778 1207528
1 672149 352027
1 1189398 343294
1 559482 82968
1 1238064 491177
1 439978 949858
1 55616 1556518
1 1788978 1774938
1 1186079 613208
1 1331925 479799
1 252954 1769570
1 1826475 1105591
1 271591 1000089
1 277794 846097
1 1881008 960219
1 379462 768470
1 1882955 1486542
1 1211349 402612
1 439843 1044485
1 1191182 1885952
1 400073 1621384
1 1635651 1868650
1 1253592 702881
1 1645681 931213
1 100391 1230703
1 139526 316078
1 1279075 168659
1 1783787 818367
1 264398 671708
1 1667102 1090394
1 502510 969337
1 683121 1925599
1 1011783 1697664
1 1144507 6017
1 1713102 1525255
1 1829366 790882
1 1614912 1429732
1 86213 1428653
1 509143 1828910
1 1130968 879372
1 1007064 1998415
1 1122851 49420
1 986689 547250
1 417120 1794017
1 417839 1948157
1 1734739 1222188
1 1449411 407577
1 477368 1258214
1 1053682 444451
1 463143 777110
1 1024055 1348201
1 139610 1624209
1 1161542 1058071
1 979795 1537741
1 1059428 1597955
1 869828 1085715
1 1355746 1897524
1 36012 1731782
1 388004 1245700
1 1539511 1996029
1 1540753 1158234
1 1749890 1133522
1 669932 979312
1 1030035 1416111
1 1913031 1561633
1 1681602 842556
1 88456 1708153
1 557012 196749
1 805993 738886
1 277275 69099
1 690113 214603
1 764473 439629
1 397652 584195
1 1093437 362109
1 1161844 1540798
1 1367193 781642
1 849371 1290048
1 646086 243738
1 1225085 868822
1 179135 891966
1 178174 1962458
1 415267 449176
1 1690143 708337
1 477241 1071285
1 182915 808547
1 828664 828830
1 682158 1835942
1 957897 140133
1 261159 1266993
1 729858 695338
1 44475 567727
1 267960 331311
1 1463192 1294084
1 1631323 1897447
1 106929 71932
1 537848 135475
1 1863063 1751004
1 1389154 1557096
1 871761 658045
1 652456 1799746
1 709633 638718
1 1587630 1238420
1 398551 511207
1 392071 471922
1 162789 1460742
1 483185 709225
1 522480 1311000
1 130889 797030
1 1477507 459346
1 1938583 849403
1 78019 816172
1 856527 1808595
1 1585165 273496
1 1377408 1573113
1 1003481 58771
1 574063 637202
1 115758 807411
1 1797246 1152175
1 1531374 51907
1 974992 196788
1 1225090 319649
1 175922 1348102
1 1322439 169014
1 1447305 501781
1 1414780 89777
1 1674438 937571
1 469994 611173
1 1360627 369033
1 402851 475113
1 1009414 1660770
1 615329 687294
1 119402 534425
1 103062 1360297
1 1946997 1205844
1 698402 1791396
1 1898025 308727
1 1211020 431228
1 503889 1641447
1 920723 842474
1 1922407 1727048
1 914150 1523554
1 278807 1047649
1 1347664 157581
1 1181555 1842467
1 1823891 171475
1 636825 1655389
1 792926 1932863
1 792929 1695800
1 1351929 1773290
1 121554 424430
1 1045549 1923909
1 1295283 1521284
1 981969 1965976
1 866209 1695719
1 1742205 1001380
1 1855847 233465
1 449972 12945
1 816520 930535
1 103157 1605490
1 286454 1499348
1 1688883 627736
1 959082 1704774
1 1250240 1144673
1 541209 1889753
1 1433742 380493
1 1528070 1583576
1 502585 1696601
1 666484 348957
1 469293 1908340
1 1135023 1904208
1 1182372 1185354
1 353499 1665280
1 608322 123546
1 684266 1620648
1 1191757 1913404
1 1521291 1021652
1 809733 992658
1 1457996 1163466
1 1368454 1969277
1 512468 707621
1 371740 1289909
1 508579 1923925
1 1976388 820406
1 704758 237145
1 994413 1000231
1 800149 1137854
1 573994 1058041
1 714643 1231003
1 839277 1065936
1 1604011 1217502
1 1159497 576962
1 1751225 1109689
1 1296915 1618182
1 98338 547744
1 1116659 1514747
1 1742882 1980878
1 1866082 1943451
1 458632 664102
1 1903239 344286
2 1842714 1959517
1 1381088 1315880
1 778895 504429
1 668814 431849
1 1633571 1389786
1 444376 637745
1 1927029 193248
1 1451855 1265136
1 145962 772080
1 1587728 789148
1 934219 884201
1 1265448 222897
1 65285 864278
1 1859213 1593158
1 1116363 1892913
1 1527657 1214963
1 1806775 448289
1 1711583 1406191
1 363170 917103
1 318296 45730
1 502105 1519922
1 724690 1381361
1 1265238 591713
1 255441 1452643
1 1754430 304852
1 1534753 701900
1 1351615 1017719
1 1389573 1148015
1 1425747 177376
1 1039781 1511641
1 1506571 223420
1 990453 78272
1 1560994 1541612
1 1775234 1488657
1 379245 1194829
1 964856 88835
1 733296 1537329
1 881326 1354841
1 566958 1576893
1 591019 1726010
1 1721795 1444917
1 1063951 836554
1 1852308 564481
2 1598383 1132589
1 887295 461052
1 555438 1732639
1 1679800 640563
1 545580 1242731
1 1810622 823209
1 536223 953611
1 523794 352227
1 1320531 641953
1 1658488 4825
1 1717365 545210
1 1221955 1427946
1 1649793 1288747
1 1415084 454450
1 1763733 805536
1 1418292 470571
1 1761483 1092562
1 1860684 1325035
1 1904123 136593
1 649695 1814810
1 563012 1501081
1 811982 1819969
1 694188 409157
1 659647 1399700
1 1472621 1787528
1 1598124 950342
1 395399 976557
1 329919 959199
1 1844843 56318
1 330838 1281607
1 394823 1575080
1 914102 507597
1 827234 1375187
1 403153 566167
1 791979 1496131
1 1442642 1258404
1 1307305 1795670
1 1196200 1501948
1 1535734 37388
1 817743 1335956
1 1472714 481420
1 1321303 875938
1 601549 1677027
1 283602 1570114
1 1547842 1653031
1 1087563 1032501
1 164178 64072
1 1385992 1794834
1 1908520 1452516
1 724221 667009
1 492076 846085
1 154939 1928926
1 1942030 804935
1 1340079 1327445
1 1611870 312208
1 582883 1696986
1 293864 51472
1 1203768 1465758
1 822137 918768
1 1837195 293719
1 1778042 224854
1 1866444 118730
1 1912866 1937538
1 1221743 1181157
1 1892575 1113831
1 1509512 1672139
1 1311276 1897978
1 1324247 1340754
1 1805163 1093826
1 1043873 1240621
1 903406 42162
1 1872379 259571
1 140981 1943960
1 195757 475821
1 1876818 1783211
1 1835465 1574919
1 1574748 976715
1 815365 615126
1 286875 606208
1 367659 626372
1 349298 617868
1 1893170 304907
1 583787 1882956
1 1922216 1778433
1 1025233 904289
1 822998 122629
1 277172 665171
1 1046134 621397
1 1006977 1938929
1 1964091 401915
1 1004386 787922
1 1357506 1501955
1 242121 463190
1 1299552 1350265
1 566186 675559
1 837182 1280140
1 1929632 594788
1 1159762 513817
1 655488 1115037
1 214402 350725
1 1742299 1963985
1 1749018 266273
1 358621 1451089
1 673526 13086
1 1103682 1434990
1 198901 308356
1 367558 195738
1 604538 849859
1 1904910 1873526
1 1229098 1432500
1 1429411 900838
1 1645035 279008
1 1803117 1860994
1 1451670 1493765
1 1848718 1793166
1 39579 339995
1 129492 990797
1 577309 1492692
1 849681 885401
1 1380565 1376218
1 731568 337780
1 1606 388408
1 1657727 1998948
1 1652043 334372
1 139456 1943005
1 1401459 1039895
1 623289 1064801
1 176778 1495701
1 1230991 906323
1 1445102 1063434
1 1450903 560134
1 1650151 639441
1 763520 1063914
1 1982530 337253
1 158195 129218
1 56302 780084
1 645663 897829
1 159527 461627
1 1684032 1015640
1 806247 1782661
1 152095 1462828
1 1138180 833932
1 400822 1369171
1 1638335 909251
1 813352 1572860
1 1395999 1853851
1 1658932 411870
1 217743 754306
1 653185 1781285
1 512224 210000
1 232918 211688
1 695747 236287
1 1368966 672001
1 27832 307834
1 1031055 1947433
1 787571 237039
1 973242 1838146
1 139054 843565
1 1479554 894380
1 263378 227798
1 1432456 1397843
1 1287681 708643
1 1198892 305566
1 1487653 762449
1 320221 1876897
1 373591 1226290
1 144873 531975
1 184123 147589
1 1429120 1350261
1 809325 542069
1 1761345 1649830
1 864067 198494
1 1022616 1281316
1 541981 1878767
1 51834 490468
1 1128905 1844334
1 1657822 642378
1 1985661 892589
1 447788 416645
1 1629486 1219186
1 1302516 90075
1 410994 1885419
1 1202891 1821733
1 8961 1929235
1 1613286 636553
1 1289900 798877
1 1021208 816735
1 1076088 1811629
1 762208 143593
1 1463899 1197797
1 1068802 368089
1 325521 328304
1 412179 1618968
1 1201743 1985543
1 320838 636091
1 1923782 900262
1 273608 553466
1 720872 1228870
1 1981528 1561303
1 981440 934394
1 1984913 102225
1 1227609 1940378
1 196842 396544
1 1621509 289933
1 1240655 1745898
1 836098 67899
1 1314043 669048
1 333016 1681585
1 381547 712731
1 905928 1456650
1 856635 900308
1 1885625 1322816
1 1183914 311245
1 1889175 1338789
1 1087482 590225
1 169669 519619
1 1930379 942501
1 999921 1867805
1 1539108 1041333
1 1808161 1468206
1 1577689 1975247
1 166452 1553403
1 992791 972280
1 1867579 1141037
1 341532 278900
1 1482382 772431
1 1795082 56419
1 1904196 1695002
1 1856543 762140
1 1758550 1736581
1 645395 985786
1 1458297 1458436
1 1293866 997631
1 440167 202886
1 663661 1921816
1 1902292 1434688
1 294795 674608
1 1059713 855641
1 1323957 1423746
1 1548649 990310
1 1296489 584845
1 1353741 326681
1 1709657 1428237
1 235233 1759521
1 854442 623277
1 1133023 1389040
1 1561399 1664188
1 811486 337904
1 719917 1481085
1 1793761 157507
1 1973101 257929
1 445679 884484
1 724063 1789960
1 725989 942222
1 1231893 1692372
1 1530835 1674266
1 1114491 1834516
1 388154 1389104
1 1714547 212534
1 1055933 1733522
1 162741 1461494
1 265547 1204229
1 59728 814565
1 70131 604683
1 500269 1291983
1 1961583 451560
1 1119615 1824979
1 890374 575729
1 1498975 1894843
1 458156 58427
1 747341 1765359
1 1324988 1490805
1 1036516 865591
1 1524077 1256041
1 1299772 218525
1 817022 311360
1 235953 127318
1 797311 1411011
1 304715 49469
1 1080602 1940545
1 905973 1770071
1 242155 1095874
1 1068761 1240000
1 722838 55099
1 1104534 1744112
1 1631205 423219
1 588782 59108
1 1677265 1107870
1 1228925 1650815
1 994493 489090
1 1994466 667077
1 16867 1857642
1 1363059 1254056
1 1952047 1034271
1 1563067 352866
1 596571 647080
1 1950020 1823612
1 948862 614813
1 1208649 597278
1 190020 1663374
1 1665262 995867
1 887244 1916305
1 447181 1185832
1 1380189 1821840
1 1876588 1865291
1 1904048 1056419
1 391898 774888
1 1531074 539448
1 1003033 928641
1 697062 323960
1 1401109 728133
1 279971 876075
1 637854 735406
1 422046 628790
1 1793795 571059
1 1297947 1448842
1 573983 974348
1 860797 464458
1 818858 956646
1 136766 1117555
1 623118 1203453
1 1886675 463003
1 661880 1326571
1 1037998 1203435
1 367369 888066
1 1837251 919215
1 414090 1812795
1 562204 907294
1 216801 407057
1 265899 646841
1 494049 726361
1 177758 1210772
1 1820285 1865029
1 1270776 1935372
1 1149737 1134037
1 816288 1380082
1 1562140 1918062
1 1962982 996826
1 896283 95024
1 1420279 899381
1 1877323 1953697
1 136058 958096
1 1995583 1727443
1 647372 1284417
1 314342 130040
1 1882732 490208
1 416689 730453
1 1944333 1098112
1 1504117 505751
1 134545 912696
1 1778820 1138266
1 1336336 1058004
1 1375278 1193247
1 1163714 922598
1 812076 391932
1 1161450 1368245
1 652641 1818332
1 1150683 1234287
1 1677749 1985723
1 1162047 1575336
1 810721 707123
1 632169 1025155
1 1036047 790239
1 1897713 808851
1 1949476 418053
1 603242 14372
1 1153206 1021133
1 746303 1407979
1 998793 1056367
1 293918 1627909
1 1067490 1984986
1 322537 607947
1 518727 734592
1 762962 1485115
1 66949 479923
1 1756386 1064312
1 568125 260206
1 985529 1234537
1 877438 1668482
1 1091438 96042
1 149053 1999796
1 109793 1166066
1 107802 1907990
1 987112 124217
1 1264551 622401
1 1891013 42699
1 463075 243377
1 1353238 91300
1 768677 522253
1 446170 114123
1 825559 956910
1 990959 1470049
1 874531 946015
1 366306 904465
1 865648 567557
1 292939 59194
1 236176 1077131
1 16565 473048
1 1161666 626218
1 359327 61941
1 1801128 972736
1 703401 293316
1 464808 1465280
1 70812 133331
1 699061 1607291
1 1614623 1541116
1 1173598 1960596
1 1055026 1933727
1 603560 1594206
1 529321 1273720
1 1074786 1936639
1 1406452 1910356
1 280261 1978519
1 1622347 28492
1 1547824 1425930
1 1390410 1782269
1 721854 943668
1 95006 923352
1 21294 358328
1 1977568 1481515
1 864227 1281403
1 290746 1309947
1 1823485 318613
1 1862386 1119279
1 1387396 653958
1 1767090 1738760
1 134772 1623872
1 1092733 1824802
1 1256306 1388332
1 186861 541197
1 1141512 1526576
1 222745 1573211
1 626324 529896
1 316362 407120
1 1605650 141916
1 1527865 754029
1 1408454 1990241
1 1131661 100689
1 702641 196291
1 1736274 121410
1 849957 87970
1 628420 509463
1 1343378 1618284
1 1421371 1108676
1 1524946 359669
1 950508 402020
1 1533164 1434080
1 1540581 1156968
1 186948 1568272
1 758519 1740418
1 954622 1195553
1 616416 600650
1 1954787 68907
1 1086242 821669
1 871553 221819
1 919020 38200
1 911068 1047578
1 802391 757845
1 1586745 1328900
1 487371 1956852
1 203566 864789
1 130604 1049609
1 1829868 908631
1 1073635 1834904
1 1235354 814603
1 1667543 607857
1 488979 296570
1 217871 293383
1 1198981 1449928
1 278654 1192333
1 503983 997752
1 120520 1631346
1 395550 79424
1 1147060 521319
1 1094481 1288785
1 1908371 911923
1 1501752 903001
1 460621 799041
1 486164 513579
1 540258 935028
1 678494 1976067
1 1497925 855586
1 209116 357560
1 767190 1383714
1 413508 347475
1 255207 757098
1 343797 1993822
1 1482851 1083796
1 1389810 352233
2 969205 1837833
1 435900 764961
1 1772303 419805
1 1009899 340862
1 1986407 1426704
1 140012 372244
1 93260 818964
1 637537 644256
1 998818 1834600
1 750227 169541
1 1038272 1152464
1 1230714 1362899
1 487768 1949629
1 1740725 1088885
1 446867 1417063
1 650065 748958
1 1402203 465885
1 1206430 1840557
1 679572 1202977
1 1137875 1590484
1 1837447 1733774
1 1500570 1440260
1 1546775 1108865
1 1500784 904353
1 1513955 1458521
1 1299023 1183588
1 1754267 511195
1 971329 1260004
1 1973154 1798593
1 1230985 268200
1 567898 1490132
1 1092508 994341
1 480783 1478598
1 528441 1975569
1 392907 1868442
1 1180357 1931202
1 284164 651522
1 1668871 564427
1 1897998 324565
1 1394142 1606930
1 1765751 176525
1 726700 166921
1 164326 544177
1 424027 685207
1 1566325 1685442
1 503668 1085365
1 466821 604813
1 558060 11343
1 955753 1746437
1 593137 936305
1 958554 1704670
2 851731 739896
1 850901 1888041
1 894174 1308793
1 934692 359728
1 1155520 540889
1 892826 359467
1 175771 1191205
1 1429624 1934258
1 1121934 1004166
1 215383 811809
1 955781 1744107
1 684625 624718
1 9698 1963062
1 559469 1249655
1 1603295 1856700
1 1625228 684295
1 115490 1975208
2 1882206 749568
1 1114690 1840153
1 1057802 1170931
2 853105 1100203
1 994923 1084927
1 1059133 1368712
1 802579 276125
1 1262216 930625
1 908152 1745825
1 1853765 1678655
1 179675 173960
1 568203 1120915
1 227707 215086
1 1656905 1336685
1 1048191 1295689
2 1171521 1069311
1 1362384 1856610
1 1253433 1639401
1 724616 696208
1 1056555 1488700
1 1863495 1512470
1 407327 1089482
1 492382 1458461
1 1027548 1557144
1 518459 114786
1 1542119 155271
1 735198 891405
1 976247 684024
1 1722760 414742
1 1226048 422996
1 895158 409480
2 507680 1015410
1 1406367 1794076
1 115721 1405024
1 1265220 1736200
1 831311 593607
1 121096 613883
1 1063169 1411701
1 1099084 1397513
1 1944639 413555
1 820050 101000
1 1858716 717959
1 506706 1993733
1 305628 1997793
1 705505 629198
1 178291 1066060
1 1733121 1262215
1 1808416 562651
1 1218245 213785
1 566614 1694991
1 180349 1877151
1 829565 505512
1 460361 1860584
1 1112144 769892
1 1148676 1126625
1 1828101 1284025
1 809843 1830598
1 627228 309031
1 600226 297785
1 607349 691090
1 1924703 1814013
1 900720 1286390
1 1757209 441379
1 1478892 23167
1 1363898 582632
1 1203469 219923
1 1469988 1562370
1 436963 697272
1 599635 1645486
1 1472030 631389
1 1149235 146086
1 415499 1448126
1 375992 1579146
1 797294 1995710
1 767428 991961
1 920041 636302
1 1239544 1795322
1 381588 1345699
1 1180240 514047
1 1159136 625269
1 1224039 194224
1 669493 1067298
1 1134349 1589529
2 341656 1605004
1 880317 1675369
1 322296 1536900
1 1211797 74533
1 1788757 1047438
1 1818149 530273
1 101639 1596613
1 1868777 5642
1 109150 1390068
1 136215 492507
1 1845002 1202905
1 1879253 1465488
1 1649645 663369
1 1043501 192572
1 743317 1668967
1 1899955 253794
1 521450 268637
1 1882846 247656
1 341387 827917
1 1474654 1531384
1 899508 1398371
1 1900319 1401020
1 1794223 1095692
1 26937 1533967
1 1850089 1993302
1 441577 1023367
1 233968 766025
1 490109 957941
1 298028 935723
1 1053514 1178968
1 197921 1446655
1 118562 166489
1 652825 118765
1 1984236 1444824
1 358111 1336946
1 786361 392520
1 722767 1078500
1 825963 318969
1 123065 1941851
1 904308 1190345
1 1787429 1401596
1 1954020 1581031
1 136054 390356
1 1659758 1211265
1 1371965 1218724
1 706214 1565650
1 1770631 680777
1 1861034 1576764
1 1962150 406423
1 1460018 1710754
1 1816776 205873
1 1274450 1361043
1 566380 516092
1 1885309 200787
1 1654549 632696
1 669417 1428239
1 1579899 1826862
1 1486527 1727364
1 28198 1145872
1 1613810 846597
1 295875 334206
1 1237880 196897
1 706598 273691
1 1401632 866016
1 792293 733769
1 795425 1605494
1 1703835 275269
1 925520 591791
1 169912 616636
1 1657991 684773
1 1663483 902059
1 1527111 754605
1 1659197 235980
1 545547 1887672
1 1838704 1234049
1 364685 1096060
1 360404 1467197
1 1577511 601586
1 618087 190981
2 514215 1407545
1 1831073 1447742
1 1313675 67013
1 509271 132887
1 982666 1755993
1 600100 626602
1 1176494 1331526
1 1448746 1610996
1 954708 912575
1 810633 1310186
1 955519 534276
1 1192200 1648775
1 1815736 593377
1 1491321 536696
2 1758426 1298141
1 1365142 541860
1 705707 470829
1 844109 1443045
1 1223523 186706
1 924651 153088
1 338163 1487960
1 1240626 829653
1 614561 1400730
1 816020 1922782
1 1446775 1810320
1 254952 762020
1 985375 1179062
1 997767 890722
1 957912 832102
1 1803322 1044900
1 8126 865648
1 1226074 571423
1 182322 1321560
1 678782 1426973
1 649016 1352011
1 1773476 1386973
1 1476834 1507072
1 383828 281833
1 16952 793878
1 1797419 1168059
1 580877 1731308
1 746745 531431
1 399216 1952677
1 493783 831596
1 187847 389142
1 793396 725555
1 1306235 663796
1 1217649 1472777
1 765525 361351
1 998566 803947
1 2886 751884
1 1840264 1963378
1 1241633 161449
1 840674 1442065
1 498666 1913081
1 1549047 1428501
1 918956 1548808
1 646436 1430387
1 1981950 1109002
1 1439261 1093827
1 1485625 1605393
1 200943 1426438
1 1511641 311170
1 1073868 975813
1 1814257 1083836
1 1408540 20906
1 1490735 639827
1 1002555 1631560
1 1088988 704461
1 1902445 1746203
1 358592 1189841
1 276412 1840686
1 994967 1401266
1 461296 611479
1 20935 368927
1 1158323 1922718
1 1203721 17757
1 1626655 1279439
1 1279857 624653
1 1631172 121290
1 1045192 1982728
1 446795 1959453
1 41776 159584
1 364704 247585
1 70984 657847
1 338584 486677
1 991512 244740
1 643140 537463
1 752323 1183287
1 630976 1413288
1 1020346 1434718
1 512161 760194
1 597750 837867
1 92958 1328849
1 702727 1571833
1 963665 1373513
1 1742031 278444
1 1473480 141297
1 472187 1939676
1 152398 1425289
1 406200 1043711
1 1345772 1205744
1 1957599 710482
1 130481 1470763
1 375958 1452786
1 283010 672098
1 178532 1821915
1 1311116 1440876
1 1691593 902122
1 1275241 625786
1 67646 388159
1 1007960 38633
1 25964 493899
1 1613958 740362
1 783667 76389
1 1937658 825008
1 325471 1914189
1 1942774 429409
1 872501 45294
1 96082 1583374
1 786304 1496551
1 576794 1636933
1 263162 996160
1 1123003 912580
1 672537 1533800
1 1852375 752801
1 638742 8740
1 614750 479593
1 896573 237813
1 1287965 1439002
1 1483403 1379034
1 711514 726685
1 971066 1046381
1 262216 1403672
1 1281969 826753
1 798179 755405
1 189274 1794611
1 1755226 817559
1 903992 1367190
1 438537 452222
1 1041763 1625187
1 27690 706567
1 851505 1055675
1 188547 1080559
1 1226620 959668
1 1128186 1794531
1 1685270 417574
1 1447698 678500
1 153386 524403
1 1260045 585419
1 389101 234359
1 778253 65334
1 757701 339202
1 911059 93960
1 1952658 336794
1 1030588 178140
1 665742 424931
1 617885 383104
1 1027646 753577
1 1128837 1040483
1 49559 805133
1 314852 123215
1 844052 1345854
1 1225473 1734897
1 7941 441609
1 1016944 340263
1 710950 494637
1 987300 939458
1 1965882 507139
1 1331642 1253205
1 1412346 1701692
1 365 1830972
1 1832447 1113545
1 959214 1805694
1 1731565 290447
1 857731 274274
1 1843932 331722
1 1191294 22283
1 301980 133197
1 941442 1197610
1 1216038 1987
1 1342208 1758846
1 1227694 553133
1 1974689 817513
1 880203 1936200
1 477450 1812856
1 511575 995650
1 606432 938905
1 1895219 550595
1 253138 298466
1 1010383 1055172
1 1152711 1856295
1 1159119 70159
1 1313359 648710
1 1582444 789009
1 832165 1293032
1 602913 199588
1 962531 245141
1 886187 1184794
1 747121 1658145
1 172774 1946767
1 325707 1273605
1 907624 166819
1 544519 1854302
1 556483 1968061
1 1458675 452239
1 1203973 192783
1 1517697 182328
1 1450825 620961
1 843116 1375467
1 1719807 402856
1 817038 1576835
1 1619760 150179
1 601224 1249482
1 1815691 779379
1 1643504 435811
1 1159942 1708260
1 351816 1583903
1 1164477 535075
1 7703 1696117
1 1249277 1452167
1 533036 1263258
1 441049 903986
1 1007461 356669
1 1890944 1694710
1 1081065 1025795
1 836664 1372023
1 1268125 747026
1 1225988 401508
1 1324897 908004
1 868896 407833
1 1017192 530
1 410734 701116
1 1215569 124047
1 1121648 31437
1 1870340 1509177
1 1895006 1674186
1 316463 770022
1 415019 217960
1 1186571 961163
1 1128453 1823585
1 662544 891241
1 973252 971359
1 191684 1122784
1 869598 27411
1 1589732 1474464
1 439656 1852298
1 1624494 1351674
1 1784901 1172278
1 635648 543239
1 832347 1316887
1 1036024 1840140
1 1487542 1895610
1 846603 427176
1 757863 736573
1 13215 1731832
1 499965 1833302
1 507324 777829
1 475097 106488
1 488561 1931988
1 507822 1782785
1 189847 1764409
1 466868 23352
1 1966876 228303
1 624366 1628266
1 601881 555008
1 1352174 1743207
1 124723 1860338
1 1484731 1966514
1 1872178 1761169
1 1174562 1972923
1 577376 1942441
1 1540918 221169
1 1504133 18371
1 864244 504278
1 1469245 1322994
1 322057 1591986
1 178876 876583
1 448703 1034995
1 331534 334030
1 744050 90270
1 1419342 1558093
1 115886 1595400
1 1589074 266361
1 1065253 38732
1 1148297 375976
1 1927429 42815
1 686061 606867
1 744868 255632
1 1100681 1168208
1 1843340 31685
1 1382848 871650
1 1443066 422319
1 801199 1469506
1 658748 696352
1 1862443 1336007
1 502868 399260
1 1835475 831837
1 61689 1465225
1 1387960 1132171
1 1347983 1820648
1 865534 1085329
1 1567472 491825
1 1304225 1017520
1 451125 770895
1 866229 292190
1 1441816 704988
1 1207613 1450013
1 153331 21119
1 1420310 1022263
1 1977993 1639110
1 1574096 731386
1 313944 1964041
1 1389424 1331239
1 1338030 547756
1 250388 1594031
1 1933799 467810
1 1526703 1059947
1 1734319 1286556
1 1046742 790240
2 1500827 637209
1 78742 604171
1 1848328 295912
1 676061 541436
1 267552 65588
1 518729 1467366
1 1317678 18390
1 1459651 699028
1 825972 81596
1 697663 182174
1 1522807 2232
1 1825498 1409530
1 36324 57820
1 68636 1821579
1 1882822 1712719
1 203652 1515963
1 52520 783829
1 51165 127203
1 171277 1605927
1 1383325 1001772
1 334542 103943
1 1743975 1781262
1 874287 1136475
1 1354244 1517132
1 981931 14248
1 1929326 1831559
1 939568 143023
1 678985 1704544
1 315297 638756
1 565863 243700
1 1009019 908275
1 1972646 914874
1 1837169 1860520
1 1771499 968890
1 410425 616939
1 659427 1364283
1 1513174 274084
1 1746952 1820590
1 337891 98111
1 513294 845902
1 1101278 1900659
1 1800994 126566
1 13544 704921
1 1970056 328490
1 595463 123134
1 1042486 1920075
1 1378643 1818767
1 1144936 1529720
1 600135 704780
1 768242 1538231
1 1558571 1300882
1 1677772 765289
1 1800860 653908
1 713158 1292806
1 300201 871486
1 1265204 30569
1 406072 551731
1 452757 402550
1 1115064 855358
1 1637132 192734
1 1330683 282768
1 1196711 952418
1 372474 316758
1 1424691 1938817
1 24261 105439
1 812023 1328601
1 1531525 1595152
1 953851 726498
1 1353574 9804
1 918363 1524402
1 202650 1419955
1 1772489 353468
1 1763923 38396
1 308182 1075139
1 68139 125414
1 1666151 1999515
1 1747573 1506224
1 1153634 484061
1 89261 121105
1 1132735 1885123
1 1456873 1899071
1 214790 91354
1 760453 1450381
1 1904611 1349474
1 1640254 1748587
1 666668 700040
1 51895 90170
1 1416269 1746064
1 1471209 280569
1 870718 350216
1 359023 1770065
1 1797952 1364620
1 1981675 519046
1 903401 108143
1 816276 1521162
1 754119 464740
1 1978199 478511
1 76936 1772325
1 1514455 1816034
1 1876399 537993
1 1967912 507144
1 706515 1914417
1 243027 1595409
1 1017718 343060
1 124311 772090
1 865960 795728
1 1791714 1693436
1 1077501 759205
1 1246701 1334845
1 1645027 1730514
1 160896 413277
1 399321 389002
1 680046 1945519
1 481296 1681137
1 1954176 389877
1 1349719 462741
1 357697 932392
1 118475 296502
1 1864704 609869
1 1056316 477860
1 1762871 648921
1 1809222 897534
1 204011 396512
1 1091374 1967562
1 1675845 1003272
1 1881023 1015399
1 1435121 1456298
1 1856876 919139
1 1724497 582791
1 1342584 238485
1 135927 1211568
1 1339858 296502
1 505224 1973014
1 1808374 419217
1 1459244 1896968
1 865259 281428
1 1932229 1304758
1 1001546 889776
1 946912 693259
1 196900 136154
1 1702852 1991515
1 1391328 1768987
1 464801 1548962
1 1032365 1783537
1 51178 1163168
1 1719170 1341515
1 538714 395371
1 1089507 768070
1 269553 5124
1 560368 250878
1 1120842 1613827
1 1026766 1714456
1 1029563 1101658
1 1159003 1209176
1 228747 19236
1 1560141 1329949
1 75111 870454
1 298168 1215831
1 1905344 670746
1 1621840 1975525
1 167490 210001
1 1406135 953701
1 934722 1144231
1 1714266 946392
1 658157 615241
1 1642020 206520
1 765362 1952770
1 1349314 305852
1 978294 602557
1 324235 1891546
1 1899970 1933143
1 932500 95795
1 1190913 1199707
1 1090652 567897
1 1065004 383952
1 1939514 1543751
1 216505 75194
1 337619 1644862
1 1510221 905192
1 1592587 225997
1 1006903 223547
1 196405 321683
1 1958951 454644
1 636178 1014384
1 643134 973960
1 161488 1232928
1 1601265 1837812
1 224582 258246
1 941233 1398587
1 472417 1150417
1 693694 1267958
1 924780 552451
1 1400114 1050824
1 1253953 1868828
1 953796 356579
1 536694 1446754
1 1998315 406385
1 461725 1300702
1 1523972 1920805
1 1649909 1002876
1 171326 785713
1 1549405 1389134
1 177111 1862192
1 1098097 1362720
1 1556116 781404
1 1212839 788423
1 610100 1113236
1 1922739 129682
1 1163203 104276
1 1493934 363691
1 818205 100608
1 1761779 620718
1 1326276 818895
1 1461134 1121694
1 1906671 1542434
1 1989688 837912
1 497757 408887
1 386813 1577361
1 722801 1968952
1 1423055 1781045
1 1194865 197463
1 1957997 611141
1 1680328 712890
1 608294 1700672
1 1565529 737343
1 877133 24102
1 1700543 1065848
1 174166 1008118
1 1340397 1678745
1 1173242 478434
1 581767 1235815
1 713937 944677
1 778300 1288004
1 1787812 1654304
1 219542 1519283
1 1087131 1890573
1 1796506 696942
1 757933 769189
1 604194 138195
1 329771 615885
1 559936 777863
1 1575003 1757733
1 1213284 1087504
1 986850 576494
1 1212958 1029212
1 1581659 85391
1 1772160 1450871
1 1956347 330093
1 1538708 883735
1 588282 1919507
1 857522 251142
1 1880782 1130480
1 1094158 1306930
1 622138 439477
1 1081772 670228
1 1916356 1502913
1 1327768 1141391
1 1759976 1679588
1 279530 1289123
1 1121236 55905
1 529722 1837029
1 1089018 145586
2 1488874 1365332
1 728208 262361
1 1527233 1043090
1 813496 1171640
1 1946737 602730
1 1894411 1602669
1 1607384 461494
1 1447649 1566588
1 435898 790798
1 1944859 1869571
1 1049963 1819019
1 128 1833677
1 1695126 230506
1 205260 316145
1 1406275 1298376
1 233611 866608
1 1772642 1064482
1 463542 269166
1 363032 920723
1 666682 73536
1 1503424 1537854
1 1907927 1948515
1 834157 1956241
1 166491 174432
1 460052 259071
1 1684656 843275
1 1167614 1940270
1 1280329 1139943
1 245627 948729
1 809099 412996
1 1310096 429628
1 270730 795623
1 1603738 994651
2 181840 1405751
1 318414 1802895
1 1486490 333341
1 1880220 435480
1 1287359 804594
1 1072573 469219
1 1615866 1624861
1 269822 1253388
1 234037 1579297
1 723708 1518743
1 1178577 1902504
1 1966712 1469854
1 754295 1722943
1 109950 392288
1 1353259 1418691
1 926724 1832445
1 675351 1869415
1 497104 804341
1 68526 910837
1 972401 1156099
1 532706 1165482
1 1981083 1020222
1 296818 762628
1 1215532 1707003
1 1667695 1182811
1 885365 1656990
1 1618414 1625553
1 735690 1587647
1 88773 1615297
1 272535 24978
1 729954 553781
1 574264 428598
1 1834440 1130283
1 701041 828772
1 300546 290608
1 1398041 1801004
1 1818028 718231
1 647019 378593
1 1713916 1290217
1 1763064 1463218
1 1603465 1899672
1 208553 507549
1 1810519 1220486
1 458506 955953
1 1228718 510460
1 1209820 663701
1 34014 1143357
1 522256 1570881
1 638465 1883109
1 1922005 1269977
1 156849 365207
1 327603 1676853
1 135054 832054
1 1015319 330403
1 678267 1997071
1 854008 1154117
1 157442 1596882
1 231440 1955144
1 1123377 81798
1 352606 1052
1 889289 4380
1 1774795 57814
1 490709 1339831
1 1387425 1890233
1 920530 1771596
1 587037 1935213
1 799813 1281783
1 1863513 1286388
1 1600416 1533779
1 1475647 114154
1 1770421 756800
1 224106 1399281
1 1718389 848768
1 478147 928688
1 1231805 13917
1 49145 871761
1 465284 1195195
1 1083981 1318478
1 1004555 1444283
1 1393329 1255657
1 167125 26188
1 484840 1433663
1 1917744 1335535
1 1369306 669971
1 1409588 573595
1 462384 1117451
1 934410 102252
1 560613 54591
1 586106 1033089
1 400011 536657
1 233583 1041210
1 1724244 1799577
1 920271 1412583
1 1691905 1996443
1 807164 335225
1 656930 1899475
1 56482 1529561
1 86302 577101
1 941507 598059
1 476457 950554
1 58703 1058353
1 273191 1459534
1 597981 479270
1 1519982 669916
1 1953316 1100238
1 1827873 1602354
1 1228708 1050720
1 847397 36072
1 785670 703066
1 1691244 464173
1 1876631 1756918
1 1337314 1195130
1 1867330 1002792
1 1557492 173921
1 1944606 1371454
1 381662 1125355
1 1987971 739708
1 6132 964139
1 1046347 341940
1 263931 1763399
1 1462922 42724
1 375847 1396530
1 808069 1335091
1 484865 1578994
1 345775 668515
1 1229104 1290169
1 1618903 813876
1 612937 980864
1 1573154 123527
1 1701300 602489
1 621023 1509590
1 1464647 1051914
1 553584 1085260
1 570780 1496934
1 470396 1481463
1 510059 333751
1 999411 1065410
1 669949 1049652
1 1235961 1177810
1 632681 1076827
1 608686 67073
1 1026538 1170602
1 1266783 101905
1 346012 1457043
1 1266545 329333
1 1531787 630459
1 261860 1360322
1 712825 1325009
1 1441561 716392
1 901540 791542
1 977647 1864373
1 1454702 1323133
1 641294 41766
1 1580024 1217998
1 874410 860778
1 1056095 1807225
1 280571 947
1 378587 63423
1 1274349 475
1 670898 1000562
1 424290 330250
1 1451672 8732
1 474735 1505752
1 102290 393568
1 1258591 823382
1 221249 223006
1 1980413 890870
1 1573718 481254
1 1792859 1616893
1 600259 838552
1 1938635 734962
1 70751 1460717
1 219956 724442
1 1818786 418472
1 1785481 1107695
1 1760092 86529
1 1677586 4286
1 265860 226205
1 1646969 1813300
1 1148763 1351585
1 273409 418302
1 601116 1386908
1 1503390 1941924
1 1387673 990046
1 1588514 1127235
1 1605705 519884
1 1986770 1679399
1 1460214 1086005
1 225167 1569119
1 369503 1319994
2 1022157 206937
1 1896218 1798148
1 1452174 1767931
1 634650 939476
1 1432829 1983598
1 278670 755043
1 334394 1109364
1 649748 157923
1 1088370 1385744
1 804911 1760623
1 226134 179450
1 747825 1818729
1 1851303 1868498
1 313798 1694198
1 871800 16860
1 1977290 134003
1 1533638 1917327
1 1925697 680138
1 692276 1566575
1 1547610 201382
1 690496 1961725
1 47943 133960
1 800597 487795
1 994049 534859
1 1609289 665984
1 671658 909486
1 810801 1557497
1 1068611 990554
1 1497784 119106
1 157204 318384
1 1291171 472103
1 443098 1801674
1 153612 1200501
1 526826 1431348
1 1213109 1474774
1 1853269 1741270
1 854108 218261
1 726282 1358122
1 70269 1882357
1 1009833 1590046
1 864758 765389
1 51784 236590
1 989618 1235532
1 1695104 974709
1 1598226 1438413
1 1133854 1541093
1 1832246 1788571
1 565974 191686
1 1672300 486826
1 983772 158351
1 925703 955718
1 1563469 228291
1 101120 1949387
918520 441295 557205 1645865
839569 1570609 1624182 626284
474328 1228333 502509 814178
397584 227906 499517 1604028
1764658 1983796 1675797 235044
272249 1400314 666491 823054
495091 666259 668766 1112540
867275 449849 725984 158930
1184870 673797 643048 1967788
1333430 1222855 354419 25464
725019 949100 1067170 545457
388282 870188 33607 1970353
596828 525032 237229 1239217
358956 1190051 568312 1468883
1210845 1919474 1487461 1087724
168515 1237102 510822 437904
1711073 1379426 1788019 1158053
245550 710958 752644 605752
1076932 529386 610530 1227342
703199 562987 1649862 203217
1602867 1717423 1504640 212807
830203 673985 1849684 337648
1854815 414084 1707647 122324
215838 889015 613240 285601
635647 1007720 1657686 1571739
1814701 1482543 967013 1291202
267637 1790505 1057931 1491450
1469605 1699228 1656715 1403907
1550868 1068751 1925159 1956272
1869256 618237 972262 1711837
1554952 171900 850015 374038
670861 130812 285324 648363
449448 983044 1588481 752556
433098 759074 156837 370056
1281889 1450348 1568837 674884
1470972 1415798 1181584 1392524
96562 1929788 442462 1930990
807316 1542812 692393 912732
1438902 1601268 827417 1556461
616555 414001 1669747 639855
1071911 305236 1155352 1575790
1824551 1813892 1872349 948682
640678 1939606 506874 1427209
422161 548176 951615 1602369
460216 1754040 1555103 1081638
1942473 1645194 543783 1137337
911434 1142889 582216 573617
832499 946749 56120 771341
1895282 649607 541234 1499595
1514044 1411636 142978 1739656
785271 1466995 1050152 1657355
702966 323573 1941781 1287492
327333 1955761 1944418 1872238
600886 1443771 1872187 652283
74119 1490855 1146355 903511
890554 768944 1045245 101392
1644072 1462518 930583 324639
86221 1996683 1578241 1776396
213111 1033480 821910 1816670
471272 910065 1142319 983450
1864669 1091963 1704950 856598
1776167 1808346 431258 1840134
1252780 1920825 1598808 547725
609514 489409 1682685 284009
971270 507395 666719 247233
1137780 1855610 890578 773210
1842686 118006 1789394 400402
1899398 1752850 335061 696610
629798 1689237 1017136 1732512
909516 449016 941973 1157645
1104729 333095 156267 838894
998308 211298 1359553 1719171
1693468 980601 1040786 1404410
785900 604617 639853 893820
394662 1593705 800459 1671858
620706 1703470 1040662 35621
1991028 1819510 1923770 965383
99789 1930620 130172 1886080
1062343 1572757 1591339 508035
1272622 1536252 183230 1511283
1848252 975816 631191 1567685
198340 1677953 1804560 35684
509764 1775687 1178029 1608853
406659 877762 204386 1217095
1305456 1135508 1281266 1029152
119149 1976934 1760733 1970408
550636 140992 560384 146185
1917862 279837 1780352 1808498
503046 474795 767941 1087645
400630 760785 874841 968184
1377240 1015899 31527 1749345
1627871 1789407 1881779 1392745
406756 285925 1079986 765339
1127659 1042329 1042069 296171
87071 803146 1375180 620834
581431 1513230 1735608 119012
464900 1745250 1145120 894089
127193 1009748 575327 1061899
226694 17932 520174 1084037
1281059 197118 1432478 1300596
1041718 1574342 1736372 1622599
1725078 1449875 1481084 762351
1113135 1102618 1625824 1655840
846415 629666 1614373 885593
1153888 1538640 963295 1364898
1882884 1703744 700796 351794
857461 1008438 987032 1757716
257772 51696 852605 392791
391050 951225 903413 603589
284711 1890855 763579 953772
441516 1065152 1296889 649411
1468357 1212172 467486 1604492
1878565 169275 600436 1590842
350268 1079730 311855 792567
1547058 469737 740051 1040475
1684528 231002 1493520 56082
417912 984095 1990082 1798118
894711 1640340 541367 1419264
1821121 194205 206756 1468728
834186 900838 1736083 555440
779000 732822 229053 1440266
894048 415789 963479 1305612
885948 482545 1017688 1461689
696447 1158306 309236 1087306
782732 1669850 595995 1439466
1362349 483303 94764 1860457
1213639 290150 1567891 873017
44409 666754 1426225 553643
1789307 1176669 585104 74210
1425275 986280 688710 724740
1232912 1600473 1747113 756297
1760102 417176 992780 1119831
876001 120502 1019613 635997
262076 549528 1861973 1616795
785884 1946663 1726324 1318115
1129859 614811 811607 56207
1304415 1851634 741014 1427985
17946 153390 755680 485245
1452189 1161034 568065 556323
217192 654201 54460 239209
981810 759407 904127 1570053
988240 907648 402495 158443
500310 1172642 319950 1771266
1082038 1107206 1994407 439330
661750 363074 947780 752082
235378 1112168 1784787 1478044
556963 1007422 195321 610750
92016 467890 1097245 1690527
1892997 1360353 254158 322510
711429 1835588 140514 592605
714596 158014 580805 1145716
674778 600254 1077006 337171
441184 1775596 1676198 625977
728884 648451 962042 209521
1818704 1678403 233015 296059
241725 1449407 909445 1720436
1514047 594218 991344 1967164
273774 1622463 1181720 1822560
1517732 139659 1439318 63485
875983 1822023 859630 316134
505671 702627 223600 782655
1700626 425367 1793167 576125
66242 248182 646546 1842792
1026543 1689742 1514694 1110110
484257 66582 987685 1422885
727189 1979629 1372990 1703129
615805 427 1055059 1015434
318731 874496 1253542 237166
1442111 608356 52570 919997
770426 1717523 1774477 1022443
708093 1226252 539829 977058
1711986 1238046 166220 1843574
126439 498720 244495 1451482
1494030 1585714 357566 1289038
1926564 368697 227071 1269488
1521687 1576386 151548 945189
1689050 1986001 1845045 1024174
95863 1983484 911425 1635799
201338 1488224 133082 1648998
1928487 1927537 647201 1067102
1414182 1234301 652610 1309035
123597 608641 865941 1547891
472925 1262431 1725417 405300
433533 275948 601834 1262816
329047 1559193 1105907 174284
1426829 1102297 224335 568726
1690567 1596318 212662 380362
999889 635822 1646954 661364
855802 486337 1815961 1028724
1994094 309014 620487 59880
1003898 578628 1530580 1671679
63128 1468853 138386 844742
1257189 1408969 556207 1961839
952290 1915265 180552 1290197
1153682 1624858 214858 1570437
743432 162424 276917 1465242
1456767 24969 1192706 1243731
1431892 803840 1401766 1984593
183010 524682 1916419 1542781
835605 1159747 609040 1537439
1990525 667968 270554 76145
921283 1387792 313171 1598367
142555 843102 1980406 1164927
172469 818281 1410958 494982
1120518 770910 1514128 1737386
17590 1286831 1936754 301392
134332 1082612 405905 812653
76311 1954446 1778651 1756786
1601826 1524516 1898642 1862256
938037 732025 461553 510056
774592 43188 1537067 248880
319738 437 76201 66092
1883260 1787166 1823203 187628
485045 252630 448377 1551879
1540275 337119 297900 144663
1248853 1577381 358250 1073906
906587 467082 538815 620772
1139717 1077136 1442447 1918514
314577 1412089 1417325 698446
693638 1283383 509295 274107
1816558 1270368 633142 82351
1984743 547358 1576782 1783935
654998 892504 1485662 659234
368831 1628219 1204187 1509038
1602848 712111 817262 61505
1626223 1411208 302083 840953
863533 1945517 1982474 963764
1350399 1482170 524131 1874224
833120 1175164 1696862 1562216
65227 1794107 1218428 1031530
102621 1061467 1912490 1242863
972960 1808724 1747489 1380498
480738 1902511 256892 1354718
1839866 1185725 928367 1157257
1895023 926371 546509 1721789
137205 1412495 180706 1680187
1141335 929845 498499 1200826
1707237 120459 1700689 641007
1611864 165080 1252455 1263599
158967 1978717 1590483 1149737
286396 143121 1571577 1347622
1714995 1819686 1771582 1239287
1876490 1654377 1131435 1800947
1935032 1465073 1936916 1488172
49284 501473 370303 544173
1276887 483410 1606243 1046229
1205709 1066520 1455036 753931
471134 1765835 1483666 352763
1612923 404020 1756140 1730816
593459 1776714 736380 202099
1275442 472521 1354310 1118885
724150 1708698 1152172 150709
494830 523705 1398647 480959
1874307 235903 1855319 106069
1462124 27314 1766288 1109470
1643106 1558983 1003976 818250
1421083 1196059 1411514 347537
101024 66065 80102 1901074
1418163 67583 1515977 785295
1093034 1310687 336338 244508
512767 1904214 1448920 1953220
1315761 1166277 298323 16068
1932573 1540893 411440 367694
22632 1883015 1144226 706571
1406272 1332450 1994879 865678
329308 812097 219970 310426
1237301 1372420 1482637 1405050
569607 344831 1272614 1480456
602947 1673701 487170 1302354
1786114 947092 1669848 1094691
454813 287888 1435803 1694760
919053 1403600 1997287 1907141
1988797 1747267 1659581 900693
452335 400659 1139969 432132
517002 978124 1518565 1160538
1392311 913092 1518744 1501568
460063 763508 1557608 1631435
872994 398120 1528540 1519984
400138 1421763 1616770 1949027
1690381 1412316 780564 1980813
957488 337987 693515 578365
1797206 1769352 579860 690133
1720151 1917934 1606351 1763802
1046218 1098522 186032 537439
30034 284359 1939768 732902
1658645 1593656 1336878 1718173
188408 843571 1222129 326880
1141005 122037 15425 1652318
301681 1279832 904536 611915
266245 1894879 1775685 131124
1235019 1401170 398790 789276
615351 952836 1825400 270031
699711 1524942 1463385 1755868
1308337 21733 1091521 1799603
1267079 1335426 693715 1625295
1688970 1717867 668903 101670
842416 1607730 1743486 1326911
1536316 1368545 1078226 181116
79346 499230 515516 60824
893725 1889701 1044971 1096205
260832 1785334 1182270 1572012
146413 1472757 1261285 1349612
1069852 429386 1091079 871612
1452809 1099971 1996340 1134356
1408320 1318552 1362769 1118877
334902 531552 893278 1172937
1019789 1089347 1361954 331573
42435 1256398 421545 92894
1657852 1993617 1899 1006733
1992493 248471 1769315 1912685
511486 891732 552684 1578788
990725 439487 626762 315841
1120136 1349916 1895144 1871211
1031603 1272081 163048 424573
413080 1342542 1936907 1455570
1141713 895880 1369125 1487066
384692 1853824 1756835 710079
1067324 1274808 166597 540845
1375100 903075 194391 899003
936539 985673 153797 1285770
75650 1277082 1585875 928923
1496333 1028547 1399950 1600677
432043 886905 1751967 1500650
1574537 447656 979825 1378871
1539798 201854 202752 801471
577028 393999 1341619 1331838
1381222 53628 1856258 1571160
883548 230380 854585 1428977
792334 1269409 22873 1435997
127949 832506 1877801 1689521
1110925 166464 146441 1824756
1657779 1104135 497359 1479636
1692722 505624 1231547 1891312
1161204 134739 522221 632688
1341100 1056621 883227 1761315
1107938 1351820 1041267 1233867
813757 1389380 351798 1956644
1434554 448372 1094457 279964
283269 1290657 1263961 953646
952590 1805434 1932771 1603005
1288926 746371 1764090 1728750
976375 462061 1792713 1748823
696577 1233662 1718047 1423448
387486 1997827 612101 1610584
1739887 1789749 778374 1814693
1692555 315413 1285195 1253395
1509780 1508203 803818 1953033
546365 51878 323631 143972
15423 1328997 1798775 1285907
533612 1423131 1600866 61511
346412 1426334 1454406 1567270
13606 1450271 215164 1151887
561309 1309789 827180 411140
139467 449037 91291 412895
747212 620351 406105 331482
878322 1745839 1755101 252264
363443 1029543 1714810 1323196
597096 20175 851750 243796
486744 1495265 1359705 1341586
1311687 117885 1354566 1178498
510405 326025 726608 1414177
962974 1465897 773694 1628040
118295 1516114 1589652 1647920
3623 926411 516533 1534979
1651463 521988 1022993 680304
1536684 1202666 1225814 1021149
259269 1517383 598361 957849
183952 337340 1234943 1503482
734357 1468482 1362889 7803
1036149 1562934 1708123 797027
646851 1935250 696813 1521301
1438054 565346 1537641 1878204
1770369 1122610 253132 1718204
967404 576379 694761 1022400
392017 1555444 42233 1010420
1702761 576285 369396 1731748
1210809 103760 626031 1620816
1093823 796017 1850588 1397740
548167 332916 195366 546144
161352 405898 1819075 894422
122691 1087626 694999 721970
1993892 845646 748529 308762
1614967 902680 967548 712173
702383 524671 148998 805628
326877 1984559 563479 1523697
1245009 734290 1840947 312594
972618 501321 320030 1568679
1815042 1170239 1796618 1880017
674033 1758108 1901522 1937991
213820 1336007 1305728 841271
1890613 60853 1648012 851109
1389894 735032 1184455 1821812
878774 1849050 786258 1404653
566787 526036 1939128 610041
1389816 218183 314054 1587302
1211791 776890 616115 58325
326145 365550 1616321 1797685
319708 523161 451172 349313
266534 703260 1771629 1284822
129097 1111078 18077 1227475
1848956 1567492 1092205 1080144
671912 158973 143199 1119317
1222785 687049 1482855 978450
300076 1230505 909258 108337
598624 1681648 1709827 205012
437740 847938 1019486 1509710
1533421 496951 557773 12685
512835 1517325 674132 1162531
547460 661792 1231682 413106
1736802 1403301 137678 340022
171446 1778862 1038682 598427
603051 495783 1166619 982093
911678 1912545 1559480 700434
1100006 69256 110449 1313975
1127326 1508795 591369 790518
782093 1073750 521998 794089
834441 440033 690556 12366
301555 446677 1179786 1152066
886316 1741104 1640113 911650
1130018 461040 1170538 668697
301091 503774 689231 761236
529156 407660 307239 1632818
995425 114365 1154050 1827362
1685977 826302 529154 1260935
1760738 1016619 1559408 1717289
1756293 509694 1671210 915077
766179 1478778 1404977 1160888
1149512 1441873 863175 469615
912338 733852 1899521 1459291
1031219 654512 1504410 129616
1241668 215118 1375257 1655429
1338982 1069828 910736 1862632
976432 141310 1191109 502740
532065 291466 415521 187015
772167 1040373 1966755 993384
1768259 1470074 1052733 1812897
1468354 1782460 1416114 1493562
323925 661518 1773042 921689
700637 146472 833064 1401497
92452 887918 1967244 484480
6620 1837349 1506674 1346590
1422690 229648 1392107 244925
202138 196511 872986 1178632
736545 1446745 492009 1105355
344210 701000 1907815 479850
1967493 182854 1824415 1069636
179130 894805 796366 923938
1059073 1868472 1890980 651222
1206524 149982 1420713 1185788
1147238 1337979 980383 1279449
992942 376220 1102193 1279178
1974516 899723 1341488 1620841
82058 931705 1744050 682647
887802 1713247 1993380 1685355
231732 1008571 1500128 1039497
1028310 1788990 1389853 612102
1720729 1299875 1609911 1316841
1191905 759473 1901119 1771117
1314194 1112319 1247474 1767135
1955427 1289771 348382 224680
1219639 828770 1316320 1364331
1686561 1446018 564118 275411
1053675 1598287 52750 1215186
1315592 1277287 257212 1671682
1217997 975943 1284234 21913
1277297 1881930 595579 244537
1322842 976829 1924587 744231
1741038 1981741 849708 786498
170946 1280212 550335 357872
440871 818812 845309 1241979
53467 1757479 1181530 1837906
711940 1734671 683280 1559102
1735719 1478637 1892928 1262863
1716053 1338536 1518813 340769
214754 1489311 677702 1151537
821949 216634 1732665 864192
1187536 489536 154249 605243
1327500 161713 729965 1261811
1172882 1674429 1399341 1969533
402127 776326 1684249 716866
1739032 237503 188073 1285333
1356837 1876115 1323649 440408
1144761 1312914 946527 868423
109299 220570 1192145 1488728
169110 1843175 1994928 1182175
1685018 1947993 1618748 256475
1223140 1952651 165166 1700528
1795836 409828 43336 1816024
780211 350728 547550 424640
1883637 1674431 931349 764853
1997663 1682147 1684181 1113112
1365652 35018 1445404 1484362
1427532 1782868 1477301 166766
847491 479789 1612716 1481315
951459 687733 1619991 477328
1381586 1914194 48820 1924736
855400 1042289 1891857 280486
889782 1178796 1268753 203230
861755 893909 1452603 1757415
176316 1985669 879712 621587
55783 211242 1091150 1440708
406335 1712904 738179 639456
1488967 1114822 443846 1118533
1917887 1334370 786111 558576
704117 1643662 1656144 28656
143048 1535840 677045 858595
694824 1276279 830959 1584828
1860567 276918 1428231 1446074
916629 924395 157383 1651542
195473 334486 1204744 1747308
392844 493485 244768 822359
410850 203597 386380 603054
1094561 917477 1610193 1007575
1724674 880394 1791168 507839
1824689 1209755 820795 961412
718008 1048395 1374888 1289507
228745 925796 955128 601620
1173094 692262 737945 1730037
448723 47021 864056 694478
872938 482461 1967907 1073881
1902533 443063 614836 925345
616273 1538882 1928062 1423471
1280820 929902 1443672 1172767
1614811 1946483 1872509 1405618
292333 320011 1016004 575611
1425940 334405 1304128 115891
1968249 149538 1726192 933460
90014 1198527 1821587 743370
152130 468788 1647978 1699227
1618785 669462 283006 43829
1634320 498415 882076 343103
489113 1626628 884853 670459
176893 1013268 1591723 1489996
1195364 1144263 620638 967517
1542480 1283003 547266 1450673
52160 1121593 1438162 1623460
593858 362318 658472 792638
63359 1442918 404504 1704340
1768358 844417 1766042 1273997
1350564 1861023 330271 1129240
1180323 876813 162774 1780560
716858 326206 1826167 83436
1084662 155966 469110 1888021
1790984 1178641 1970471 102596
1844146 1823763 6569 20856
98468 1545973 763252 1815868
1230625 84727 171261 1941064
1697814 390755 717005 462519
908124 1999670 1092910 1262441
48736 1020365 1387479 1361333
144503 248988 83639 852475
390634 1116569 279211 639377
773407 1781253 2192 1741124
248693 1736283 1648545 1236949
1678005 1760821 1873057 855353
369947 713452 715916 1879853
318874 1656438 1942134 160860
1270451 1965983 304976 1884117
989691 827520 41 576006
430075 1007596 1084612 65114
550652 1944103 1328125 1663059
1792804 94332 1241414 194954
1831498 1679578 537808 48438
1124308 1216649 532435 1268785
385246 151855 727654 228868
1095433 1696557 950730 1556328
1470926 740658 1796836 1467465
1345890 1593271 141180 1513707
43229 417529 1651447 842349
789713 1827981 738199 1891687
1386193 1982552 429042 134255
1140367 395612 894242 1159283
480530 597361 581425 973549
1162034 455612 1036343 349411
1302394 1459259 201957 1392579
1340761 1116202 1481828 1980536
982948 1926791 1882446 543771
1741247 310288 743647 1021116
688816 206569 1141252 591827
1035045 372447 1643839 73515
1157745 185827 835187 1450714
1790101 125317 818998 1851645
61495 1487700 818815 1213834
91631 971749 565515 8824
1989929 338988 1538792 1688537
1418676 723603 1349012 487374
1130298 917482 1048323 1894471
1386627 1489348 739727 1063864
397782 1856672 1620629 247256
1419950 421405 533409 1557246
77706 177693 632246 72219
1253242 1100124 1596987 365491
1924135 1513677 449609 1832557
1117554 1235868 397902 357694
999706 1541392 1872480 1818832
1177254 1981276 85327 1969933
1602665 316086 202320 1579375
1779514 805696 482461 1325934
140615 1083693 1931205 1440538
176753 957511 1752367 345915
1911070 734795 238401 312743
471218 1605658 1395253 436229
1433470 429563 210560 1866015
341509 889255 498988 1375838
1093469 1566235 515003 1796587
117990 78639 1972189 245531
908077 1044922 1659744 1137429
1025964 291665 925898 1736486
1274066 741859 1528762 806486
1353172 1575424 1886758 164234
1910148 1900095 1318053 950243
121947 1821648 837454 1440523
1946141 1144730 1365407 1585301
1206662 234345 581375 1856023
1630691 775740 622903 1099196
434697 1280950 1475703 1810516
983673 92452 1377872 1041776
598243 1638023 1352619 1693441
318582 190129 811994 1760156
1113948 1306682 863393 1910864
220620 213465 717428 287534
213193 233366 1288157 1498215
1898407 1003376 299298 60202
1930556 505667 1314630 1438598
1466487 866552 1523662 115984
1329378 908236 1150753 518070
974239 1027318 504170 81073
1548911 598893 537919 1510682
1265705 330579 1343614 748772
1858217 1326541 905544 407297
1457397 1123460 1643631 769570
442664 1740750 1196659 563264
13875 103864 1071868 480737
785184 1634270 292934 1930028
1864103 1560337 1079465 704354
1282106 1708203 1470893 1612242
528988 1279234 1212973 134814
965324 1285067 1749462 713923
699041 1385590 1718483 1186190
1857621 1814152 1254706 1373228
773869 1295304 1908417 65618
1616809 892732 464035 1494487
600464 1087915 1671042 1754824
1317234 1679751 690621 1339671
1315450 1656296 688176 661774
211290 143113 1614566 1951497
1923674 392047 1286336 500728
823247 1195663 1094553 937627
1359241 1392903 533926 1919527
1139734 1324759 104321 239180
610332 1365876 1200185 186336
634825 1912361 1727698 1249378
1398769 566429 934079 1954088
1786842 1731586 543661 534111
1057263 384512 1686415 733627
193087 949961 572045 622504
408624 1704767 1331252 1793009
1472954 567610 1500870 1365971
1717444 620575 1983393 199156
1372134 931280 1623931 1076975
1972787 639178 519548 1055451
1317273 1858785 1650532 536964
727249 364238 1000945 1407944
1499165 1647613 1746351 1221946
224274 1858900 1167761 1011941
1707936 34642 641958 798188
1479479 1272841 1899680 1269910
1474784 685043 539651 317183
724113 1730111 73544 772552
621373 1191180 712827 617477
557970 1759637 1714783 1465785
776630 800836 678489 1872622
346828 517118 411662 855579
1066768 1282532 1078148 134018
1321999 1355054 989451 1839289
1940429 856154 1374318 533446
510180 408195 1618110 1008745
1138393 476076 1932531 146971
1354848 436829 1260809 563195
509237 164170 1557728 570161
437100 1828363 895616 1693684
1913648 1692267 922185 515093
313017 1915966 89759 760064
433972 1621146 1311916 727401
1307755 1908482 257710 1708892
156165 1650783 269380 1932557
715704 1144877 1924548 1563235
343833 754835 1875303 1583485
1194915 1052 31144 115621
1807783 1224528 1153842 1345391
716937 1629605 964970 1788002
1364709 788112 1482090 1440241
855752 314820 1954551 765145
993678 887469 1075936 1288389
324294 447346 777427 1963817
1893384 699205 1941764 715936
182396 1784003 1108589 567101
1766867 1947079 1908702 1229286
1772798 785491 1996035 1488971
1613977 1877474 155352 1220087
1368696 209219 1941244 1791463
1018351 1150380 487740 1387173
643587 72363 1314166 340755
346416 1196003 1211987 277546
1787122 1622999 586008 313451
1674830 1602535 545696 1232282
743952 1042836 1791814 1482309
206060 1475487 1575773 1263203
1337824 652011 1223754 944859
270115 495597 56240 1481475
468644 1328167 45451 1570705
1384944 587000 1328461 514425
1869971 294481 1007331 181948
1062148 1756457 752101 1811801
1675832 1718189 1340634 74946
328658 110812 97825 246936
736539 449052 596525 411164
1271686 1370612 1280255 1290038
1158623 186337 537522 1724866
521325 1349470 1550690 1386397
1273997 1861327 1411925 1271516
189530 1300791 774427 1337219
671806 697052 1179042 1002781
651018 994020 1159246 913645
1536886 1968091 237437 968339
1579009 1493457 333766 224870
1574154 1238929 1710521 399305
1098565 603010 209973 1975761
1100443 784331 1786374 1070527
176468 1726337 1820651 1415664
1949195 646817 398781 1852535
1443810 1726832 1682681 1073343
1169273 1027548 1324326 1332397
578910 1835532 1988768 397056
358422 128769 1469351 760876
622267 687598 580807 347829
571041 1679797 660008 1376036
267657 48801 1979280 406256
1311908 601685 620465 201240
1664212 279759 756057 776710
138438 1738804 1253313 1516489
467726 192790 1448328 1906541
685469 1197579 1297332 159004
1147244 1427886 85479 542865
34565 1875968 465441 1618793
1222638 1050687 655891 675633
59286 253510 24860 1161137
1085671 1373174 1239527 1604297
7456 1906779 568757 595652
1192960 1693156 1490440 474136
1993489 230811 1881771 403642
968643 1427671 524113 131776
629463 793930 1456817 1743652
1612619 1688419 1631696 1166974
145244 1322105 1909622 333305
518045 737261 557474 1329735
1014741 619953 1549693 1497488
1908928 1838203 27899 412780
1332832 1548872 1050456 923172
1170866 959603 158768 457531
1872634 384725 1691141 1386607
736790 1747842 3629 1546461
1579526 1250312 1707536 743006
1764620 481955 1561393 586933
1465959 702919 997386 1297785
1182441 869837 263289 1026135
1760343 988693 969150 240465
1805913 1720909 973418 1896417
186208 949007 239344 218525
1415027 606983 749546 1559298
689980 157832 1896497 944532
766489 660367 1377471 1201197
1170716 1720627 583174 950624
1288261 895898 721681 449590
401530 1102832 1250483 1231460
1558119 111233 750648 1425463
311403 1899102 525680 498107
1846557 1029732 1383909 1851310
1885785 738188 479725 965551
690806 838273 552939 529788
276015 1380532 1484050 454216
1641917 1681947 504872 1904337
181405 907742 1430564 411813
399048 1856992 1604597 1230796
665628 1992390 1693274 1209595
824410 809171 274001 1416578
1525446 1878203 898973 1044505
1661868 1022532 1315578 1872857
1280088 200157 582700 1691141
1756186 1321166 89884 1923168
106382 1058726 36807 1661270
1174411 1424351 1667546 278641
165205 1081530 1599071 902076
1340984 1308285 1190933 1844902
233629 481057 4632 1286409
1974561 1791907 534737 541965
727250 1339106 1267375 202210
1555273 1455123 238380 1834395
676172 908663 657931 1558766
612300 669826 685875 1991895
325921 824603 1424622 1798956
1682575 759590 1454583 363249
1605295 8673 290235 1855870
828265 92689 807631 900425
1283954 1564176 742468 1620949
63110 278184 1458989 1914088
206052 720314 924186 1415775
862224 1459974 911798 1559323
978501 159525 871332 1835222
983173 1733463 1839861 1853578
1111458 1712955 1670812 1381220
1585970 1928413 33989 460349
1382135 1535338 325682 357673
808104 182410 1399197 1772024
436306 564211 1222584 791112
1149166 1634796 1182173 1981825
717688 425279 1375223 1419709
938757 266409 1589399 204635
677367 1291710 431463 530766
301956 588582 683307 1324804
864508 1550169 122195 1618957
1342067 1975630 642851 1732676
605182 1068562 1644925 708363
542204 255656 129936 945278
519230 343758 812740 976599
453726 1447499 674218 1548708
741488 643672 1261089 1706090
321810 1125282 127985 633504
1263674 1775362 557809 1827608
822748 738756 1090775 196275
1578711 1831261 880125 558981
799982 1174586 1486277 676188
1313292 289680 818817 850777
1239104 1052540 640171 847105
1333953 70635 1949464 1016938
213561 113967 529882 1057253
1954131 1584934 723560 436388
338805 1409813 1894542 1232432
1960693 913966 1172680 92280
903285 907166 600600 1662079
1379906 1133347 1508282 182649
516788 1805313 1195971 1393600
1595248 454048 1939814 1636065
1263521 793463 740004 1688753
1350032 1151375 1206350 35962
1345139 1790303 448316 1802350
1666097 1620909 943743 545874
1439960 112188 1474716 679751
912294 92237 73785 246388
55634 1259449 1022221 1570802
908151 190313 1754107 366474
264914 827529 1521280 438600
1912531 584143 989792 1514120
1028384 1701431 1417451 1290420
36230 1671649 65819 342380
929556 1884869 802663 528576
383754 1534012 1227653 1886306
36288 17917 179266 1943661
1355824 230994 1884912 1156565
486858 138692 1036436 28545
1442297 1981810 1286900 1666753
1578550 1255659 846532 898255
1259008 565518 1096898 620535
323876 1950173 1495226 128855
182036 843249 1102938 45196
232938 221923 733090 1903586
214255 145600 376295 1425740
26178 731662 401266 797570
1329789 855829 108200 1672468
667981 774 771682 1780343
1546909 31497 1297754 306204
566880 1200481 1667407 1816772
1602939 1116245 818591 970010
1964174 686012 519936 1565688
426199 785827 1717562 854984
619933 169419 385448 837719
1913167 589354 1648427 319852
249318 1863808 1060923 1783011
730210 490765 411655 152092
774152 232288 345081 933191
248537 25510 803341 1769132
1998238 1576134 1407551 70144
1550825 757739 85557 572412
26775 658637 977009 1101552
57451 818815 1797207 413126
1673987 1968871 1714880 50313
1127761 1592815 1863254 1408265
443462 1455853 1697134 1693613
811617 519974 1445825 914416
290766 733847 1050189 15130
258128 1555071 1862612 681108
1166333 810549 1299869 1787133
361461 696244 1069303 1432251
643496 1990008 999769 1692388
304839 376721 535176 1545172
758371 252447 1830223 905636
1338846 1248517 921357 903897
517043 316833 744945 589832
1580077 431595 484794 1251539
671724 1770801 1591162 798416
13618 926322 1056148 986783
1020984 601054 101799 268699
268046 884466 825547 1040656
1606409 636165 993343 1662999
1502063 508501 1257889 1525483
530934 225303 1345975 1441836
423896 496166 1891109 59484
1906981 1159131 1276390 783571
697613 165811 428605 553396
294683 288728 930775 463483
692442 16520 1468886 1586529
984716 1665279 1604791 908754
64529 1447598 1715883 440757
1886095 1127253 452514 1921792
229217 1224048 300874 1672240
1325764 85823 165883 1883951
1939592 787505 368287 1513001
605980 298547 1654916 955849
910162 165434 1451804 923007
610603 399118 450319 1139849
1827981 1240882 1235983 1403012
1782838 645896 784375 1568182
864106 204502 1598053 7859
838255 1804422 555053 1066486
1498967 1921368 556032 1408792
831062 1357614 1252811 1884350
1400970 416304 763474 1825783
1903615 547358 1490283 1712312
558285 263751 849960 1853974
758584 1232146 49087 873699
170556 312190 1602821 27346
1485585 1100454 1215248 66199
1346071 1522411 926761 1756943
1459383 1435860 45466 603282
1963052 1861346 1407844 1580065
1107843 1827605 1866094 781672
83482 1024579 1367216 1446350
626623 261273 365088 231745
589104 398878 1382737 88927
1996827 1504544 874701 994608
1087437 978365 394726 1726821
364775 1866749 212958 1272098
153898 479513 276661 1872822
1838866 1967671 1377346 1215171
385298 19454 930980 594154
408087 1537289 1832713 1748790
1099392 1498471 1350902 928996
107945 869758 443739 36128
176693 277734 1392525 1883508
1943433 432828 632240 1394072
1073736 757599 960587 1123336
45245 1426391 580867 1038186
29022 1847019 328424 1781041
1810142 1271099 1349004 1588844
477291 811173 1009088 259082
1108897 1662938 734576 367505
311094 1726785 541700 1231351
932393 1290409 1186045 141088
1920830 318282 1323296 1470189
1940697 1758731 1723925 1867904
375789 543951 1058743 1582047
1097761 126772 730764 1097806
546251 1542428 221357 1214144
369160 1311595 707477 859431
1145355 1670366 452682 559706
574960 1789296 363951 1793796
1235892 820090 1794279 765163
1832426 1411181 218995 1209753
1353200 1752439 330572 1577745
1126243 1757961 1177874 415530
970846 1638932 50278 908548
1758520 575430 1670423 977025
1513475 575331 449227 1150578
1170779 484687 217960 1551175
239385 507825 44399 705518
1635546 1725206 441504 314027
1004740 969319 525157 443902
1157367 1436118 1903136 1840452
729926 1504706 1123855 655306
1138008 1037951 1013506 1146857
279726 26632 604819 1963382
1841465 1131647 1708849 1723881
1162207 744688 1363427 1225049
1078050 1263068 403065 709834
90606 1388708 1901782 123121
259635 870630 943645 791358
991313 732423 616178 1285485
1184969 1992920 858974 1798515
1855489 414380 1846387 510500
409260 1149677 1654053 1986136
1405194 1661123 200487 596197
1802634 115054 1948120 837807
1970943 1137060 1106509 608986
52119 241722 1304994 1084441
729973 819848 1573630 798572
215803 57795 1496439 652896
1569589 783139 328049 173904
604386 970641 1833496 1938433
1376747 1721690 1625584 406970
1486221 153847 1551047 920537
1114647 1924670 1737787 775993
1319621 1376600 1140455 267050
1465735 133684 1911422 704585
429480 34802 754358 82629
1134900 1566629 1897969 808637
802194 147319 1688461 1597329
687755 1686926 624364 1135970
998387 152946 859071 1941799
136761 109559 636225 1277231
619152 222494 1695461 1204171
1343508 462728 1543657 1398566
1081099 910865 575006 1345437
1944424 666322 1063863 1260284
1230030 965629 1850242 846932
1706695 1057128 1394056 842231
453563 1851658 1835310 1892179
1753596 392591 132641 845909
491513 1174744 1532952 1221932
142915 1766019 1283955 491235
1133159 151702 1739031 34188
1822487 974972 1235247 326385
1997754 908389 1307026 1370661
487082 666203 1079937 381871
378444 1178565 405307 1551615
67328 1298512 1497340 1638952
1350548 1883992 179657 666779
691484 955590 235390 1856676
1470741 1668246 1764009 1447511
585422 150017 623442 721402
326261 1393771 249914 1370372
262589 1000345 162598 1263062
25166 1335876 771466 681714
908017 734181 341217 1388437
1735802 779914 400733 1280566
152622 1604883 1317496 1278062
678368 117105 737967 597382
826314 1395456 106129 885798
270936 1364469 1978004 1260342
420071 334345 501015 1230723
1691290 73079 1759772 907202
988641 753658 3593 455245
1469337 1436589 1485322 18815
30488 1105937 157588 1113330
61952 1632392 1649598 1613492
1612717 481989 1034686 592456
433191 1236446 437857 1633564
1792531 1238087 1588220 1858344
1888783 1317541 1276493 762356
994896 450755 1319532 745724
1195224 281284 1487707 1826388
1353493 1317180 295521 1433059
338746 1698475 778124 626862
115342 1738887 1119662 1649466
475996 872473 881832 729687
660756 1603668 1331102 996205
466478 608440 513403 1797581
1337255 1194215 1523953 1110413
1778757 1302890 729822 1089376
1459234 1309574 69199 712572
825176 669478 331567 641163
550343 1239161 1053816 362887
1669558 1377029 727032 1385932
660083 1357256 983528 744898
1656730 394752 206282 1459086
1616436 432626 507413 177430
1661379 529561 1250074 409078
409570 387109 861821 581331
735734 845206 1691606 264530
375514 824154 964720 567727
730374 40127 1809420 756855
1781156 1289247 1082149 1886097
1863199 1218933 1967906 711926
1549160 1316347 720483 1555215
370054 1918815 37428 477953
1850439 1206261 4140 733738
198529 1808574 1600500 1761566
713579 1836879 925859 1053124
579987 1855286 1095073 56354
1546617 1857425 302879 1297205
104924 1423878 856365 747892
745918 649080 1482432 656857
1855641 1725218 762656 670271
350584 745639 1984384 1351106
702562 1061428 117866 111856
1628879 1933329 1341446 794285
252246 195015 1885588 1943490
1915884 294362 83767 940292
1136979 1212424 1648317 1861872
897415 1103132 990090 1392876
236104 1477776 430852 1871600
1282825 1485721 1938618 242066
1875822 1363988 1127252 1321702
1141779 1436271 1250297 403881
1925312 1946025 1696279 1067419
879555 1181848 189522 973276
100912 398558 1336015 8278
1703165 1470614 1659061 3158
729012 1409668 739389 1072885
1445215 1650646 1245339 1240439
614825 1096891 1831669 767045
1120580 1412979 1232655 969846
418597 1686352 751237 962102
1167947 1706981 130695 1327107
124396 647410 1072684 1814791
1261719 1001124 363105 1072435
188815 260245 908015 1016889
737109 122296 871106 1818155
1207133 326806 319249 1106683
992747 310984 1572025 1988132
542256 1979567 1242288 341527
670919 145669 1762564 1989748
41902 772523 570671 997084
92694 121567 134795 539866
1272289 1085810 1523550 328471
85436 1893042 1346868 1950636
1546056 450386 1143417 1312414
1793792 1352346 873088 375439
1577453 1623550 901723 1043612
1083481 1110272 1668247 999350
701118 937063 1163619 1039820
43707 1625585 1525489 1094420
1127670 1099950 505764 1636880
1409149 1904872 1687317 1296092
1582714 1502098 667806 1243964
1051194 1655405 1100472 1583905
1795756 351758 468365 333752
674350 1331720 146644 1086226
99912 713435 498315 180778
782403 764896 281858 818624
510565 1488082 1747949 1148122
26876 289884 767608 1444138
688646 165683 693101 1173736
884436 1423680 1723995 1163881
1779407 737264 281814 666119
1164368 1120183 1980287 299656
648109 1939340 1942066 1355262
823266 101977 89748 554224
1697749 839995 380398 561994
370841 727904 87152 1145404
367867 471157 1825541 715387
1041456 1186312 483295 1753869
1686483 1887792 794735 61073
1848694 405530 1234401 693670
1152322 1651168 1900609 508354
1454890 1712431 1241584 316568
799307 114027 1532587 52842
685666 404270 329948 1395833
1017420 838913 729569 1983263
1909314 147224 208385 1259830
1422665 904226 216576 1248566
923218 955625 232791 420359
239380 717364 1738509 1541055
1131287 285934 902861 1774301
1733905 927806 1404135 641366
290568 339472 1411561 717865
1121133 1356782 1708311 567477
182791 54731 1014054 1906450
1692005 880231 1548779 833569
417403 978601 1863555 1187282
1587053 1484443 1984398 38693
819491 1785613 588477 1585570
1449279 1377365 1749301 724328
1577076 1885881 542908 1012278
1270426 1319660 150355 1192069
468911 1153382 1974363 274100
652954 330175 1283971 832680
235880 881652 370240 1041994
1685029 890526 1543559 83226
1476501 822932 1084793 1037156
263434 967823 544201 1173006
527537 1818450 1957177 1711358
1724633 691254 1028166 220451
1617560 592921 415990 588306
1861657 51842 1772901 989866
174477 472560 1739976 1965206
1380210 53992 999378 1864585
1618363 559282 1943791 916658
673307 1544730 142483 1426914
106001 511283 1160153 409434
1626747 1581584 1128630 1250336
767031 827111 1918194 1528719
1059229 1739273 1856594 1394493
497961 251897 1924761 867740
1663290 969676 1119431 1702440
339054 817442 997953 1971926
1161609 1107502 98638 1043094
526278 438386 255981 1450719
1496513 270939 1287204 1959862
1102856 622733 1016310 844045
674043 1213431 497658 52160
847532 1010657 1748127 1378899
1531609 171656 47307 737004
1045899 1923777 1624841 487964
1920986 88924 946189 614000
919383 377134 1520446 1719768
831417 298448 1699165 537653
1347006 910130 968429 736026
923676 568633 1164851 1131517
709513 88062 590519 1505989
1782144 1134848 238554 1247792
315683 964786 1236499 1032814
1454633 1757482 218557 1617675
1272266 42882 469388 1603585
1850939 284028 667555 880218
739329 773853 265392 1779012
1418530 59451 1463651 962926
987650 547050 267721 1912527
694769 641949 1711502 1215328
270164 1266968 1032735 1157939
916573 517113 1782442 1381799
1559604 336805 1130279 1370679
997028 261724 864510 1834267
1268952 720950 1639694 584251
1960290 1040332 991933 1020026
1636626 1877186 1614957 164086
567159 494790 439598 630970
651985 1321927 359960 377639
1418853 1561615 1740318 1273283
1473029 1640470 557369 460004
122797 526615 709637 1564457
945203 1487495 997223 1513559
943144 290213 219896 356753
1810675 1917134 1389868 1894533
1816441 1746972 1588306 465641
1156825 322107 17218 575462
1574651 1034441 954699 831460
1316860 1500144 1361649 521779
481185 96763 704587 792789
1428133 1238350 582334 1400713
705333 1566859 1120760 918415
10356 610285 329272 1826826
146339 336201 563286 822831
427441 1581716 349181 1237914
1139802 946937 335991 837559
1708467 1345995 169576 1254812
932465 1209843 279464 1754784
771775 1504173 1769082 531300
907197 1066753 796760 169399
423239 447785 708013 1242532
392061 1991484 404838 1095011
1098193 1249610 1143947 1754624
1015622 1790015 1106468 1996983
1719012 1719472 280044 653727
1872425 1374491 1615829 97565
1262698 1784655 352104 1243989
265319 950582 329628 1764190
232784 572019 416683 651555
1858284 1621183 1022245 1321811
787027 1315543 1991340 1353386
482905 819414 128656 1319351
851534 1487459 618026 1071316
1058137 555944 826513 1815196
1572459 1625251 1649548 1259130
35119 1056613 1823413 232748
135931 1600353 1569326 1931734
1753929 1286991 25363 401100
1973709 164907 969538 1631134
819969 753886 1533418 201407
1955991 1980776 1738507 413952
793899 575729 1859699 1195920
1491107 965954 1426837 625219
815541 552624 1370237 1399097
827009 1407142 311119 1305407
1214566 1783711 1933969 1963592
1818316 984941 1138608 772608
705831 1654656 1338854 614479
802211 1593761 1852960 90550
1464783 1554807 721876 81901
999998 1926499 1173718 1076091
1159809 790805 1810218 567618
74756 1826615 998825 356751
1899461 436495 1187271 386871
1496923 1259488 206258 1219265
1602207 1081703 1500431 1602489
1784195 681467 1496749 100333
1421320 701309 576862 751108
622432 482871 1345887 144145
135009 1036943 1514427 884292
1766510 694879 1344429 1454423
1915248 1717507 901498 1210198
1396060 1051783 1837885 416303
1592002 1211176 516291 1779478
30262 294327 971230 217300
471403 886181 40750 397809
769856 379176 1984483 1020918
1876933 951953 906957 1603955
1302211 1097518 234540 1918239
1934786 1312578 1386186 668357
1362675 1902407 1368233 257085
1078026 1471602 1307478 491249
1233669 704786 1317851 1092872
561434 44368 815830 1466592
773957 1137347 225764 1401876
570052 159155 1607027 1941574
33203 1149990 18065 269216
1985276 729010 701587 1605802
614416 375092 812802 962501
1701081 1941670 1633040 381799
913454 1203091 1543997 877693
1668815 289902 378923 441464
1073078 817562 1064284 1329803
1628189 774682 1032791 149125
1805666 1791808 956190 422872
412371 1672000 570596 1792763
525665 458751 819612 484739
287221 1830884 1597930 875664
634357 417948 1935848 112638
758510 988176 352403 1145378
530356 739121 1233427 1314311
253448 1533624 955222 1165565
1326455 834355 666740 318037
750569 1850278 1492008 361558
1129432 381609 1805261 1031150
1336404 1741957 797728 752763
824658 715949 379540 4122
1578570 1116726 140937 1380186
857571 712606 835646 1980537
75022 886426 1547590 1627482
998595 1926843 915457 1259921
906629 1459974 569861 1191103
691618 424580 1065236 1992905
1212153 625294 778819 1306167
1283305 1692517 1842382 1230301
1537418 1559091 1584066 1317003
1808943 1480414 1340380 1088587
1055032 696654 1332319 1467264
1453857 1394608 1671949 766266
1404531 545410 506766 1481136
1791407 792186 688259 1965753
1314960 503035 1523838 651264
306640 854408 1345499 984035
736878 437313 1804513 1052360
119329 31833 1435064 1587767
1645353 780062 1957758 1336672
1380867 1593286 1634154 1952076
150122 773725 494653 198801
1802248 1056259 1106614 935245
39012 1709097 1247891 429782
1840827 1621474 1969520 1225728
1763717 999817 1448164 1617841
698747 1226743 744366 1724221
297316 1596150 1588493 629913
1415891 1762630 959709 1726179
363224 1459646 217207 1216303
1136422 759927 1318886 1709180
271305 990443 1253482 479783
1649085 1825779 994101 939599
1655177 272467 862829 1740713
126746 458341 1513332 1228891
1185964 1565949 1258301 837001
1942790 1839309 1563165 1138998
1439536 169200 508889 1722181
1465915 395031 1965145 64730
717382 21619 1776118 1193216
1838702 1487294 1057691 1172795
836363 1545083 619575 860004
1328653 1516662 285539 1512487
1058152 1701889 1239483 806364
681035 1185542 1291850 1076737
1150766 1465022 1037920 1008232
1642567 1885026 1096696 1838908
275964 1958794 1407442 937757
1954116 333189 528621 1241530
960616 636670 676968 1200986
561096 691497 842404 1014581
787860 140228 897982 325206
873978 1932431 1007062 1891969
853973 672065 556800 757374
1579172 525861 1407705 794870
27646 1744003 546804 601639
765452 302360 1326317 1563463
181714 1535700 765127 93878
748839 1473005 315551 1142310
1381198 757391 54343 1130280
616376 1024021 1267715 856622
1150097 366696 969465 1036536
1028641 1149527 1933728 1055036
1769379 1452001 937346 873616
1872072 669643 1188637 1491083
1125854 1837429 64026 1149308
1819466 1490864 997489 881770
1343050 291733 873369 1356538
731687 1251344 1134860 561190
1593449 770740 939948 1619030
1178952 1948947 1870067 938610
206929 1721476 55001 1413521
1188375 284334 1621579 1454905
1665594 960559 643059 847844
538670 906104 97075 267526
1733624 1885948 1456342 14238
941591 1130985 105309 1431353
866644 412831 777530 244994
30497 1895456 512914 1710
341515 1933568 888083 134038
1124459 599223 1544425 1033643
1449138 1931580 1198681 1063858
382176 1731260 769471 32461
598337 117450 126884 961076
1756808 1747052 1207472 253688
1135752 1337933 307854 1837334
1430654 465138 1410821 1123657
1330342 730228 919267 1766355
1747174 683151 306155 968214
1310552 555482 1618541 220008
1877434 1846329 1221442 1877667
1998498 1480266 136658 952442
659554 1526720 1252699 568749
235639 1990758 800052 1890217
805141 663099 1356871 444658
663354 1675172 576851 995399
244223 65972 1406387 87928
1559294 1458857 1134936 1642574
390408 577922 1449894 709209
765229 1020118 1689881 568559
59838 606711 1853453 1593609
34184 740643 1768030 1543553
1644111 849340 1599496 1599836
1747641 194991 610953 1919810
15085 605852 626625 194132
426082 1386406 1436854 1731348
48875 1482148 766259 1201638
776655 1031073 1054933 1286295
338617 844912 1116704 791157
377016 1809961 1833945 1294608
920629 469002 1871092 1482892
1755160 1932256 1906225 739448
1939715 1265115 50648 362476
607184 468763 738371 228925
259451 1311324 1553131 4447
933669 1695991 317157 10375
261349 346320 1012838 1159068
1029468 1234170 205509 172279
760528 1622035 1135091 653012
1643167 1451891 46218 1698204
1586629 107283 1222597 1013012
529020 531449 687138 271076
1233173 335895 584224 334322
1388915 1762621 278242 508990
74189 1479531 1980340 828230
330045 1828066 1456362 779524
381977 1092834 1988599 338882
327795 540944 1152634 1506027
247649 1877710 542697 937114
1200701 768229 872701 599349
83527 133871 272999 78434
1517497 667271 898661 1889137
1917933 592209 1628083 1490480
1815219 210489 1601069 959104
682017 1842182 176851 753436
133131 1753242 1816991 538405
551577 1434767 682854 951579
1571470 1525514 1599987 440035
337747 820374 1809095 1302590
1988990 861937 1817801 1385666
1875815 900956 243174 1247399
615591 1425028 212226 942808
69830 479288 690450 1509058
1950946 888801 659244 1570318
1274729 1496476 137696 1798876
1785232 1135694 186660 816559
1973002 1159079 1611882 1212718
1202629 1469283 230020 1013529
1454765 1709836 1695044 68162
1486227 49655 1912842 1413181
1227964 1460544 175056 1098963
4828 310180 1076837 1794290
520646 772278 789996 848327
267004 872874 766466 1098629
635222 828189 1362871 734758
1215207 1806148 715385 964727
33938 926547 410921 481543
131523 925181 193932 1107351
495022 324587 1547166 1578501
522635 1957220 830100 1551323
1225157 575391 1889212 41760
776337 95760 220344 1058761
493501 240202 1066195 30011
1835646 1802636 1292843 802179
1947521 719409 38072 1042613
1833488 1966037 10770 458632
1716334 107984 881387 1965773
1033973 218657 1971162 1844832
1746018 884447 258002 1539042
1282241 1691545 595612 121969
742652 1312713 655314 1206113
1092640 636708 1704149 206628
439859 162659 211638 940088
1485273 873700 1106181 802459
1535292 1217477 1154593 851787
62535 1506374 1504733 1383665
500461 732409 98500 975846
189526 1116372 1796507 761581
398987 1203902 1888862 458968
1135889 1957888 1150438 1358832
373854 535855 1678439 532985
539194 335398 1651164 1936794
1352281 1850881 385205 289041
740979 1704776 72181 205546
616983 1994625 1192320 820803
1221987 45375 356885 602304
1343773 366389 1324128 290795
15980 1376552 896821 494348
1934275 456357 1926753 1955435
286653 1832230 1680324 1163389
1830691 1760757 1994421 1693509
712499 1261149 1569292 1978424
1092136 580085 1427398 1434048
1648689 1405980 1629642 740554
1064140 4071 1365645 1480913
844120 347202 1440412 387694
1390172 684659 1063942 1281557
1478801 205252 433724 106603
1391857 843972 1263795 166007
44005 45624 1201313 795163
1295827 1055186 472686 1317330
515347 998017 608553 1952666
1777404 1756140 1131799 1837814
1949280 669582 1576104 1545761
1434892 1137026 421423 726074
1250930 1590990 1397293 1657995
1230162 52348 1633203 1954900
1899509 411143 1670817 102772
1074416 1395291 1593794 1387093
1221832 501839 1713278 1812019
1909477 148339 849841 933114
541553 323252 422716 253525
177026 1490165 987741 599986
233129 1462215 348262 1673030
1362743 1636276 1108693 1896227
1025470 1013379 939079 1803539
195217 1946393 1027133 1515213
1213747 818755 1764143 515661
1737558 283886 651968 818938
294528 414384 1857713 1673171
277837 1038602 604400 810774
432886 1637805 270954 1490567
1082280 1656588 883920 1452539
309258 44143 628956 1948147
521512 1415745 1034755 1044132
843792 683875 996158 198903
1048434 326653 86323 9634
1267546 107267 1914078 5946
1280419 1025081 1542778 443873
33167 524783 1579179 1566165
7572 1760813 1910295 1652063
423969 802427 871155 735503
373124 373106 1513859 569577
1184734 1930972 62195 1632641
1462188 1142807 1780666 755691
1836673 1851747 1798548 1831535
1088073 2688 1765824 1896207
540119 1819703 660710 88415
1888103 48590 936296 552905
1826429 1916065 1881788 355839
1280832 429777 1294193 906372
34916 1476640 833200 1836643
1057412 1049422 1357718 784601
1853243 1967472 1081903 1601742
1015863 1996978 669205 1008775
1446107 1807212 1215533 1244103
1942964 988246 1188584 1842644
1813378 1206056 1934922 308472
304517 620283 935857 1841483
1081494 822476 273236 471795
1488213 1133034 38574 1855233
1765141 522552 661033 1149109
1524396 1906372 845237 491330
273574 320855 352858 1294242
1420370 502986 1673885 1346751
1264060 999456 1463166 1269241
218604 234970 1844207 682299
1384284 1762442 1068643 886833
784130 779488 288546 1531454
348338 1672666 995384 369156
1093289 1179650 1426902 917247
1957629 149681 1633371 878135
1950827 1040587 1207113 1720917
1690014 1053437 1913251 502669
1329236 1870792 1829398 737206
1036990 1672084 323149 1718728
1510397 1865372 1163433 199380
1048912 92453 41016 1331401
409446 1709855 1311663 583946
1405668 999839 744977 200309
1150523 1907151 1033317 30012
58111 1375089 860168 1194479
1060078 1201458 1206252 1604561
242029 192924 240222 546937
1501678 1400704 893594 1302688
1346924 1308673 1753624 280285
1566772 1415098 1251773 632462
1502200 747377 1605118 339697
540811 170681 1355545 706292
421349 1751765 1447320 75907
264732 367365 995283 610519
1026198 326035 1745834 1475702
742790 43060 1271722 1192164
415914 864835 1897450 1757743
199310 446519 1034129 1963998
1622723 528145 1531197 1615856
46410 447830 636266 465149
1227181 282333 1630128 1011811
1480645 749564 1810089 1847480
1101308 370028 521180 1181156
834670 1373636 197045 1047972
1658875 713623 1672016 997545
1523872 1943464 1186018 263709
1749899 757749 1891375 455906
874674 260455 531813 379553
1428768 1663519 1643031 682666
474455 501911 387201 1060271
384759 1963945 192877 1026568
50488 846732 1891379 855045
620715 1733119 197055 1770112
1712166 764968 601374 93942
1350817 1107973 681324 738409
842640 302171 1129505 1060627
938042 1321331 1426451 1956349
1587905 1145333 1726742 670638
1516408 12866 359267 1882814
182015 1725210 167588 846786
1302201 58858 1104510 1905842
992817 1530533 1254008 983932
1103208 991610 821619 1480108
1905287 448592 1700439 721828
1035689 1103300 1758887 607587
183413 76102 769617 220115
632830 448051 687162 1671048
1507032 1757684 669810 447089
296605 575379 1962093 1289696
41908 149475 518613 209566
1443870 1869589 1222110 79867
1598448 1390590 769268 1119645
43888 412141 1520948 698819
839594 748783 1732168 673478
862505 1005647 321875 1348202
770966 1254581 59682 613989
206683 134035 1116511 1706911
291518 220390 1570383 1952095
122858 390080 1795205 1822255
108250 1928373 369271 1557124
349146 834533 50267 1498632
655003 178558 661876 677204
796388 1071434 137875 1182665
286901 1243334 174614 1141839
769518 202433 1351655 388460
779506 1881020 359423 1836684
663904 1755339 1528740 1984223
416604 561442 1223739 676321
307871 1654040 1291330 1333547
1261352 1004944 17669 1513990
1046962 1411803 1894136 1468803
579498 1650710 986553 1446635
380361 1919890 705385 1678516
595870 1997671 420991 1718736
1227140 297193 1079938 883599
1278380 699820 677380 274476
9836 1290936 1569296 1317990
625712 943080 234119 381469
86561 1507332 484012 125272
26761 1024016 1627618 922117
271939 1691590 1626035 849993
910944 841243 566804 1767362
1635720 472663 316306 90050
569301 1199917 807845 1288370
350089 762236 1247687 1164437
539312 135098 1232939 1827236
1229507 1460462 218708 527310
760673 314190 1340395 71924
250775 916244 1090998 566984
1670431 340343 1430338 426653
406868 47054 593518 1254195
1703605 1040548 393454 186422
1169924 1704997 580405 340831
429021 64934 672233 1908390
1800770 58265 245964 1169796
889217 1684447 1115325 314667
102498 237258 386027 167557
471056 1682489 1536634 1413196
1093424 17777 1974122 601203
676817 904548 1921408 1467507
1648351 679768 990452 985177
944338 997046 927048 613986
1819596 495900 1314889 1033514
1005387 1838631 328586 1400971
23993 1766318 217389 1023981
886537 1732278 51211 1414360
1999296 1461119 1085992 1835404
1822707 854046 135112 1194567
1403321 1064209 743867 302125
672541 1796382 1741471 1965125
1586011 37215 237472 379919
82757 1138905 1512376 1776926
28546 1746413 769993 369048
1915015 12015 287627 1740551
468390 552820 808251 214663
293486 1400078 220290 132286
686017 1884483 1630430 1175083
1503643 1341451 1497305 147971
1530278 1320283 1548488 1680574
816435 1847945 1687675 1066077
1348469 1746039 349859 1047716
973061 1850809 1832601 1671714
155401 1364771 727421 1122681
1298176 321720 72773 224498
1412575 1840180 1725763 1520399
188097 1521443 243340 761999
800595 1180813 1529285 743708
1568435 1637892 1007200 236635
1933759 1937857 593995 776703
4532 993516 477307 588016
1206297 1363501 1866749 910516
1251538 1514146 1911259 1743004
654623 143527 738032 978391
990438 548543 1355530 241222
955361 290306 1268238 1085572
169641 931478 388871 549180
788732 1238294 328259 91250
645150 701506 232800 506129
613585 1674251 627397 1769430
1457863 816397 116364 1450767
1854200 386666 717195 1190046
992506 1788845 198627 270666
1053093 1489955 1561767 642011
634886 159004 1056287 818264
1316079 1077019 1742943 74446
20637 1343506 1814237 165694
32686 959341 614162 1306696
158885 1996396 718861 226904
582511 610609 1725365 1810522
376399 164694 1619466 1878719
851019 770226 1786380 1383843
391141 1101938 1518737 373595
1958999 1671950 435090 495317
1789963 790733 126041 1412388
1123178 973002 1824769 727576
740928 446239 953897 1000186
283457 328484 1711049 432404
275385 1059009 461926 1135790
983751 196628 1248772 1833943
55323 1335743 846477 1494560
1999471 483971 1331735 1596565
1761475 738350 347278 403608
251096 463507 1554624 394502
1789378 1976205 801325 1254145
1449995 804101 1904575 504780
759367 1738136 1455300 1984453
750604 1977585 293447 449541
452549 65447 1607553 1407229
1120292 1391764 1729188 1879542
859158 1152624 1607128 1578295
657289 1781528 1515359 1795067
1906094 1696557 729382 1893189
455063 382952 644576 1101573
418469 438902 1842192 16297
118554 1996951 1387962 1045325
789502 25989 186742 1485844
55852 514041 443091 868867
1108300 1904091 1532533 633601
1167128 647215 153103 572778
1668764 253532 154765 270144
566861 1985516 857942 876521
1923609 1089333 1713465 62236
1599175 789927 1177535 1062322
122872 303622 1813878 898466
1872267 1689967 652321 1736426
1924600 778848 1787159 1955143
174383 1011226 470895 1864690
474257 359940 1919448 739034
1288062 846364 896153 1510537
965802 172554 116699 403401
1074896 654773 390388 972502
835901 1077901 75260 1368196
409151 624083 15611 1973718
594797 1884770 1665934 630886
577132 1605579 722501 1138325
1920645 1411330 1655312 955588
397556 1938383 654429 1868410
1361119 135383 1093472 1622545
202833 411512 1819838 1080568
62903 1624159 892892 771845
1115779 1121015 79012 563168
1824690 147092 1180764 1644554
1269061 966257 161354 1685381
1799388 1284048 1631262 1898466
1362074 1594902 26968 770262
1956612 778340 365113 1968893
1489454 1925352 853026 1011351
1660452 1514427 1288740 501922
344674 631132 108263 917662
837190 629361 385136 1903983
725884 1052978 114796 412384
1453652 1002393 410481 1876855
820141 1119820 1568578 1846532
63686 1197396 1882156 839200
840023 1627609 361774 880442
1710305 717060 78400 861559
1835039 34732 119285 779673
986144 1588071 1001595 1313678
20534 991548 25875 1864780
841272 1546129 954167 1514430
17135 1354401 1472712 1723323
62947 1145120 1304935 810527
295618 1326599 751858 1826328
1294926 882510 1153266 1795068
127005 101173 1142291 1353912
1042786 1509116 454909 1093278
952148 1227815 135696 853703
1594292 1154359 391841 1757643
1614883 1211763 1885637 1604589
1492551 1420523 1946556 236126
1117390 1319667 1009732 1524945
207355 506245 117740 384188
171424 1570836 1531897 1311498
975143 1147950 637221 1681827
1058186 1240755 685301 1654928
1030920 844159 1362644 1595061
684244 1105765 701644 1166215
1964928 431854 344643 1851259
1747716 1074562 1255880 739199
1132862 1135958 594886 548914
362940 735962 897687 1771426
923087 1219084 1881072 932832
1826969 1787253 39577 1382690
646691 255220 1366448 746629
1018262 1062894 903064 1821670
1208367 1253194 1448233 74029
1898439 645958 1453503 301360
874304 41921 623534 1980963
1627795 15954 1013323 30218
71078 1855436 1722397 1688430
578459 1970070 821168 1188895
795101 1344726 1585116 33975
769841 1465585 897923 1676779
1976548 11104 1314675 1413226
918633 368819 502666 1570937
246167 317527 1438759 1115828
684794 1485341 1144982 477936
766707 1778011 1266889 399990
1584856 1398826 556743 1846321
1892599 1812533 1963767 607887
372727 846746 1079888 1181139
1253459 828997 893945 1742308
533491 409901 646298 551490
756524 234961 1645047 1068492
809305 353237 1802 1373648
1363053 200208 302038 1811466
1990345 1604829 1666198 1556384
364675 858772 327342 378022
1544184 875867 249023 857125
1023390 447932 530293 1036135
1590898 471523 1243594 1113981
360351 1479507 356663 373684
877882 1681845 465633 338095
1025449 151879 154059 1296856
752429 1193937 1722140 786786
383536 636149 343616 693094
454669 1629644 1199413 7054
64238 1887795 296393 1782909
1943666 1565445 1698524 1652836
1880978 839700 1680059 1898540
377357 1408407 163467 1167724
239068 478192 1587524 237287
1674199 1477081 904046 645493
935954 1337138 833038 1954095
1565345 1024328 1105846 277031
104790 837554 1797820 1692203
274359 1379697 1793293 1517658
1029872 1680682 819875 587270
1988545 1520503 1176404 1922907
1146905 123076 883700 1226490
1078221 502313 1395008 1476674
408557 540628 1016185 837138
1294347 1828353 973727 496228
1739440 1534005 979733 1437496
335484 1655416 1678503 1723182
1695376 1738456 1360050 1776623
1590726 518581 1365289 82121
1371914 1383498 1844670 1338164
832547 362073 1932591 61922
1268057 1377388 358361 1228211
1928054 330959 542218 263259
1285382 1215386 8493 1730182
952872 88123 1347859 452081
794337 332337 1024862 602768
1815530 1279714 1583311 145048
1567255 215947 412389 61117
1266884 1172795 455024 1948132
843006 1435318 1826175 668770
878413 967283 100558 385342
396676 1496237 1827157 730718
1430118 70879 1672310 1605228
1526266 1395413 518894 1179132
1204273 1433740 1162652 559571
787345 1949032 1969992 536919
265198 629954 114043 1383054
310510 1575360 1309675 1787322
1339352 641377 1387614 1184979
1002180 1593605 577978 170675
819980 112685 1467512 1079813
357915 1886321 497419 903102
471376 1396996 1261579 270435
260368 904836 259207 57158
1391946 386128 1465099 1213962
85559 686582 30376 1929884
1382715 783857 818726 1003115
1239287 115000 579344 1384323
613069 577968 1052497 889333
420469 1346502 1261095 1464920
1128892 1620178 1197105 1611849
547582 1537782 737588 1267032
1103369 522559 61092 226147
1628635 1829574 1064441 40365
1513482 1593577 820750 979583
1091493 1746040 1332766 476133
1821636 1771644 1600393 101905
894025 250298 1523908 922685
1768401 1775951 1476698 1301945
1270942 860798 125787 466663
1663059 1986622 1889665 1734097
1774644 1879080 1369000 75182
1697508 775613 1450098 1026352
54146 1709138 437705 394807
1423385 539911 1328646 1364372
1996347 1498581 327132 184697
795615 1758320 1968145 1113570
854576 260391 827731 1147978
1358511 834561 580090 914548
1270808 1405265 150760 430769
184774 1789993 490217 477449
1039940 790907 675308 1068198
1458857 1542142 1725291 1225111
1785728 1601303 1232206 1370265
263087 565674 39115 1221750
1198183 1816263 1447284 1485618
1140232 1445689 160216 1103523
1183172 66439 1501575 1149169
156563 510511 395656 966819
1436164 1654121 1554582 1985576
1555795 456167 420997 1405461
1393889 1319188 1785581 902816
1169745 1674936 646362 1630491
1702422 330895 979961 1281212
427251 1132446 1267015 945362
534888 1328494 230393 888024
914656 1219487 46763 1797712
332335 410180 1328357 1854287
1111093 1582635 630888 655592
832952 921187 1489599 1087077
1383719 699402 246964 1845686
1147102 1202582 1878111 1808316
442362 1352270 393994 1940984
210319 707534 1448590 531735
1763015 1002326 739836 983179
398089 68700 890395 15607
903541 276904 331279 1563807
1627903 1197512 42068 1845301
963883 626399 205031 1278570
1520086 1862579 172847 1218747
1772570 812011 506567 942367
1593279 1558286 1789515 1897638
825344 1344057 129968 954080
93187 1740497 1861869 325744
1047950 1604338 845959 1404080
1470758 1963268 1641927 1860787
1711668 1997474 1833192 652951
1293137 845331 1834940 1310133
425946 1021102 888310 1753569
1534400 424088 605138 1736466
314486 578591 679275 1001576
655307 1261451 1418577 739886
1417777 93740 845723 1626308
1309196 158142 760020 1629114
165417 1409193 1208245 1066611
768752 1648970 34338 287222
248557 584425 303582 814365
1099059 1746631 626872 915718
1984447 1169010 1990467 1827048
1915815 1628968 209736 346415
1222022 186725 505126 566369
325688 534438 1038129 143497
1678951 1515343 1302193 820014
1314060 266234 787064 589809
342298 870240 1051558 1200889
647087 719160 1426779 1185010
563183 1471129 761581 1688417
1912141 406018 226401 756956
410488 1002515 626984 1305171
815625 576888 795421 1613312
70977 1396813 1335893 1162078
1345868 752558 867850 1912050
1366357 1441439 969453 1181654
149418 635277 1440753 1003018
41392 1785999 1531238 1773184
771248 1366288 1189849 1458334
1846669 780249 603261 805270
811887 251272 1891376 254905
1416797 1789593 717054 557300
1740782 1933772 1067082 1058421
1883875 1244288 402277 1090924
