2000 2000 2000000 2000000
1 217765 170398
1 1586645 269792
1 1098140 892805
1 1107232 1672821
1 360091 391841
1 1112233 89612
1 214132 177292
1 1767917 1530398
1 1997839 1251630
1 278735 1372781
1 248041 1033280
1 1572643 409022
1 268032 1842563
1 1524974 1278657
1 175796 264336
1 1744698 1083512
1 498783 1165041
1 653987 274848
1 181110 466597
1 856600 1736128
1 296371 1131867
2 1370976 1090154
2 911884 448434
1 1560876 1244725
1 479075 1855299
1 719577 1448732
1 1415029 406815
1 1639372 817193
1 1337971 1103799
1 1737548 214099
1 600859 1214031
1 337472 668089
1 1057129 1322488
1 903984 1103896
1 654641 1414700
1 1539716 508667
1 1524563 1787306
1 782 188344
1 1941860 1361976
1 437644 1902477
2 1876835 1314512
1 847570 1938813
1 1315234 1355515
1 238861 1224460
1 1009108 153255
1 1488405 1433912
1 153457 1526711
1 733920 1702513
1 1322413 190587
1 333901 1271699
1 1867244 1566545
1 1860848 486876
1 605688 27177
1 962315 1650100
1 1362707 893010
1 1881363 1352318
1 1395822 1575751
1 1256766 1587713
1 439299 594779
1 815241 1565898
1 969876 727616
1 430608 1516638
1 1641978 1896161
1 377133 1904490
1 1203220 561519
1 1593304 942055
1 872861 1750132
1 1162766 519977
1 1833201 753726
1 1159371 1228163
1 1406536 284928
1 1091912 1845640
1 1471637 563749
1 1021101 70453
1 252667 1434512
1 1716660 1261316
1 379065 1245271
1 835863 139188
1 1352594 1927511
1 888728 1274626
1 742728 1517123
1 998709 1322719
1 1761481 1393887
1 1223360 1611896
1 369954 758003
1 1370146 1711595
1 1885164 1440510
1 1913313 168297
1 323429 634887
1 1367495 1469993
1 1756518 948888
1 1310675 1300257
1 573215 452146
1 1847625 930712
1 531523 1734293
1 1128115 1909557
1 197839 1430869
1 1288657 1135547
1 106257 962652
1 1111606 412351
1 406838 952601
1 1148100 1749675
1 1694282 689223
1 137550 1014176
1 556054 709763
1 1721454 460999
1 1213266 99420
1 402734 1917566
1 1078444 630743
1 139009 1522770
1 298537 1616487
1 791951 665980
1 1112818 454320
1 210211 1253939
1 805763 335664
1 157544 1640702
1 1835269 60322
1 1505601 868074
1 1413111 816773
1 1482282 1254340
1 1136534 1835399
1 488764 406341
1 1152286 1897417
2 766338 502090
1 979516 1352734
1 35823 1331019
1 795978 154935
1 1674800 713899
1 710830 412466
1 1661668 794696
1 1942923 538095
1 253855 670529
1 1586941 1099718
1 1862904 1138611
1 807569 539647
1 1977853 1809148
1 1643279 400178
1 60297 862345
1 665323 1176381
1 56439 703032
1 492975 1448922
1 1840040 1652373
1 1600689 1699504
1 1702712 452306
1 1515177 1052126
1 848200 233112
1 729084 1399545
1 1503911 330939
1 919174 949370
1 1933117 742062
1 1253026 1032425
1 1322029 1965243
1 1938907 1405368
1 1287254 624054
2 1597064 1917397
1 1686139 1810125
1 124333 1802513
1 314085 535820
1 1101179 645386
1 43102 1977519
1 1212553 1342735
1 1911730 919315
1 1065343 667899
1 1563436 274460
1 1523355 1584429
1 668927 577926
1 924161 1942406
2 1269480 1825523
1 1565946 1985859
1 1543323 1399200
1 1168854 487248
1 181820 1313458
1 1433763 23600
1 734307 659825
1 1855527 1380787
1 207691 132385
1 771231 678580
1 1120798 208348
1 943712 1312756
1 932525 727468
1 1020346 478590
1 1127684 1991926
1 505070 990903
1 1216649 1770247
1 1573698 624286
1 1556529 22197
1 235335 267194
1 1569357 176312
1 1374915 283507
1 669301 1332066
1 651564 1104087
1 165421 585281
1 1755414 203853
1 1237999 1585356
1 455017 441982
1 1262612 725710
1 222702 42360
1 1675572 848327
1 1329298 1544872
1 608511 784100
1 1570574 1279808
1 885801 1202028
1 137079 808259
1 580728 44087
2 1401782 1244307
1 1444842 894386
1 1954650 222974
1 526141 318141
1 180471 27426
1 377938 1205013
1 1192001 1719228
1 1646030 1359641
1 1546845 142977
1 1025653 243858
1 1624759 1206994
1 556377 804294
1 831544 353691
1 1021014 755121
1 1968076 842279
1 453139 239582
1 1462535 1880039
1 1484897 1762500
1 945890 163107
1 514403 1719022
1 67674 1857383
1 1285696 345076
1 6794 1989804
1 1410633 1546077
1 1341839 1563602
1 224290 1029566
1 1546619 1342043
1 876271 1466476
2 989067 1738126
1 567614 149876
1 1186231 845726
1 825064 1405757
1 1136195 559896
1 716317 400821
1 127967 1471718
1 1954191 302932
2 1772619 457473
1 791291 1409115
2 260114 1964077
2 1122223 1101585
1 62332 1988856
1 1922520 1472397
1 277104 1846422
1 205848 36049
1 338471 1960559
1 973303 968545
1 1511359 741158
1 1822361 1302839
1 1991765 981215
1 1252901 1992816
2 1532312 1904027
1 655193 812704
1 1256534 554760
1 746930 989605
1 1928948 743568
1 1674135 138395
1 612404 1156370
1 812080 251005
2 1112242 1292588
1 1955902 1891542
1 1556859 19393
1 947687 729739
1 32582 711212
1 306621 364417
1 898151 1506450
1 912001 90133
1 516148 1429853
1 1535753 1159867
1 1926589 733392
1 107293 1649568
1 953002 448094
1 894861 1177154
1 301883 1171368
1 31512 848631
2 618917 1153877
1 1915782 1979404
1 28679 328341
1 1492518 1688483
1 685306 321361
1 487947 385981
1 1788522 1979242
1 959887 1304828
1 387710 343360
1 587952 1765144
2 38570 1794198
1 531567 1937068
1 58465 1585363
1 626701 1758336
1 1793302 1165879
2 1435385 596871
1 164123 1016921
1 23057 1994768
1 1678440 675224
1 1866009 1133929
1 252442 1398223
1 1409850 725767
1 862180 554909
1 1103422 1572009
1 391283 1492195
1 807769 873613
1 550995 1993113
1 821939 836383
1 503946 835484
1 920773 1613428
1 1706708 631148
1 572746 1964182
1 1215914 1303247
1 852601 1537400
1 1432257 298770
1 797350 975440
1 1422835 1499706
1 784404 230956
1 1664847 287505
1 550174 1172815
1 1348967 1372629
1 1755813 1627031
1 443021 426178
1 848578 1759166
1 1529904 107639
1 67429 349466
1 753265 1528632
1 106514 423881
1 327259 1239423
1 1654349 1015255
2 896469 1554580
1 1227175 152329
1 484812 1152964
1 475572 297495
1 1690131 1018994
1 1787235 837813
1 1774631 205214
1 282851 679695
1 773862 185187
1 1380790 1904135
1 537947 1981927
1 1327711 264756
1 56386 1063342
1 422469 390611
1 1695713 1597578
1 1635295 908377
1 1532047 945054
1 491280 1031522
1 489029 887356
1 549513 377047
1 1134827 1034610
1 259464 1906046
1 307260 1639285
1 1341149 1698990
1 105550 1828378
1 1574207 1280497
1 702439 781215
1 296755 666463
1 1122349 180624
1 1501901 174389
1 372860 41645
1 1513902 701064
1 1825519 228251
1 1384434 1631601
1 1185993 367947
1 1494022 1362670
2 362463 16650
1 177562 218031
1 166055 1892948
1 1445866 1096052
1 945370 639890
1 595492 1335665
1 297873 240459
1 1372767 369868
1 1683674 1744441
1 1083421 1488743
1 739393 1559540
1 1371298 1711684
1 1998608 417951
1 528835 1454521
2 575573 1462350
1 412932 124383
1 1779313 529335
1 1825598 908669
1 43266 81411
1 496122 98374
1 520903 1839993
1 596000 1494817
1 1450788 1358377
1 1052186 1085314
1 1925122 1714055
1 582125 852789
1 934560 1685347
1 909957 716831
1 1582360 109247
1 1262707 1080292
1 159642 1810833
1 1739867 825255
1 526067 1837291
1 629429 119980
1 54383 1809379
1 1961355 155386
1 1483492 1595281
1 679880 738564
1 1380295 1237849
1 1545645 692060
1 719403 1373327
1 615848 1547335
1 302339 690140
1 573559 246866
1 636303 1727794
1 93214 1686492
1 772040 1767385
1 346642 418779
1 1448803 482898
1 1259013 1494988
1 936926 99923
1 1542830 1976224
1 253169 1263934
1 548922 1216311
1 691595 732762
1 973427 147481
1 1528026 1198345
1 1764350 1740189
1 1297215 1921662
1 536591 1869721
2 1912361 1571523
1 368375 649723
1 1076102 1852257
1 1388488 1542546
1 1124985 1925623
1 732986 162122
1 334304 102513
1 1857062 203751
2 1754489 1639962
1 1209636 1919620
1 109899 1528705
1 1058982 1279854
1 1696315 1642064
1 1738035 417726
1 386720 1125802
1 19751 1384084
1 1503966 967312
1 269567 58490
1 1435874 928335
1 1635980 506241
1 1221475 1220165
1 217087 1311425
1 485125 435774
1 989763 509128
1 227219 1948615
1 1216996 1564099
1 1029874 134283
1 43419 907044
1 874586 1720015
1 1590319 1501835
1 1927368 1599678
2 450063 1730602
1 1523430 1606633
1 1563899 1408465
1 1648017 1024564
1 654574 177974
1 1947419 1174604
1 97473 1573236
1 190911 1586713
1 1967250 307758
1 686041 436840
1 1254428 677771
1 787223 78822
1 415826 73075
1 631800 327421
1 1931558 920374
1 158493 171129
2 515215 1264803
1 763100 623061
2 30400 521557
1 1250461 1537365
1 80980 957933
1 231244 1523123
1 1059434 1060249
1 247225 685470
1 1972313 1246191
1 992384 1743465
1 184467 993718
1 1529414 697709
1 1735877 647217
1 1488473 1298697
1 1724488 1724221
1 1002290 505457
1 253534 238377
1 559424 212996
1 310444 731373
1 1803047 1622113
1 652743 1674528
1 27219 684453
1 1635990 34045
1 1843488 24775
1 41489 45380
1 852632 1061514
1 402322 273674
1 146341 1957267
1 1400258 1154076
1 881403 171826
1 108461 114091
1 1989643 51938
1 492728 1747157
1 1264664 285156
2 268115 435422
1 552416 1267717
1 1800205 318880
1 1425094 657929
1 31150 322215
1 1468785 568576
1 324672 648391
1 237696 87537
1 1538048 537886
1 331397 1140073
1 1075769 173231
1 1905355 1821940
2 863629 1527253
1 170927 1875299
1 253704 1488408
1 817023 497526
1 1267857 1035014
1 647751 120587
1 1186706 1872079
2 1036491 979156
1 1349900 1425891
1 159343 1940640
1 1335305 1237393
1 955033 1270384
1 342376 427207
1 1909394 159853
1 801960 1232005
1 892233 547851
1 786024 1450722
1 1567259 1327798
1 381198 63807
1 1894154 1520157
1 504222 1969115
1 54898 1399368
1 1478562 1838458
1 1919113 473893
1 1112416 2532
1 1340915 526627
1 1194092 1301933
1 1716554 1096386
1 130177 1038398
1 168346 1549703
1 1836800 243818
1 155256 1522172
1 697346 37469
1 561377 414915
1 622244 672930
2 342071 664793
1 1115983 1089629
2 1239105 77876
1 372746 1691510
1 1834357 261307
1 155637 1042717
1 1607883 1897765
1 1980454 582290
1 1592010 1744601
1 485997 1610329
1 1281378 54156
2 1042300 1493454
1 771113 1469360
1 1286906 1440601
1 349343 1942296
1 604650 1425316
1 1710294 591683
1 1755713 458651
1 31479 624534
1 1098980 69342
1 775489 1632143
1 103133 619456
1 1928460 156341
1 1344225 1802818
1 978674 1074512
1 1012475 1745202
1 1751001 1928694
1 350930 513901
1 672280 1906962
1 1598904 246556
1 108885 1662590
1 1354866 410397
1 442402 1785789
1 735199 291660
1 929111 1103531
1 1253442 925254
1 1549462 553940
1 630222 309255
1 217075 1963655
1 309544 603809
1 742701 533844
1 1750919 787767
1 160461 343210
1 1524101 1354242
1 1768629 186645
1 292692 1793644
1 138557 1583185
1 1519706 522506
1 1337963 946709
1 469125 841083
1 14477 370237
1 653093 1929102
1 331913 753387
1 512836 564404
1 904154 1479898
2 1949783 1549279
1 1309616 1470240
2 715805 914880
1 1080775 540198
1 836728 1055958
1 1340819 375298
2 115316 1068399
1 1081180 1944065
1 1039397 1871038
1 1544341 403829
1 1427882 88423
1 1984900 437230
1 1778454 654589
1 1450629 332575
1 869946 378379
1 1077681 1810993
1 1037785 871520
2 1179928 1686336
1 1091358 1565793
1 614582 1634956
1 1488119 1302900
1 1335885 1197609
1 939087 825614
1 813100 1381081
1 1584816 1812950
1 1548624 1420758
1 1136105 14358
1 82831 863743
1 1154389 444594
1 35254 1372289
1 1577294 1966848
1 851521 1642842
1 1438902 181463
2 682048 1361774
1 1186601 613587
1 942902 212791
2 168023 418103
1 521864 1141901
2 93981 1843324
1 279811 1178237
1 1480877 337263
1 63759 1667063
1 139147 442894
1 1034935 1487885
1 621325 455800
1 1272130 568384
1 1392578 634101
1 939342 1138835
2 847322 795985
1 1938231 1551431
1 1949150 216111
1 1626883 285615
2 399701 655474
1 1605737 482305
1 1151929 1017012
1 197024 526735
1 1870583 134300
1 173515 1444213
1 67327 862938
1 1238004 1564327
1 686961 1064532
1 1146636 1201800
1 849346 1365917
1 1464622 1102135
1 1324716 13398
1 721578 777905
1 143461 1943643
1 743558 1578890
1 1304480 1807291
1 1280150 515196
1 113126 1248778
1 1256272 150985
1 56180 1338172
1 737415 988612
1 915212 1702649
1 310177 601987
1 1544875 895588
1 1032975 954465
1 1252188 1723197
1 678302 1742750
1 258365 315871
1 330027 168827
1 1622850 1118431
1 1558295 499939
1 1768342 502322
1 1581032 600487
1 1112237 1245700
1 602806 1718079
1 1045343 861000
1 1490586 131800
1 1110270 1895090
1 1400301 417807
1 295482 1936275
1 382384 1176583
1 984216 1973050
1 1710855 1597430
1 336908 523132
1 1084234 684950
1 108509 309299
1 1986082 180553
1 733093 1327224
2 234771 44182
1 293999 1585129
1 371520 955258
1 650862 473772
1 1708367 1515509
1 1055140 1887995
1 86861 1158771
1 1864090 473743
1 244915 528699
1 1404914 1321975
1 682064 1674064
1 1245144 611413
1 537369 589154
1 362571 1994720
1 1246717 78488
1 387902 989214
1 1701774 678817
1 748102 1349171
1 744303 127933
1 960534 404613
1 1233018 832620
1 1656685 1920687
1 577821 918215
1 1632136 1614060
1 283988 624119
1 1075961 155494
1 473999 1114009
1 116118 598091
1 338369 1606604
1 924219 1571967
1 266695 859240
1 1987903 1181413
1 1580441 1648836
1 1339586 720146
2 655085 45882
2 1307822 1941463
2 582905 1712864
1 105967 879902
1 1210721 523649
1 1591430 728352
1 1290670 1688652
1 1779678 593383
1 1920107 363643
1 130940 578276
1 318313 1771510
1 880061 1182961
1 1364793 1942966
1 222403 1638611
1 1971155 1205779
1 592988 1359564
1 1849978 1545976
1 1346620 1448703
1 364975 26441
1 280762 1376589
1 1387450 1518604
1 1616084 174504
1 413285 1931641
1 1774516 505489
2 1472234 785942
1 1730987 1061660
1 429273 778738
1 838098 430055
1 850756 1189481
1 1297559 605779
1 1621246 123417
1 733103 1493765
1 1274171 224988
1 1627630 1550273
1 1232401 1430858
1 1942233 761881
1 1805466 1630912
1 1936401 1146782
1 1618539 397377
1 795028 1853531
1 1404168 214366
1 1443956 335891
1 1173734 612844
2 1806058 293571
2 1392104 957413
1 533430 210443
1 847147 911851
1 602637 25335
1 247644 1656896
1 1170284 155433
1 1045046 1380933
2 1155509 691333
1 1403037 801079
1 795179 297133
1 161857 982526
1 427459 671447
1 784336 123528
1 1204489 900569
1 584477 577133
1 1043471 587449
1 430800 1758613
1 312729 1987647
1 806405 433412
1 1917489 31934
1 6210 1647080
1 1145821 1643532
1 656680 1847090
1 59294 368514
1 1089219 679650
1 657653 1332794
1 563179 59530
1 1010866 239685
1 1205296 1184590
1 1686824 73487
1 1142975 443279
1 439803 190224
1 1502409 1536886
1 771568 74403
1 828249 1511408
1 1121757 906768
1 230727 504829
1 407105 864882
1 1202631 1609304
1 123377 1662041
1 1281160 1565610
1 181276 416514
1 220726 213989
1 1972880 1558092
1 183913 1223145
2 1804874 744656
1 258851 108901
1 554331 1463072
1 1169506 366868
2 695685 143218
1 413184 1304114
1 583102 1806309
1 1659 1805235
1 244266 1776078
1 1825763 1412450
1 1160739 16531
1 1606614 267459
1 1805919 501858
1 1514984 1640614
1 480039 1744062
1 82123 58569
1 1055164 547070
1 225310 595875
1 1829112 18828
1 1579726 1607757
1 1068314 977748
1 1617991 200529
1 951178 1350414
1 868992 519566
1 1392770 509590
1 1942841 992752
1 1328005 451905
1 1177640 305590
1 469723 795064
2 221351 528335
1 543948 344616
1 1139722 124359
1 618960 1626443
1 1677213 1803660
1 580673 862100
1 491817 1568891
1 1400095 1937184
1 787590 48187
1 1487422 1717774
1 219473 343328
1 791511 197750
1 467609 156634
1 1819250 813198
1 361962 306972
1 567840 1634215
1 1107068 65628
1 898741 399794
1 1927574 1357574
2 1481424 1567870
1 258383 1314116
1 320709 444721
1 1895106 514213
1 102579 314845
1 435526 1557063
1 623158 1981315
1 634252 439095
1 1231642 793062
1 1359260 1206603
1 1409696 1710349
1 576015 405428
1 1916167 1960864
1 1491176 1604191
1 1171664 409930
1 1022620 935956
1 1017716 1840408
1 457949 269887
1 694344 1529282
1 34347 615868
1 161673 326895
1 1617290 377326
1 1379339 1335705
1 1773169 1491225
1 146451 1042329
1 63917 832348
1 228694 151837
1 60539 1426034
1 700831 1608121
1 1961918 1851331
1 1681722 548754
1 121488 1415868
1 271236 720358
1 1267581 1037774
1 1938218 1927169
2 169350 997710
2 1216954 1555528
1 956581 182640
1 971981 1909400
1 585962 1923622
1 580403 1468871
1 1504524 571751
1 1321983 1787925
1 397660 1955791
1 1217532 1185559
1 531593 1640687
1 1083579 911392
1 1574586 1066888
1 1409829 1395113
1 96549 1960271
2 1131953 1427508
1 1454347 1203479
1 915951 1956494
1 1842755 1836474
1 74750 1513230
1 765471 273769
1 565234 1043676
1 1091922 884346
1 1594630 1552095
1 743571 1190897
1 1079656 1254344
1 439693 858316
1 342454 977295
1 61221 268389
1 1174677 1436945
1 604102 1278997
1 1825500 787186
1 203976 1695191
1 920150 241250
1 1023892 1210414
1 1610580 406731
1 1662311 1271527
1 1863743 676780
1 1353492 1432058
1 1151949 1788386
1 965905 253269
1 1486063 713800
1 1338512 773095
1 427104 1690475
1 1019915 319287
1 202875 505628
1 804322 394693
1 1608344 925892
1 1919697 1207940
1 903255 1134985
1 1775307 961441
1 481390 560817
1 1096492 13356
1 1788618 453905
1 1059105 1171186
1 735426 1595381
1 766870 1895428
1 595695 523085
1 1709565 1628087
1 553360 1604261
1 737689 30217
1 67264 1624897
1 175719 1878134
1 1387102 1638360
1 1273459 35161
1 781657 82339
1 557687 227111
1 1626128 1134558
1 1067568 1741114
1 1853048 1658654
1 1887352 872838
1 1874929 1356786
1 1317485 210209
1 233441 1414547
2 1296430 193290
1 1020255 615149
1 874913 954626
2 613895 1539732
1 117450 1523858
1 1731444 391433
1 1798146 1136356
1 809423 1718833
1 792758 895284
1 276531 158521
1 1696038 1347326
1 574297 261500
1 580609 1391081
1 1148973 367234
1 1661475 604675
1 452560 436254
1 1084158 322412
1 1067132 1322415
1 1961752 1472864
1 992819 496678
2 1569131 1116787
2 1641694 57575
1 469832 1522068
2 1498582 713748
1 101678 1598982
1 1186803 1317927
1 203460 1562666
1 186660 1482670
1 1336868 1376142
1 668107 1825816
1 685198 1976229
1 1700787 271481
1 465231 1067558
1 835363 1046122
1 372847 1807503
1 1923754 1856484
1 1955159 1237046
1 486660 320575
1 1877337 883806
2 1638524 310420
1 1707347 1945022
1 1483357 1137180
1 1949539 2980
1 1618510 943895
1 1455123 1121490
1 1320647 365516
1 318330 1020239
1 1151224 798704
1 184673 1090679
1 937931 764154
1 917344 687937
1 582884 703334
1 1623945 1662148
1 172856 472320
1 630469 153090
1 150409 749089
2 423493 1320944
1 958900 1714810
1 1415737 1600208
1 460746 1745754
1 694840 384851
2 1879918 895504
1 1001691 961980
1 644092 706677
1 453653 1868118
1 1018020 1581256
1 1997959 1986126
1 1832405 1498019
2 425423 803866
1 1831656 1201003
1 161545 712423
1 1654304 756045
1 288986 433188
1 1126788 1321275
1 1188275 1851219
1 707782 1854677
1 257232 122074
1 102067 1339057
1 1694930 1432942
1 1101418 1679799
1 1387068 1341379
1 1923034 1655133
1 1216128 1976619
1 391764 1544410
1 938347 1231975
1 1433867 1460671
1 341231 532924
1 1693160 1317910
1 1684504 1469879
2 285522 126819
1 314012 413132
1 1406391 1564650
1 305140 1255592
1 1720306 240318
1 451415 741083
1 1585277 1005208
1 600345 496814
1 1281566 1944345
1 1185602 468713
1 332049 974405
1 1031053 1385956
1 103274 1660137
1 1306966 115723
1 440427 1074330
1 610876 1494059
1 713744 1775243
1 471583 1950081
1 610992 1043605
2 1409150 219348
1 917079 560074
1 454394 1131295
1 420210 763833
2 807217 1750966
1 1599494 1260020
1 550007 426932
1 409885 538901
1 1074211 786302
1 823184 1465685
1 1732426 843026
1 1078623 1044595
1 1456689 1117258
1 794361 1139101
1 1827887 1808904
1 670429 1242807
1 1146767 1087567
1 675989 1719399
2 254998 756969
2 1746322 1323397
1 787188 675825
1 715955 1254522
1 859330 993848
1 1388860 114215
1 42267 1904990
1 478969 1995746
1 1146861 810733
1 18750 290558
1 1647964 1091430
1 1339788 1867573
1 442469 1987871
1 1351494 106990
1 933615 1755347
1 671430 1244067
1 1537798 309092
1 1851151 281951
1 1225650 479703
1 287059 1101611
1 1933798 1180213
1 1680333 599105
1 938056 1845723
1 908466 1370056
2 507441 1381125
1 1681391 1157326
1 1022373 1835522
1 1351202 1462523
1 102861 1787198
1 1439631 478728
1 371628 177783
1 215581 1394883
1 733678 53263
1 428818 738631
1 568692 1946361
1 1738374 600928
1 1858443 1428774
1 534858 1872488
1 876521 262619
1 719309 634767
1 1979512 221340
1 1575918 608424
1 1276239 1509240
1 871672 521522
1 1834937 562990
2 964024 1545471
1 692024 1411067
1 253455 1303746
1 821431 468902
1 1737338 1912130
1 1003517 1125793
1 1342080 193630
1 390756 771386
1 1908294 596355
1 990715 960661
1 68983 431917
1 1240759 918059
1 699594 1446775
1 219931 317150
1 661566 274869
1 701492 1071758
1 532125 465381
1 1738704 237664
1 284804 1984110
1 137423 20620
1 1273792 193016
1 642077 627016
1 595555 861478
1 451679 1815090
1 1441016 1937974
1 888508 1764976
1 865553 1814163
1 609177 1072136
1 300236 1611374
2 1208123 609344
1 1686896 1518947
1 1351574 1612786
1 268480 664601
1 901912 1503415
1 1566796 1679426
2 1438138 1938122
1 529605 1108080
1 1500483 1861448
1 1611331 1368681
1 673640 521774
1 1497008 46259
2 1351822 1715720
1 506950 1645610
1 503560 752573
1 552860 701252
1 634406 1089049
1 1495655 118043
1 1930078 1216679
1 1359096 592718
2 1003275 1299122
1 1080292 970724
1 1960197 201839
1 138199 1785790
1 1481658 1358965
1 667229 172793
1 639086 350509
2 334484 356257
1 1197458 119739
1 52532 1102641
1 1859579 542011
1 1903676 931889
1 1552098 873959
1 1979030 822351
1 1257954 351665
1 922145 717398
1 574140 676714
1 1678509 752788
2 712093 332021
1 1808801 1582622
1 1383513 1269479
2 927595 1790418
1 1476957 1089202
1 1154860 957634
1 84034 909113
2 1431913 1635024
1 790022 25364
1 1312083 1109568
1 893774 187933
1 136709 409665
1 1848366 216628
1 83428 487802
1 231223 1690512
1 501201 822517
1 500970 714613
1 384649 110722
1 295479 661570
1 295003 809958
1 86157 1607263
1 1670218 244054
2 228750 1696670
1 1291322 1688012
1 91246 1088058
1 1192556 573522
1 1163410 1617436
1 551419 1361962
1 1928194 493684
1 1224981 165069
1 1464829 1308178
1 716676 33744
1 546513 451853
1 1366558 1190951
1 427301 478302
1 179858 1404136
1 545015 192174
1 1547178 783779
1 1470268 955202
1 1310520 559204
1 316123 1744216
1 1073845 426838
1 191344 31927
1 459738 909741
1 1069659 1096462
1 1701478 379309
1 110949 873288
1 1190779 775029
2 856444 1470678
2 1236878 1443993
1 1700936 831644
1 1265510 1735290
1 1280780 1752569
1 530525 8664
1 174432 750577
1 218037 1727526
1 1012490 694151
1 97281 171939
1 1263160 73807
1 1919359 1230127
1 1257139 1463861
2 1524652 1170322
1 1328120 1442867
1 687927 786283
1 393631 1884160
1 795397 1627912
1 738271 194210
1 512848 1656329
1 665500 257718
1 1210255 672519
1 239222 238907
1 656975 1589676
1 391420 453690
1 694143 1162925
1 1027656 1391319
1 358902 1087221
1 811329 43016
1 1087791 441954
1 1116341 868689
1 1487190 979774
1 104253 645861
1 510571 991094
1 1253025 590887
1 377658 892886
1 516394 1558806
1 1261240 1584717
1 1817234 1501662
1 20555 755894
1 1771128 1584836
1 10564 106673
1 1125238 1355424
1 378033 763460
1 1779972 1139817
1 114551 230803
2 595700 256612
1 1034373 1027849
1 902358 788349
1 592620 1394174
1 221919 1511702
1 955084 1274300
1 521640 1942373
1 1208811 688539
1 858361 572712
1 1210205 907086
1 780096 162138
1 1734705 1281806
1 88163 1187298
1 121158 1911640
1 1137823 1609301
2 578353 922291
1 1006954 1114615
1 1038834 1366071
2 1544745 660679
1 1883951 1285120
1 388006 308372
1 1642959 636798
1 1346901 1803527
1 1415512 51331
1 1583177 657150
1 531561 55579
1 1494450 1436832
1 1829886 601264
2 1736307 1893895
1 272356 1934449
1 625932 1124898
1 1398332 1053174
1 372147 800571
1 234060 1117009
1 118098 342051
1 1518600 121467
1 1542920 1730410
1 579576 1439229
1 1480745 1127446
1 1098279 91409
1 907732 212694
1 1778475 131398
1 1612800 1454100
1 213922 676193
1 13516 1346060
1 710615 1033539
1 808653 409995
1 86266 1336626
1 1688267 364752
1 464126 550186
1 452117 162522
1 1610115 350049
1 1774782 596974
1 1117639 1991406
1 179189 1172389
1 129811 1180230
1 1852528 353255
1 1774100 1822255
1 1334303 823678
1 1928264 1608597
1 1572847 1545655
1 62481 961238
1 1244620 660490
1 749160 407404
1 973584 1113771
1 1704192 1660116
1 1638059 1414964
1 934008 1760885
1 525282 1808885
1 980082 453090
1 1203498 492092
1 1318544 1798723
1 1526404 325127
1 335532 639160
1 1425573 738555
1 520950 509442
1 415502 848715
1 1462285 86668
1 892670 816775
1 1145651 1769242
1 834826 668959
1 1690374 868860
2 590640 1634498
1 1860661 861862
1 337073 958134
1 451426 1167431
1 37163 64880
1 584385 691644
1 780826 1335836
1 1669178 1702842
1 977983 1450108
1 525175 794228
2 967948 395699
1 1653666 887161
1 1149361 1481355
1 1586015 478556
1 1204268 1008909
1 1177247 1932550
1 1878960 639869
1 691093 75648
1 1273808 1804318
1 1218326 1637569
1 200102 217140
1 353179 145208
1 1021646 361724
1 1353662 1157905
1 1682899 137781
1 315302 1501363
1 829622 1294042
1 550611 294127
1 1600784 1675360
1 1877969 1994092
1 1401319 857243
2 1809795 1393418
1 1944355 1873795
1 1679610 578774
1 252711 1314106
1 998657 1144998
1 344412 820061
1 32619 785109
1 1747206 71242
1 416641 1816485
1 1879807 122833
1 373889 235697
1 1489963 752094
1 310401 655520
1 1649114 1651166
1 1866626 204601
1 778880 1250058
1 1552314 180216
1 1625716 1337158
1 250540 1263537
1 317172 1530355
1 1216402 1360821
1 79758 1039331
1 1774777 1854546
1 1113900 1991162
1 1233774 602950
1 874581 1066177
1 1606432 704831
1 814294 544586
1 969361 995945
1 402509 1978913
1 478776 181695
1 1778846 706410
1 1426439 1302152
1 1674965 892666
1 635607 1802975
1 1044384 572847
1 110769 1972654
1 1716317 1317576
1 233823 1935421
1 252069 1661159
1 820198 367403
1 1267112 1087990
1 1310323 109151
1 271930 1066515
1 1830787 57144
1 726073 1725739
1 1793469 1468267
1 1927963 834053
1 773415 278459
1 1811294 1478642
1 650614 97944
1 1867845 1783582
1 1114956 367316
1 1014713 1537281
1 1890275 1780416
1 954982 67479
1 1980134 1385080
1 63086 938566
2 25271 371783
1 113931 687268
1 1652904 1882269
1 1484392 432790
1 1565827 1000782
1 960202 1835475
1 1417920 1411224
1 1413248 700856
2 144814 564879
1 55727 1176371
1 1027213 230902
1 1611563 331362
1 960180 746897
1 1088344 20386
1 27135 792315
1 426221 1019835
1 1435114 138371
1 1057313 1720384
1 74512 669514
1 925306 770084
1 1119171 192154
1 821533 357593
1 1943910 717912
1 1094504 1884371
1 530853 694360
1 1352056 1331369
2 1354100 407643
2 597886 129802
1 514147 709635
1 1002248 485998
1 1916127 707933
1 586561 14195
1 1093067 1047966
1 623254 629705
1 1726540 224034
1 897184 338962
1 121775 1692134
1 867774 1732862
1 1437383 961132
1 483263 1023917
1 1329817 1003826
1 1874880 393201
1 684850 1322465
1 1417457 1907779
1 736493 1246603
1 975307 427699
1 1928243 1370274
1 969449 927542
1 1509415 892211
2 714918 1245617
1 1541361 485469
1 627296 1634072
1 545580 1424419
1 1034909 1135793
1 1214475 1132303
1 1282738 1956094
1 1564471 1880797
1 443039 1107012
1 1170671 1486132
1 462974 824803
2 519285 223906
1 75531 1894437
1 1572879 1827929
1 294901 209271
1 1474196 1807525
1 1386671 1076369
1 943858 218776
1 1244482 852399
1 1046617 1106213
1 554940 231620
1 1809619 1115476
1 924079 1701120
1 589855 525605
1 1527727 760990
1 1094059 654549
1 497461 1926101
1 758524 459514
1 1483733 289315
1 965672 585736
1 156161 1907436
1 1391391 33615
1 812107 472173
1 1890905 1293726
1 1800425 1363479
1 1847823 567607
1 1938170 1445532
1 1021485 1080688
2 685945 1602697
2 1985014 1109514
1 1995707 226763
1 1135921 73707
1 1035802 805906
1 847362 1881937
1 1099482 257803
1 62898 1777840
1 339151 1537836
1 1281434 1408092
1 1667658 1362766
1 1739240 1234738
1 1185564 902252
1 1109625 84397
1 767618 1844922
1 135497 1351158
1 257512 616430
1 1897691 1752908
1 488923 1604584
1 673725 1196672
1 1051755 487820
1 626716 340447
1 366927 158397
2 1308926 1283116
1 508495 275852
1 282806 700398
1 1264815 443029
1 1213187 1364955
1 1174411 1915045
1 1840725 1589059
1 864943 735051
1 970244 694480
1 1120201 1565785
1 633579 980173
1 524907 513121
2 1456242 19135
1 682314 1363462
1 299328 120852
1 1075 616599
1 1272540 1222494
1 286068 1056719
1 734094 1938215
1 1006177 647882
1 275449 287528
1 1369299 30826
1 57411 1296234
1 1972240 1473769
1 1144566 134223
1 204207 1401273
1 451386 422018
1 1550958 25965
1 1841703 63652
1 830844 569221
1 1088546 171898
1 497923 96384
1 1181951 77206
2 432398 1414310
1 28861 1121467
1 1263425 1463879
1 223730 1904787
1 1698725 1066774
1 917443 681655
1 1185112 1370191
1 668831 650101
1 1381136 441794
1 673861 1534029
1 1912386 926140
1 148683 1867099
1 934800 645031
1 431863 1374303
1 1808674 193978
1 1270859 32208
1 1749720 1832852
2 274503 1829519
1 1601905 539548
1 998832 1359103
1 798943 1762445
1 720458 988243
1 1638563 1425193
2 1842569 365625
1 482725 436226
1 1541292 554809
1 420864 1555033
1 642378 537223
1 409887 858591
1 170260 1495125
1 1044452 1831487
1 1765996 924546
1 333943 136267
1 1113533 1426619
1 1484082 1874938
1 1329543 1597013
1 1367897 928011
1 1349878 370054
1 40860 957145
1 869507 638065
1 1703058 131662
1 263099 582953
1 1840485 1152531
1 1703967 78695
1 1251419 1185541
1 1726534 186732
1 294067 852432
2 1335287 1734225
1 199853 556607
1 897813 349719
1 870852 358704
1 1084056 1801233
1 885599 591739
1 495217 981726
1 592035 1319839
1 468857 1527423
1 183750 1236587
1 1062410 1853831
1 1300013 929841
1 1856651 364665
1 1446634 1607172
1 39145 1511727
1 373186 606984
1 1648150 1652385
1 95964 716755
1 79016 1208379
1 126845 1690761
1 957070 1289673
1 258568 1277066
1 1057104 563176
2 1576769 180220
1 144760 646011
2 1390530 1609944
1 1097190 1279463
1 797362 1679958
1 313864 1173725
2 1290963 1434711
1 849844 1265995
1 1036222 690439
1 280219 475449
1 1696186 881678
1 664773 171511
1 175530 394202
1 1051751 1761884
1 1344334 213854
1 977774 74590
1 1927603 135285
1 1747734 74780
1 339938 32262
1 327864 121536
1 774247 1191817
1 962404 609244
1 1922860 855504
1 335823 450108
1 1577994 823191
2 1439883 1043113
1 1875913 914767
1 480000 455385
1 881207 886846
1 567478 8079
1 1685283 1414880
1 1298129 376579
1 327063 160392
1 851205 354200
1 879585 161652
1 737396 1758874
1 1620452 1565766
1 383573 229
1 76993 942499
1 507336 1939500
1 778534 1547489
1 49027 482312
1 1370928 742798
1 522433 1817633
1 1388084 1820578
1 681920 707971
1 1058038 1635676
1 178622 134454
1 906420 1472767
1 393404 801798
1 1996184 1340224
1 83113 1700189
1 1401019 1099120
1 997351 1893288
1 30584 326996
1 426034 1833839
1 476169 146117
1 14614 718343
1 436357 869709
2 1075974 1898040
1 123775 1261893
1 1654940 991695
1 936854 687821
2 1084404 803321
1 618718 558837
1 1025196 1820306
2 1717981 377664
1 1495312 937245
1 610216 905363
1 1967784 1271181
1 906358 1369513
1 1327198 1228583
1 1867196 498758
2 1582399 128354
1 14723 1069170
1 1477089 457402
1 364996 237448
1 1850564 463993
1 1307684 632248
1 1967472 1217464
1 1930724 823290
1 1567954 1645168
1 948065 1655581
2 1662232 895859
1 1168421 1419433
1 1190335 84670
1 1435812 1216592
1 500969 1261164
1 1018764 44632
1 761444 1318037
1 806204 943229
1 359798 1286926
1 1970204 313042
1 657241 1868386
1 606723 1443951
1 1576049 1197845
1 32056 1870398
1 405842 642319
1 1569310 1077193
1 206441 983342
2 1663169 1713930
1 1225504 379663
1 1667995 1236491
1 1720896 199956
1 1436798 1170174
2 1767442 599272
1 1314591 1734989
1 1794604 1313071
1 557633 388258
1 174972 976197
1 1505476 649933
1 1792183 1632686
1 524337 1946878
1 1526364 128624
2 926657 1347383
1 938075 474848
1 1748276 1311684
1 922380 1338138
1 932214 1683942
1 1500505 1754396
1 601032 1845422
1 962734 838241
1 1733627 622906
1 454400 1771661
1 996464 186545
1 782045 1665882
1 984822 378584
1 1965764 49129
2 1897016 1869148
1 1980422 1387844
1 151 1777072
1 289512 1600191
1 910780 384078
1 1073802 744564
1 40194 580298
1 464857 1894820
1 1774287 233119
1 368726 1439116
1 1961803 1115597
1 1422101 359381
1 510847 1286464
1 1839409 1501650
1 10219 720824
1 98413 1977509
1 429547 510906
1 1746670 1386624
1 878354 727610
1 1856874 842129
1 785626 978368
1 1556971 1630398
1 1374861 118800
1 625620 367030
1 1247787 1383307
1 626100 1027792
1 1869012 1564276
1 213700 1536375
1 1441264 1618921
1 152982 530740
1 224177 263872
1 496039 573935
1 476800 1891635
1 551361 709224
1 457878 9022
1 438775 1028324
1 692162 256782
2 1985674 822606
1 1269167 377458
1 1456834 1026289
1 482645 29463
1 1848129 1943626
1 677114 945793
1 661575 933837
1 1643841 358220
1 1293059 1001957
1 1173548 1030952
1 1847510 1318039
1 1482732 965528
1 1055546 1985095
1 1214451 1194763
1 1863190 216965
1 1124736 634483
1 264945 698934
1 184141 1558408
1 1780254 1469384
1 100829 715699
1 278199 429108
1 1453137 1001452
1 1176796 463096
1 1490837 130803
1 953956 1494645
1 1457762 202264
1 1314376 1097882
1 1540640 53834
1 490176 713975
1 298814 1092679
1 332497 875988
1 494817 752535
1 588427 1656867
1 1044528 798390
1 1716691 1514590
1 272882 1799471
1 1969522 489764
1 769937 1681073
1 685630 824465
1 227432 1878977
1 454903 1867193
1 127353 392888
1 395021 1686019
1 1177553 226670
1 1335517 508755
1 112361 257425
1 1675857 1504812
1 752259 1027635
1 990470 1331414
2 832324 1348576
1 296111 28623
1 621482 1985066
1 302664 121924
1 840760 1356780
1 66696 652339
1 864081 796756
1 1363584 1816915
1 86052 736964
1 1064407 468476
1 1698828 64306
1 999719 21012
1 354898 6355
1 1968857 850376
1 239408 1771942
1 797337 1951373
1 1564236 909237
1 179404 926490
1 1573754 86018
1 1378726 796793
1 1531170 1470788
1 196178 422264
1 1798083 1596569
1 304536 907721
1 1188338 580228
1 1368005 1362278
1 1332311 383441
1 1421714 1552693
1 308682 247581
1 56342 409534
1 610614 1123589
1 904606 51002
1 211239 1853621
1 1243761 1193575
2 746881 261689
1 1551936 1920561
1 1680380 1462482
1 1999306 280884
1 307017 1109316
1 1055663 1055941
1 1666114 1292558
1 507203 1229225
1 941397 413080
1 487851 1094602
1 1925662 1553922
1 1640741 505588
1 710850 1560376
1 278456 364576
1 1171750 216767
2 1383225 59139
1 920228 1461085
1 1312434 124864
1 1370137 1116746
1 1964138 1647225
1 1537279 1066593
1 15608 374802
1 1206053 1264660
1 1477325 386498
1 1720901 1496023
1 1245024 948713
1 1135585 350260
1 919648 279190
1 1500977 325460
1 1018691 676504
1 1650402 431130
1 686683 1823639
1 664150 1154407
1 844280 1720907
1 1514645 1794792
1 370831 79408
1 1065476 1279122
1 701536 459213
1 802105 1200006
1 1302121 1712449
1 1048588 779528
1 1307325 1049194
2 63733 612347
1 611731 1281945
2 1290840 307112
2 132614 896374
1 1300298 123610
1 1511951 1877204
377430 558502 1996132 285070
1616419 1445975 1851586 1108380
1026488 1683570 564616 281530
393118 803674 396857 26463
1613472 1488387 22643 1107944
1361609 152367 294178 27162
1031463 1870505 1374749 1641142
445149 73967 1698260 453102
56167 1763820 1537392 170256
1516829 1151217 1370953 1950356
1228993 1074737 358182 1952531
145662 1345516 469709 80148
873334 335155 881970 1977862
249677 1721242 1827780 196435
686517 260951 236662 338226
1669063 155370 627508 277194
862815 1082368 1725988 242598
1174923 1395776 801783 1901324
180728 831874 1482406 1620412
70159 828499 313581 341296
674790 52579 731376 1575860
2373 578329 1703605 1919466
1165389 1538762 1870714 1361948
1330045 982221 51952 309534
1336013 1847669 1195892 1540678
1314224 882888 1213595 1173358
1071118 1437313 25357 1523154
1707883 401200 1336554 301844
1043499 1797647 1005857 624484
1072569 1013944 1973165 527930
1903240 1753497 1255219 407849
575486 1889033 1958730 541482
134679 551183 1527548 1461305
71356 1951993 1948842 1637672
1247712 57014 1820139 1829079
387954 1952684 729436 1316267
1763450 1853381 1807211 971915
1162761 1742298 131017 1341511
1728049 1590398 1691790 221674
636323 1537503 1731991 515871
684972 406892 450803 786138
1855419 789662 333609 63841
23453 603713 1501903 1760369
225572 1266207 1190404 188729
1900321 886544 1323395 987917
1518871 1145212 282500 37883
1912763 273286 1825026 770818
1938901 82510 1308468 449548
1012693 549066 1292770 1447055
1284858 1635030 110581 1208089
879179 1300028 1169699 1604719
294074 1928803 233843 126032
1719627 957345 1347622 1323278
895522 1399337 1804959 487886
752245 1117960 1065141 1271690
717894 383763 239280 532813
382495 134638 1124667 932348
1107593 1953911 157423 877429
1401135 1595186 1742163 1698713
1399622 1494882 612394 502397
572047 708796 110751 759546
1335518 1108996 1766508 91576
1682680 234559 147069 1465819
1788717 283106 601844 273773
95558 1635501 1198227 1454007
1335742 1035551 1542762 1744791
1825395 330534 964822 867126
1731786 468175 1864233 1691095
529445 1663586 1085632 1688087
1979861 1995741 163804 507949
541354 900180 1304846 471744
1785892 188459 1625631 745155
1165789 1090638 1646865 139693
250701 270753 1217720 941300
40207 1122595 1768273 1579852
1681021 548360 1052986 1320318
1669514 953122 1436959 1422664
638045 536408 698201 1853294
150139 1098120 227533 14505
49851 300320 215776 1697028
1086416 434989 1378307 1726469
158347 312759 1504540 1061876
1900894 778547 1486045 1262363
1291143 904626 404636 450688
1615981 557183 839130 546451
972208 522461 803703 1894305
687509 967147 1733937 1178638
464815 75772 1936918 770870
1706391 1600211 1744869 440334
276073 417469 1280038 393095
1837953 164597 340076 1065138
1780163 1963989 543635 755649
45318 678408 1143535 160098
160698 738707 1144082 528512
721451 161103 543327 639608
1036557 415438 1393001 1500668
641449 207556 1591712 1436113
1322118 1611726 1597414 8561
327991 841621 541385 236250
1334497 187284 28594 187492
636766 713423 1754016 189704
1986726 1102910 676739 720807
1799701 1632706 1189165 1682895
1554165 1197479 273003 1274344
1559422 26799 657295 154464
364561 436170 732140 587594
1142705 655712 1948934 1175620
1130212 464146 1655921 879137
857620 1380040 1846186 815228
727709 186938 896848 89595
448905 1242563 1929064 1082712
1003851 473642 1282870 893934
1008681 210853 888285 1476188
481837 1038653 819033 50511
919586 788307 1963450 1197590
631047 241309 302949 279746
1533797 1945642 1152546 1661652
1964373 1221767 925383 1245570
1130877 316933 740553 560402
622688 1319893 323461 1201019
617289 1240789 1882277 1742458
1161225 412758 1719925 766199
613863 1440987 820586 1449893
1663280 1994644 406373 1612706
1525957 285695 420535 1197703
1451540 1381861 133605 936097
1042177 1732943 1353441 515747
1069112 1252022 1987374 1373471
1409198 1336263 981979 1759867
179700 775375 1246155 127110
814795 381554 587007 1640203
1034019 73844 657720 1030391
1311302 1127904 938030 314328
685063 1327879 1269154 1951231
1887216 1459617 1787965 830928
1789837 1393031 1935541 102440
556465 182508 105461 1749422
455440 1781392 1824347 269775
1334448 1745086 700499 854514
1081870 717334 499668 521064
171890 1901485 637068 260364
1070178 450913 1387387 62239
1145189 795541 1698618 1829206
1404044 1898255 388851 463154
846250 1714829 1013063 1074490
110498 1393128 944752 1816756
133523 1451816 730689 1537788
1909843 902216 1735054 1759970
119358 1951084 907160 1574416
242022 608051 1126578 345093
32482 261351 1242391 1922219
910502 1154912 1305689 1541483
913090 890881 114430 1824231
527157 898312 408789 810490
1696120 736727 278162 83382
142710 412472 1918975 989887
1143313 1607685 117756 636145
716120 42027 1157791 1797835
1751509 1578247 546843 1887361
1267747 952220 1645493 1781040
1613035 335313 302874 1996187
510453 1909599 1645904 1453376
1036862 204301 800832 716070
764460 1921164 872762 1998302
1216572 1239813 634554 1413909
1240678 1807227 1661868 1450835
742153 1009508 494491 336912
696020 753603 1139380 1847098
1339153 1921402 59501 701095
1618324 773961 526182 1792994
1252602 557673 307410 1113012
547727 639870 68705 657651
1303813 1432466 1802871 1946330
917076 879960 664488 1339653
649103 1285231 919795 1041875
851705 479329 370504 348930
1910524 674134 1341473 1314165
1939940 724697 1814117 577973
1470856 1341737 1221755 1250800
635921 533293 253629 888219
218670 689044 1568077 448056
443613 176197 1284655 691708
1748199 1178741 625663 1228249
865826 1455961 1563590 525073
1336172 1695934 561107 218422
815449 1985143 889194 1862136
1869415 1554966 1310415 990890
1756220 1329170 1302441 230019
1907330 1498038 668106 1417119
1979808 1015698 1138614 1515672
106159 210883 277627 371383
943451 610958 686903 8810
814088 1085882 1496385 707589
761588 835485 1197497 849884
1075439 1810238 279620 1937941
298 1224785 1603866 1213267
774235 1505458 1098192 426476
916523 380008 192875 1648281
1843029 274395 1760644 247431
1055682 109262 1895519 1629150
1071093 434343 1239957 914392
809177 852753 910874 1450750
1743236 1386298 1706814 824515
545827 1342598 1789240 1897542
1855049 1181023 1227781 1508930
1550058 154371 878806 1705395
556213 614394 1182336 1328238
1952273 36363 518966 412368
281565 166407 1163710 625435
799189 349990 745109 1036442
1314583 107780 565617 1003745
1635601 1637550 1076459 388486
85132 421427 811209 1606139
278240 234423 1518585 322083
960872 726027 1908501 1357866
737236 219882 796408 247488
1461 1107817 1714544 734373
71241 1396877 1206768 883769
279946 472375 1134506 1642352
89762 830287 1062250 1296727
439518 1769066 112968 1960084
1823593 1988910 1547471 226490
139347 266928 46870 740270
1878426 893742 1921980 1628002
1198947 212867 62601 1643153
919639 1601222 1561164 1272963
57047 430658 855181 616430
166395 1506338 1171543 1200390
1731843 853253 872834 1317407
1967904 1604233 1821288 1844996
498357 735230 1490024 43061
1124722 304864 1579237 377451
1001320 1201304 1097262 87109
1740874 531934 1079613 675320
1908766 606507 111120 872775
214614 1022737 782027 1768364
781604 304418 1920438 1779247
1993 349598 1332097 468290
47314 1362421 1347548 285533
586516 164263 206825 1732779
1977670 1237642 285867 114138
79274 294255 1940804 469211
1928203 1785102 1281776 353523
278967 1369602 1755188 1262700
1302142 1415440 848433 459701
12647 1835877 815960 1926254
418210 1206015 1589485 78478
468556 112343 600514 1585047
1190061 702487 350719 994215
965280 31898 1565879 103644
536749 1322269 1810027 503064
2119 1630011 1794021 122812
1723799 640264 1195295 1684487
1217813 1348642 490945 459682
1553094 173355 1193016 761014
441691 870866 865158 115814
100333 725978 948865 225999
257054 1555301 875889 622400
1457688 974185 396486 834632
1941620 1229686 935481 1546843
1211969 1220276 870174 710898
373021 418176 1327390 597174
1144823 1990535 292061 602937
1669052 2581 1466952 42818
802973 1324845 1608059 1912641
463432 1535993 982231 538226
759183 1973543 630917 1005013
282262 1956705 740406 144250
46368 1346030 829199 1988887
715670 1326668 724978 411163
1775594 1132982 10344 254960
1967337 228572 429884 212115
8766 1932517 236313 1714218
283700 1700425 281031 467187
213590 465967 410550 1549198
940468 1728841 1542946 429428
835705 1978998 557771 1100028
709992 1649280 436491 297773
958723 1707004 1512765 1683113
1345089 547912 1744453 1278619
1669260 864419 1577318 1173311
624212 1929887 1289200 240522
469964 1402769 1310283 512694
1137270 116556 758196 1728586
1465922 365494 1480941 788631
580035 1731130 995111 268482
1882837 612504 892568 1415223
911431 1068913 915726 56942
1676948 42 435346 603320
1908492 649218 1781558 252256
1834090 750386 1791267 1420756
1513290 842920 792919 1989324
819870 469607 112635 145328
170173 163220 1842152 1530262
227042 1569260 291486 1679306
533051 1250744 996426 1071788
202578 815865 731522 109827
300953 1794721 330835 773861
1631649 1142693 1789466 629124
729978 1523551 283424 391071
1041621 1871492 1893959 1141115
1845425 571339 168554 1585754
1766746 907369 561534 1509552
434202 1884027 1962840 1228079
215594 1843254 537875 1660046
347288 1565534 1431870 1716609
119755 73717 919132 665630
557442 1312773 792826 243497
629050 10189 1766282 1584984
1015027 1573263 912136 886223
285856 1331217 185712 192784
180530 816857 1036764 641275
168610 1135686 1256173 389313
887958 438557 459114 476551
1849688 1837333 1443682 1927436
377582 326868 1630572 538863
86603 513268 1375565 867130
984429 1094118 1190955 388501
1350499 1490288 1849855 445827
1865285 747622 177948 1213819
1823053 580623 591908 1773728
1354064 1381912 1107614 1591068
129673 1875176 1665271 1701847
170647 813122 1973209 399311
892817 1938910 654488 1000937
1889966 745222 947565 1844942
493818 1302555 1596498 1454321
1539585 776916 1330255 1175610
308856 1273304 1649939 580082
990369 937157 986230 71355
97651 363750 1929812 46552
800333 1828480 749042 1816424
283582 1664030 104438 1334495
305923 918703 998202 1988454
1919339 1214013 555731 664219
1123997 308536 608145 1435942
361886 1619539 631661 746126
391157 1569962 884549 1183133
290370 326120 1464539 535001
479050 1073875 1234687 1027277
1303394 1874037 731316 1982536
325840 1763220 1927429 1818594
1612278 230479 1833432 1195177
530662 345721 1600011 1035100
770108 1335378 1822239 97212
1135073 559721 854796 1099626
316794 1546897 50384 570500
2745 530656 976438 227184
461377 1309742 1506221 317995
1403856 110675 338755 500173
814565 1087789 1221001 20320
380994 1924780 358835 165920
1059385 1249521 1769414 581467
60549 1552388 604146 1755775
1606371 1909222 569333 69055
1794634 549356 1196947 1049901
741681 1751498 191585 709989
1044596 45183 951216 516813
1583312 334410 986804 436483
1233919 638845 934954 1231315
828926 402843 577575 1608689
77967 1737337 1047525 132820
714466 686574 620130 319473
1273453 1876049 751498 972486
1192333 1498798 1598792 1489535
459292 481702 554727 618953
1031076 1893561 425969 1123244
1806915 1646504 1440953 480412
537994 455282 1000255 43022
84024 1340860 1378374 1858602
1851326 841793 910490 994517
1468040 1946691 802192 1521706
384797 286161 961252 738062
91640 241549 677279 249367
1788847 1423435 1008768 473548
1595315 621941 376526 1990472
663960 1169127 1285776 1706889
1917968 131439 894111 1339541
1249084 1679798 1059829 1620134
151915 216971 1956904 1596697
1461724 1379933 1834493 1792223
1989604 1091895 1417353 1191370
1492877 1530449 599347 21137
681208 262167 1040687 1663596
1078929 1656140 1372817 636692
352079 970784 38883 758088
1560633 1305655 378853 1655326
1487216 476951 1848367 694204
1140024 937761 1627037 1702656
1881246 1390991 1544485 539034
1328419 1912537 1572845 1779662
1606858 801884 1306603 1751754
1251312 610557 178320 764132
749886 1378193 1414936 1728181
1065488 1193 1601824 822859
1929247 689682 1269523 815719
979915 1579508 270020 234169
1971406 149670 1436582 888815
1772716 729780 1058914 1833381
727651 1873722 763260 1118843
1252900 772548 1581953 65478
661376 775528 1155904 1577040
1563185 1401919 444352 1355761
455696 252062 161166 497029
1902948 809347 1522105 379812
555448 1191668 1699534 707902
200601 1836947 971784 1283056
1601221 1048445 769473 1393246
1357999 1179751 1715782 1467104
1890185 39088 1363709 1389454
1678953 1142460 514032 653853
820089 1841403 1124969 175146
958046 1278469 1685658 308463
1040131 1398330 167769 80578
77653 1047979 1272895 1908341
1477537 529687 1356079 1793596
686173 1347104 1241670 1467525
1186649 1921160 323780 552235
1108716 357955 228266 1063147
1983712 1433418 1242638 1531872
5160 467132 534750 1373453
1968133 856156 1441781 975629
765352 1721358 1107071 1961688
1428299 506373 1312354 323351
740 1429059 1345393 510132
198241 1450274 1308412 739861
450557 1116835 1583410 1797779
920833 211362 450470 1646191
455338 806630 314478 461540
1311507 1135362 1283099 50633
557954 1050190 292480 1298614
1340360 52184 1450170 1347811
536155 597799 775763 546852
598820 218489 266070 1481298
345709 415381 1181438 1580380
903094 437409 1621520 710717
1775039 1602904 1203853 919041
748599 1530703 580253 1798320
824305 1863262 1130594 503423
1492924 851387 1227131 1371754
25680 515113 1325175 1267052
1532371 434637 144021 495161
1556462 1736605 430003 1096981
1317154 1528326 618746 1897413
1892703 1476878 1833266 1821225
1300107 608274 477695 753042
901918 1908556 511519 1750276
860743 228350 1605454 940790
891572 1870712 1808823 9533
391359 1043031 131035 1404816
1892547 857702 1657643 194465
490099 853896 735170 101367
821966 1381408 1883721 602165
578513 800722 5590 1767279
503751 486197 1777375 899176
1831707 152572 485987 1482810
167669 762025 1611078 1368377
711664 213612 1458703 729791
533571 1918849 1030445 1626670
566979 792774 17840 1726480
930133 30216 27347 1830805
482026 1491014 1087442 1704643
1893465 57191 807024 604387
320419 1756062 783105 405485
691948 635085 234507 464284
442656 1379787 1268424 1883630
1968227 12580 579726 1108608
188153 172500 1977593 1058977
845972 899113 315363 600836
1883574 1038345 1784046 1822213
1311272 231006 1622594 1052819
1017031 995694 364939 1524489
652648 1491778 1600728 296630
1971480 1403836 396808 121010
917924 903554 173243 483476
509755 410742 1997233 1885334
1123557 147568 1599376 1511520
502967 1133193 1736563 581928
63255 950407 830000 19678
1317132 1203532 614339 772799
1165006 1186931 1399576 622726
1319488 356703 1346145 306816
1735721 603157 175217 1584003
1211827 533771 442035 761524
78934 1655450 700769 1942144
1990814 1272402 1342507 743131
504349 623482 369343 793437
1524114 814234 637178 1083263
547969 17775 1981302 1943931
1510363 1548026 1720140 1725228
1836316 1262614 1382365 724947
288764 1529600 269770 524928
437277 850516 1324474 133742
1689296 569706 55793 1000389
62578 848100 160869 1174995
1025262 1340161 757562 1363500
797735 1437763 1615441 270405
746302 388963 222644 1542142
1597416 72284 1791340 1565603
351608 1726474 61996 1478168
253710 505747 1501555 1534625
1199993 1635978 528158 1481780
1548259 1486994 1026962 1541916
1557180 1017571 1693334 872579
1238717 956646 1994514 1998026
861668 1142738 887533 1863656
1165153 1996109 1361438 1612151
909882 1489108 970714 1836043
422568 220978 974160 1424938
730383 564701 2479 1881354
957709 1096793 779020 395246
654546 1012077 905534 1820902
339797 1736889 1724962 433489
738093 1716759 265764 811737
1107387 1580300 1168679 1219038
1432023 1832495 745982 42304
1198842 1340341 889329 1839601
1066922 435782 613869 1388303
508628 131546 1184491 919567
324478 495959 1857908 782549
220029 701011 1294872 1045101
1966491 672123 1049819 1671802
563840 1151234 1428854 262941
768404 101979 842740 657774
183949 667591 869254 1543000
65160 1895473 1174315 1718819
1502116 696293 1440413 212546
151781 725918 1217243 53000
473865 1776211 208922 1106402
545595 364448 1771850 1966531
498901 984555 1756841 513315
135563 1325642 118143 736569
235702 1976115 985532 1668469
144070 149577 1170898 708793
1836277 1298617 1566993 1245156
223047 716819 775029 1944202
1806146 1385244 1191576 1425189
532638 1906284 1315296 1732410
369725 811969 91633 249699
804948 644801 173071 1660468
307112 1266996 937027 794714
1692682 195867 218510 99948
680315 723977 1907314 545708
678847 362178 863393 783202
613767 774991 1881825 438111
1759871 953269 476365 1334372
1611585 230823 828852 119991
813075 113084 1372924 824810
583871 388292 1940552 1258405
1873104 1942390 1772305 412740
1014822 1307370 363410 58370
1221053 824808 263657 308021
1835919 1486638 397604 1443741
1904504 879642 1734228 630269
218904 1121783 1285481 1146667
814891 1554478 1740359 908625
1448453 478352 1055250 1422420
161891 1927354 450098 1543186
1321391 1052953 348672 1763169
1986660 552149 1710896 898802
1395445 1360414 663590 1770173
742207 1399077 1595304 898925
1610405 986226 1957422 1455708
1497746 502955 616590 693559
408504 1856852 1242817 229751
343006 1099958 1337025 595904
17971 434930 1916087 352431
1715226 920244 1498808 144282
963949 1657831 1365358 1956250
1449874 1032977 1111342 418227
804152 1415118 255087 522663
1704375 922882 1851570 393655
151797 1578737 1985813 380760
1992310 1638530 322225 1347735
615127 1634966 173971 867947
1601539 1535765 137228 392818
1615339 160905 317848 784750
603784 425139 1100598 424773
1551231 1616977 971258 1259895
619610 437229 465276 1001680
104532 632732 1489680 1497942
1527066 439861 1025490 426377
1835203 883317 957105 1838016
222491 372863 494726 1509078
1688587 979618 1576270 1751552
1060043 1901170 456484 252602
613591 667952 1276973 806441
1355754 714726 334191 1644501
1774097 1158623 1129479 1378415
886090 1641816 117342 919507
1360411 1038316 766839 1447083
1828955 396825 334079 1156612
724081 1437317 229947 1846900
317749 1144883 1356115 1209696
1708562 1489692 395158 1432138
116525 1912337 986512 1475487
461473 210632 1826638 1424741
1030190 1427628 1535614 311816
1070880 1151817 81508 1162594
1204028 67203 105125 994732
277876 811482 1663450 722183
1507227 1140145 1014535 1217830
1283929 1063615 203089 1053506
723462 822102 709254 196076
204069 1769714 1983871 1479398
1736902 713153 1066688 1308347
557672 602623 1251211 717665
722185 310584 1600474 544910
1425983 1788737 1442192 545083
184128 1218408 699011 1595928
882173 665160 259217 1778036
773153 1940775 360843 1958934
292974 32401 420051 1025928
1827508 1320388 820870 943994
44429 129026 249884 760669
1290641 1325501 1298843 1849488
293245 851362 379799 941592
741123 1718358 1410866 489597
134386 1871196 1239574 1911382
553081 822551 427290 1747466
794314 181556 962798 1266931
638874 390615 1761599 1933870
178785 1415094 148168 614701
1499317 1383169 656806 1871271
11369 889991 1601224 1017286
464893 1212573 727380 336765
667490 1749955 1669437 291336
942786 738314 1981215 546656
649970 519770 1434083 1565052
856472 1467443 1694896 452120
1299990 1190982 1361718 1688008
628231 1011100 1811983 89815
744535 651810 1715069 1521069
1360017 767717 1136589 137948
665895 1298472 1460247 1952308
789297 165053 1614234 599588
1316758 1711944 290042 1989116
1489057 1778017 1844077 1480439
1013181 897917 1052212 559550
725096 879487 1891729 1910599
1147039 720736 513326 1918332
944300 1802269 1816175 580464
1409234 251755 694391 932666
1768800 99614 299551 349208
1825003 1486745 1743206 1603989
1022121 1835554 1047080 847233
486500 127679 1018199 1588545
17773 1226015 359604 1267751
304384 1370793 1887620 32054
1904251 1348585 207322 1841252
911753 1563488 562490 583638
1053164 1894132 842341 1035250
392571 820792 894074 1428548
591771 1072467 65194 1359931
68460 1650899 289723 554955
438837 1066481 762592 749565
360306 652418 1446387 984309
1947687 1097186 1474167 1872881
1090901 616315 1268890 1374636
762173 1991096 962270 1798002
1040681 1282113 756437 1233303
1098765 313719 868853 754635
857480 504536 902348 1833609
463343 1931060 709468 40271
1718330 1398232 243640 685305
1191683 1481376 1076661 546001
291987 100453 1195973 4455
666639 1476260 1722243 1438571
200726 1561007 1896077 76753
1907646 1373503 958038 130492
1811873 200640 1447141 1222665
436804 271560 591561 856505
1502492 1351410 269806 320230
1812856 217475 288204 1534522
1163473 551657 1930391 707573
652487 1913889 472 508484
583271 4675 1005317 911553
195330 1589298 342692 587417
1889811 1084800 1155634 1684653
1652359 1096590 756513 408794
366544 551587 898242 267821
340181 1819443 1639582 684194
429581 1319837 983820 1065007
909118 485612 1165997 445462
1742531 892028 463835 1557460
1770640 249424 600207 821474
528411 1189598 212909 1018393
1316018 153353 1901940 411281
1703416 355572 102345 1395828
1835316 1314253 1380455 1115599
31754 296952 1935815 1862516
1866537 544204 1870049 590041
55243 1744272 1074413 1025499
873367 1396108 1136224 260446
686249 117906 1186395 720518
271125 1638851 821800 1300197
524355 240011 1069875 1248463
314576 374587 158482 1478690
856930 1932992 175613 319997
1359842 902680 830971 94961
1353346 130359 838791 1433320
1702973 1120970 593776 265275
1144578 177855 530547 1771268
660933 465639 1938789 1456284
1331821 847565 1098249 1481287
28564 215273 483893 26667
1970570 382928 650978 966682
1711084 1171170 383277 815178
1742337 1116121 1537515 999500
1802227 1385800 1220221 1090199
1179232 132212 999735 1839934
1006947 1947961 1802233 546239
1036830 333817 1212048 891308
340545 1728319 1528191 1660659
1581650 1410301 1783756 1730591
785197 167694 1590882 509110
62921 369034 1394455 889591
147129 411134 1665929 1519143
1235163 510870 1173297 660999
1037977 1153747 1406946 1046571
1973164 1954865 1855691 1066789
270227 207477 1721777 642334
676986 1944533 576097 374237
628880 1943703 379517 1469280
1750546 1498073 286141 874563
1471616 1679925 104296 330401
1466820 161472 150511 1910236
647664 133069 737006 571061
999685 92844 168095 761291
1537220 438609 134074 736680
1870748 1178138 1967453 1460708
828964 170031 1810166 453062
631462 720479 403584 1303922
228079 1233334 1313134 951608
1638327 1083112 1716734 1119843
579690 789333 1943233 1124045
1899155 884834 1534379 590246
336523 644888 508571 782870
1780600 413313 36054 1675241
85913 1128564 1460979 286530
569985 312493 1435403 1737296
837140 1217718 770832 1357338
895559 1432144 1023101 1979377
348677 1931495 1991641 148925
1167675 1812979 561508 1280360
1602109 1722742 1142458 1633713
799358 234867 1502705 331691
1580785 1815595 1935426 343682
158322 513265 39356 235141
1830983 1798510 788875 44714
1376410 1529897 58352 261094
115318 1550242 1782161 1842989
400088 701064 58143 592724
1889893 844016 1921251 139583
833497 1626779 1093246 223993
90486 281504 1991116 1331400
1919596 1689680 574508 1841744
840382 859600 703492 1852137
1966354 654221 260612 15523
405484 1916973 148966 100422
646067 1071920 1337680 1790681
1018596 1314594 384262 1294838
1973089 1510800 1115329 1763150
1285258 252004 1598 872201
215266 212953 1333642 210957
1452188 1101797 1172792 1599622
1162660 539778 430811 382188
203632 1769951 1853421 712925
22040 1701711 737600 669408
1374457 1337074 1501159 193985
1558549 230675 1847724 945126
1976038 1589462 289508 881200
832019 403637 442202 293701
144836 1730703 1229116 1520754
491370 1142374 1535876 921521
1753515 1032526 278200 35845
1909866 1747717 1870244 1735384
1615195 1021984 1573336 871696
1304567 956627 1104947 1571619
87730 1323864 1224952 854852
1439466 1364325 511081 1991283
1958845 63256 270527 1813005
441275 1889670 534564 415351
299286 1942337 1573342 1138096
542808 453283 739434 25040
1721756 1951636 1277000 513074
1902891 1353506 1087896 232224
901726 913088 104904 237634
1714374 1343825 1847460 1685049
499572 223047 1531030 1498384
1367030 950452 1258161 230436
232310 421680 123930 1193650
1456960 1153807 272204 194486
109805 851980 559950 896840
1285547 810754 1329342 391018
343192 595949 755815 1075974
1689106 1725392 920093 383754
1028199 415888 902516 1697977
1697834 1030054 1380903 1906498
197427 980092 1694888 85978
1667736 373361 2600 1302663
1299940 1159910 46493 545066
1209587 1930326 1444620 75091
819557 448091 1136622 594890
609169 5496 30079 428196
44421 1363677 1479300 445624
1443639 361502 485802 1671745
244423 1091155 127116 259382
48941 1553047 1813165 1070671
790965 1759940 99825 1769065
625189 1331113 497009 97111
536630 159406 461784 1799429
1514347 256884 824085 1705438
1760411 15721 330432 1537109
1671853 1449025 1328868 507158
1214784 1457201 409201 30621
653010 795563 921871 170245
1181454 328660 385290 593753
1209117 1224291 650079 707783
507308 1053639 1003328 601700
1118485 876658 1104205 371991
1726199 134675 446578 1430440
1925841 293127 1810360 212204
449242 1998785 687713 549180
1110905 1081154 585206 577470
1752176 1220372 1705668 437521
462623 1594288 1197371 1504336
816713 1706466 745565 1142933
1938035 668499 352212 1662027
1954802 644260 1984781 1804135
718280 407312 1677960 1074513
1539964 1671208 1911968 838574
166874 241032 1723828 1241075
1495450 1546782 612739 564673
1321993 835122 625455 597897
1072825 78362 1306768 632128
1106085 624836 585535 1949347
954675 18661 1906366 125329
122463 1581105 672207 534049
1984209 408906 1026837 906677
208460 1455247 832000 1948526
1547897 82558 697873 1175686
1242385 1030960 1863094 1685031
1038360 1056822 563146 371101
1814092 784453 327508 1539352
1646250 1892277 1531733 1512608
214903 1551577 1051859 496017
338769 621653 1723853 1604875
358882 1223789 355800 1409311
590579 1250583 452509 1311559
1481632 696756 1341003 70390
1489075 1834625 626371 222016
218828 1297960 145590 1956063
1176115 719092 740973 104596
693929 887696 322522 1367969
1988115 1531540 798862 1315622
1411819 17343 1276287 258098
1762273 875104 1179207 854207
812270 500102 350586 1156170
1969855 1721662 425773 1197878
195779 653648 1904759 583098
973891 1070128 262130 461873
757392 473974 898019 1107989
1856394 1308218 1813710 890614
1236681 1323538 1050985 1528900
1134039 1505672 1198693 644116
350737 628824 1757609 1515238
888590 1777019 561060 1424613
95799 431297 1792801 281074
1056094 845077 1280806 1119719
1110496 236079 1863654 373775
1032650 911858 281362 961128
1517507 614124 1716252 280100
113504 1940352 1776825 1533273
1782860 749268 55221 1808091
838505 1417719 1266631 787885
1642360 369074 846196 744621
696688 1788915 289762 47198
1559503 1236430 448045 1045261
1403182 567133 1414447 310763
783028 1228997 1468000 390904
1623894 629633 1412468 1140769
1094506 1712360 1472733 231726
1263395 1744321 1994766 1816443
1974671 743001 1119990 1575702
1042243 1697763 33396 482944
969839 1557893 1438156 1449222
1609897 327420 662923 1802658
1054851 1964465 1265458 695300
845807 1326424 482031 1139202
1285372 1529064 1446736 364461
554611 285189 24756 1922562
1676219 55610 1039593 1824057
361303 1115501 898616 1815087
630486 426332 436187 244524
771935 1211962 556113 1676883
1698089 1147278 1116361 1002481
1638159 653798 183837 981889
1594625 835360 1651632 82337
1440861 562078 1543873 600852
1397968 1067675 1291647 811113
282883 1332844 1224804 945121
931605 177176 908784 1022685
1309707 575519 1846400 1312726
581714 407011 788840 1166401
841719 1621455 1523466 1178253
1116845 8861 1492095 784750
1715683 1518015 1225801 1908298
1683324 174229 633051 1201822
822410 1092986 60480 309550
1923086 1457395 1449370 533950
1195967 1742626 978680 1377449
96303 1733707 537913 1392227
1515594 820379 59694 203578
611395 241599 440972 85881
112838 1903112 959684 1881208
1600785 1639523 620787 370076
1664968 177494 999595 860192
469822 769598 667304 1294149
440334 820611 1254883 70934
1327441 553847 1642235 1694433
368434 327599 1517421 1703981
941327 1721519 957566 1591680
1691341 1197226 53236 1402849
466317 1031885 915213 928201
993043 1010324 97237 313576
1489775 505695 1123991 365661
1317859 983930 1078206 882681
202565 827513 1384168 1800887
321656 1029044 1509330 1496553
1240406 1985378 1550255 647940
629386 1166748 1579734 1515341
56870 7175 422463 1421384
796321 540508 285768 1729027
243469 804942 949551 1589648
1514427 178119 1629868 962903
836038 23324 1420960 15470
1275259 1426087 1577902 408438
1795809 911982 1073414 1766686
1145530 1977509 1717257 1425442
1071403 120262 1418022 956629
1204961 1088858 1059333 151730
85741 120026 49261 194490
1135127 1093154 113557 1363196
851622 452255 1207550 1696740
589292 1278386 881082 395026
1518312 84049 77641 93809
528177 62588 1792013 873145
1969041 1187348 28391 377765
559282 1403529 1466238 1265157
551540 957892 1326810 579204
1434299 1569156 529817 745912
1349175 926833 163121 931403
60305 475798 1989834 695862
222025 1239311 351815 1073907
895290 530995 1911650 1190516
188654 1519012 1571770 532087
1693877 644616 908035 861720
1292766 1721979 1879258 275011
269730 1976377 151646 1041634
584880 4320 1006448 961809
710353 1013698 1201947 1971419
1250025 1206182 1360474 687904
486597 19896 1928982 241425
308662 74489 262846 1924669
1904781 471191 289731 1706242
500810 1266669 1266857 1450023
1505000 1432342 1898879 1287897
995648 1443210 978065 26233
1124883 748611 440450 56268
429194 1728607 1059369 1391062
965749 611305 389950 1576706
1678164 511678 679066 1546776
445032 1076511 831573 1607165
1977454 554006 998918 1514627
1405959 1565767 1376151 700677
1123944 1773764 1767296 1699242
1871941 1149874 414667 404427
685995 1695694 726320 926068
1330005 1586229 574893 1310003
914891 298213 1329404 781196
1240811 858801 699680 95789
521695 697280 1500687 1413450
558254 1705857 1158742 965208
325610 1818834 68242 1920106
338945 1822265 640037 1637937
675903 1604350 211537 975790
1262330 135885 200338 1882806
326014 1649361 151077 1589272
1677211 581481 1108395 1518200
1336221 1115047 236519 1582931
983592 1270920 1730597 56572
1178959 649743 583009 305977
37187 1778454 143426 1290076
266841 436 482358 1050982
1653333 1177097 157843 685837
1594126 542340 978727 585636
537791 277462 1482246 99097
98310 1438898 889636 1548337
592000 572119 234034 328368
406597 1929957 952554 1739846
1521045 663196 1227678 297962
1627129 1124906 553290 1565787
1027778 996678 749206 737731
1904896 1884421 1859574 1538876
1567987 1559382 1261677 1083571
257959 1439578 1820008 1526908
1268163 30442 870181 1655076
1401350 1204730 209184 1356473
1316103 1313179 1550039 1145762
420409 1121737 145689 247498
555531 1199328 129407 587782
1833930 1632162 265159 1365645
701468 369035 871826 1590260
970683 1654611 1345522 462248
109862 573158 190026 326724
1293487 1586947 436439 1331229
430274 1035796 833669 386862
99619 418039 604790 1012410
1101989 1395087 943393 928643
19403 1620757 1068895 1325510
322536 244836 1998395 103778
132036 1065679 1810367 448023
114373 1140174 752465 740565
970004 887550 757797 1997247
197836 93486 923787 169606
328144 497936 734942 1505043
1912648 504930 1804861 1717415
1542468 1844624 80063 1235809
695672 850173 1465352 1783502
1908952 974658 1707043 1270219
1852048 1967763 564825 1590131
519601 222532 1910573 1053825
1876776 631173 218050 1085793
1498994 968795 13347 759235
1648643 471902 97353 1824917
633191 720268 264178 1661300
1380768 740451 817821 509370
1748738 361005 457514 1172521
1399705 1159240 1761060 834658
1545689 739866 838805 191080
1769073 739509 1930261 893249
209203 473593 1322971 498862
652214 596560 775056 481100
934844 174005 1170054 711904
1337116 143020 1669293 613971
808856 348110 725516 1835169
1446601 645941 1077212 156894
397132 896853 412287 717022
427808 1845905 409526 848259
153398 829561 1398825 1176841
1129299 832392 1526812 1052428
564926 329850 102530 91433
1433626 1224874 1176316 1990511
1291846 1118415 1496784 1520743
791183 720756 30271 296345
852798 1018169 871239 1485626
372042 1485997 223464 621130
326875 743889 1269712 12950
1921204 867839 781197 1513346
1636079 340071 1930174 1923467
146322 1040989 742213 1353807
1695830 839760 403758 995767
299738 136982 1634294 1389063
1789422 1836813 1856904 298855
1114196 959887 1656566 1677798
643143 1540781 68309 501417
664940 174057 839433 632929
644872 606709 688623 897661
309755 771285 893778 1345598
559205 1097237 1735145 1024650
1499583 1107500 1048293 115431
681635 1719388 1714865 392909
282715 309421 794083 248938
1048899 977434 1855081 369923
87500 903589 1795281 1894192
1917151 1382699 1096180 1517782
1028368 1771577 55148 713417
1403071 544501 313514 1190208
553702 1024763 1574577 1648249
769810 263179 1062354 884640
1696530 1994204 1626017 152224
1337008 1125598 1198926 1949992
1979846 21801 1781711 1389377
1789326 565907 1021470 619703
703534 779592 583154 487315
590266 1169006 1864052 880320
1192252 940959 427089 1516960
1485771 1595827 1478247 437829
1238438 650138 319675 1192209
316554 1055340 624367 119598
1525613 328619 803859 657009
143584 662071 1903940 438599
275462 1631039 1226777 813113
1279452 416942 1418171 1073746
988222 524957 824870 1828532
1399352 22963 1559166 88227
480863 1435203 1747461 73650
765553 717214 640238 1742090
1413837 823151 1827817 930623
1945400 1321835 1824027 349982
1484167 881256 142890 597170
686221 356520 1101329 1252845
212825 1739236 813685 207364
794594 1159965 30352 1098202
1535600 1428406 369740 1956105
502880 1869807 762925 937428
1784631 1288602 1045121 1210438
808598 1329024 742746 1491079
945697 451782 926080 151116
734329 1011975 529809 1600789
1060134 942389 1552569 230194
1637248 1173880 1885709 1009365
1271499 883713 1564276 789996
191518 1017144 1001840 340871
655226 1061474 744400 1604586
1784548 804700 243169 1357954
653586 1721771 335470 1063208
1833636 269580 6313 1295177
705230 1172681 597998 676920
890376 202749 1009553 1613318
988512 1142459 58571 1993080
997683 1689924 1234098 699446
1937421 507632 617566 1765948
1153445 158267 1666879 1116362
209293 1221477 651795 1742036
1971719 61988 1676160 1041045
6048 1465222 225405 1497175
1304690 486953 871400 1501730
1548943 932392 379051 830118
1850761 132452 1897497 1871182
27218 463947 249770 518214
1938562 1793914 1247515 1007158
1275887 694033 1998863 1212724
1911032 1717635 561864 13902
1822344 1132806 935884 795043
899102 1541856 1624372 721275
55893 734156 439449 180239
1938390 1761996 597634 1447285
532709 1397439 392646 436267
469298 431718 1910314 1262973
637961 1491215 449950 1278126
1580095 1151278 867254 133663
1092376 1479048 396648 230797
691168 575562 1217136 1176633
575146 1268139 1762942 90228
349788 1532035 324232 1518350
1199390 55307 1733063 1417079
1285869 1735703 1470666 1338750
1920296 1176519 999078 1545502
371161 781342 693891 1854210
1051426 283922 820617 1549090
118041 1301975 557894 39514
1017378 327370 944455 1709280
1979361 1924722 1331069 1702345
1408787 53221 591189 411855
1593478 557265 850182 662523
1503335 1027090 684406 1399600
366203 859694 1837850 780601
642254 1478298 1392683 263113
1868465 295539 876942 237131
386318 1308307 1085375 1118887
978578 521255 126112 1407171
1260643 887076 1977494 1473960
1871845 1513792 1721554 1152969
1616478 480215 205417 428709
1077978 410398 1665760 537646
291593 1376431 600846 1128307
548290 820721 430038 477631
1371069 1226645 589394 1542287
1004183 87883 313914 1808912
1851083 1956911 552356 719378
1800064 643670 1790496 403700
787181 457525 72444 1478545
1124971 1818258 306244 1715037
161586 749542 954084 1562903
376507 481573 765457 1836715
1039675 38029 1420654 352591
183900 797858 807695 169142
497905 1506609 1228673 1018761
290325 1728697 1544289 129229
1315794 852161 87642 1626209
616654 624131 544278 1889941
721875 192555 252820 748468
1382345 1652891 116720 36539
839239 882336 450624 10154
250503 921578 232098 632621
1776546 101025 141806 209520
46667 237798 1415655 1547737
1672026 1531279 319563 1653327
1895028 1200599 387715 643399
1920748 1229767 1154490 1500257
416654 1433549 1332969 117380
1871025 368800 726753 990641
224821 552784 997361 1266761
797505 1430152 575676 1135779
571397 1402415 1301358 348537
877515 504802 1762478 792386
526251 363103 1107518 195227
1024128 1173839 1998796 231454
968619 1992367 124424 1498750
1759322 99159 427690 1998781
1985704 1349894 1388562 691579
953302 280246 1251590 1184314
962950 126320 1904861 1525573
957368 1027783 243886 1182284
351939 925177 1109269 731707
1558706 1513116 939877 740808
571172 35297 974428 575750
734412 389643 104221 435099
279246 1939807 363649 1169227
557700 550598 1889185 1097737
827412 1991518 1520161 608093
257018 393165 701585 438325
980872 408438 553644 568317
452453 782535 72756 1461515
1852556 1743000 1687425 454663
578053 622867 355820 1414485
1973950 762657 60661 547172
605814 358806 1216328 1981576
886990 1117418 96294 1281829
361730 510106 265902 254251
1226851 1682070 806240 1932773
398348 1546496 5734 1457562
358150 1915010 1063770 1346640
632505 1388507 225669 849224
1854631 351148 1508939 782431
658188 1916609 9083 348502
1565794 1802440 1001763 232920
636651 1970975 307393 1585011
1142524 764092 1012277 1770741
404977 696058 1641117 875565
1168196 1010306 1531439 1115368
1004405 185477 1655500 579082
1625588 1181710 131949 1692447
1309660 1573447 1557510 567102
52793 863046 1388207 1973200
1854841 1247807 1959101 1364068
126072 1083066 1750742 1914140
1736737 61364 146618 1552070
1949803 1922391 341951 1484460
858170 635860 1034480 350035
991389 282627 81181 1251958
1551437 961193 1598885 1816539
171687 172209 1398988 1367189
1336071 1410571 955650 1736421
56536 1279108 465112 1539984
1239424 877232 1236179 454251
288554 1647737 800615 739238
1274551 1931157 216863 724941
432524 1484275 1419101 199429
593062 1635923 1406197 160891
918742 1116881 1266381 351392
327755 1251644 256841 1347186
1826218 313226 1419881 1821180
1677629 1882839 1501463 940002
794191 1415001 818453 363702
1620775 1604403 1233952 93176
217818 1566493 1265248 1922983
1786962 95181 1742446 1371573
563156 14347 1462590 1386341
225769 719669 1703808 1321728
542086 1981763 919752 649907
1876801 1983832 175965 51510
1112100 861784 1850522 1802650
1396308 1633934 1209263 1656515
1124259 1367265 691965 655999
1827812 1476758 480725 1149937
874053 1362492 474982 1772096
604603 6306 1788874 1094727
309378 496524 740888 1063737
951951 109030 1501471 562735
1233687 1526749 1658893 1504279
775789 1498111 673985 285544
129457 983892 985920 1788377
302270 1079983 851723 988389
955100 22137 798206 140160
528360 1701331 1183504 1618713
880679 233345 763834 103287
496468 1532778 495509 591957
767749 534000 1008236 327410
1579861 1464601 1400512 1450385
526778 773080 231160 1911959
1720123 1345043 1787112 311200
1435048 1263325 760046 427933
1897643 140550 29567 1059422
725188 231996 1545977 1529430
1073715 232410 1988495 776074
1262629 778901 198497 1316819
1277018 563325 1186494 503806
1089443 1549375 1162034 19967
30130 279841 1030430 1695595
825505 863660 677346 1892815
1589479 174279 637343 1642408
650976 1788282 40423 1040500
1688536 133759 1699634 1179499
738499 1958941 574569 1504920
1069141 1537452 1998915 827749
962869 627961 1255768 1833368
1148547 408255 1494912 236148
379876 715435 1803614 102443
1811064 1512348 213642 27513
691227 1274679 1913083 1264708
1785600 1998869 1188489 1373448
1547629 1233344 530417 1769347
893578 1256492 10684 1217724
1925414 761566 1162071 1690861
1848620 1501025 1183701 1247181
117402 1505428 935705 44657
286610 578909 834311 1530208
493449 1085754 298953 455106
1006543 690286 140999 894699
1622131 1816574 861735 1418028
472851 1342640 307596 1014362
1294669 1441360 1437206 1017452
973168 1432435 1055650 1774328
1322767 1386140 768302 1124998
537602 1593159 610390 1742247
230891 1853936 1504212 1943184
1813785 653561 142586 273394
1291181 1208475 1815013 520074
564424 778866 1394405 475826
602517 1600253 1983943 1768101
1113797 1165986 196492 1682393
1479610 135566 1155825 1403443
1793028 1224798 634896 259837
447434 78237 1503603 1596761
825559 620051 371600 1818012
534354 1201491 906614 556420
1884702 551963 206403 635831
1595695 1762067 967824 697728
1382860 1205439 294287 1821001
440255 871207 1285647 1148831
375672 333473 1526264 1022921
410722 665758 953770 603409
672186 575403 1278727 1576070
124568 1652217 1756889 1060686
1419139 234100 339835 759801
834163 1188546 604324 152498
1585468 1280758 452517 1351540
730278 734253 1881342 1701372
1660607 1961678 670346 1504427
847569 800828 1988032 1934348
574252 51048 447970 469235
1879723 1275621 1520029 1957561
702702 692069 1219701 280673
186301 918428 1996582 783155
1347350 862867 498722 902911
411088 1086449 1288268 163122
1427997 1854606 367339 822604
994188 831081 1198048 579787
112484 367945 1291514 56042
1711078 308213 1468708 1089810
1851868 133465 198664 1544207
960602 251040 84403 1695763
708972 1961672 1319341 1536353
1742686 285661 4180 729489
1672674 1135367 192977 1461539
1045619 704261 528238 872239
799633 1298258 1877460 350036
891885 436888 1273242 605020
736351 1028650 1102504 1083633
659758 1633533 1502714 1003769
511406 406176 521050 1206180
78501 959414 920675 385371
1277217 327999 385932 526701
776259 48783 1212376 1309586
1511421 759550 203715 1386875
1827653 433425 1929954 1937491
1626040 1904289 58564 1001811
55566 1667427 371132 1796269
1763665 1986936 1724429 1103485
1244328 381218 1912793 1156972
486928 62146 1079899 757552
268759 1925085 1226545 387876
477667 1722060 1895814 1419812
1446984 907243 914518 1860246
1525559 433616 637905 1108176
1692331 1844727 1148659 674888
1964526 1193327 1921710 1284456
276756 320659 283403 171217
596518 1814670 77257 1588954
613841 269484 1652936 1554498
534502 648783 1395609 746173
390545 1351239 1082332 1008953
874177 1669633 1560971 897529
1469536 1490352 1966121 693181
158854 555096 1266654 1771148
1847214 1070943 1011630 326621
1585307 1947995 1500475 1605196
350356 1243505 1453738 1556439
483120 168613 1975029 1153171
641454 1234900 1190864 1070336
589582 1277790 713223 452492
1775215 258780 1480625 930586
413038 1663474 196711 82664
433530 1238890 174335 1637162
319855 1119984 1654732 1358204
1730642 1525500 1659085 1555331
1457020 258260 482765 1138792
1785838 904443 1996852 661499
1191513 1122187 1715465 1748358
436806 930018 383245 1906695
56794 1132315 782570 1565439
1744488 313449 1333771 89773
1726706 1831275 265640 1925158
1203100 402666 1145661 1608410
1401923 1857022 1405537 507282
1447992 701486 829280 638926
1699413 1207505 1180322 564624
1652010 1628210 320635 341144
1499461 813334 22226 637879
590457 1766667 538177 270207
377322 1677862 1148752 841828
1739700 1416265 1690156 1254616
632376 1378924 177730 414932
990034 1240380 837201 1112641
1738231 1939376 1686400 142995
1774834 84932 1659750 875403
1477601 317113 1580246 1106405
771868 923448 835843 1673217
977798 242025 695677 1835754
430432 1582702 1402769 1352874
545859 709856 1062332 1776085
1545907 1017894 1119422 405531
1701406 1796673 14035 1271843
297393 978183 1247973 1129880
309631 527052 879301 703706
553851 1686023 621588 1876997
115287 239895 642689 1722317
421714 618754 1045533 1473042
93588 224447 425582 104512
548553 873414 1452163 1352387
1177358 662036 493309 1233462
1423971 513219 524282 1694437
1589732 147344 1889473 638905
1240757 1985763 982403 495116
519726 825275 1157160 1627
771138 1793595 98923 787574
1240186 540255 539853 84225
1814776 436534 1597056 1122072
1913294 1387496 882684 1692377
1730882 1619376 1594217 1199512
1288509 716111 1732706 1940782
330346 696439 1608904 1673281
1986752 20657 559480 1146242
1750924 289169 1905836 868623
1713876 114350 17417 205839
541321 1124830 1436221 410465
1321567 93300 1698776 1125510
918647 212501 1183713 276143
1021655 1200869 1885424 511417
1825983 538046 1229060 245804
565992 877455 1075919 1121562
614501 455067 1901498 1896871
1615370 637109 363869 621778
1093057 1899944 220119 1602646
1737465 1242045 174682 1532192
1688481 165665 1746245 1635757
1997615 1719810 732642 747140
910463 216601 1145486 1522006
989352 913017 1690994 1901171
269337 1134493 1374299 1838134
968712 1545013 663701 261380
1760641 999022 88910 1535319
539762 233676 1077109 1439522
1596403 417334 1113246 929292
1621297 1917222 327067 964958
1880932 1501488 1904914 579303
115992 1567813 1686328 154047
1182103 461568 1987855 490472
1115911 460082 545987 783027
391683 1393406 1276558 364361
827187 698361 1069400 842350
976103 921732 1392544 1073279
1723192 1183328 813137 1349651
1023631 1931530 1535649 1159571
1624807 1088185 792148 672574
481914 58989 1227109 675951
130144 851887 1515351 1011722
1614146 1552110 1835958 1328716
1142217 1635623 599642 668372
1560718 320793 1163404 371479
1485524 535398 1578268 1929135
649316 1995355 607361 130690
1642121 1477101 203330 1116875
1637402 193051 1291341 18915
146284 1115015 1025845 1386020
531148 695161 408338 1396618
1253959 639790 535940 1866247
384051 520971 1229216 642687
432753 1405445 729829 517933
61377 1374546 1098813 1960731
1464596 268831 983947 1101013
727357 1385564 1734667 1122186
1784212 779780 345139 1888052
1872844 1429911 501215 479631
520612 1232409 600791 573012
1452800 141993 737918 261471
104265 1614335 1954777 284682
809474 100887 518327 1866016
1439490 1307577 115254 184873
1705874 1762879 1221679 774868
705013 632975 1172412 179058
947945 106321 1742579 874346
789295 1791115 1154721 222138
1712653 1460300 194816 307741
236624 1451347 815141 258576
1822047 1088823 1929327 1317724
1849989 1579247 1830358 804470
1459561 702340 6667 783788
1256084 1480575 10984 1655409
204898 813969 8214 1004309
1528050 1407998 783840 1904049
489428 1986617 335315 1812990
815902 1615287 423934 1608132
1811098 1440954 573440 1133428
249390 717366 1289750 1309402
328608 1670940 376784 1979410
1416007 1218502 131968 228760
1623606 1679082 1736763 683728
1039969 316956 1907833 33817
1626285 1491686 1063838 1382995
1657811 1024707 56953 1310381
517666 1632228 971240 791468
96987 1329469 62563 1669776
1021773 1468599 1950948 876476
1698136 435573 1043997 1983332
1861334 730774 1961786 671752
1343358 1676593 1320518 222855
958054 1475012 1035079 1836078
972072 245931 1203469 1305292
1602968 531916 1712985 425382
577728 1606202 1315882 1053464
325167 1545064 1178510 1176467
1662014 733254 1899893 744704
1281493 1280400 750972 198558
418601 256432 117050 1381428
569843 737744 1692302 1844490
423895 43237 751499 1305426
1102219 615889 606513 444609
193159 1505572 41425 1238613
420600 1278729 88850 15075
1773461 1417266 429545 1696392
117485 1991098 676273 1551795
1039359 1634774 814572 785412
408449 279732 902113 1587949
1208948 1752273 648866 501708
1962282 1521944 984922 1904297
1161382 287774 1982146 274129
112415 982333 1375420 686305
120129 1481289 1587659 63392
132038 592603 1648443 1733307
1883230 1368402 1294112 109901
416227 1557521 1648678 721189
1214333 1016476 653768 492478
213273 266108 1441288 434635
1117957 932555 1640461 1655256
1911983 1769324 1622714 59993
1489258 1463125 773274 489003
241186 1184832 207999 1276202
645065 32136 1336397 867974
1354824 411232 850094 965984
329681 1283623 1058283 1641748
1548474 130170 561175 1180967
1435642 1573886 933665 123290
304763 512455 980460 1610382
1578279 1007419 1124540 465303
1762748 432238 145169 900355
1503950 480383 1662422 524235
1694717 1943231 1280853 1888617
357367 340303 1578508 912408
1539550 1875991 1582710 70628
885919 194340 583039 1540984
265772 29791 941497 356769
581893 1009056 300681 1865818
668419 943378 381572 378699
1503376 31117 313594 1499378
439715 1075986 903051 32038
550700 257058 505349 1276391
650023 1609419 1029215 837910
356984 1839689 668046 1525057
846114 276959 221138 1608058
374016 1192583 812866 1984982
1193314 147312 643115 808270
500280 1487493 1388794 1472364
1567005 1578805 897746 1784747
771362 416176 235995 430701
956670 154457 410677 994464
1940875 1607389 1100844 25443
581578 1071021 25051 1325431
663198 256612 1316396 1993422
1207791 1514048 53496 1218160
1895105 696693 302560 1241439
1311345 208677 1377351 796135
1829124 152529 1793534 1679325
707509 1162176 1517263 1723345
1742791 140526 1249662 357690
459584 751583 555796 39511
573093 697826 817396 1444819
986712 1747902 496199 1236859
1678701 1031472 797743 775488
752384 1556442 317637 335349
181494 1813203 754402 65220
1495887 1788203 406404 1494588
1086559 662759 1545383 16996
245001 1496807 805176 905375
382615 1284726 1793588 1810835
660188 1018914 1128029 894191
69887 404545 1427561 1452080
1368192 76448 882476 892142
1314725 642335 991971 1746004
1814191 1976442 1266250 528141
37583 65723 1220239 154595
997079 774687 1198540 1855244
743598 888317 1557281 1797930
1825809 471741 1086173 1696074
1784032 78855 1116586 137881
1118621 270365 644748 1596376
1205202 181246 783272 273099
283921 1960666 889217 1052165
1360228 938232 1868727 1564985
1123689 636337 1123698 1830810
1433252 1578668 1468644 1435266
1141758 1960200 1470262 1872045
1623455 1564020 1947965 108080
383922 725193 1895746 1619057
1855606 738231 910112 1095533
1769216 1187139 1891316 1131641
190828 1020630 644302 196134
1934695 1549700 292588 1635484
464578 51918 1216814 1779175
119982 1775499 539821 965191
501592 1071364 1505501 1486573
1068174 437142 2692 1086161
345412 1259481 495475 330204
476565 1258577 647348 972142
1044578 1647599 966865 674235
1908765 53215 184630 1563966
646481 1630387 407110 1089415
658284 435058 220929 1615068
1560640 929750 514512 1257228
218552 865388 1243615 546945
1053072 1058689 1784367 223739
410481 1127986 1439284 593732
942633 1861197 316970 1658318
1976834 1590275 923368 1564468
1198810 13607 1831851 506871
1268566 690024 352876 235935
706388 1355765 1327464 156892
629299 392907 453344 800738
94942 1580226 276951 527214
1377312 331575 348667 204398
1067931 760119 169600 1541055
1435490 866410 1306707 634902
1234984 772134 689313 9749
79770 165944 605401 1539666
1376918 547012 871236 253360
889618 91406 1877586 655393
1234973 711962 1607645 663265
1029858 85127 1194185 820991
64995 656923 1367357 692676
900905 1049435 1779604 1131699
1560020 1698987 629439 805362
975887 1627095 923672 182762
1411686 1932798 1690144 1937140
1948618 1572150 818196 337928
1671165 1863447 1193221 1261294
1473919 919993 497790 1441186
901615 445894 1563417 1322686
937379 837411 1499328 470488
1533648 1574624 437618 9283
1666765 729812 1708285 309239
1539788 1022233 1534892 1811740
112984 1089398 1909083 499771
1635590 1415267 48521 606732
771416 1124498 841642 1864901
1636617 666559 276016 607297
778376 1987823 1798960 1113388
654745 632379 1457352 1718292
1987725 905454 352108 366292
10206 1998046 453870 1179690
23725 1215777 440943 938928
392155 1550052 966758 1152608
1585216 611347 1774546 1695447
1252529 1023678 208830 466093
309950 1569321 1475468 1813947
1033123 597914 1351793 1068951
339838 914820 1082862 142129
1964676 506431 385679 1255677
918510 1126569 415355 1495105
562968 1124627 1610031 425295
1533864 328558 268909 1410543
1912134 111466 1236304 87539
1094220 1452822 747770 1977673
1423807 554861 639302 1703395
1701219 408700 1392530 1080711
435626 707161 1014161 244019
988513 1790344 1391241 1978245
281730 1859521 876391 1326109
715641 1559607 1430204 665318
777735 1925649 962125 399224
1955336 718589 923218 1174111
478637 1938385 247462 479478
1375038 1003193 30734 485918
291080 345298 1403131 1614810
950452 1077983 1501107 1077050
1839555 847567 1861119 1521010
1826739 575062 819947 676504
215516 1211556 69086 899539
1168582 453568 1956477 1217961
1326228 752868 1478252 1315950
654734 1106049 659372 1929978
660342 1722366 1044408 825552
1454892 604379 932413 1234981
260163 782179 1907079 1128666
1527590 258313 667209 122392
910076 1523489 1129601 642671
490895 142004 883703 558609
780758 103830 1143378 1768075
1503618 1539115 1153450 97449
1017628 493777 1288197 1436596
741154 405127 669539 615140
1230898 1617718 1861628 1203662
906461 1465442 401972 688801
1773638 717013 1223652 1333990
1078775 430816 526312 1230819
632006 65656 1284143 1276300
184186 773191 1757802 375016
1559352 394349 1031686 1832716
1650371 977880 642903 632034
243434 274841 335127 479475
153718 442915 742291 41033
1578257 724397 204498 1508470
1059846 1451908 373189 983328
1885586 1263309 22188 1479195
1472729 1762629 1717976 274447
1789643 1384770 1255066 507808
1431233 291526 110602 1679238
676845 37462 857572 1069486
543730 1881930 1592464 719046
445197 1407969 663909 1372708
218051 592675 334172 1412299
1217775 923389 789058 985449
1474684 1064612 64539 795678
1366325 285573 1893851 1192854
1105349 1842662 756336 1354193
1252274 69764 1207834 240797
504775 1880230 1322802 192321
1343616 1059833 68501 1487021
1593607 400075 483781 36408
1927426 12924 1988638 1078063
193690 245580 120696 92879
124021 167943 214693 696718
1299244 799684 1385224 1919426
1191774 1926014 1757833 89411
326420 1220786 1902281 1129017
1575947 463820 1520137 1887518
1305890 388529 632359 648523
1396687 1753873 269190 1225381
313392 575066 392987 1396029
1591800 1715246 894273 1203162
1351706 1980275 1471713 1972969
973784 1549164 274701 382029
400155 1700035 667531 736337
109843 1838680 1391848 1875403
541295 1235507 1904684 1318023
1647505 1858915 677239 47905
726233 1499802 1569808 458697
1427985 1245674 167250 1059189
1402444 1052399 1115140 1323720
1138569 1507898 210502 1332191
765942 1618841 1967127 572052
874835 444668 1202954 1964309
1227096 152222 600537 1217326
18350 1286727 314843 1829032
591903 1808802 1018981 1310567
683964 1812452 206945 1383815
1901001 1284753 702231 1934987
628588 1234499 1020758 1927388
700869 1352871 1632106 747637
1800586 1999995 1118957 446622
1317520 1665629 1559001 1183443
1710315 383145 1676289 788278
1725169 1626731 1514706 827247
572098 1948973 1209867 1253973
484855 332800 303709 1124825
158390 1074939 57428 814613
1810911 9818 1303644 964477
161709 1237314 510992 726229
1976608 1427345 1314861 1479650
1201926 1968881 1827925 1978134
369894 1260279 520106 1046244
100855 203651 388842 1649266
1616636 1981614 1511495 807407
886735 1046632 1840733 1829110
208492 39033 501556 840471
1399744 1045523 1148130 1548801
1945044 228471 98987 1867013
31104 101704 1859781 789675
1452128 248549 385256 1682773
1477508 1975011 1365199 1036527
1121287 531485 365608 1715555
1591381 1941060 670945 1656976
670874 728126 433180 924889
875698 134527 1265910 96459
1557347 1944283 1693987 1109696
801651 1158310 1249550 992834
1373130 108046 1626423 1595382
1361848 1966986 563157 1266009
412244 51009 909137 1060086
843609 1807615 1810685 1124886
567085 519876 525358 636855
1137448 1519518 1443448 1912932
1526851 349448 1330535 1606038
1998964 224517 1871582 969387
1249692 203319 830805 946163
1791769 797034 1309776 951354
384185 1382680 23051 639913
12616 1634618 1477733 1987962
1349104 1148625 200223 1115377
3744 904786 538088 612103
521747 1431877 1699313 264942
1608118 1313500 1658414 832548
189322 1538323 793370 1849828
731241 1205730 113684 1463913
723764 1151317 606960 1743509
1974970 1700918 797667 1968382
1445337 1270304 1431500 1278972
1507369 1059156 1938625 957279
206007 632245 693091 1594155
1612636 54781 577908 988910
1490508 458188 783592 1534586
1706455 540739 1790191 193680
142926 1674832 246975 1689739
1898110 1054332 1267992 828235
1714966 1994548 976581 25980
1818113 1090268 535540 398899
1988193 900260 109527 1426206
1067177 1014959 1833968 1885549
314450 293110 267015 1498120
1909587 1361208 1242558 1084468
1683608 836205 383536 112650
1824622 1454332 37962 1859655
1706323 1598654 790877 528454
1343897 1023392 1537337 791535
395185 469550 973321 1578924
504165 774226 500168 407065
1108837 340701 323236 1834733
1917244 1195983 130497 950857
129659 324793 1537264 1385221
747956 1313077 136358 428385
824802 1623320 218010 80376
84832 690384 145545 1914409
1307832 1076078 1840475 445648
1219791 205490 1842201 18096
1261244 1327208 1003767 1284860
969108 886300 1736253 1813507
822005 1556106 384207 1098900
830636 174713 1422248 227886
653154 1657556 1448443 1058353
857209 1639007 201198 190277
414963 1042009 288639 230515
1543096 631024 1804160 48309
1477549 401440 1663375 331698
830954 1553796 970838 839857
1221516 1264133 1925476 257380
1178839 1743956 1823659 1271012
286618 230878 1723023 309641
1995176 145070 1751451 761323
1179492 776558 1770178 1553273
1320055 738894 1500139 1835312
844801 419633 855876 1758076
1916580 1097159 1407394 1557460
180450 1394609 1254573 534640
21818 1487030 1322867 1992779
345109 853507 442261 1521972
1163256 995661 1354720 929507
46832 25753 1073856 1803948
846506 541713 316309 1445569
680694 583418 753592 1008452
1437959 891812 1549008 1419794
220077 935183 997734 647297
1215712 1599817 1438634 1176716
1817591 489076 946654 721624
1302932 736247 1009465 1704118
1309899 832454 410129 482597
6144 1602025 167445 280843
958067 568078 1928180 1597674
277704 782073 104598 460605
861131 145347 167663 520216
710332 127695 1078411 1034872
1565371 853570 978023 959257
1017411 870741 548165 1080732
1977098 817864 1177994 414691
1849844 1639542 562734 1335079
1139108 1209621 1296956 536985
1124060 1529136 1925194 240898
884077 1942669 1877085 1770359
546861 273400 179464 1151417
722481 1876377 1250483 1142009
471666 1762301 1875842 245389
656922 101282 730826 1335196
1930731 1350471 1950409 386891
1862891 231952 799690 1799366
1114382 1503962 1436876 1632710
627350 1880770 327274 1862877
384839 844888 1985978 682540
1631357 997981 156178 768098
953153 985900 1086537 1040095
640856 1780499 1065490 1486083
796939 6962 639812 1209756
1565240 1529292 563299 1414460
58023 178552 1627976 906471
335929 1045072 365654 1537963
1689983 216936 1021070 1993230
1219075 1420789 754579 101459
1557230 1189626 1283213 180880
232427 281588 668198 1890636
1129490 157966 553460 500429
1888878 259230 315608 1813316
1816031 1623838 450928 454191
1074804 171169 257308 1932038
1401199 692486 1489000 220555
1451481 582553 24825 8131
1473868 201872 82584 1378951
216483 1832130 1210943 734044
302837 1528781 583888 1745682
1833175 1916267 395552 1049252
1317444 1800340 279447 783612
166272 1583221 1260385 581889
929436 22729 1533479 1692435
589528 346891 1878458 1300425
363859 1238767 261450 1901133
1543877 1069031 1408431 657936
120510 1958830 1389610 395589
1707127 1686591 1895244 178063
1742152 743371 659897 790810
197236 896765 390271 64723
259219 785634 1394502 1245136
414785 1464117 1654729 1096247
396155 1958240 315790 1323437
1373327 1624720 869348 1016705
1380346 420242 92328 1397718
581738 1195041 490403 531977
335410 1909916 1721400 1244789
286641 444147 1388887 477580
1416822 391229 1159138 532226
149979 603385 1584081 1360432
600100 738932 1601197 296660
1085384 1456109 520912 1833731
538654 1018325 1062453 54575
825230 844262 641677 1345581
1320490 670344 1608460 101382
670707 1687680 648407 139875
244653 1738518 176969 1734650
1331336 422975 1205636 1036923
1652448 1263935 410935 229698
1921500 462405 1191137 1255678
1098678 1692349 631126 38135
882553 120231 308531 1093777
46507 1592266 1890138 1850752
1824530 837066 761648 135155
353027 1789192 792259 1723553
1327934 1492553 1568892 1198608
1187743 1407239 1728346 447576
411808 1250399 242770 1634883
533662 857414 1709257 12240
868831 1435041 378366 1905890
1432096 381747 620893 802933
822493 1749938 491880 1498260
1198820 1661339 1743625 382740
1159117 405319 333236 1964024
1134762 802489 1370184 531591
1322129 1291273 1566343 1213431
347076 1888482 744000 1419456
150520 1891428 646802 432188
397782 441470 134222 739516
1594908 642709 844865 72478
1905987 1784190 858419 1733632
288119 762375 1077740 1226855
1156289 1776838 1470314 51470
1469066 888217 1203869 1291479
573297 1405356 873676 407566
3148 1651055 840119 1199710
1587545 1882642 1770385 1945796
1829887 319221 1385481 530963
516218 993260 1633141 1714412
1856353 1682062 31391 1534991
1220163 1933809 229313 390550
1443642 739032 698762 1721833
828801 137581 1245994 546729
969411 82189 1260723 526750
391054 36707 1049846 949076
1341372 1892820 1444543 1522395
1873533 1718996 1209837 426948
1116674 761652 383212 1583281
247006 1406972 767523 1911536
1342441 1105182 818641 91110
881183 104081 766296 85444
