155181736
26891438
44065148
2941922
166171246
96567472
32446501
125296362
149930113
23869997
73444527
39019039
1651343
163444310
48350286
109585953
88826441
25182318
132151622
30000657
11515521
174383169
82265141
123082464
15052448
13128243
99234192
50673263
3688477
97338706
78479407
141321757
143040383
188142597
72769016
35257733
9069093
99623171
4807345
111876882
21944723
157996545
150680968
91236366
70668661
123845136
9029475
73425417
24013642
110979532
20489099
12912564
49952016
94496554
19341558
55492176
62853498
90010586
39971655
72617421
50714246
54715376
160690385
121696894
103398865
28729972
94412907
16560739
47459380
183107811
70523420
19754117
63731659
89716922
176099413
74086173
31625969
10341764
9881699
15568683
28781401
140227300
45948239
74056155
81418105
12715589
105542637
147325603
4956909
89455415
150818652
128013664
105522703
95388995
25896797
37266792
101224342
41436261
22562747
125379473
114635123
128638042
72619743
126732767
90376844
37529017
89875385
66075508
103006348
13336526
145855026
21879329
9441133
36933052
105438007
34451673
46042905
103761647
29019609
30991049
129594269
66785105
21429571
126198061
106684116
133310125
27304842
97374483
43285775
100173836
28678233
31240702
33049946
47209171
12592164
14280987
50240366
138219602
51674573
52583356
49008875
36250287
66737510
94440896
12567514
86438076
68576984
19312197
80373258
83445170
114137331
34074628
83472502
10719948
144970537
186162592
99371255
31979901
122051218
54528622
131869545
119617124
15448761
7433046
48412614
54430902
31153810
33673147
122127635
110503725
84282701
50992357
59130272
24457335
28134386
46725866
70501904
9624757
34476728
41933978
138063443
69693925
112052406
68494422
71298953
4427736
67312392
55689480
125743367
89894838
26407264
24631666
65944920
28030202
70050772
166172634
20011401
75733501
16178887
95498073
16718243
5370898
4784585
127530553
78280483
67589572
55895071
143254162
81339365
6172984
71085679
65914440
79374089
124475699
102162196
8430112
175101737
104342811
77626559
94983534
42790262
33657142
9360855
1981452
107099242
64883772
86312186
95174272
87878209
8255701
101822694
58348578
7509541
77958369
187682578
67551406
111919775
128206532
123015102
41427719
163812477
190735502
79399344
147765927
37267632
85520770
119359100
14617836
70513782
63871469
133325839
184764569
66201151
64065382
48316969
41250825
88710261
63267930
102974559
102735078
25136213
83546929
74127800
26799295
80082754
47358102
18180608
50465387
81454578
1992517
184853406
149684578
25408284
1235907
30584633
61830335
31332692
26213702
58938247
52518651
12460442
53518297
75238436
26621840
2876330
40554372
105047258
3524696
125508532
14733564
6318639
68117985
79310416
171643545
13364766
42384863
63632832
1436594
19162862
50215178
95166565
175302612
123243043
146315738
37668919
100228353
86068546
31440164
114163513
6910259
17299493
81980522
101446864
41387056
47946853
123477601
125153430
15607745
67096747
174546946
130529744
23581162
163358487
180123499
23693852
101277521
114908930
29012092
138268219
869941
191059297
2937801
23998681
63414386
141320176
42020808
26048914
45917941
115344246
63948263
44314079
160358849
24850122
111497436
104685867
19448356
31829061
99520105
103375087
100608705
30038881
4461451
80656703
59731992
111002351
74103390
62543141
10209762
68565833
21581171
30401773
94930245
14760737
35451666
54804714
7788486
49481922
45706528
44507623
123633590
101892588
61973551
51742676
65311023
86464954
121596450
49001508
107392599
16318249
183673751
41533625
58014386
87991350
31095742
30903942
38027982
112646183
43635312
58832960
39149280
32651121
41927181
100395749
57609468
66923988
80045865
67821968
55789473
80581793
3453360
47264209
41042782
106482213
39484053
44578136
118949494
77460716
81170909
45372464
67040876
122696756
21106843
81482900
84863624
110801500
21606175
45847412
75591934
83688434
79686438
57780971
54071975
20871221
18105561
127366474
107008070
114804285
43502250
18264438
8812509
22798162
19968191
31913869
34909625
71150364
77442794
72215521
24904969
22582516
37246178
123965676
141542256
107617077
61016107
6688770
75400428
38146105
77946965
99590484
35525163
24033999
31542376
109307852
57189358
133920357
139173422
150039557
70512812
42577593
57214321
92494641
52451955
111925579
51552147
49139768
67021997
140702857
180091333
53169116
11807830
42440415
54679539
101077420
153738818
76395793
147472284
60762301
126998441
81250584
61944986
27665117
3560320
159055274
65057995
67509187
72953806
9013903
88280291
142153593
24236681
56740158
4948108
77721063
170426268
11029222
15885041
81682164
60176445
19900309
36528628
126118929
55195005
57396427
18536386
83820159
746783
18906201
6607385
49172794
80553457
10737234
24096529
139125681
53076173
7022476
59616172
21383861
38205178
60472430
157583160
101434733
96726841
86777937
3233737
72496736
102185917
11765188
101784406
33431194
126142408
128826448
2688057
71537836
98108432
32280537
64892963
77084803
69179562
39760978
68213592
60372435
155026739
126286238
20783210
131375538
128115505
82176807
47323039
139461002
10041741
55833302
87998117
144328606
20376911
98983873
91764925
44483461
36550061
85360617
24398547
66157540
86023433
31828029
86760510
69666988
86835217
198201627
23756922
35307948
41217756
59303042
20552936
183556949
162508298
46981431
155240660
132793366
41477262
60122271
16555023
143844640
56383552
95463023
31659848
15780631
51650551
55024081
92671860
75666652
81199821
43864421
153883501
57310953
93937269
129536012
87643455
138631654
55898456
94813021
105412962
143147401
55339795
100833209
6070930
178064060
76777258
63056653
88209783
4289027
56704467
63006556
44496437
15410670
102928652
23668762
6429061
11988644
61390254
105707932
7552624
10770581
113807056
5906150
82124413
166689696
30594027
104851330
104922957
76193091
85661937
5412582
124240019
92635559
23109893
78166442
83010778
90259458
41448062
4722210
116008845
56634475
95129794
66326348
148290559
11191857
3473110
49195931
41889913
161389695
176457126
35227931
15259149
46429807
51930069
28167527
33861963
102324676
46900913
15960512
11439595
17782668
16273104
1893107
25647510
151264097
11131369
79335272
106752525
178007625
103114823
45292399
10337598
123531254
154716263
87996008
67177216
41907840
21840465
84874422
89879556
47889934
130354102
48286061
20332841
126738254
118268707
38957449
72449520
167347577
58657153
192389675
2436431
97242703
18917605
41436124
55362137
47450330
22488087
72270258
44081884
41903610
116168234
53327880
127590995
23522134
51349641
132656010
130485897
24349399
70317519
14612995
86098050
15543647
115129360
20719988
82909733
129980219
159874641
6025215
38508823
5501949
147690799
13187141
21697548
144107511
141227992
134485775
16992402
82581289
143906825
4883751
104002353
20369467
103987865
8095772
139201183
43042180
15560788
179533900
140315118
88423577
1393998
8567257
157898300
54485266
57919930
69794153
35279500
12746618
104879694
127627177
173478056
42539135
3507401
18745299
191627278
139403588
11500073
171247176
34791021
60546870
54762944
92077302
120270973
110146754
34587759
60992569
173987963
81041001
23669421
37291480
162688322
37945299
99510879
103517773
149328952
3239321
7821251
21924534
107242842
90615405
167208953
7004042
123955349
27216653
60159504
93344425
84447006
17751322
103902381
14183891
14013040
117339639
50422617
9802125
43813890
82225559
9968170
43071223
157150413
174055444
121280343
32221500
24029070
62794356
146466562
94092932
17566464
183788868
77716113
17203538
6817247
68390026
144183499
48907420
67995867
29493853
68254997
47606626
48079335
3953447
127247734
10411754
22176670
47394303
6558185
60084532
4940067
155628375
1364668
95605845
42097754
160404367
86809282
61535425
26058101
46503607
104476911
61537264
99568509
67501871
82892442
75103052
44770999
153209797
17753520
83831612
138432652
188604
8372296
26458699
85770003
4928839
32505316
36913970
112931235
25849071
69269145
45466428
147362806
178422268
70919792
8228342
4617662
13449724
4563620
137305184
34133876
178256687
18314878
89924476
69114388
23729755
175138046
179048188
32641038
85715963
41899791
106950827
5244671
64172947
26850160
45691381
80734349
92198062
96838162
46263622
97137834
17779914
36327832
27145959
57362128
74543345
48580943
18594825
30088027
70111113
148753355
8841558
13195722
15200885
83813364
3884450
67733392
29310982
66830401
48353043
60373239
109532972
82890216
52677663
14450898
48954208
150213975
17061499
85808118
101000075
76367909
20335587
69897188
46924114
109411223
146078
169400890
42870560
91560702
46486190
25811436
116877873
117275947
39323971
96816815
44983710
51955196
69189306
15360529
57697438
45906714
82973803
66369420
42057484
11948764
6263856
98928560
22961541
32483678
148189601
129855383
194904965
92316340
71676418
85974374
113100478
194652691
20745752
106318809
140058417
84716618
73582380
17338361
41857461
35901601
12334133
147827944
8822144
161326735
67455739
43239888
2504918
57268080
51914414
50578232
104312582
35441147
99972679
7696974
71819622
145954155
8996921
68988766
35662238
43233311
98018762
53206319
27496796
27946152
52311932
100651649
21121574
71138717
100697004
81858019
54768028
7313285
25982101
158623054
71009089
96808860
82614707
37391195
46371420
40862647
110303822
17195429
3526183
40106413
160501393
29828742
118954557
31523349
35490637
47088976
160913820
16421021
30733540
13715434
70935998
37922163
58706326
11074610
101694719
165694843
178277157
74500773
13568800
77501001
45365539
12869892
146657364
74829965
22891342
135584609
141191515
173007086
152321021
164884503
39370799
46905230
127793198
43186573
70805922
17107022
109593601
21972934
18601321
50095804
7208943
45383474
4959740
3271478
122988813
46919201
51762405
31138465
28982602
83315143
1560722
24926771
84301534
111623428
30774609
66837941
127636011
132682315
9943028
67706245
60129002
18640709
7790539
56428246
121721939
52447869
104920819
57381769
92900599
176182056
92934460
94714484
103185252
103156461
18509953
9304665
15817654
15795349
87154332
18783953
133888788
61958796
2264920
79362072
33345231
69641672
182986418
83656571
25031871
12769467
23869160
127739983
17807087
49185186
9251160
140613975
33958137
68541244
83230697
108676725
32239264
83095264
5835981
3108165
25090106
58036228
29230646
40931528
80952155
11263864
158455787
28914987
190169642
12124061
9422228
92636212
17222787
132383847
65094771
48184535
25627124
22179202
36040571
112833160
4920782
24945613
79116103
82719327
140636669
95665799
76458549
48552117
134453409
13311917
145630705
15975514
74331728
60667659
43082639
122691641
5775481
67364715
29804374
98639197
28002442
16651243
49011146
6064409
70637117
81160080
78656980
82794763
145652022
70525728
104787833
58500133
88514880
79931883
16071092
149436857
73728178
29162089
8794378
71638441
63874936
136456014
2227570
79444581
71680552
80568551
39830868
42952225
69543779
63499176
121085120
118530156
9645290
55271250
123387743
37234407
5798840
174498107
137173573
137942757
151768971
88142402
79524902
114027779
77582203
28872032
70052999
90364047
50670371
102487977
87109852
130036812
62694389
25167302
100376702
69381229
63478094
64270795
43840389
75038865
14384995
139939328
68327384
49446157
43498653
44805349
19689746
16156439
193780668
49838450
83202065
15809099
28369074
45386544
60823636
46004011
41649377
71073022
59896829
31417902
10312964
122289227
44616171
75826370
156086190
32855261
130812302
5771869
168395314
163807675
157520175
11379139
91353741
9613344
119288631
32321845
47171664
3441186
51951154
100221206
92009851
79822027
27334384
8313068
48623713
21833989
2148305
53016208
98694044
7497230
93576816
153285024
37827956
174566956
87855160
23235268
34923144
137568992
39137803
120793444
47264865
61620565
57842424
17151037
86781272
55337467
11667325
54604542
7817997
941780
14894687
25237437
35085987
8411328
58972542
193490106
77968761
98603894
100576760
9778789
7485225
95403522
16636592
101053197
62131155
1981968
23263485
98871597
22661018
45564888
141244944
171129497
123675615
72588856
100171065
90672728
86799236
81884811
86103738
52627916
18732914
87720249
76066818
17796201
21515739
4981761
41511377
8633920
130371825
178688610
68544541
80925297
132129880
85962042
41621398
119309617
103339151
42058502
35680189
177584343
70293800
96842391
69060680
110304684
48769147
49449634
168716376
102701333
23002523
115117041
115929283
101882846
111122465
8399705
41083650
41227935
180677304
76599870
72957543
96880212
15676830
114717465
26920669
174796582
87752812
50633518
179023132
155387247
47026949
107801265
29938675
24920702
83698554
5655512
87324125
75800555
30311172
135267963
8532989
161252982
40251668
2677617
79540641
52920775
84004093
144077607
52010129
88853384
66863927
2103897
3207615
53965417
108283295
80874021
57928733
67897324
49735012
104538964
95143162
13183035
102447776
147501531
45993942
17998997
35277888
30873027
31845927
136205315
4892828
96941791
16688700
63483569
6120760
81446954
54081405
148443669
4695117
1353354
59458774
64613032
136710647
152278504
4004294
64026516
4337639
49366336
11799504
4982928
12290047
14554795
2019338
26839574
87631931
46423816
51576368
173579905
83170931
57300018
10196219
58241110
52779167
43194467
89091933
60812211
86076993
31644524
22128293
54597540
78645024
61822897
24524448
105491749
11860517
59410170
130350746
142779699
19619248
176607114
87984007
50355619
20848716
97510329
76255881
46846332
131344747
123082956
84283092
158846294
5215318
119547699
16990416
77075296
100705033
28218286
171194326
47257433
62861743
129892872
1504023
165537872
88534130
51392835
74891078
17186800
39773790
90847422
55440683
82022382
65304033
142883682
23395610
44695858
49614280
12648375
2868778
153686253
46441439
85143260
10341413
62864148
71332871
30769114
99102333
52959495
97603388
143090083
142081173
7626476
66384972
189579223
34539266
134564714
60393520
37438698
85507843
24111125
156738612
61598570
8502337
4096662
147775346
117959492
20376702
68061471
13171004
37868959
130916872
93496236
9459456
130722901
11855721
97170897
65069100
167800098
43125654
3388933
98521568
73574980
6977410
2320574
4984483
16033860
11002345
69340264
75411354
23611183
36728757
40036903
118313933
34813331
41265568
14807655
42229378
132792128
60572891
14943069
44175187
48341727
99703559
89431707
123381771
157658313
160971775
71992111
125025311
48393127
127897578
63667965
30882610
66590900
8273045
62396168
39645640
65683733
101774844
50756597
63554168
57557395
165735642
22411894
55609948
122138360
9694889
33491752
69001795
23380990
27470946
119272779
41743170
7170744
33666941
29176428
68660411
41771923
47344385
84090745
67253537
62306576
48892338
94221169
57098997
57298028
106663035
161543531
7995664
6743972
78250363
62429945
8098824
28890816
46493312
89417996
49093804
65682903
103078418
54164011
60658131
138954496
38744326
134733011
42238268
29212923
72086180
112101918
14455368
75719300
85787511
81644902
40782480
28580457
59268153
63499052
1194482
6929766
39765583
31890830
151273230
102101824
15483102
49942256
161244851
64104101
47569559
102350690
103133673
12785344
16496908
6111777
178140036
19685559
52040609
104842530
96875030
84303661
96348113
58678728
104278763
80399109
78372111
52748643
17539154
24868535
93033716
83946623
17985889
44219594
58461335
43669512
104053097
53154779
14248669
124056795
93916443
91848652
6151252
32906026
111205020
62800367
97773202
68147792
58721956
104824757
2892513
794403
187571144
162143628
2016223
136675131
98491497
79779768
156836969
51399450
50385677
50062387
18912834
100623038
114869458
28764139
63712417
153505881
46149755
111417817
124128506
83902151
21409037
76020049
39089074
50385199
38125957
59084719
63542132
9910101
104834932
26475330
128107703
104155627
60138432
4113735
103941622
12682423
88289212
25234648
2948901
31588550
51710049
168446961
86220758
17881693
41512253
24125631
44992364
21308082
12892098
78370094
43927256
69398655
47284112
54332329
161693751
59653375
107391650
12463015
68708217
144536790
57756509
194633144
25676757
67168159
134469893
21579775
110256666
19639887
15405397
29884443
143575955
67209111
20475742
7424567
75936570
119338065
117236469
4226703
12461177
11734399
11455166
69073894
159683280
7163956
60877171
105968741
11371270
75535087
21686303
67483780
23736546
127241776
139803711
102962678
78707332
125683172
33194901
89707132
114792926
22208642
51590877
35458972
40562663
52609814
120277620
33139321
91953385
78868860
32140369
2752647
24874833
57638441
18802799
11587468
65893596
38579610
71766320
78023144
11047981
38969914
14034752
99291646
35553754
29309662
189378301
189554586
100661478
20781001
61686951
95729928
21301069
31275504
17373043
32236767
36451681
73812904
44868264
101852235
2871222
36295500
28611856
8686410
32468903
59695265
46336529
149580719
108603863
58179519
119243587
7184314
66990991
71738896
15331842
111091153
3415067
44879879
54359184
109961169
66541186
12734007
14388484
78740283
78562301
133887788
190582068
88131235
8970223
78631719
131212931
183297989
89523122
29005709
53747508
1345034
69847039
185537559
143944271
72367286
68317822
7891018
65154163
77791922
20352153
80684416
41825398
57340323
78059252
72274929
15195722
31113595
25574284
10202153
83759341
77942704
144060504
21599898
70784701
28138486
1942724
58854051
100753222
125570628
11245563
19092066
98190627
52681371
13765288
13575241
78638081
29648551
96346929
27039532
79507445
16252681
103289333
25748490
74784319
28154312
61800859
43953599
88246967
136119495
15781566
91060424
102876040
39862616
37628960
142068834
12053224
2136654
107564681
38558764
30951519
153762703
152792880
9658581
35660176
21868161
101313907
163063488
7878954
76581809
32085646
40681087
49284071
53706963
160361368
138433288
74920513
15151062
143202336
141691169
95645948
23656116
144507500
95230193
103971573
61727923
135665102
17513417
16510069
126343487
23174725
108992040
28987507
108848785
124751150
10061458
41826756
124714924
8197921
138133123
102483655
32919987
151479399
103568719
47065542
47844183
21033352
42929162
5697957
7303680
16050300
126049762
86702470
39493342
57321120
190135157
105398929
44480145
31966317
67473046
22529586
120338575
45327178
77232251
34767435
67284042
74091566
24166198
32156030
39628290
53027272
35778376
79992002
105581890
68088941
39217307
37163463
34377783
86115218
15377056
56536374
113057589
187225197
93380183
69842257
32552917
24047297
58870881
18124918
79960380
61566353
59622473
42182324
7963146
