200 2000 2000000 2000000
1 589783 889242
1 1633160 1951208
1 1215664 654055
1 1758773 1580069
1 1383575 1479290
1 811564 356549
1 1783572 196504
1 1281121 1551339
1 1925203 1856287
1 1449891 537576
1 1904699 159929
1 87056 1498359
1 903946 239027
2 229484 346217
1 868562 416513
1 1377981 1186580
1 1764837 433378
1 32554 1390395
1 178553 315265
1 1178990 310338
1 1858218 1937453
1 1338825 488508
1 296812 899958
1 1214570 1977959
2 1172826 1238838
1 1921769 169240
1 210898 1927308
1 1904624 1115116
1 854437 1447291
1 1683518 1616417
1 875330 640812
1 313278 1072456
1 339222 780931
1 1058829 134163
1 943232 304390
1 105225 956665
1 509455 1851191
1 1968683 1437990
1 699173 1969608
1 1731020 1827308
2 747556 1515120
1 1292739 414061
2 1949260 715984
1 181906 290834
1 952510 195264
1 947959 61198
1 654299 1336347
1 1331013 706933
1 523260 1239008
1 760386 1488291
1 1726361 1258597
1 965683 1253836
1 685189 630207
1 1637672 1943522
1 870326 1717228
1 720555 587557
1 1328738 1445057
2 912877 1330307
1 1041430 1284973
1 1847737 1455791
1 207823 215750
1 334492 1002457
1 1016779 1733680
1 760323 998159
1 1189956 73648
1 102417 585381
1 1602597 548003
1 387259 318941
1 1620195 512418
1 1037163 1850161
1 1178502 1975321
1 1337275 911480
1 383328 55545
1 1401487 53688
1 98482 874296
1 1498248 1335922
2 1087119 1682783
1 1174917 107989
1 1574589 1174728
1 687415 242395
1 1572602 664317
1 869729 1862695
1 1823674 1836351
1 20376 882856
1 1494136 1951528
1 1099117 1743468
1 801244 58902
1 1857481 1599388
1 1484416 7386
1 379671 1750922
1 1842019 113251
1 1812690 1474662
1 388184 265828
1 1900367 1179592
1 509179 1576607
1 246401 561583
1 337435 1140273
1 1439686 258426
1 1532747 1168851
1 1738096 683147
1 588298 902241
1 1463917 1940827
1 1292083 1151879
1 352945 971678
1 675191 1421861
2 1259788 1192140
1 1689515 939683
1 412245 696446
1 1718888 258469
2 953095 1527480
1 543653 97737
1 380387 1414288
1 801724 1900607
1 1678012 800341
1 252535 348642
1 1343264 1613059
1 221195 1295059
1 1412559 1284245
1 609843 413225
1 256897 1763437
1 425946 1794623
1 131447 366432
1 555402 732781
1 431344 499357
1 1716774 49238
1 1933930 452668
1 1502862 933645
1 335219 1548723
1 221110 535975
1 624816 1990562
1 1919678 782253
1 971546 1379719
1 1958599 627582
1 536328 915006
1 734664 272026
1 773245 1124583
1 1148624 1212277
1 660299 902432
1 752572 76992
1 1079837 1715714
1 1137067 1514393
1 413070 1648409
1 1566538 47608
1 1966706 182535
1 451225 85426
1 364166 1182652
1 1907500 1507498
1 1039508 952715
1 1454407 1922870
1 706373 1075134
1 625583 1532991
1 191239 1547665
1 481687 1074363
1 676865 1231766
1 1603459 996284
1 1454626 1222360
1 1569282 759592
1 1944867 1872442
1 1232940 1925184
1 764512 1865343
1 1654500 946980
1 1744760 1129760
1 1963519 1030780
1 1993404 1024384
1 1139988 1474941
2 328227 165747
1 1369734 1164301
1 1039092 1087291
1 1175894 1661780
1 35250 571599
1 1251727 934251
1 1577406 264575
1 233244 1741504
1 1260239 1232610
1 375172 108311
1 791329 1337049
1 1781582 1441910
1 424156 145012
1 436287 1986434
1 339176 677025
1 1255626 30864
1 950010 787246
1 1684450 1753521
1 186567 1881028
1 1240461 1449049
1 1177344 386098
1 1417593 1199219
1 1512902 1735157
1 700175 538898
1 788883 1330459
1 1391178 475671
1 1143701 1820343
1 1557019 1469648
1 1139795 1373015
2 1180588 677387
2 1580665 811707
1 1003674 721589
2 433726 1182112
1 1342742 857817
1 640357 1204129
238424 1557806 1492028 1311188
736786 497753 654046 550470
1230257 1576533 454667 776262
159996 751804 1771562 1140218
43856 673576 128260 1120919
1187035 408161 595959 375207
446102 311652 38912 1250269
389388 707022 571889 1894429
351954 518221 262541 367136
1881541 1105556 630678 183083
654350 1559884 1885882 1718851
561580 1316454 1696398 721632
1857253 1145765 1885527 296403
1304081 1667662 93334 229524
230765 30975 1411383 1207673
796165 1930394 1735709 1703482
981489 868120 1727264 475448
730435 1542231 1689575 1014025
274254 769685 947792 1878490
1634171 1098341 526400 676943
1790366 1229707 1682679 1881570
745509 1532573 434034 532136
205322 1320824 45464 1787742
1027200 1975379 1368089 1693118
84049 1763931 1072726 1788531
607164 1963502 1029697 1519251
1568596 1506979 810412 1080722
1696447 1985387 1596412 504819
1819732 789589 1522082 1236294
301615 579822 1701075 438993
1436205 1414723 110905 374615
1387938 1471178 1264817 795123
681520 1674918 537035 1371605
1334224 1067553 176428 1700393
688977 525940 1668777 958640
1434006 1182382 1582839 651711
1055146 809443 784574 859535
1938200 798492 1983313 474125
606976 708353 1841506 427383
1489336 858995 1031910 1452312
1804435 458452 1974939 536237
35902 816217 1549136 33099
921865 318882 1132951 811294
1764811 966235 1086041 986841
31156 1409938 1570034 271029
1366666 1364976 1679076 1650972
798287 576501 1792940 133754
1676610 1466962 859124 362647
1345429 1808234 1634613 238156
1873581 1839856 1117051 1439749
676601 1977118 1611193 1874355
1194154 1334658 233157 1404921
519369 1262013 812924 1034419
963327 104397 1736942 823827
1105733 1086739 870702 574043
1909107 1796718 1973672 1675558
952690 893438 253960 176187
1741405 1550223 1038712 1560239
505109 693750 868997 1944258
1676244 1300828 649240 1452757
19380 1123946 799453 908148
1006655 21167 435127 132890
718771 724154 1840866 824474
1612971 163105 1837402 1638409
1803000 908878 883543 495213
712290 527930 832430 437069
978459 290553 1956138 778856
1710541 1763333 178180 125320
1969931 427760 1652852 79071
1147975 502374 1171342 214033
1577018 1391520 1682322 1374780
1132 524886 621754 565702
566426 791649 1943405 1983494
669466 1107919 27770 1701799
1660522 1193664 1934138 1096552
880640 1236865 360468 950547
1711718 168423 1096385 983799
568251 878520 1424990 411927
680443 150397 884207 1886862
238213 1083465 329219 1895747
1497241 618684 514201 356214
1030236 1957309 263092 1946873
685809 1341334 1626247 1182689
238452 1023114 544031 42320
330529 1185209 1740442 960041
1269962 1561265 119365 1451994
485115 1553984 472422 244618
1478690 1678643 1912065 1036552
1802153 1997660 374322 724477
231356 234599 1506919 1625287
1857041 748268 579150 223227
781197 1190847 1068946 361197
854017 336102 1932489 1133598
1827333 255007 344989 1241479
48106 184513 396858 1715497
875792 979836 1443651 693739
611035 693053 745170 265504
1747244 1756722 707117 1473653
591182 62086 1390186 1267677
1125284 1819067 710934 1319983
1201066 461433 306642 1541107
850169 239281 685899 321739
1742279 1220456 1085080 645202
892184 534801 241594 400485
1649388 721032 153598 1492975
1427741 1643768 1472060 1854409
645099 1113866 1265412 1021068
87980 125856 197364 1757761
170811 126813 1116954 1627017
79630 564989 157988 1664118
932379 1986848 560296 316809
815715 1486538 1230485 1858652
338222 99678 1875129 162168
506836 1618732 543186 1600497
56235 1693525 1159017 1945054
1560218 283722 760064 917877
1677973 499922 796109 1783099
604029 1716016 1560484 622435
169516 1081972 676727 1287533
380397 580186 1270902 1638170
11983 1708741 255228 1626459
1143027 1546251 1463856 829270
1602035 20263 432472 1574670
74643 1564520 1939560 743299
1623626 1079294 52231 493947
1162728 639529 1758252 1923860
1687783 1104371 700466 172312
708409 1485017 1841308 792987
193085 419610 1910842 914248
1461245 829362 1699609 945949
1727868 810602 169886 1108418
465886 1898809 687719 406644
1247391 593379 949187 1506231
602100 815750 311818 448298
1866673 1215834 53400 1417440
413487 1322644 1778480 1058109
1253916 1488557 531792 119880
121414 841884 1983298 1588735
385473 150544 1383944 460653
1271540 398180 1666251 776108
532772 838230 836400 960486
671250 680887 546081 1211436
647822 1770767 1745674 1087262
1374817 883258 1568014 587750
1966939 1644794 1301021 1348575
1982400 547709 1985202 875221
1619864 977234 1509138 844721
410301 954670 880205 717363
223243 949109 305364 1924858
749112 103233 593860 576278
105966 425531 1378705 1942547
304919 930318 238523 340747
320050 1334010 93750 913984
146180 625950 1849245 1599275
105156 273903 647061 141276
1065699 810618 338538 121146
227889 1795755 1684052 1718821
1796855 92325 1131136 1129824
310688 1386226 863896 1984302
1783635 1896434 1892929 938449
755334 1674448 1540893 482507
450055 355611 858679 878848
1775182 1066904 1500846 1399697
1206941 682162 1612461 1908447
1062066 1940821 1165455 1675112
1404497 51839 195156 1176687
1499506 1080863 1718103 659032
1031355 1285588 1729972 903591
98952 1704991 1645656 895951
1952962 1234316 1080342 1692059
602268 1423545 917061 1429904
1308678 1647692 1312648 1060539
336979 1250164 936411 712209
1758081 1818157 1166401 1359417
1588715 455375 1520268 1511656
943296 217730 626047 192687
1167284 1691367 257123 373590
1001145 244489 1717883 908945
395611 930854 119095 750572
1610896 1710205 471277 1997935
209460 1290950 1261882 1312545
1735601 1300858 368276 1344047
1304049 1619757 1657684 1847312
1286685 980958 596580 1329289
1746846 1420590 150974 1413194
615050 575873 253305 1113231
1110768 1043949 1927042 880792
1853878 1519945 1033736 512622
666048 1237472 1543089 590233
521044 720388 1229244 365073
1589335 1101234 1878952 1476955
344979 915288 1060424 1673044
1110670 1203042 80703 238258
1758880 1089053 74334 1640560
233264 1666981 555429 1496647
1629639 254278 1509769 730871
1012479 1568144 1193486 998258
341614 400049 658089 1562681
267013 551825 625849 1010804
61066 147295 1385969 880767
688333 728924 1134160 897799
1125102 818307 579109 1096612
1033991 1054183 793948 1881036
755317 1137306 1769278 1817786
1806229 601578 1944539 1533452
985250 974761 137222 1985109
1038899 1530914 39893 1367165
1783965 148703 932759 514738
396330 1634674 607151 1214633
1861969 280908 371503 1525721
1689189 361136 1220091 710106
528190 1728604 1279645 1196025
1280970 1472891 1587317 1760748
126458 1498736 82071 617718
43398 186210 290831 908120
1683188 1515038 149536 1738169
1613142 912634 1189838 1021445
1143452 471269 603412 707291
605809 428324 340479 957000
491366 942385 688480 1449845
444373 1460867 1836005 1215438
1335879 1364531 89466 1495902
483826 958847 1676714 1022936
1857008 625785 1865329 1301698
753733 1315767 1387124 1911426
106629 252851 874117 1197920
267869 470326 1253993 1122299
1766325 396479 1425480 672343
1771838 1741783 20453 392131
1825611 943970 1863158 422583
210401 58585 1637891 705674
1991362 1239451 1751986 346658
1499010 1402277 1633133 744039
1918095 1297459 958451 641006
146956 931996 762103 486598
356218 735889 778065 513969
1192013 983339 485947 1217853
972001 1232045 31013 622289
1053154 1798391 692608 902043
1303608 1204449 409466 1348557
674748 1337441 1553831 942008
8918 1419946 1183774 258888
1747740 819903 755136 1624817
844061 394198 458374 899248
30405 131500 1897927 1585997
1367740 1962991 932983 1495183
1955229 1910216 961900 1278665
1019796 1670410 955868 20944
1974763 1535067 1170284 367593
1234752 1764554 1800274 1573340
225558 1438972 189409 189349
273223 1656836 1322686 810880
788812 1887993 345342 1734639
1813273 1554111 1762570 1654227
861668 1344940 1231419 165574
1458628 1575872 762325 1084578
817894 1457256 1736290 120755
743195 1732703 147285 153827
185970 438435 1471306 837118
1808288 1996074 262893 1387885
801580 408449 933829 1767068
548338 921287 469673 793941
406746 1222481 647399 631860
1907810 839900 1418020 821923
854795 1130932 321373 680574
638668 1764474 41911 798529
1744957 557104 1182245 438976
139508 1699832 1582067 1340922
99710 1685891 1821613 1997563
593060 1301380 570666 1736413
330244 1855982 766533 964394
209973 1279263 77121 1768179
1777215 926991 217229 553028
939038 1324460 455932 1436945
523708 1279121 1054819 470362
401042 1927278 894323 1107767
94218 313285 439950 1647954
211190 773911 1780584 1988964
1955685 1749111 346157 1640609
377357 471992 501925 153819
493656 330757 27155 304182
826750 104081 1643609 1115537
1105191 1079327 1677475 1388035
1909731 1192868 330498 1503967
1461571 957588 1129469 1853604
1688177 1055507 1208067 320796
1864348 399228 867805 1861035
852763 668319 779679 530564
1385972 109287 384344 808917
1011572 1429102 932119 920836
103534 1636398 1946838 128362
641537 1152684 1563870 866455
212977 168416 367573 1677823
115438 989156 1356475 948267
395035 864998 310144 238716
786926 20982 1634622 1366986
285998 1877303 963359 411955
603596 894936 448017 250592
1340393 1818448 1314218 1360463
1394506 1207998 1852600 69174
49259 143421 501054 740560
988447 1973547 776740 601313
1767042 202983 1607761 1310139
1230589 71014 1312123 1189354
1912327 208825 272609 1534375
250241 585031 584810 819883
1401126 308459 441618 1306905
1754317 360889 109119 716989
1840615 1103386 1828507 1974250
1416398 451465 762344 902291
1610119 1496031 1009700 1660326
946975 1631362 980746 1395187
530183 463831 564960 1512711
1919206 1904134 186591 335217
1484077 679175 678389 962952
1559611 371549 1630193 1920063
1732130 127336 349664 1939269
1363180 808278 251988 1770543
866113 885931 311698 108679
1581629 1285701 872469 1388897
1869797 573409 1772028 223534
1298656 1116004 1622503 848273
1973701 213500 1274497 1948962
863665 1311948 785926 447608
336355 1687172 472883 1491493
19083 1496905 245847 1401132
224196 364075 336098 1624849
1564222 180163 1140779 157988
889408 1056697 156649 931929
884824 1648284 652673 1072402
1061603 996248 221824 1215437
1467528 880692 132475 288146
1822723 1380503 663133 668123
1442122 240381 635061 480376
909484 1330580 1186364 1729719
292722 1736917 1795547 817069
1123217 688146 1589132 838560
1881338 1789864 577788 27258
1256650 1252576 95976 1318991
1070101 1766017 1694566 628534
1854383 262227 362502 672268
1443944 322306 1506133 1912618
258053 814036 1505683 940301
241469 1855162 7443 385932
1676947 710790 1072869 831904
1190405 390519 1899933 1638073
1037157 856079 1604154 792304
814840 1390828 1819835 458782
1460093 1833889 1023192 456048
590020 852939 886204 1929960
439542 294433 1208675 12460
547478 95867 1163708 1913691
772219 1299395 608745 71083
1570184 141689 840695 867962
1997546 1716397 524810 4080
1820736 817687 1433951 1253511
1822019 462768 573654 1480115
686192 902217 1111171 1402530
986853 1182530 1115936 628004
1510343 492580 1256796 1250890
1820419 749825 723493 1170068
1310028 1114384 667015 1814510
1300670 155585 918020 660310
1792176 898952 129905 1719176
1170616 1535137 125575 215477
1266420 1457398 1738118 50900
1204919 1000495 31660 402104
1829873 1709133 1823902 383954
1159344 1651951 547174 965164
1288242 849837 1299944 1170181
146748 1220261 1246670 1935181
891200 1624044 1896819 1613238
1018134 378195 1645166 1731488
661060 1279810 811111 1880969
1374750 603958 1150708 686066
726152 1932252 263082 1908752
370233 1084798 831701 662159
1882057 1628557 637849 602561
754702 386844 383802 1290362
973975 1160480 570213 79046
208765 1647104 583334 67820
749680 487027 1043273 127628
1882132 921507 394691 413376
1479422 306082 843568 832307
216789 24310 908112 190126
1532432 58334 849649 900852
1070051 1079853 808439 910384
988681 1363132 1789240 329094
241916 981600 1327585 510793
1525091 126544 927932 900956
551939 42726 1564638 799871
1917264 598715 1560558 182960
1540094 1474796 1392785 1252880
1889384 1875377 1378368 1980686
1159434 533060 1949281 246289
144419 155383 148946 1006864
1716393 255918 1240482 1328952
1368144 1398275 684516 388014
1982176 26644 1639231 1968643
1662851 793004 667433 690681
904496 365052 1713082 1830023
691213 508819 1531501 446229
1520772 1354687 1340245 906957
1573894 1238262 1057250 203612
1651853 454700 1300790 1623164
628244 44482 1115376 1428602
491126 148766 1523644 1740340
1086161 999905 1235008 234125
989615 782204 415744 378153
8483 432975 1177136 1780453
916142 1194445 1451681 1950122
1653822 1445993 944517 121464
1040243 1459140 133824 1523308
1478039 274059 1267774 47637
396799 1720147 1028933 1883363
589753 293003 1226187 539340
1737297 785337 729295 1456349
407313 850165 1672616 1102292
1768559 896743 421249 179955
439601 1699227 1330869 280853
435037 1311280 1842139 1327033
365577 1048992 1172567 1549270
764092 117401 1463621 1776147
1564452 1786460 645928 1995245
1283967 1891923 488455 1059490
1089681 36449 1899509 926034
1588075 271949 907441 511298
836595 1219283 1439337 1461905
82853 896595 879328 519615
617865 905884 80660 1308525
476115 760104 847660 1828451
214720 1462896 996066 457218
376136 1635777 177562 1062948
1190579 1701755 337636 805523
1260536 1671998 699522 738556
1703422 1576753 682538 1793641
729325 53751 172942 1410858
1118886 1237011 407144 1544055
1707577 1732009 686084 1001412
1278588 1550873 1818090 1540887
1034889 1719525 1793157 1952581
665205 37165 655092 1736301
1074659 1749379 1620226 985143
751077 32307 18858 411723
726281 11309 1468391 1313713
785356 739035 497429 1224183
103186 1558325 1436985 1822179
341336 1261398 1565627 1200763
1924487 213097 555898 1081454
1514991 1957563 346520 1945055
1729168 1035196 1325929 1495710
1830927 843892 132414 1575557
335127 86700 716166 1697170
1701847 425775 1921921 283110
1450988 460676 1234474 1908154
144050 574989 90716 1153980
798563 1508647 277323 1294896
1549537 181518 1697985 1432386
1984843 409366 303713 762802
365089 256335 551998 1976956
1947567 1222323 1119078 654789
550328 339646 1687180 1614984
52212 1425644 1702209 647580
204551 1743502 316546 537165
198530 46963 1411325 1768893
608836 1123848 1776139 67939
116524 1613957 1800408 690713
1164921 804324 1815357 727510
1250477 716726 1997204 1572228
969898 909273 1893822 1931968
632271 1693127 580729 1840906
1951568 932831 1683160 953883
1875225 1189422 867444 1957899
288507 1176756 1387762 1762989
342089 190872 1744895 214513
934271 1650692 1946359 1886565
1937640 1049124 1509292 1364838
1248992 311408 1384118 32175
1115626 56570 822747 1848051
1886215 1464231 1046930 180120
618451 1859103 740490 96631
1255344 241086 1069500 534756
929879 1876644 608274 1568585
1842582 377147 1167433 523368
36162 302138 866843 1212688
1251667 915751 414387 1110542
522071 1017356 1854586 1499838
367756 1627967 1540808 904949
458226 492461 869384 1455224
1814752 1028596 294543 1236575
931629 1642308 1670299 136054
1331851 1971136 1394970 1006765
1160110 640249 577018 1047010
1564360 1944582 165331 1372467
1561855 688335 16638 793071
881147 722583 248082 1486222
1110390 90931 764703 993350
163184 725994 555325 559832
243266 1985255 410607 1510415
1749300 880555 1142461 170128
62662 1831864 763860 1871507
1000540 327799 516824 396062
1780398 597924 1750306 619955
53114 239428 1254390 731624
1245089 1395993 1537334 1770741
1616703 1303493 753294 533885
220119 1238280 88140 922546
809743 1697727 1992401 642824
1699731 1044468 1326669 145563
1198070 1005851 846539 1183499
949560 295685 768995 1566304
5653 1709397 352041 1516684
197993 246103 12577 1776159
572594 475809 1957879 575881
374116 1535687 1857405 737051
1952148 404168 1322107 624630
1519322 81792 1346252 104031
1282061 1105917 1358731 891120
1618077 1742519 1403514 1119255
1443641 778712 1758517 695336
1923935 930851 1242819 228216
479965 861311 190236 1413113
814394 1890936 1526829 115433
1392743 1140275 555364 289699
1905676 458063 1817319 516374
882648 858950 1482004 1518439
421456 1014437 1010209 338941
1932304 1261593 1653754 1701523
1958640 1597154 1079619 640686
1091513 1802431 277481 978212
6401 1079030 1926344 736644
957761 1818559 127318 251930
1911663 1852353 1459355 432097
1446445 1095232 1824990 486768
1996558 729608 169910 722413
1259923 288773 462878 52839
1032178 1534781 1993320 216598
1439977 1295618 1956742 287164
1500628 599487 1144499 1959058
1826435 1485497 1212033 1859546
1610173 1678636 1827899 882473
1184845 820410 713764 1877080
877549 329358 891205 1674607
1857037 904226 1615774 1694266
638417 1183246 582792 309342
1356790 614713 980576 1865715
1950202 1160559 138289 1332151
998795 359215 719031 704434
1745108 508794 282405 1097211
767124 1675021 300010 718512
1273778 1323702 1743910 1054755
1020878 1567226 238338 323575
704217 1900679 1325029 1767383
1207439 1042025 1421726 149879
772244 1192769 1011256 1128775
198510 515113 1462146 1069644
1783188 142275 1389146 1064056
1025087 95011 1412435 1619278
808482 1859040 1437245 616267
1668127 79256 1210880 1859184
410990 1998614 883646 1627361
1056761 1472789 262201 63613
274266 1844823 1544628 173199
1730905 1490237 1307740 1489957
667879 1813188 521247 945742
94817 1044271 1575449 1318405
531081 490548 1562215 471747
2476 506342 759602 232401
58548 117734 1101030 1246896
1257580 1065675 1275005 1851449
1441299 1972487 1960465 755819
327636 1969974 861937 786128
432666 102590 1683212 100488
1724579 198375 1457498 99083
734628 1493215 1154925 1245980
211635 1917726 1138405 1596499
1714466 1202154 1300271 1680071
1221423 202965 1291388 1073910
256399 1948952 821648 1193405
454411 1186468 646374 48275
1896287 1941767 1300697 84495
1535377 11817 1113292 1355183
1631186 307663 96230 1589424
269185 1670547 1906437 467852
1823950 1810064 875959 1393179
839026 738043 1879866 1255190
222048 1076554 923780 441030
330538 1181167 1366809 1552313
1836118 28057 245772 982625
330122 440705 526270 1564589
1378553 1298789 1937819 908972
315172 696644 589483 886558
21364 778830 1091862 597490
233821 418500 1138025 576066
379496 148280 71064 1918078
791073 986013 211599 891955
703174 643353 201023 1101695
230173 1406474 468289 1271722
213256 1735796 686625 1367029
1892150 1818964 827428 502536
627002 1670417 1778017 386922
1343115 1666620 1600273 852828
1785534 1320528 53028 665011
105250 941704 84661 129799
1131717 981863 991930 903556
478240 1594483 1150866 1246150
699460 817279 1516947 1838605
1278329 966480 1305154 1191157
747466 1836315 352591 702625
1726708 879829 992665 1108416
1172938 769231 638745 588001
662894 247705 347750 269019
279091 1426320 1179776 1399788
231453 1824761 148278 478682
482137 1440445 30952 1074850
1403970 838053 741903 1240040
1110725 1095711 1489099 1242253
1070412 346261 1965557 934916
1375067 363441 1491172 495426
1301779 198593 940710 280053
263340 1275339 64424 1028585
903348 293218 1269964 261162
1799443 1889054 1724766 361845
247820 835372 1022159 35212
1722744 989037 1678488 618053
741598 66662 295596 751676
62076 21131 288440 1158029
456464 1289767 647734 1635295
464016 852405 88105 1232230
1621395 1114879 513632 1850181
1325461 458178 581266 1932438
1143764 1483498 1883360 337421
626744 626747 1217253 305662
808673 1341058 1480132 197953
856368 1179247 482979 1689358
1381792 1690503 1663712 1522777
46768 138340 1076165 765670
1472688 1804908 923285 876624
1117950 1426834 925652 642460
1706189 742177 533240 784444
1420691 554366 1806357 616515
1857319 269312 1590669 1679420
1465341 1356761 1945500 408044
201404 1995550 1629986 681374
775315 1627016 1267803 828620
46115 687227 1297038 313651
1765924 293856 1074642 1972267
1731915 155633 1206393 209652
595552 1116853 1845969 1839799
576326 570383 1013741 70894
1316914 183700 188864 1802129
637509 1748660 1192298 228006
1396235 1596020 756746 1321917
251712 1107636 1720095 1096940
277052 1221475 105022 1776981
792794 1501718 589361 1309943
1135319 1930299 1557426 1648044
783320 766276 263480 356196
1925710 528964 675852 803705
1679700 1939071 1372911 846954
1618946 1501361 880820 1419911
211741 158424 743482 904956
780694 1044292 635814 1245781
497357 872630 971700 436764
284355 257819 1328979 790773
1450072 472495 1659715 907215
483946 1079415 273151 918891
794905 961678 886313 1839974
1406006 460643 757124 314197
1387132 407960 1363782 88482
738485 1025509 1653442 1883673
344313 835077 1052233 1246298
381278 860180 1783667 1387453
1159714 1717536 1139619 865530
1245406 522628 1137291 739468
173467 830788 1134361 919690
1807617 1881637 203086 1995643
1419077 1336850 956920 1355731
1575562 168766 1649213 87784
899344 1399637 137850 1368311
477250 1548235 1912254 522248
310416 605009 1658041 272629
1806750 1480927 271515 782747
1578753 238513 440719 904427
1963752 889417 142167 650409
372791 785753 472745 688589
412468 992486 745123 955735
1306459 1795255 1557595 154460
1163531 1140511 1458819 434658
916638 1208145 467214 1874535
968830 1314986 991880 1776110
427210 538394 587767 189900
778244 1888506 1151017 1461667
9963 1274486 1882792 1200487
1809326 1875552 1133835 407822
395243 1524552 1958706 1041215
1049793 1844396 339114 1145589
1265859 114316 1189945 1624505
930399 1896567 1963832 793900
998043 663257 1979521 544469
1968401 431965 697001 1684158
1634018 1845889 819619 1166401
1105390 883862 232806 53364
731845 1544226 1756789 242666
1458787 8646 496008 1502202
388842 1375181 1196176 468975
199191 1024369 526804 1796391
1259320 525589 123670 1371699
163073 265185 1218582 533225
278230 1359877 990625 1019728
1393946 1201628 539910 1817878
94734 600932 1076764 719554
214359 583983 311813 1721296
1568237 1657140 610364 671168
1721126 1454661 524525 1878364
1980759 1716069 1107641 934210
778940 1232467 154457 1576025
1292851 994472 84646 1095263
1592081 1220410 1329342 470256
505348 273016 1145480 1457644
1985112 28107 1808892 1811900
1003865 1801771 893361 635698
1465621 419390 1938256 481618
1172266 1175174 516728 1626724
1650796 496237 723197 851395
1232479 214453 886634 146037
179597 1412481 396110 241900
1441687 1882453 1749179 1798591
1654930 1053156 91262 1524703
111707 557119 437338 1868530
916346 1707789 1135948 1108270
1396549 202431 734206 937964
663763 277344 22208 616836
1103393 1200895 1902584 535478
378550 1371644 750702 691044
1015008 278629 1007672 1620523
1102680 1710966 255363 568775
1979919 977708 908101 1275021
305102 1006317 255469 1885517
28686 1355061 431738 1419508
305501 291172 145627 195525
1379675 812102 650494 776935
553824 1995057 4575 1599452
1434501 1160710 34489 1738731
908567 1041636 771487 1127253
523987 258213 1575068 1765947
1244541 850374 269131 673488
1452776 1920869 1900127 1147704
827646 1633660 1743348 167545
1990280 1413911 1535545 1466190
113571 1184177 1897081 670488
1415320 85364 848003 1321841
1309834 1004916 1397791 1751474
976763 1509438 286412 1894526
798784 1267479 241173 1513073
229480 887563 600492 492724
778051 172809 1409065 1894916
740228 7695 1192022 1198195
1081708 621435 229115 509956
637469 1114299 1077924 116605
337963 1484568 1963397 1702955
1012190 624827 508675 821383
618884 52549 1729423 1441901
1337056 1347042 551450 452033
1698214 658788 1759039 1520835
1583970 441617 626879 828900
758056 395048 1715317 715997
670406 1240323 755072 1642137
475382 1133598 796710 1065956
1019696 367136 361862 1281767
957234 825203 196396 229737
1014608 1911831 756620 391135
737314 1315184 1337695 1588432
1633557 787191 735360 438444
206953 583967 1568617 105929
1145248 1142837 1966198 1321714
349181 243699 153925 1939869
1171277 481654 386573 414501
644276 1624018 880848 106735
263834 336007 88962 943328
69079 61006 1251579 965475
194850 1925379 1764286 1671771
1940066 868086 267903 660156
1728394 1140420 102568 1425972
61910 1534655 1760276 50349
739198 697185 574835 1033882
1636402 162428 855514 883317
751565 234440 455604 1919409
309176 625691 344179 1320136
1812494 881275 1657248 1339767
1522632 1320067 604406 1086668
1934656 1362724 13397 43925
593303 1322563 1047824 1907001
252671 1215876 1345586 42257
6395 932419 1964884 33187
652626 1164890 782595 653431
890291 1095599 1854572 1118486
1468834 1305884 1736550 1095772
1733486 1701521 750344 1467746
456065 1381675 1618867 1984907
973268 480501 1849650 1742068
1955875 1781514 118879 269577
996516 251970 904715 1162349
1629027 795511 539796 298537
1319167 1192477 446812 473043
337892 1802105 571527 318567
783676 1929632 838559 1780465
15762 1918973 769298 1481162
1325268 1979995 1022523 1703570
861731 1452835 607262 891470
1291964 211800 881488 285787
283157 785006 1273191 7470
1956228 113573 775166 451796
1509385 1706807 938729 635564
1930011 47759 57342 258394
944611 1404468 380538 1046931
389986 1829738 1706231 1009130
35644 76997 1563770 134622
665546 1133425 1957555 1451222
712614 1167374 94739 452898
182059 1275428 1374951 154367
1902456 1093606 1306545 1095875
726854 279636 1328069 1361933
1692249 928228 1836954 1784857
110644 1240176 312811 1907845
1437522 1092128 1238707 1818564
622728 260910 208072 504074
1844610 1147911 193101 661943
1662729 1752407 1968994 271335
587813 759664 982596 662570
618638 1467532 372769 1933768
742650 524446 1417198 97591
812393 399363 959343 1502054
1004968 1632797 265032 1043935
1551897 718016 126766 61664
1958643 940137 778959 1520371
1720739 1931710 725354 1482890
1791823 1607146 828225 68482
1468318 1877098 896109 99838
972601 474897 1424686 1232422
1791172 614318 1698188 1560300
366021 592846 1019948 1991468
483754 1187013 1653475 1166489
1335085 1602064 1137909 1318545
1084399 1805424 1547645 1287082
168432 1258969 1753819 1220339
1401519 1039872 1207591 140509
1744561 1762979 1245107 1408836
792250 1008404 1401295 1815148
726306 954444 1685383 524834
1586860 596494 1147387 673669
1716992 1751142 471249 475980
100621 260249 963117 1109218
1218839 1395929 862785 873209
1624575 776780 516914 453204
1745808 407840 423957 649653
1157271 1459529 1543144 1511005
598200 237553 1432225 27175
640934 1903041 587710 1998368
1271013 868913 799224 1184819
1648981 1167995 684204 876980
389771 1839928 1727858 1499451
129700 944659 1397912 183892
566710 620692 266567 474489
1623981 959963 1029870 724415
480738 1907033 479828 337015
993049 131374 1548943 16239
1752764 1794034 1454692 552108
972930 1279509 1284432 1868897
833163 1899977 1323638 1798569
1442807 381921 940230 67344
561599 1556063 1760451 1536650
617663 1637801 336174 543626
81146 1345025 683484 1282067
45561 415679 875833 830813
1095879 765157 1199624 1019535
986785 1692243 852100 1122234
1484293 1177623 196381 726322
1626071 1018826 1710708 502228
932370 1844384 465022 21061
1520734 425305 549672 346622
1707576 1338029 846153 754321
1696734 204787 1871675 308633
966850 1439822 1644595 755045
1113973 1654184 801272 1762843
573117 1424818 206194 26799
567654 976480 1168865 962565
1676919 1137078 1924722 1393317
661068 1813317 46722 1187788
1238564 264734 51204 900644
1614822 1620498 266401 34453
387056 454407 1415814 782317
976587 1043610 282527 106615
662646 1372853 1592362 36366
707666 434337 937323 864902
1500540 1175357 1703366 461432
361194 977333 1546497 634249
1591311 1326091 1793116 1752309
710388 565797 1945973 134489
1537858 622833 822184 52757
1796277 1425636 331685 962386
951343 1127011 73182 1365928
409885 1688325 484224 577066
85815 778943 1980519 210571
1531132 378172 1825527 1191026
706431 447251 717043 1171783
410346 117512 789118 1777905
335716 495228 937766 1348846
1581882 1902485 702369 176591
1215745 864089 1327779 108045
1435724 1556397 1061021 1816930
1668 1815294 1271303 57060
333690 318953 307384 1397470
1965108 397482 826305 1832225
15914 805519 713260 546581
527533 1786029 15410 928858
1847300 1508 1292555 151759
1036159 1617531 1861311 652795
521518 468705 1160956 923745
1885197 1343939 1509721 88308
530166 619869 32145 1837320
743737 729752 1394136 943030
1478974 731711 160138 651138
1781089 1550488 845611 1264305
653198 1437044 669729 1838301
948813 1707473 1406832 694642
1439247 445312 467623 1236035
1876725 1258289 1088650 1595848
1434560 1968516 1141283 34909
1013968 1216745 1309933 1499914
1204303 779763 595864 1703919
1865088 1804499 649960 1153044
42213 1270656 60686 873328
919688 1003674 1958 1948371
596887 1243187 506463 826747
1163863 1328514 697538 1645319
1165204 175129 1506078 1994478
294444 829428 729141 1594739
1605625 683726 639853 410323
1098683 783380 1482724 1907608
1403203 864683 1499960 809000
1989353 53159 1011074 1023326
1069518 1996420 1004430 1238023
993230 472121 946489 1459085
831882 150360 358404 1554852
1348946 1080702 477007 1611238
102173 299879 439161 796967
872271 1431948 942487 1626618
637399 499840 1642625 331417
888984 276581 990751 1005171
448004 468785 136095 887304
1939064 1866601 770909 160650
1157538 457168 595498 1999313
955000 968663 1141741 984459
349707 736639 602450 30434
1317827 547078 1784048 1309633
51719 507601 418401 1404039
771042 1575855 737388 704606
1731158 385949 657967 546044
1998503 1863075 104367 512318
1193850 634243 650918 1698947
17675 565698 1550448 92346
1086020 857697 1616702 624897
253442 1450976 668476 1849770
1719457 293185 1239902 1715738
1156637 701699 129381 568143
1088279 235669 1110571 905570
1108738 310109 226540 1879078
1025313 999766 1668376 1247790
1869475 945255 818318 271757
894565 6444 875123 1159900
831021 1101454 559628 193662
144175 436222 318342 1814472
284154 1042855 1118323 1994986
1809387 1718963 432417 1739658
1721385 909016 794553 849583
701921 224990 209088 925587
1385271 162403 1095014 1099529
451232 22268 106271 1568524
1249566 1503887 1489975 1728596
88 1906762 870472 674959
1871610 1884000 93444 254517
304033 1041564 538621 794134
1909290 1251495 1233880 441623
14050 1199184 1027977 753094
1316501 52410 1515213 1711615
658602 1346082 1736120 1574886
1066293 334737 462539 1521390
570701 1965368 866765 450578
847416 1737848 321196 501516
1816069 454613 250315 72929
755884 1384727 1739822 919337
391740 1540243 1373567 532481
317080 197459 308997 673795
1969116 1741071 862543 671479
874115 356181 1038221 715596
1426641 1431509 198933 805848
618278 897162 1307288 755134
1408196 725392 1712828 1678779
1109509 107032 697288 351518
831795 286465 745306 1742643
763180 469845 1580598 1884609
1221784 1275722 1011493 1651037
750623 154543 1161598 981476
1794142 267934 1227777 1141443
228292 207635 946417 1164462
900280 862423 559391 1933196
1401850 881811 155069 922601
1477936 950907 924475 1386768
877568 1078152 341635 349149
1484631 401061 1405685 1244863
1168287 960208 318047 1859775
956547 461466 1854286 380088
1468800 1283060 242297 160596
195429 1169662 1102820 1030919
643376 953016 777542 1434009
1223599 341776 1088556 1803181
328036 922056 119945 1153194
1995605 290074 1601384 940140
1469789 1783749 676551 743684
1081732 1624882 709603 10408
1816494 1237030 1154133 1910590
294808 1464317 1871312 747811
1412856 316996 1166545 1813555
80336 337310 939552 1027003
726761 37462 893212 474926
1074021 1553007 415175 1829927
1077628 1344004 582610 1237279
1939825 972562 1234577 1541637
1131017 1440116 462348 804299
861452 1646236 1530196 1237398
470001 494360 1911238 1021595
1918658 1448083 120029 809684
564470 1209362 1672818 218399
46831 569095 657225 537644
1087737 1074321 1994041 1107247
1440107 205264 774197 1713344
893920 880022 1489782 1489117
1758954 216950 1817863 373585
1029719 849373 1938501 1480062
1283889 1777922 1338721 172417
1705936 1050230 64284 36053
1822009 1911675 1580182 22804
1514578 732140 57491 863492
600851 244351 503352 1942504
518171 1446638 1286780 1241008
171275 1372433 509237 1430615
1217893 1774886 654973 1066511
1608964 298255 1590021 9841
1096274 518626 1242227 1431202
1375672 1142513 298011 389138
1185213 248942 86107 930705
1140187 628784 695703 633861
6797 1172322 280817 96762
871231 487944 302749 123493
980218 2799 1974305 207485
1506717 1654272 1762801 1257456
589467 113333 1962627 310520
1064138 995883 488793 1755634
133889 583235 543149 1373618
791214 97524 1121516 1398300
1796134 1052304 1839579 1068934
977553 331906 830666 1277278
1251296 993572 1213445 837842
1899984 1896609 494471 1626506
768470 1525215 1068487 1025223
309222 1022752 1604918 1169053
699060 481581 1267468 1377290
1399773 500551 1458153 148490
1180069 1647967 448599 515615
1242625 1361374 1741025 822519
1432755 1657983 920575 99773
1991530 442417 919943 1631734
612572 771580 1599040 1780396
637086 1162975 227019 38147
1368619 1605089 740348 1963598
1505298 704594 1545827 1523179
1763466 1949183 1274616 399595
860690 1523341 659635 288118
1846509 316596 1455935 514028
1401136 769713 525679 1441110
657300 1539434 1706818 1514779
355603 1635669 1225087 1355202
1224224 25866 1539232 1355304
638490 315277 967939 414898
1469463 1686116 1792950 603968
357869 1535004 146213 1332626
981518 952461 452890 788372
898026 323729 1244514 480000
493842 1739153 1600213 132587
1905829 1613297 635817 990736
1685591 1348643 986202 596082
1146347 1582920 1129047 525840
1937321 682425 682258 645875
1020654 1015042 549982 1385272
348537 1603901 1295785 1213877
1866550 900572 155353 313483
1833759 137345 1168521 62931
1032946 257017 594750 644679
1667951 1688599 1480159 1337880
1381359 1396292 725999 1055129
871647 527705 322405 1414541
1044780 1622192 1479913 817230
1545205 1325264 1247114 1850877
1640654 1052402 1382930 372276
108156 555508 921851 794547
381202 1489227 1935275 415450
1946974 717123 1857005 1459618
207506 190233 572772 1106067
1359598 1384221 186550 160599
951375 881150 1691001 1363816
1382928 1247474 1487378 1173457
1829622 951554 1756903 1331140
828154 1490096 1731089 584901
1029202 254775 759163 1559535
456988 684771 1843705 541392
1239344 1860652 732892 1901751
1819864 1689287 1715553 1946640
1597366 1498925 817620 794442
1677627 1831490 1007511 1634353
499166 386529 1307204 473977
392734 693468 475068 1029796
1837388 484214 1529231 1903142
1670755 1657339 362725 294875
518510 1050530 1551279 1452759
57681 1523820 1203137 1118954
1242200 280740 1370957 332939
823770 219882 755560 1822543
55916 1549713 1565122 840030
1309965 27083 1228584 1865188
122611 12565 104210 444320
1226932 1709008 992568 405019
1907423 1138479 1932302 310689
744137 1405414 732171 164682
761221 378071 463978 1581068
152241 1276915 840945 1954182
1906787 399180 415925 1928902
1350230 1928971 1760732 1831152
1915550 899430 946570 1780650
378759 561754 601012 223006
1772461 549452 1538592 1156475
414360 1804181 232088 1704359
1735824 1771395 1606925 1852577
1482093 1720671 1364373 252042
729091 371519 1488750 1225833
1428886 1405165 473655 1659356
75753 1495451 526750 946827
805494 363892 868766 135850
586926 1221692 353141 858764
85827 1811558 1357738 162818
1933475 1972605 1137611 1755012
1808274 1040595 1641782 108288
713775 1588344 903910 1891906
441654 335542 1388811 1662171
1654087 1596692 785517 615655
1227665 358103 405353 1648479
1261218 1672989 1021786 1912636
1755951 1083439 1436907 868184
1349522 1027724 939785 1738066
152153 892563 291238 305377
1033666 1533684 1255349 1270876
1327395 301996 712681 1978138
620618 1700938 169427 214319
1563334 1083823 1979754 1616721
1939350 1417040 103274 1843138
659787 1987693 1726192 1403319
869621 1868023 1211575 1285572
1472808 484933 1051527 670688
1379609 961926 1735648 1140758
1764173 1322347 115411 1619977
1991707 1777579 1144151 705233
1105840 1898154 958354 376420
1793827 708792 1226878 770548
1866124 1322134 1337079 1392294
181092 1679321 1411249 559993
1065700 1819954 824654 94427
1886209 630281 1726177 1726506
859745 19712 1656384 645282
956259 955321 1419268 141841
784459 1278749 1805346 351249
850170 954959 539366 1523689
1799924 1228228 1910176 1267234
1231109 237982 1379121 1373837
1633293 1647848 1463261 864779
821539 1677886 1614166 1511103
1951430 245994 1508990 708934
1974184 24433 1474810 388668
178567 1638356 548970 1256303
1033613 767873 1380744 10289
56647 340870 599038 1299912
294564 1871038 686497 1909701
1501404 983451 921271 1115813
1810310 918300 1262441 1860026
1395651 436173 1095233 814086
930629 207728 1810207 553938
1799758 719172 400557 1900140
8799 1408488 1924317 360460
1294501 636969 1975252 457778
1503424 1182033 1401450 1081846
837179 562206 1663124 1884754
1867538 1138800 293381 814022
656398 997454 633304 1195735
1622343 1986879 828002 132389
1387385 1996688 1135884 1359963
1055358 959962 375006 735843
1371492 602023 1847284 474825
720004 1496334 790403 557236
577621 1847763 1070008 1090043
63963 132195 1901517 1868257
229866 1470339 228514 157068
284678 614499 1896875 1235997
385600 1994416 1482757 372402
654160 412624 1101015 1586696
1136404 989910 575405 1709945
1262924 1033517 1278420 1935815
1590987 1866325 1032170 455341
1320301 364635 569666 989673
365207 1386210 1821429 1263534
214482 1088923 653121 1334135
21401 1296120 420914 1136290
271142 1860287 116772 542515
1581344 1645243 349730 720061
410004 1356717 573726 157074
434050 983701 1447453 160530
251809 825169 1084756 1056337
1080375 579481 1524455 1708215
815523 282816 464788 450778
1561923 1485209 360099 791700
908833 1908608 1725732 1812835
532094 1861113 1899981 1362584
1935440 1444703 796001 1662935
1421150 1588088 1781845 1399288
1941111 1682632 1456710 1784992
1971975 974085 703127 1325218
1970219 281928 1599982 1336413
1325666 815715 811072 1351358
1193422 9988 387711 5080
567020 1195036 216178 939172
1506755 1734790 1487898 1769727
1421437 1247609 1824395 1087303
584603 1127714 1407582 648179
665770 117139 1868808 553023
738169 18489 1062936 62365
122905 528716 1698480 865319
1348638 711399 613241 1715260
1386727 385183 279592 19437
297207 1170531 1921353 948009
1606773 1042325 1451235 1385336
266531 655508 846003 998084
905468 45420 1492617 864387
672959 1552181 1926014 109695
1060109 366500 1520408 850674
434527 1051441 1190546 1177862
563654 1605873 1333552 1422890
1483938 136952 1141747 294593
1601443 1081359 1504105 1188177
543595 1646831 236545 1885444
1198556 1283988 1493560 709973
354332 1086665 369149 1927024
1395747 717725 381564 879598
235183 1177126 1109923 214532
1936000 936273 1182937 966623
1104312 604114 798615 1093017
287157 1908292 587786 768432
1372849 1175361 1245399 1571921
1124611 366227 508282 1591275
1755575 1006724 1049692 550982
1261189 1388051 564258 1533753
1971636 1403100 115475 1556106
933382 782054 247348 1483322
1796598 418850 1266463 344400
1253447 1864143 358727 1138838
717051 75514 183171 1718211
1204009 739185 1883963 1985944
1671570 1473217 1519769 1040360
455428 1634557 1776233 216884
759530 119661 1625675 1765960
1413860 1381171 1742504 1024586
1614480 395940 1937334 1059541
1803830 716346 1090100 711946
1440848 1257352 1767617 386201
306416 144676 989362 274199
565588 1020427 1023778 340446
922599 1235416 1948188 488869
1801237 322089 242777 878578
1206072 605035 444041 1098683
1461309 1939402 1881863 1805524
1311302 1014859 1831734 1651403
79335 403931 986121 1037043
1424546 284492 1783840 1640051
506609 1979003 1106208 710289
725496 1573019 541661 807305
1782174 1120569 1239148 1049330
401996 623703 1291135 733138
307111 1123401 1981363 142525
767072 466931 242931 1700710
187957 910467 748988 1350876
627552 1686022 917100 348613
1925839 1460342 768540 796396
75691 697120 89156 529633
790073 1564153 1080662 1315701
1553098 1160496 901537 551717
1882062 1325473 1655372 787028
1735738 108040 315998 1717666
607835 1709883 1062468 690632
1693913 488275 1998429 88627
1605637 1810555 1840863 484818
1266387 1228543 1406402 1697477
1272326 974807 100562 469784
825818 286583 60711 1383207
279457 448600 1892447 1544860
1328750 589051 437538 605628
1617594 1903031 515651 483286
1547211 1295553 876295 1819390
749500 1430061 457754 1414791
1664754 1512216 1496158 1622181
1825831 470810 579809 900871
1964548 1442954 1409274 783438
1193379 1584879 784768 1401383
1986011 752824 1189633 754133
89380 293231 776244 1756134
113495 1223029 1710993 1096922
1250199 505819 401170 733884
838242 838422 1782951 1426677
802564 923294 550411 612343
252253 1982385 1797812 1568481
397454 1338559 256468 1469199
1600111 1459512 1698725 1405489
70124 487098 1922998 165197
322877 153501 1080015 1175348
1249922 1526212 1118311 1153662
1549353 1376009 1595591 1077131
1042468 1589791 1559153 1932813
1682035 314686 122620 112558
1511059 1532774 728989 1050904
1754069 382168 434285 1990059
278265 1933529 1401023 869373
1905404 631684 1840316 1350216
129293 55138 1186397 1848340
1857722 1043663 1090623 556480
1816082 733906 986763 1625518
505220 1083581 1327737 1058661
360765 124135 1964558 875543
93249 1551241 1977697 384
880541 41527 458628 1187575
1222690 1532301 834553 1034041
1962657 1102545 286499 1465635
4306 1491912 292331 608268
1105428 198011 76389 1670666
531720 919133 1315290 478332
1822800 1433081 1825507 296792
401933 908172 1327198 1463267
1816344 205909 936465 356437
1980380 1337679 579649 1098555
992849 637842 1540219 821169
1960161 1590450 1497528 1453181
169349 517371 1608444 1075923
1340141 252131 1026827 1251089
1006923 1903398 1597261 1468385
1973803 611072 897592 1987008
1465415 209710 338862 375675
437392 892518 1234880 515088
1358020 1881919 1719308 590257
49131 1808423 473077 1271111
309164 1794172 1810847 1072417
136173 87328 1947542 1660561
1935824 403853 345633 1606106
1811069 1364484 1074565 114301
1113145 1071341 1590939 1432828
802659 324472 34723 1937125
718780 562615 1025200 1629589
713602 984389 281020 434804
1797510 1651058 928350 232801
886548 729169 638379 778898
1657394 1663984 1578833 1802093
913563 864071 1764070 1543063
1301052 1182062 117523 438570
1412633 503430 736 938102
1450580 937026 1535396 1549858
1801642 902 294781 1107361
1030688 1288853 1566885 671622
428254 1902430 702457 1697017
972117 471611 391376 621322
1650486 913253 410970 57202
1283433 657419 646559 218884
1786754 1604219 283655 1051462
1394726 1475987 862130 295647
889562 514500 592890 785905
1159658 186976 44791 1041785
1086396 531386 1895375 1735743
1656922 1388790 552115 1252674
15249 1386322 1434863 1552138
1712139 929524 1645675 1672846
1286405 88060 699412 298105
182659 1686350 961869 900030
963892 1477511 1947289 1626670
631521 567970 1127837 550433
334371 139649 1699359 360503
1712214 704520 688706 967649
774846 477778 1933405 265245
977993 1068422 981541 54609
519134 1525330 1906735 387820
1358883 694146 841627 1371441
1449872 1952452 1611252 1117659
1275924 205221 397764 1571865
1368257 1785278 137212 102513
1666880 1301270 1408363 214014
40009 768203 1248394 934674
767225 1480961 1448549 1684243
477023 1767055 301915 132181
483813 45048 1367120 1021403
1076766 366242 307960 1072485
1136043 415178 1214036 886488
1657034 1576277 146705 295300
984353 20464 552511 354490
1329545 1693262 282480 1181985
316863 415649 1870054 1189678
1360319 1436569 261569 319401
1867364 636245 443215 934743
810725 306179 1412001 1108969
589426 163475 954490 1913646
1560640 102097 1951362 1966812
896022 1172727 1621589 1888211
1747175 1925909 1308034 880445
133421 1810962 192623 557208
593611 117940 1075845 841404
491992 939429 534229 1682536
1973347 1425221 677149 1248816
26637 861690 1995772 1968659
1997100 1151840 964208 1673011
1620521 311859 1892020 644684
1506141 1534643 69525 416684
768629 53256 650884 784456
782349 351861 675700 874003
646100 1974530 582882 1681314
738525 577742 1739830 238349
524720 646861 527145 389804
1261366 819077 295448 628922
1887562 1578284 858648 707722
237198 570284 284559 1305528
316018 175402 1867640 879587
858116 1687629 1687555 1641086
10206 882080 255051 268761
1754177 76187 1669755 1862970
1406891 1379033 403613 428088
361195 1035141 1127894 1351553
1301781 260825 1652664 547005
1670200 1234810 1162344 535834
1609476 1166203 503166 1485444
708895 1664912 1425051 462349
1961170 355649 1184115 1914682
44602 1077325 406164 566406
1271256 46192 1654660 1274946
1031904 214809 340916 670052
573641 1018368 992200 840259
1212265 962776 569527 1230000
1549107 644779 276094 840906
946515 808857 1622766 246392
1607678 1463474 1808286 1814968
663630 1161126 881356 1502593
1835472 365977 1905076 38865
1136771 852536 710780 1663661
532701 1167887 10253 794427
1855589 671369 1539690 143744
123868 612199 1586221 347552
1213355 97632 1041106 1165367
1949083 274607 1988650 371452
264791 577012 1902859 356346
579906 1072701 1706633 995652
363926 655595 185494 563358
1066261 1726603 719670 1967329
1514061 1664709 785794 217513
332750 488710 966416 973568
513883 774251 1038326 1885951
44299 1362158 1913869 421449
1991348 885991 1754471 485056
838958 1109923 549628 1214604
731833 1897014 1365447 765548
924837 832038 1459650 1158175
1800781 1571550 1217152 924615
561649 1863419 1715812 661274
1279672 1221294 1572551 1399403
57588 1453036 640018 12593
1074706 1022780 1443867 1890362
637244 1192457 177750 1840542
843447 1886938 510473 132817
1223254 189267 98091 70784
789587 152019 1512458 1745986
292901 1692454 555507 1124282
1315666 715877 1532974 1826792
1480355 1079397 174512 1842882
1461838 944239 571114 440408
1220116 967336 806218 266872
1081365 1356288 238218 1293521
465506 596696 635476 1460227
318375 1996166 289669 1377199
107820 1546326 773916 591798
197289 1576535 1311565 1959696
1960645 1046756 848477 1421193
1168893 572229 1568822 138663
1049407 138195 1614817 1835058
1161980 175446 410796 1749381
1849901 1030719 659695 1355652
1156720 923748 1956606 376748
1091387 424244 878124 1889647
43842 1664095 608378 330492
1464967 1184630 807574 1759204
1912549 992903 445349 1523305
1548544 500005 1955450 1269132
423656 493111 633944 437782
1232271 1790535 501009 1047273
856002 1028287 1586724 1279747
1103892 650438 1618342 1704394
1968586 58429 869837 118689
919333 1338277 645671 1823708
1005286 1570482 879730 945430
1396178 354660 1304753 1227427
1750697 1195784 1222147 645590
1692777 1394794 613266 1322447
1245802 1681837 292935 139687
262657 1618972 558987 1630135
186971 1628929 116252 1900364
1091507 1769150 384564 7611
1588228 591414 1957673 1428716
547400 771802 1276056 665068
1561625 574506 1443612 350669
1982171 691589 1487823 1305718
1163870 629331 1277027 121145
1567542 870151 298389 1272696
1690163 1782999 149930 1891269
1299033 266668 1413804 1784669
1764379 908235 466897 1163126
1000520 262955 1160019 1369303
821021 661199 1358999 1944307
1447761 918412 120621 1540491
166823 170062 1755852 241505
1377404 1276420 1138017 1075969
766986 415633 1724750 1647161
1976048 1600787 1462932 268788
660914 1827712 414254 531633
1285434 1578280 732729 1649419
924420 1788033 136064 490383
177016 1741339 1520884 60961
976780 196156 124923 1700752
406320 1008934 448734 1203891
1873603 1736602 1787385 643336
1401973 1707731 409315 859313
269859 1122843 265321 745617
957064 964904 867152 82242
472684 1317672 1219540 1130716
1081785 1100263 1711907 557286
1246218 1198357 77736 1927518
1106795 448756 967938 1235543
1148645 1295517 1583383 1638248
1983959 1995924 1156537 1595927
1658030 837881 382712 1405285
854368 848232 466046 134058
594324 1986439 1653145 1424357
1227951 1874522 185301 1973372
890249 1633469 830306 1760517
35427 1142444 1367391 1780580
521612 1634069 1098298 1187693
1237217 819635 775584 1631271
1007710 1261107 457715 1958729
733738 1011355 1637956 1412400
61608 1047537 1623179 325156
1200699 162083 1379891 1753253
86422 1495339 1057732 1892613
480169 1244480 1208396 253903
104053 806098 1464284 48565
724388 1971006 351706 1199923
260621 396367 1460746 1293861
733692 1872212 1736724 297914
723307 954425 1655379 4870
448549 191278 3847 1054319
428178 1498437 996172 759567
193819 320932 497097 1153315
1221142 241731 850955 228207
1647807 1210104 575093 537449
1246687 1005428 1221070 774397
1771282 651972 171278 895590
637621 170898 86708 1494195
1559638 1633533 245476 1894553
623754 231547 942767 1500901
1642732 145846 454309 1976025
1635960 441855 251875 1042346
1186815 354566 1176796 134835
2859 1004650 292961 1004511
1579074 1417881 1275068 1266402
687487 1338919 281574 1235722
1691061 184000 1237650 455785
1538834 1395579 1033682 496126
1557261 1041198 658481 221442
657199 624934 1589847 1424746
1429243 1896439 1859142 769807
891159 167660 1115646 103301
1586839 1748507 374828 1600890
808334 417702 1700753 17230
983188 139717 823605 1755391
522706 1174003 746568 1852300
250379 445732 219238 800846
349581 653317 1077271 1367840
650691 905460 1206630 501934
827278 1133169 1201414 1827406
1047463 1475103 1878037 510917
1508561 1114466 1881113 1599307
1379710 589052 1506245 1495920
882996 774423 835456 7149
1759445 25442 1955436 58548
1168475 801229 854682 850469
598617 824318 611912 671199
775158 775542 656129 1968259
500349 3262 1114133 1098975
1940517 1663572 424960 1279929
726497 1469389 876910 746747
840155 355166 758687 1887820
114680 127575 320349 1223693
344819 656844 320625 1442409
310163 1047373 1111145 939745
1430112 688541 1487169 546398
1098820 442470 8452 1128320
443852 1811530 1568446 1252716
1694845 743710 347696 1521479
355543 384042 834978 1543601
242034 1661141 1197708 1244858
675391 954398 307516 583223
279001 120960 656752 807356
1361507 1813551 1615976 1351809
1727873 73490 1560528 177481
1800665 506291 1526168 135429
426053 1960889 115699 1180969
1272898 1534272 468992 1747077
1105605 549806 1894231 1815598
1050628 751730 571638 333840
63971 212786 744658 1474886
1518719 357728 202891 1328669
1030807 32681 1587176 1876952
1571597 1965218 1827595 1653779
716817 1535395 1849976 146564
1727003 1393280 1317450 84256
1060166 1406102 501612 64188
719182 1174990 1245465 691071
410339 1599481 1301724 137429
691236 1747687 1182114 570759
704342 1129527 148934 590481
1604120 1741825 618506 1572387
715599 1765172 1989459 1221524
607319 123303 976407 36679
477252 1614492 1289739 391704
840475 263329 924723 1867904
442476 1357215 371873 98661
808678 735047 1574958 339708
1649676 1564054 1540047 1653367
1038640 1077735 186248 882978
1397824 1963189 279595 330192
581551 333956 295482 1252562
1446305 1848233 248721 1072058
1424204 272312 1961233 964831
1557505 575504 704822 512510
1963864 1893639 1482855 48599
436058 1800799 1374705 1036945
453089 267560 505516 1968650
1266111 795392 388430 1907319
539099 769582 706054 319465
89350 1696671 27162 1813043
692592 1073393 246198 1858399
1587072 583819 1611757 1435338
1515365 1319997 342585 37949
1833172 1525822 480513 355107
643030 1549906 1227050 1313150
892729 1589533 1030283 83825
1850803 1261527 1468008 1576543
10811 1698849 1063309 772378
1338204 1594267 1871228 1007717
1938374 1637351 796274 1718238
773700 1820982 1632928 961337
1207074 1426330 1323363 1994585
902253 1198999 59976 1763776
1088454 299451 1376208 1640375
842346 527877 1914377 1464267
1261028 1385264 228437 877251
1127764 1825635 255839 1126568
568148 639959 1591846 1715468
1043548 1242700 1345548 656394
1732681 267731 1461675 243427
384245 1197107 1217346 531696
1374332 427232 1625505 891474
1008925 1291378 989472 1429144
390898 1957109 1419041 1536713
1335479 1073480 1974428 121869
352454 1526551 547484 728199
1210116 524217 1699461 869249
257042 1257045 408947 1838613
1467391 1688665 1476045 1294421
783624 340629 1309634 280760
1697648 71124 1753107 698372
707977 1216711 1050386 1542674
1064201 899281 418810 1404452
1627126 221213 953388 1062020
1632396 917004 951802 1844506
1844416 51912 1534313 985864
17496 1768794 1646271 630298
415325 359859 722118 1041594
1175035 1875248 1321875 503391
1285778 524932 772595 1542822
899433 659882 933394 246347
1983177 733670 810437 1762428
1162758 348782 561171 1492276
577705 1847690 1657895 241315
1176393 533185 1928286 913033
1143465 204585 853937 1402759
1761959 1534898 1112990 1956493
55014 860445 1938358 1356157
1844545 1591662 1785544 49022
255609 1338728 630273 1189691
1063869 567906 1702808 1573547
642064 98369 948214 1657756
775652 1615864 1770809 1564974
22300 367355 1200671 711411
1414338 538946 383483 929788
482325 458157 392976 103325
806655 22338 1206000 1291629
1610929 1802970 959460 1210456
1523583 1468146 728260 1217334
1182843 484403 1961155 976843
1245519 1319703 524333 260275
723618 1200915 333058 520933
4017 1260641 388819 1695228
777179 1095161 236590 728017
70058 837505 1602098 720098
1610806 695014 54125 1927560
998009 584329 855520 221521
264909 1165125 1555320 1965385
73340 1632218 1564057 524472
802885 553832 381976 1058719
968189 1612509 1568656 541969
302825 1819992 692309 20332
1176053 436781 1870836 903890
786229 1326944 1505226 112969
984634 784021 330763 985355
239909 539022 1306834 1333967
1778625 1863938 1751281 183004
273054 1064736 1733195 1726984
125333 196014 371751 748923
1060649 796582 972271 76838
673731 1304819 2526 1484084
800600 1249196 1950713 1094021
1478637 328482 136677 1647359
236613 1434434 167490 474471
25603 953928 393307 1963444
1502570 610346 1273974 1535782
1205259 774307 322010 480631
252503 1244604 602495 1885357
9778 798535 1474478 1016652
528709 796585 1876158 1178749
390644 778656 465326 53366
1563548 608322 1352526 587623
300441 1106835 786551 1801095
1121212 658314 847871 1164086
1279081 1977805 268092 830459
764959 340651 803916 835594
1328246 1013066 991141 1020310
1719674 1149310 764517 1227789
1980538 1899186 1643849 1979789
1806564 1766899 1718167 605915
1639129 1435103 1743659 1242703
1310949 33524 1373428 1926077
1597913 1306751 1241335 376924
1547955 1370637 346450 1704890
311985 1447447 523385 633277
1200313 722507 1175786 571362
1882744 366196 377356 1180289
1142161 1092717 421349 595852
1227931 981748 1337555 335553
434554 72878 534162 403629
1527413 729092 1719135 878334
1751721 1931892 1493062 186561
889596 1486276 1102504 60010
817431 929650 1791057 1781336
586461 1934033 1742939 1180482
468328 1189276 1322026 198625
843818 1858052 1085341 1315875
173608 153338 955182 1129940
1197988 1395471 1380736 774015
1709540 1856750 1078133 846049
121281 1536602 1251328 1441957
392908 1620551 649419 1441760
1347716 555531 513622 1711411
387978 433325 386815 169946
1702736 1075397 64337 225380
865419 1603061 474536 751669
1259087 1322100 260565 427844
749056 304147 1789432 837086
637848 1098373 1181714 1591088
1866444 1404138 960175 700096
251158 513646 1704840 1728638
1219703 1688430 1331017 1189049
1709728 30299 1757277 1540891
873175 1778505 420218 1214928
153761 1063804 1917255 800494
302674 352335 120071 135771
35994 1327031 115525 1743250
1106058 1060639 578485 753455
1167563 1969779 1368851 1506544
1452833 1071633 967290 1662050
1220249 1519002 1538550 974502
1640161 15964 1010416 1875806
1563144 977540 1432044 1499054
978313 310754 1026697 995575
1603420 631999 876116 210088
1745038 684649 450718 17122
563987 995322 454119 1054506
1750224 788921 435894 1537101
524163 627747 16642 748579
61053 737669 1045114 537219
1175484 1146321 1337766 1964090
136055 155865 1408653 1937818
811570 1601660 870775 716024
1717427 508255 1096802 521068
1596006 1370241 67232 1159066
838857 1041966 1944246 817627
441247 527127 1043519 49002
574373 414803 302280 1694754
1952249 211848 1084316 102425
560422 885575 1712856 727158
1769396 294833 855116 1560544
313640 754313 237259 1207224
172360 1606711 1308507 622057
1499036 1945980 34006 1917332
1081677 850288 783865 287813
678884 717596 1120877 731537
492677 227700 26509 21284
347177 1116898 1245202 1659293
1767319 890268 888892 1483416
618029 36053 232583 516436
799213 1636072 387853 1469795
1601835 1952488 511030 194911
1990464 1130357 177015 636473
1017139 221014 1348592 890522
501035 1196695 413381 938849
1556717 1819401 608314 1336154
451363 1458829 907586 429625
562504 112676 259290 859828
1045227 1385791 651161 1402633
1479601 1821322 160092 45170
870896 690858 633483 397519
1717215 1335603 1481095 1111829
159269 761028 281868 1369560
704377 612110 1661370 1199935
198277 535375 1863961 1707585
12420 824844 1521093 493190
1039689 1545385 37047 456073
907980 1018580 651463 1820470
922250 1608573 1642051 597764
1467890 439115 256779 956033
581346 1418529 82228 928495
1983508 486971 1293686 104726
487102 1538205 1140957 545297
1276138 1931682 866219 1687143
214904 96664 1770566 1657217
753358 1777981 1200467 712907
1150922 451548 600823 900057
1038873 874755 1638083 415697
878165 1032908 624787 354909
1074465 1669031 1786871 233701
825408 1280541 1473956 789190
1054351 1724282 1909693 308802
904734 1813773 1639803 1049873
77448 938934 58466 961796
1168360 482259 1352156 615606
489000 934941 1640632 106111
1965128 326686 1851021 431741
232121 509282 55049 1119946
1933419 373969 1872620 1971662
1442314 116843 1760728 1636734
1046917 530179 306559 1432145
1925847 895442 1054298 1309875
1471618 656628 944883 740054
1430793 1602420 761190 1641149
1705393 1696725 1402842 1039879
1653423 1484017 1818920 1302413
1289449 196165 1589794 483064
808997 237353 102143 1358335
538361 13554 1130346 8119
1369370 1719904 313221 243122
1873109 1584476 1332568 1376633
1517117 827259 407640 1231093
1183704 390832 822409 812160
1392705 1739276 1681328 1768283
988581 106902 1136170 1514855
218439 358605 870468 285657
874729 1423069 1541805 1096242
1026076 754903 628498 1474707
660982 1677772 1519475 394864
1747554 480755 120212 670967
524681 493184 910478 873803
1599674 44362 145591 1370479
16109 1271224 28091 15789
1524828 1885206 1752882 842056
1218333 1678912 1102878 1765592
859089 1935236 75503 1019234
567022 615864 503771 860681
1791470 1609999 1088097 292820
976206 1143325 206096 659488
887637 205632 328174 1995235
570378 342544 1405270 1297621
955761 1608759 1982564 21907
494916 826013 1275892 1420283
1720053 562965 371978 857894
231672 443925 1095489 236587
864726 24365 512812 1334473
329466 797939 511815 100713
872843 1614665 1429841 50740
1830551 171310 879361 1718400
1809866 779728 1068300 1458327
1741310 916253 1797509 1600674
1703382 363438 1690174 1163732
1140586 1071280 862678 507640
882812 59251 193882 632892
1320335 1481894 363557 1243430
475401 191963 262678 938871
1810474 1373280 1739527 1128371
1531545 933460 1508497 768780
1202583 1395729 1329461 399756
1610066 1786473 1733989 311250
359911 1955894 1851324 112718
952245 825466 614884 1907853
509861 453845 1624494 1030610
35404 517483 5270 1530221
1388405 1004072 1623021 337525
905665 769765 914148 1759790
166489 1157009 1417657 84588
850098 910238 176328 902193
1687417 1396271 85893 1504680
462003 1536184 561610 1784449
462145 132408 180367 1943490
737498 1514213 335121 966296
471483 1383971 1201299 1520444
645444 1726823 968525 1469534
280662 1827297 995013 1430657
1660227 1615679 1513760 1192931
1465835 1726278 241023 1718902
1463273 1137980 1629952 520281
952792 289229 448876 1328345
1840176 963762 757701 1903666
228421 233711 955320 1551111
250642 401989 780138 1246232
765854 1734568 1175417 1667774
1363801 776115 597393 1784780
1124889 1296747 879598 371313
1230878 1759314 459242 1672634
534205 936377 1249542 1790578
1787577 1190854 311132 273685
303175 781307 1659951 1063256
522671 971597 1700140 816608
985963 856907 890465 1194298
124815 326442 1637666 145844
1587213 1924926 61858 476796
449649 188858 1469107 1565293
1838679 1822504 664126 1246812
1650278 176127 1371031 1766214
562135 1940133 1156836 394248
368829 1981452 422152 314991
1332172 1880887 1271793 126245
1154484 416029 974664 1079266
1780660 717890 1324539 1164477
1071075 1010211 913447 1407829
1495386 341068 762088 1129643
132796 539747 379185 481274
1963067 1214548 485122 1397723
1578705 1484660 1185235 579039
128348 1446702 1204300 1471101
1231309 435289 1647868 1672869
1878765 1300041 1224415 339076
1376797 1065804 36488 1154257
85184 1114981 610971 73765
522509 1753041 629396 1471821
920282 1039547 765997 115365
1068447 1524406 1800580 339561
1555830 115755 519673 1484209
1648449 1082804 638659 333279
1945288 567725 864954 1249979
1968158 459397 1244677 1504423
286632 1564473 910154 204562
1481945 1538556 1670343 242984
1932242 930115 288115 1005615
710394 1978668 1713476 652148
1250779 1132577 612154 1819565
98277 1426438 1925662 1673345
1085411 1306420 414833 932972
46195 1962592 750656 553238
1422700 1273670 1562262 239704
95830 1568261 1052857 1424834
1720999 641386 1974782 1894505
560327 1339528 348947 883438
807697 1600340 469801 765224
813300 698073 1728740 144072
1378026 1075971 782307 297388
1559586 404109 549954 1447580
668426 1262896 142931 413864
