14443422
2973733
8563831
21240942
1286627
7347600
10400721
2778940
4114920
13859130
11849703
13035546
2461012
17988225
15345246
10353172
11249537
11445036
6912267
13271301
759550
2227890
813348
5974336
10810605
2498624
8803587
1580603
3490065
17357899
18101420
1082938
1079086
16831868
13392126
2217796
3442516
3961392
14037608
7693045
4494733
19906314
2902602
10238268
19100307
3478520
13272328
11899983
4424852
8989499
10841339
11496254
2749221
11692721
2395941
2256321
8801605
9170667
2565280
12170325
11012133
5268393
12561397
2325333
11362696
2956355
11881344
21165106
5129166
1731514
2401046
11085486
12605222
9395686
1858306
4309880
10975685
10549166
2876695
4098668
11667954
7656338
10776283
7633415
14428499
16599208
1322059
3900238
13962434
15495891
14245210
3576627
12520878
15149694
8308148
7785674
3156702
10797682
10452115
2388790
10407518
4313440
10304115
8887804
20803181
427796
8665447
1987823
12688073
1177487
4133606
6183908
16438897
519503
11363135
10307483
11586773
10277816
9701414
10930267
3553235
7121564
12019558
21078496
19775724
8381699
12698564
11842825
21905297
4645111
21160360
1897504
6248146
6037542
20701397
14148076
9254723
22698165
12595170
5402481
3257010
2213970
12136729
2625245
5712227
330314
2128239
4774991
2263654
3456865
18129095
2322205
4667362
20999238
11690434
6812225
19199879
10956144
5768148
1149317
9337532
3926263
3557051
5483085
644218
18546273
4228018
10356768
20467160
10514035
2412636
591123
4614179
8004828
1124728
4617022
7950570
11410634
8454496
10903033
16413357
13886256
3068624
9239292
20283486
7065911
10404107
10634905
10667240
9763775
1613844
5143941
13084427
20476331
5551807
2974189
3704755
3559891
5815771
18862299
4690372
4544250
1912784
11046799
1878186
10437266
11475317
12035095
2559404
14847673
7046002
8048802
2873846
925405
5842159
19801843
4333073
5274656
4077896
1786008
12654141
16827998
13149919
1955744
8034922
11651399
12572975
5454081
21138869
2545900
22184629
3972185
1827275
10868509
10760261
5078581
6656670
11520160
3410010
10425592
10217538
14618498
11535814
3844339
21671423
6567837
12040242
1839934
10889549
4554514
2262444
13648381
2772730
150819
7973565
8687465
12252491
10273088
19230777
15859280
2631468
2065819
3592458
5010025
5728690
9597462
7320328
18702631
19652557
457427
3645223
847466
20336867
2473799
4573434
3700666
9939945
19138931
15449898
4696647
11387014
12509347
9617496
14046234
6763688
6857503
11648386
2675415
12291320
587719
21599942
10521098
6757067
17869072
4296439
12447658
7788335
2712433
484160
5362980
11123266
2724541
2548575
3389932
17797610
7322925
10327018
22088718
882972
9332288
8381038
269946
1083657
21014662
10760063
2345138
14768989
13949859
7350343
8668058
3175732
2631780
6162812
2119397
2155753
3973917
4603772
9318864
11078815
2221655
10578742
19387209
13007870
11027270
4770199
17255015
8226487
13425242
16312727
9908956
15721222
1730321
14191545
4865438
10639820
6434632
8856096
12067491
7657976
2324089
8002132
4860294
3474566
10352942
15691899
4497645
13244296
3991500
2140241
2530633
12164963
8531645
8334705
20565541
12943937
5145458
15539352
1331150
4061981
332046
15668100
10203141
10364679
1699462
6327642
5314222
4691631
12909996
3899840
4015158
10215097
4519860
15316394
10109167
11547071
10356701
3036473
10955663
14873112
9137987
11829914
4203489
1322689
2895327
10360062
856008
5346723
9838305
3728956
13408639
10460841
11503144
1821939
8374204
4455257
4885316
10803224
6629613
5489458
13687965
6956488
10989178
11298361
3770223
4111856
9945127
11754246
14476682
15434448
9770622
12707603
5500676
9457593
8805997
9384701
11359919
9465715
7877720
11714947
9878248
2535088
10365914
7128965
9159315
8300328
11547396
10655482
5068874
12184978
3629800
8936238
1709249
7546963
11851897
10104614
3006279
16936993
11646964
14012852
10463621
4054391
20800462
3803315
3386095
2505830
632325
5882587
3752842
18930228
3151508
10463951
13121036
21098171
4520384
18274065
13914330
20900612
9468166
6352319
9930013
498633
2690294
10962974
12689284
16161257
9568585
3763702
3017661
3274726
10773370
2147429
7190660
2721148
10124198
11650537
10177045
12754135
11524970
3215571
16560530
11037294
1027490
4962759
17324376
19306207
7596760
4223698
10661767
3812531
11068730
9274309
4610777
1972351
17953844
1436273
10718531
1825769
13198225
5365089
5332293
2119790
6575315
1925210
14272409
14374387
5783301
3890303
1305751
3117469
5022886
5704107
9570757
9395652
10390279
2988826
7768893
5311319
1190340
11981957
7102931
21625667
12071140
4349916
4978603
23340037
10596469
12501105
5116041
7308586
5023055
1559033
5372565
1358905
1545187
2544161
6818284
21729751
3116153
16883462
5793591
4273733
8870985
8064506
3820139
1817506
18863959
5369769
7576887
8109622
6272503
3231783
8088404
15495326
3625029
1368826
18360352
11728651
11582091
13173612
803199
4094506
7363773
14986282
6151681
2797144
10889141
3714028
3361856
6966422
2938344
4751386
8288657
19249419
17672289
9717822
11959713
9817322
10510687
18938880
3388744
4533563
4950793
13068568
10243216
7697082
9701162
10320811
5953190
8551228
11655328
12990582
1723008
21268365
1945804
2076060
3898919
8870531
971866
3062081
10593128
5201979
5004566
9360637
4591436
9491342
8615964
7252580
11821996
3138892
8650373
4584048
7942728
1601886
9883001
1944208
6647228
5736260
1247332
9846728
10408859
9213013
9757561
9757228
9744150
2256882
3250698
13499777
7414797
1944696
13585142
5396843
2220334
4897412
18499692
7307944
18692063
10516701
7913933
12232579
4647060
17584239
6076107
7753542
17623023
3862630
2073342
6297248
7117378
13814095
3702822
8943698
9767571
2494469
4015871
13893906
5011991
5223797
1090970
9906032
2485488
10993705
5643373
14318592
1077715
6560815
12706176
19385319
6660966
3719517
10328228
13303335
17447241
16248815
11654906
22432749
3823502
3590580
2204477
6733365
2118842
484174
3405131
2138642
20919254
9904691
14811994
4737522
2373951
11558062
13065094
13681775
10714215
10268936
12284194
11054427
7728092
9062305
16961982
17980719
6796994
8817404
13035934
3216733
10289377
11802390
11735583
10080145
17560488
3292535
4976398
3655131
1276577
5753685
3920566
12567897
8034907
8421538
2808506
20507207
9455434
1585853
9553938
11311083
10575392
3515610
1349230
8901154
12110431
928833
7575291
6362233
10081110
8527438
17066029
1769405
10686733
12631024
3560836
12026603
4236944
21450243
9116278
834515
7079327
6879031
8466687
9158993
6876528
10260888
4959449
15575689
3908227
13554903
9845965
1535818
11304478
12834146
1395456
2803344
5792797
12040580
2919284
7679501
12660492
19914164
9917423
7491818
7180497
3216009
5584593
17879639
19493684
17121175
20580832
21634760
2414420
12647249
2123236
3000040
1588820
10171303
22036008
3130443
15238058
23143873
2951310
10597526
4048118
10801805
11802432
10501143
23438363
1436920
12024149
10066269
3325817
204050
9617555
6244442
2662262
8680839
13457974
13603623
7796613
23087914
4238116
13711443
20558903
14074744
10561311
18328555
4588488
8868196
1104322
4032018
1767089
11205124
21363053
3601441
3823471
2320749
10084501
2314417
6458722
19887847
12155412
10568715
12200076
8142199
7636156
1572982
5369055
12755033
5811211
6849594
20627477
3811303
3943089
8221661
12467729
7239872
12957435
11827711
7201244
11906643
15428194
5927283
11552171
148551
7689149
12816708
13253154
18705119
6216270
8847215
1570928
9976609
4133988
6566162
7193679
8944702
12044953
3297952
9538954
11918462
4117001
1769470
18604961
2465999
4382155
11858947
11681179
3536427
10330208
1857966
10470758
4729092
1592314
9176949
17745602
16009304
11999930
7433197
11138401
2731632
4315353
12458555
1025821
13523229
10673188
14240406
10719904
3006838
23870600
3943495
735144
4389947
4772174
11690921
3708666
5826304
17201841
1411235
12450794
10908954
9352688
6583536
10402156
5313914
4692545
9596284
9009607
19156981
11032791
417788
7307280
10273151
9446512
7557400
6347256
5869401
12154491
415801
10342493
1722872
3517510
6327729
5030094
11858781
6905223
2326130
13193136
823485
1033705
4745386
9162873
10795594
468168
14070875
1579453
10511272
12128834
4189987
2055311
4683560
4791568
8314448
1483879
14038104
23334323
5707726
20117125
8650814
5515814
5699886
13406924
2367989
12092311
10242837
12746251
1172898
3728375
4714599
7250980
12972255
12156163
10905964
7584959
10309621
1513074
10623345
21161047
5410198
5678168
12203077
2337743
12053456
4539433
2632216
4935514
19397428
11667804
11116999
1281741
13656303
2792651
17555809
9896148
4082519
5824939
2313641
9171892
5333084
4390998
6805134
8518528
2297368
18007827
7762712
5085752
2314676
8710261
11903515
15841659
12202570
2386803
5704882
4821897
4510435
9862307
3577761
9207809
17125352
6658818
11829585
3455277
4363348
3705541
5072101
4337430
8418214
13864096
21062260
13619401
11067363
11681322
8779292
7773649
2417698
10426677
1660337
22076767
2209764
19103851
1795652
8940397
9090366
7820651
1703415
5910921
13567324
15041935
5053107
5693992
7747583
14075145
3093672
14888121
3615634
10007859
3796770
1594909
2361917
2162355
11821212
2590501
14516835
9178965
3255079
6107780
4835033
7735662
12497286
12031682
7610471
7988530
1283070
4322130
3099786
5742008
9647508
11892211
9244671
4302982
4309464
4215461
6799034
3638717
7592311
10894443
12562885
10601994
1549226
13823669
3629202
10213926
22018540
10814526
5095344
3343371
8235929
7081704
7273743
2342480
5015104
11798322
14813232
1788134
10624418
18193686
10341990
1565173
1462727
11740044
3063689
14099368
6707463
361664
10493919
9051603
10806966
3556960
4006087
14519652
10189292
14508292
2741196
1826999
18361859
2757876
1474846
6169889
2288285
1252698
2319228
9899439
14595174
2832437
10642570
4635383
3746240
3477474
407343
2026661
9849833
8873584
9564171
2458112
3351219
17862993
8623615
2672225
657547
10030542
11644153
10181788
5790007
4549479
6956509
5630201
5466675
9169166
10091386
4145808
20097296
11608469
4928569
8543692
4435413
20227836
10837498
2003976
6735755
3996675
17556301
3091763
1678151
13043751
8257237
12378819
2584254
1489696
3228399
3839463
9635534
5236828
7712343
9031196
8460359
10457061
5227922
8049197
3951601
7606793
11965242
14154759
21667968
7212074
1741151
11291091
16598589
502599
11658521
6218742
6001375
5581002
1747515
3346387
21358500
1314623
16738955
11993357
4318803
3774320
917794
9914715
10255761
13970314
8314791
7826509
4634324
13418216
3847821
10852046
9163649
7389956
4369239
11809749
10099388
12083004
11019731
3555377
3198835
13401487
4098324
8180247
9555557
8507588
417396
4250104
10029960
14429782
5084835
21702938
9291612
14723829
16679010
2092169
6716418
9224268
13488085
8542559
7067558
8600569
9122816
1837420
5412059
3754335
855176
11624756
9816660
6603863
3570858
6306885
1365848
4572003
10726613
8307985
21862365
7593158
5948943
9257797
10303863
5777993
2856522
13408178
11597958
4104945
2769789
10798012
4865274
8153433
4656161
11148634
18717009
6598205
2857686
4036228
11899318
4616809
3823483
1784635
5069003
11616754
18931482
7458472
9863396
2965103
11888491
1783430
2251657
8507676
1989095
17861708
3845924
5046532
1842269
608949
17531733
11429999
16596784
10555967
12558086
8102467
1428018
2783515
13813155
5964880
5826341
8487129
10901653
20798945
10975384
11591716
3468614
16791805
4030452
1136029
22721977
6445117
5166533
1063242
6293515
22653569
8907320
12886371
14063316
1958094
16618008
10679530
10317225
9539709
16397543
23298233
3944909
6936123
17644712
4876901
12656122
10245539
1945536
10638282
12164863
14347323
8656687
4917250
19616629
7578044
8206713
13082875
13404600
9530918
4071170
8899864
17055780
21584878
14744068
10836155
8449439
10860655
2722176
6032953
10832631
3450292
2495672
10290703
18004915
18535823
1500988
17445662
8144050
2096516
5563752
15432897
10578097
15824672
8717128
3748365
13535616
10054424
12402157
17046612
971136
10109378
10527512
9726546
5249181
16028672
13248245
13403466
1017361
13413265
8407835
1608077
10548072
18253150
4925291
17229128
7690478
5287180
10799730
8160383
4308181
21160150
4907810
12572596
15611504
13364094
13791975
9142294
4206719
5451927
9385965
3814845
1453088
5314696
1122654
13963079
23165534
11499383
3217372
18727685
3919695
3520447
388498
13173144
259482
12778335
11655014
1698423
15679779
10412830
5739194
1871205
11404053
5518203
5725111
9086776
10823467
8920469
6260420
8577237
5244324
6589993
3410854
6560632
14485580
9558484
824582
2264197
3539668
3169168
10115586
4719084
19744998
4088764
2269488
17681964
12997188
8414487
2397999
9554973
5148508
3727627
21607361
4184748
2716901
8766830
8055612
5735610
12568284
1575238
10680509
6633121
8990203
3065317
18588732
9533794
5697174
1577695
17604558
11108573
8294018
8405546
2094171
647673
10792126
16836777
12217869
7759599
9938293
6118305
12700741
9848954
2718374
10125401
8325261
12889806
4962363
4485541
8034490
9991872
9178564
14172395
1837807
750608
1735456
6335322
12301084
12310819
5151563
342154
6119744
3677195
9513762
3095894
6123111
5995407
14225038
19387363
1632772
13164935
2502683
8551134
17433695
22698860
6443632
11882900
6595205
3093461
7556036
11760074
18783964
11388455
3027479
1581186
10822854
381764
2768156
8439504
10485147
15766647
2276250
7337975
10859193
14195988
4158130
11586839
15010504
391347
17309440
3546730
7200879
2181081
11468393
19800428
3342000
11042652
6769736
19726562
2407899
14150833
12535020
12960707
10754557
3793562
10384483
9014577
13263975
2096160
21573840
10449528
14128522
3679851
13005366
18259100
3471260
4969997
1522779
5177368
6509502
8181775
11254044
11726950
3945711
3775218
12621048
13369593
2088689
1178683
4165255
5723361
6646529
6226783
10422990
3408095
1944619
2991358
3986907
3702313
166414
2014890
5424723
13735892
1735491
1639696
5543457
3575711
7765480
2703772
12893968
9720160
14245796
4528912
11144911
5849818
6468999
2072369
4544832
4851075
7447836
8347857
9935796
5185226
10556723
18871827
10345554
2846439
12479680
5114075
4880070
7850374
11238931
5670416
10399108
11191450
13219210
5060028
9665725
2753599
3812617
10324629
2477944
12266069
13546422
6071071
14150917
5979638
10473597
7076139
9083777
1753517
9847360
3059032
178560
6106052
876204
12699668
13410544
7820092
2450008
3726783
11955661
4113098
10774441
9154991
2256182
10214184
6959194
11991993
14779830
8417634
12135605
7025402
5941906
10470356
3204677
157219
10067189
7069670
3138170
6849575
2916069
402898
9813171
2940579
2423946
5358486
9327987
8490618
4490625
20751081
4111486
5038385
8353979
447496
13032760
4827455
12929999
9655239
3568652
8942452
21188140
2091019
6247771
10075922
3915113
10802249
15290129
11770017
4725757
6827046
9188897
8818771
7592480
9282244
3874858
7288339
7819383
19216833
18546161
3160853
13071205
18576423
4785478
8014317
7063796
9703676
9988012
4960439
14473772
1708278
15645675
8756489
2915280
9446010
12550900
18587113
4805408
7734782
1985524
9216833
5613301
18870507
13310929
4440550
2918133
5366948
3337409
12953531
2663926
7071679
11565988
2783696
1370199
1081340
1955032
3566047
11010812
5891966
2771540
15122739
6170441
3361089
3595969
3802594
4322264
2800252
11174746
11980777
10325231
1832694
11832978
2811018
9507044
15875108
2400346
9550026
264542
21859020
2788251
12428054
12887073
7179791
10649365
17570614
1802601
2130975
3436644
21420594
6383553
495750
4626655
5580471
6643250
3193941
10636595
1557562
2209415
9453545
14531363
1762422
12927122
10686647
13083563
5147557
18393891
1466911
11103876
19358931
12157902
5817949
6418440
12066234
13478515
11971009
1641718
17349397
16844114
4000633
4864128
11772636
9487892
10658291
8226227
3212085
12884780
23012029
8111307
3150000
9452660
3319867
6342018
3355540
18674011
3859226
3970746
4681067
12132878
20944122
19433035
12375574
2127657
10522980
15874775
9707546
7724195
4483529
7384506
20058681
4616269
5265420
10887194
3617659
10388110
9190519
10417830
10685685
41844
6479555
14049394
3860178
2728590
1658492
4746895
8327658
10244668
8676979
7458024
3748005
1033683
3524172
11445848
6483488
13328127
3761490
11935959
5671487
2963122
2347524
11077951
7901617
3684904
10403761
21997018
3770908
19281638
1267417
3550206
4385747
10233056
2289088
10313128
11400803
7994692
10177601
12687479
9132002
15091052
10395513
3745174
4481587
8351699
11684996
10081947
740620
813502
3585456
12331469
10315910
6093197
729434
1791122
3005709
1928616
14909179
2356140
11727796
1042872
3165229
998508
18575029
11196021
20221971
481356
9793696
3128014
7051407
2115368
6957317
2556155
13838444
2780628
3638440
11209095
8556185
7983247
2981135
9188387
2398923
7480724
8129418
16989160
16489467
13328078
803731
22561963
20592467
10903717
12002143
4518964
4327246
1719784
1815021
2659967
4755812
1439910
9971515
8680376
13801616
3804465
14868053
5956547
6663379
17685706
10892493
863149
2800587
10446602
11096005
13490613
12174736
6195877
7629059
4588916
16685651
12287292
7827519
20249000
5448014
9822907
2529244
11338322
3949840
3186304
2724430
12985401
9254350
10817755
10412443
