1367782572
1399573830
845961549
2796110
3816813
2468883063
1044990494
1449597192
2052192
177661489
1794842782
52202809
483196713
385258524
828082651
1407573270
1901115638
829522616
590132811
2318077
3122247
907407244
2295632
504038872
1363153303
1749316335
1479037936
2898224
1245803009
2166253
1759316441
2478008
2506318
82579184
687319492
2081539
2001921265
334160245
1825153271
2095179117
2501504724
8254247
2243527
221166376
2356456549
2001903651
2293913723
2334531
2068137
1118675215
2105723
1699170169
762504618
795586764
2105333
3010900
3065554
2137967
1259419280
38486162
2067482
2793241
882220725
2450539714
2297677775
3647988122
742496114
441876964
1191530521
1995787870
1644759544
1896857055
2151160
448401356
1404961910
1593115118
898674473
1650283962
1461142205
2285496
560125450
3371582
2997577
1577227345
3755192
2813353376
1557718425
385553550
3600247650
1074050559
2933194
2713335
1716296815
1753481496
1911072139
2485890
2775296771
3350241
595416899
602421964
2440077
969742933
495523059
1099167356
2058401832
3203786
26462770
2980771707
167981489
1641727886
1171516632
1618586197
1665533634
1997137
118664202
2599869794
1348411201
497108419
2616480470
1400261275
1973320874
1612286781
228774468
2182664
204983282
1077104330
1007201016
2576464
2357825244
2029453
13598899
1038698284
1914537822
1850492381
1253173002
1977515578
1961951802
367671063
1011048597
316979634
878697529
1160545025
1632695748
2183716
430748149
1388757744
2778352
1589744346
436110095
905135607
85113686
232169926
1858198983
2371251
2322305
1469011205
2722109494
1855863910
886390062
454337182
1722970520
1525535861
931072843
3634863493
1390837593
821227664
901546022
552323336
666897723
1397133629
2911365
2047840644
1161029471
215134389
2635475
1188728771
1439063653
1337096011
3119930
3768326
836980964
1409171862
1499959559
1219485824
2233931079
1786856212
1702385094
3366621
521571906
1014343383
853742269
2814721
1854556622
1285782529
3228996
3039676
1511509513
916856317
2171453
1822790846
2010575
1605661573
722871328
1914715569
2341366038
1238223033
1864372319
670704139
2875101
422363260
3394089004
1295518721
1441236890
322579077
610713828
268351217
1929446343
1805693374
1895471572
1934587350
2919578
2092950
1571974915
1585265209
2000824891
2434289738
2861489
1841672694
1851743818
2155657922
2267231552
150993853
1704381449
3722893
1082485813
2152635
3245451
1314315022
2535232
2139772
779770473
1941227818
1048996117
2070652
1837937678
667090369
2150379
3182236
2045600756
2394353
2286018
2210590
463015140
1208224193
2319793
1929932214
1310250896
1713030981
2587314
1062740960
2134946
1527752313
961779468
916967395
1577216218
2147522796
1110616412
2282491147
656429449
1931857598
3367218864
1422662530
1809142812
1129394879
3385632
2996707113
763824031
2003982
2177075
2264631
77825254
573973527
2609366780
746123803
2623267
391140797
1047933693
2040216643
1236672984
479501400
2495612
1692297995
2986662
3659756
294639246
54082062
1790689465
1033044740
626414868
985357633
394053091
169630581
1411172196
618265401
1328731596
1784292992
1860696783
127168258
1782276786
2774991
3674978
1644380287
939424918
1545298424
1768726087
2249956
1913610384
2233045
251623675
398060815
3086047652
1866847971
263485014
2272915850
1200821597
147680365
1829872115
96547761
1020386216
2790610
296122878
2139294
610520439
2219015
2697024461
2880695715
834613553
3600840871
2214209378
592191748
2939728
1854863782
2827374126
1348290670
2735227278
895929733
2071779
3691350393
1274039493
1186981457
596374059
3159026
89242518
769261287
161741770
1153864256
2949295962
2915339
368002149
2021234
175972627
343353255
50523512
2192531
879327206
967755844
1851266683
2378181
2753505858
1067334544
1765763901
2029723
2390748
63342944
144947385
2284421
443064323
1986122201
754114220
2299409182
1327030809
3395059
789699719
487089085
1926481351
2046393
2760617244
2618159
470899918
1073198341
1749584167
2741615993
298509580
1753150847
1201854965
529757278
1047657816
30657119
2891374987
890352352
1688705924
2170314985
2647558127
1079046390
76325387
191670602
495062752
1376757686
583240721
582999789
3278580
314096459
2216556
10752486
1074256644
1635572101
2710098
2770507
1514965261
2426682
2830597
1381098318
2063180230
2619571783
155372839
1833358868
1181874125
1832691328
2155997284
3257025
2427347
1299227133
2969724534
1074114243
1316923419
2718671282
1432920468
2211538
750944431
3277384387
810652411
1728541104
39678841
1818733177
280757291
708332439
2752732
866782435
551579712
2693373
1969768801
1874256576
1229706997
2471089244
6279124
1610068546
538426159
1298560934
2003969
693006899
1509662584
876717615
741847248
2949103944
205243818
2295410263
1490475171
3033517
2220522
824511493
1415678992
1591251188
1271704437
372503881
1097851634
1580437971
771723242
2593856
2288071
1495590612
1979719545
230652784
2280881204
2179450369
1000771447
2517224
1529775668
2340423
94935466
1754863875
2965499
2431202
3056056
939142769
3479975
270876573
2231497
3049139
1083319572
99902274
674377615
297077542
1447450561
600960875
336867700
135908970
1622469422
624016975
1393024930
1174374765
2607912
2693703490
2862949
1892720370
514349819
2385714
398870154
1423390756
2517189
868317250
1374245446
663581854
1163129786
1795226243
1814922180
2258983234
908925182
1151425282
1819882264
2519231570
279842426
2896016
1300143442
1637327646
378278848
990709253
1286202861
2119221
2696863
2167196
3354417227
2909454
2668609384
41076536
2081913
1490455340
1283170810
2667493
809882580
1933205225
1615223627
2219257
35305209
3124886
2116579
766797837
957868106
683547820
2324267281
2739512
330983856
1707310401
1948335461
2890150994
3172436
701595702
2485406266
1048838308
2008215424
2123687
617136834
434960704
1563273958
3001323
2498274
1812312531
310572658
3092384
2368462
865193809
2622205
2367321
1467288823
2802373215
2733864636
146955982
1599118701
2304877
1429720599
1532812796
1745450866
2147600
1547602071
2279613
644467454
621088722
725970132
2616960935
569857294
1621079017
313940006
3543603651
1279738386
3310181
664641806
1989799401
1831443240
1590361074
2618919203
3310367
1447094663
852196143
909601438
647992310
1215406770
1488433871
2015426
2136076032
2210712
1767584521
2093127303
1647407197
2066441
1586676768
1009359659
26028928
2076160
1608947540
158677169
2070977709
6987924
1194611703
2001665
2409361420
2824483
228806203
431114824
48209640
387309514
773484615
2069751
377143427
2531096
404358811
782978183
3669074
3335208267
562279978
455939843
1948755062
1251443809
2247635336
2273593
1362545036
3009039
3293377
485724601
2191898195
2358208
419474576
1048666171
801578352
2057843253
1767667225
2904815
2325393
2037664962
700103139
589333168
2463524105
1451480485
186128878
2695195297
3237306
2535001483
1971328460
592999093
2412711297
3754568
1361486825
395840409
1349786322
2416104
2182824
3600271239
2620323869
2038459521
2565785
2879701
2555699290
1027271194
84315545
1036518964
1707802468
2303086
859927424
2620811259
1741181487
1648587307
2539210
2559457502
213579034
2118921
2894666805
431746546
117089967
1798276547
444949557
1341595946
229583300
2552701338
1029517224
1215611705
814569209
366292273
164386985
257477682
1336131751
3007294
234587003
1056235007
256992242
2396614694
1095000649
507372825
1005342853
1879497010
2535934461
1659896062
677438711
2722020717
817938038
2860360
2726793
85318763
1946250382
2783062404
1549569214
2755375168
333899328
439506538
1531828530
2068786
542300997
3411271
346803774
424423605
1267009898
2396741239
1624555600
2574922807
634195472
12019480
1484292973
1098603928
1578869915
2812805
2073895622
1464579824
1560599205
905956616
2708928
2353178989
744420451
2680334955
2380759
1631148945
316328867
1500781716
3581296207
3940668522
988748315
651799147
2265397685
2426991
926923597
1509179128
758282838
1397094896
2155508
9484475
752990028
1300099785
2337007
533652006
3113470
3824286
1065121133
3433424
955948022
1023391976
2450149
807755543
1974817860
2893198912
2367534
1855476927
3752323
2610393
3243835
3675257346
543105894
1353710626
1137946868
2922319852
494299214
905855888
3104380
2158384451
947225871
3739413556
1901142243
2675075
634472288
135346454
1902036276
2595251
2665853840
80553060
2029509131
196583667
3007833721
2189736759
1643198982
2359968152
3484499
3099849444
2112906
477662150
1039594585
1591240795
886216413
2850536
1766292964
1312175870
90670180
3000071
2523707452
3485880
3032981
2740215
2172968975
2225915107
2109563
1554889497
1523196610
1849471020
2234008810
2955521
1246734128
568452680
1011313604
324870922
2585063175
1267191328
472793651
2851589
2335130328
2362945
2539632
1939042013
2672644
2857169
2235373
2492818
1543789659
101478676
2475563
2021802
1407807541
365654474
1728262095
653654347
1006979763
246899176
3696949
1645885640
2854199332
957977053
1734536191
171594641
2401149
3164574
472133028
2522040
791895299
1151774791
1965388224
113253436
1652440040
1291868373
2681647
342905186
1764259543
3377572
1450537583
1871026625
2841115039
91152579
1391948378
414682606
2164003
2375200497
1880835121
1623311498
215678730
2676071
827740278
3319958
665365129
1986507974
2265776
1798411710
1854942355
1848803262
358603547
1926887681
2648878437
1887821791
2966084
681451011
1617933226
528007971
2792518095
2523117441
1183250387
509228874
1167830751
3021112
2482195527
2296483903
2622657
2876342
1892543845
1169741891
852291461
536908824
2494844620
144962320
741696383
3029877
1588601687
2980377082
2391763
534279435
1018023212
2751424
1757860402
975674747
2446926
1987474789
993646131
968375264
2742331697
1455112720
2024558
1927208836
1161210646
388241765
2515742
1993693164
998193352
1135910967
1000325302
108196564
2742487
2605266
2916009
3150121479
2115494
1910478498
832629357
733885194
1255484161
576162099
160610978
1052879897
2107234978
2098997
254194894
2331929
2771232
2174321
1174632963
488170611
2297132648
457767309
1615145634
1579006395
221750276
1658932361
912294574
1118712523
1623946549
2601537
2010813
1695848568
842867425
1292537195
2464218
875578197
371878663
1216124020
2427051704
1648527203
1472923681
1499506918
387421814
286884994
2255633
2885213337
451305493
3174345
417226404
2151860
2412028
1522897348
1184029428
583556750
3227053
1011570479
1250720924
1273590950
2339072
593091230
662656316
3524573
1180924636
2097325166
2059586
1113085614
3128612112
2104442188
1379600780
2111149313
2135090
1162258049
1882421617
1779000368
516601171
1394177829
1063857862
2768247
2688796648
2734453
719070718
782694900
1370816451
2664999
1246713532
1717515851
1846967823
2407444
550644690
1148732461
1810483195
2432338038
2381886
1239967564
1428313948
1315574442
567098054
1848727152
3940638216
2669834220
2044722
1227727343
1857377557
455932329
187980307
1390242958
3319816
629194690
1146278514
277443287
2093355
1955644811
1978265473
871111889
771144223
1479883966
322842008
1155121181
1771659889
3250017
1598892922
336790936
2480649
2333078321
1620134791
2302415
47018185
3030596
1821333215
68111764
1734779469
2789487
2921514
1507861607
626097351
1565315497
1421557413
296111231
1325437766
2750980805
545404227
2692681
2672022
113019059
1179899819
1549331913
952400760
1518542949
57431018
3425108
2267835
1776965314
125277490
1726148147
425068230
170966041
1995347918
723565567
3387354
1752717205
284119841
1891092780
1515553063
1582527983
1634309797
1773888260
2005585566
955520573
2531463
3125444
1257493508
1347036962
3470149264
3033163
190618266
471864220
1662918928
62106409
3071765781
2156432852
106190730
661966920
1240979972
2045990
514151681
2043386
1925315559
2291784632
1983725645
1147011797
2284175181
547138471
2143104737
2181846
1643728716
2697059
1271073377
477238512
1610109408
2014577
2600003
2282357
3416392526
1962249038
504011865
1607459193
1421113714
1168816287
1140029448
2711499011
635991364
1428975286
3389901891
1087736955
1175988189
2099197
2009207
1319319569
1919966388
1172036146
1410677357
2561218
1250340413
2407859
2236602
1954187803
1921956481
457871820
151298104
1132141511
2312237
563175878
2614495353
3698345480
127563750
1807099882
1359276118
846041232
1323508727
2901896973
1757061381
1221017206
1492489051
1763159258
2359626377
1343832646
53529598
2622112179
535710406
193135575
1858489210
375901004
2302683
1356283511
1744119416
1606192591
2775333
2400844
1901349253
1966093711
2048860963
2799264
1885069449
1596007120
3628289
2290846
511148091
2486458642
1069819674
2762866
310447613
183352854
791706870
2680324906
461088296
1197027699
2803895474
2141179
736001058
1613974358
247172593
1157337701
1533956696
103852668
2755159
2004507921
1520783511
1802987200
3318179
1213932941
3051565
1858610625
2953356
1771360456
2120537
3205792
1371245074
917978358
1719601349
1909378577
1598552661
464964970
2073953
871040509
923876774
247360724
2639579
35472293
1473737127
672610625
3096111403
2845628
1054343043
1906125636
2233536
355639072
2463932
1436955130
701131269
2713971
1036280945
291746161
1692663123
1924981820
2963028874
487441983
1688264415
1098503194
1826352957
2698032302
2406637
307297241
1138064256
390746610
2035407
2858898700
157533723
2215027
2926917
1380874522
1333444129
1658814998
361870843
2564950
1599241714
2906172501
3421782163
1860319827
2640796
1399087471
1320673394
1678469775
3134985
892954262
301336594
2294787460
1988650121
1467313695
1569225804
795010330
1113244843
138447855
3753936
1992295961
2783188
2226630912
439171859
1642890212
3162892
2086168
3084599
1465913047
1587473691
1169808587
3770405993
841461767
2539857186
1497642540
2410734
2786501
3088551
1396066002
2686241642
3040654
1681846560
2627920
1310502272
42169413
1841719553
2130193
1307378107
3459827
798535300
3064972
528318481
2177178
1383520930
1453865576
1735383291
1946145628
852387151
2383904681
126103531
1834848613
1868088715
1080061152
1588779604
1381769400
2664550
1692839097
1911559029
2609087231
527875234
1219887333
2974287606
1501486444
2503572
3603486
548040314
1354757135
2679993
2742773331
2012721
1933968278
49870865
783989182
3204952991
2100948
1492580564
2121138310
1959604630
2643487
1092002623
2346420822
1739453592
273214954
2046632
3209566
2448477
1738583487
1727739071
2164891
2401434
694960162
1608117458
2860970
2194880962
2036758
1104785890
2482985
2475248
2191110868
3188443
1378823525
2607489
1957456877
724721032
2182644
2951469802
2877702
1345196119
2721381
2021385
2918774
2643711
3332150
2680826
3554775
395604776
894108340
1255944784
1950830497
1146799815
419353789
2281405
1274668948
1730346389
333406881
613334905
1964021017
3013921
1643684804
1944973275
3084920
1521691704
1709730845
2947924707
1466091981
357149591
1746996659
1891276336
1773121794
1066273154
697649383
1589188907
3049974
2549533
1396196840
640829109
2163079
3006042
2986283
1558573025
2804371
1975296603
2205547
1468162659
1006883727
2349939568
2073491
3084648384
2473915
350170617
587980541
1781847725
609229276
1548992852
2553458176
2227389614
3634662
1439777416
2977584
3033682
2377389
3684824
2009701
1606665402
2231869
1475533920
896581426
328776844
198231417
1837097020
217338762
1706770924
2577716
1275852238
1322302837
531952808
720925237
3118293
1118444491
1854623013
1947905790
322662842
1338914459
2710539
3290097
303364314
861047798
218930136
240884801
521475932
223869176
3124219
3133381047
1886439581
381242082
3175967
329149768
1328236701
906178372
1653141130
2497691
810146216
344204559
974979062
1452452037
1438691724
3572956350
948761816
2717730
660895109
924672691
3035029460
1261610993
1812918992
1306646080
1553482695
339700664
1020718647
476621214
1667494299
506098956
975224753
3507190
273154771
268795725
1722695707
2462850
831678369
3326604
2976344
2492434123
953583980
2617521
2498380208
3557632
465804841
2132292287
2769688
123830669
444021527
130863641
1998119
1197909805
646057405
176935970
2044202
1444058729
1403730428
2392054
1879203036
556431736
451052196
1134765761
511304621
365926269
1032764832
847518891
2476984
3879899899
1246976280
643010101
2170947
2287679
585270429
539500616
707158610
2416778821
1639663574
995725181
979020819
1817742261
1033707198
23987925
181235597
2140548
736917393
2521904
569574942
2439536
2403581
818857109
941497011
305854850
371821567
20861849
1282171716
1126947855
3017470927
1612685350
1122848845
1461696803
908147360
2585712516
1733600028
2892398657
1320958129
3216292
2582908590
909528609
2029988010
1637940440
1262109327
1085829069
2613777
1701683077
1492464934
1568284289
2569772993
1351090240
2667769
2859719
1644684438
2988925
732941818
1470636040
2490859
42338690
2742769264
1325106269
949901632
408591931
2299877
2311615
2707102553
2045427
180006675
2502171174
2082885
2931309
468513535
1229420031
525917105
3025246134
2747378203
980227614
171768823
289262792
1588439498
270612685
1811028564
2493415
2830066
2287705
2978232302
1682908204
2745111
2212129
421611019
3264200103
960017886
1786649838
3786479
1424724193
711127992
2980076
2711072
1578491198
483501417
1591406318
2601635290
1994821034
1903600301
419577689
1476565881
3120401814
3085308
2442166
2910138
3342234
103491807
1769457475
2000067022
2156391
1920732601
1788056421
1790796679
474896123
2493670
2269541025
2251101
1147740349
978913007
608597859
2170802
1814160544
220713756
3744772
652711708
1273736169
1130395330
921108571
2528375
2068056
3831507815
491698477
2122545114
1742099978
1557247869
1742835860
1702014289
402468726
2138410
2537212
2237762
1614145502
3320837716
787696455
1185708537
350893087
3155947
835928256
2902556352
2270288
156705304
3170517574
1701285480
378226620
3293828
259946832
400950711
917056967
2178152
3266024
901535721
2220956811
881015122
802249384
2447764
3055372
460512363
2300423
962051614
249299528
821863726
2753094
3740369
3020336
1367601052
875440982
1214714255
1247669814
1077028352
1126483196
1060810429
1847855181
151748355
1829008462
623467643
1182457689
1039648399
1404160592
3321614639
1370897348
1083401787
3053916013
661690913
2541422694
3594076
1414768417
3243840090
648305473
3354804101
2848003355
2933484
622498428
818771037
1571873780
1145685212
2937493
662110740
2131151198
77880825
1176345604
3444196
2883121
836214090
53517678
1421952162
3231564
3429983059
1326306363
2341646
3243877742
1904888495
2571226961
778671185
1796639742
2102972
3055123
1754683122
1567201796
1987007150
3041822
1450189450
1097715258
1507279122
1317298208
1779889284
2221862913
965204668
566746637
1716061740
3641931025
1166362882
1714157586
2254129
1923566360
2784848
3883704
2071952798
1046362860
1207747709
560616891
2272789
402309353
2424163
1740579510
3342011
2899173
1935509879
202475019
973083375
1312880162
2193857048
2193342
536370921
2492112
2392282
426758633
2072130
1700876278
1919425157
1732158914
87746002
1330727177
604931132
2264297
1515494664
106960379
1686706693
1419303191
2833887
3406374
137786655
317321402
2234976
1533471948
1553447362
1207064230
2321313
932145896
2381717195
2133162
2277172192
1386190724
1933368063
2153215
2270463880
1458983828
2767075
2290252375
629835389
1710222181
1035318684
2556539690
3621257700
1087048403
129441575
1009220435
2397713
1294224465
2320729402
1998859675
553356805
1402479003
1188128718
2062982
1676681224
558733625
1274205657
3371536
3485728443
563482047
2007501563
1266866436
468138978
2734311
33441769
1840113735
2457136
884965233
112893437
744481118
13047445
73169353
2088369502
2726634
1857881757
2108720
642451596
3525130
701412319
1058800609
1630069599
1991641995
3212960
2055530249
1780428758
2563872
598998315
1125319416
2732018
785339323
2179269
467896699
2782213
1481766184
3712509
2744357493
2647888623
2014659491
177529368
2001727870
1730185902
2027091
116575395
2058558781
2410329
2568134
2973157
1119187735
2927512
93272591
1531114389
1463057980
329287495
3877717010
3645055
2706257
2666326
3669600
55776915
1145127020
276605845
1101750452
2716789
599101863
2139746665
97266585
2555077264
1263132285
199207985
3331893
209209200
2199125
1522168364
66939859
520593868
2761118949
3372695
274609119
1224194224
1032731975
2102163
1992416396
1616091412
2476976
2225196
726803185
1108567835
510870339
2665696314
