544574849
2564674
1750309243
2251447437
1589228617
1979091513
3104396582
838286652
1415289879
2838696
176015138
1829188511
2293789
962232287
1090649076
1672560450
393992255
69134621
609195055
1449808362
447151045
1085062745
409488648
3485145
991914140
1611379306
2824873
1923397415
919786297
2337244
2124531
2896825987
300731574
1776625608
2652594
2932540006
570130911
292963917
1657084672
2408241
1697099145
3228254582
2267426
3526384529
1191109256
2261883
974874365
1927237397
519343840
1861780110
706218941
936966347
451631312
829204895
838839824
2969651949
1926856019
450815043
2833443423
2199225
708456269
2322848234
2034672281
1682120973
1197552044
1447191792
635363084
1253345367
5863390
1516456828
2918318
2135056
334856451
1047616413
1275171233
737061147
3865492
2634983
1488083914
956340183
2133894
1499986062
2527511343
1793869539
944017916
2688024
1873982552
619961380
1303298127
2133663
27516090
1834655610
372223310
1239480605
750568109
1805334265
71264118
445731473
703168600
1967829933
2956429
902040650
4783192
1831231700
739151245
1661597563
2188873
2567853
1121022226
2223426833
2301158527
250218324
1423062610
2726478267
138816620
199921483
1412238712
1549098051
591385409
2340413
2973367
2082244
163899109
2784929
3141436
1284440278
1353918743
2229398
775156914
1061493062
2228381641
665572253
1486169394
2448808
2438434961
614558019
1046050137
830429435
2037807741
1910298516
2488761
1754455258
2749065
2060223445
727704328
3276274937
310815097
149367231
1110842959
153879560
2099693434
1879956828
2629671
976312758
2039505582
2337427322
2142548
1387384670
2139954289
1827842923
2442541
436830792
1482775865
3445891
2146319
584275777
3298022
21169931
1077785059
469402397
253100018
97185883
319772769
1596271992
1301386778
2583132787
3242440
1335873582
3956270
1371157655
2260383
898193169
1232640574
673829463
502974662
1364161778
1267707461
2096425369
2380483226
1494486033
2216541324
1391644110
2748024
1027183874
2106621
761476367
468601970
1064210374
1302100384
3065888702
2312996485
951000767
730599507
1016555455
1471267463
1370311045
874572681
327251049
2445530460
2829681
2733102720
228509776
3390519
2063507
742922479
2270759
3445768
1445544764
2621356914
1060828993
1502528784
9210773
2294528
1413299366
1458996499
2522078901
2155130
1990213
2311166
1755578667
1168750283
165416957
769549052
1178628881
1441362064
739373642
1719030714
678925974
1997842114
1642107302
2424752
2845073
819263295
762991046
576465049
2752494
244392910
3386763519
2140947
3223317559
1005009237
2689326
1795489901
460560552
186254916
277631300
2659212464
861976317
2127469
641313410
2499153
2117990
2618556
946364917
1277653001
2581060
2314025
774805088
1266384136
2363856
86195993
1148232152
1152372912
671663807
2014778
617626107
1414419268
130469671
1095173204
1992877055
380357541
2079698
997527519
1577922140
957323944
1564252440
773696150
2744846226
2569029699
2414950233
1989882724
1618558063
2844209
913811034
1476430953
3702839
558083530
228671020
1765216850
2227136438
769640642
605966141
366730550
1533569185
1219817610
2591013
2444518
1570053976
1713909629
1938301457
704488220
1868301784
1916372592
3324129705
2768171483
1649371456
574299794
2926933
2204554
1091373467
3161550779
719119346
2156142231
2854842
3683295
219006553
1329208869
1429895487
1344779364
2807918
1653008723
1717890288
3942797557
1586598880
242331266
3259681468
83022727
2297296
1148890579
3163478
473017428
3042424110
377649678
2056530
3186477
993725261
2406044963
552889186
500668666
2812169
1205620457
1193891517
2524788748
2433706
1267453516
515539094
2846790
1804648900
1377914052
2200822
133786343
1359718113
3184503
1077802272
1919145811
555719887
1541315152
463739855
3046366003
2318456
1137039675
2262891
228564123
2258423
2285106
2389651
1181503632
3872990
201718918
1021355647
303584853
2016793
1704432956
1313671209
1281766858
2831021255
2096187
660688110
1546144758
215049710
540827344
2876048
1571614803
311174270
101621369
626793210
2927236470
2954682
2368460
2170870
2741669
1511097963
2743260
1564696979
1965855548
2517441
1253402235
2151025311
3076728
576345326
2365762
1992919
1338670986
673718397
435197549
963414719
1237971233
3219627
2001600
2492433
664130126
1548762090
1115960221
1947612496
1653859782
222271285
1459839292
1888966785
539494902
670380418
210594857
3405187
455138618
406539633
3273923
1545724036
1231357917
1183465548
2865655558
3874182183
2085515
1769028538
1930044752
362611719
1746292565
2451000
2325935
90314536
1801983768
363397617
799859262
1675994044
181141600
239211090
1423419919
1033562442
1497850631
1009473127
498348522
2698598
1614336581
2845951
1353414829
737097455
190884123
255383210
240248776
142371317
264047273
452162028
2493095
1556623360
1968576447
1134221912
1579846528
1861281189
2261740
3171587
1837246354
3473000
242609617
1463940310
1594523099
676997170
2010454999
976926149
1771930385
1174113996
1746832387
1304668001
967531756
110197593
1169307117
3306744
1335903920
3147818
1675186145
1240520482
192368352
2542500
1887637801
3141937
391417612
268247252
847484163
2116285
983348786
190750674
1098650250
742139140
873157589
2743994
2369688
1650396261
758236011
1678849659
1746609825
673357331
1606314982
2769414
544232221
2111384
2432392
2413075
1251210907
3121389592
1344649231
597558045
423970005
1616972544
1151628431
530749744
1460415912
2224845
498332820
302804217
2932090368
2202528
1294738723
2557357
2262718801
3096691
641072674
2211607232
879467205
2559398
1333819507
2780669
1015711891
2436195570
2471461
1627119429
1705917116
1856172664
2716392503
363379970
2580244534
1636969399
1041438861
2241434
674579286
167396817
2157965
1962097559
1316846980
304987534
2424594
1934423109
985529363
1789800219
1100594774
698472298
972793179
1761761530
873287804
1508950172
1935620879
562482403
3285735982
1106118732
2769168010
2555021191
2985573
929389470
425705270
1893498081
1697771961
1310446268
76406233
3565723770
1766599615
2356134
1281913497
654874591
1928227197
2531971
2889363379
1887965278
1538988352
1889728750
1326926106
1971850848
1635811943
1475221413
1211895558
2458107618
2063786
1671324518
382306720
1560097616
2549024
1462360148
754037920
2814186
830260808
373421355
2012776
1982491528
3407773117
907216365
1330972876
3212852
2115006
1946393657
1974653804
1941541051
952045259
3124913820
2393472
2340446398
2740854
2293916
2193766
3792209
1804457085
2913311276
1628218125
1768028734
3061317
2541794
1990305
931559939
1221326561
2045750
3592409
3602545839
1082530761
3456398784
1440650123
2428085
585533865
96264785
1311154560
3586860
1215352354
440712981
1998016
3593800065
2714135400
1994785
647623632
1382867123
1716645911
2505432
1778802450
2394064
1563725636
606427440
3215934477
521868758
668742956
1184109030
1988696315
882014102
3423411620
730723302
1894405145
512424415
1896417943
1740700165
2232232
1142654358
280532397
2568739646
370011905
2192730212
1495257862
2649537
2874572
1058521854
1949782867
1229437669
2525760
744822198
1392240806
3492554
1633940268
3187147
2849001615
582308833
1707926330
1453721293
988931334
2584269
1325472413
1952787071
1618787100
584651800
1802943774
345606256
1935971425
3036080
2874474598
865212627
370070686
900741262
2407597205
2513774326
1093499490
3808921813
1748058489
2859998
812905395
1660250212
1864367432
3604542054
1084679534
391430418
3039502
691639920
1011813219
1875075986
1498065408
178214545
818039422
2357241
1818888357
299129104
2203725
3133702033
2545764
579519667
3596723
2866299585
779747391
335131583
956173816
2866121
1449830108
675317599
2295074
671987854
1471577605
2189453
1547740658
3868049
1261201767
2968741
639089559
857997072
1799711037
876077526
971302248
3150334206
827873264
1332515438
3834705
1462069923
490746194
1550631983
1852856736
2925444
353463965
1995333783
2247902192
1397680340
1917552034
2797509248
622574403
803409906
3013926718
391236823
2111964
628770281
1022883454
96888796
43517564
790464024
712929847
66629039
2221383
985764099
2479130572
136784342
3707338
17269163
668319413
1891835429
2023679
1219223696
2052614
515906712
328852961
1375123981
1931522914
1689188437
1654213969
1197445320
1483999651
3046725733
1956216931
1146108115
599481892
1356058030
3183443
1679147710
2805998
892308601
2590002
952977339
2097479
429127356
2235617
2279611290
19635934
890929165
2723879
968760156
1322088379
2473542
306731871
1758094842
1864131966
2481661
2187470
1294092629
1720964649
2404428
1726117675
2673719
1305877926
602275700
2931945
1235621167
2901437751
1666017451
3590935030
159133197
2356148215
2378209
48157705
1318568249
3494280
924516030
711696928
2342698814
2107994639
1685989432
116654516
1140641388
1396434527
1138093810
86767138
1819095628
965978410
3046313
659346761
2298427
1398591015
402573791
2191175
1354132295
1474383117
1418082677
2168655597
619611328
2380519
1040264324
144866830
2052575
2403639635
1056788839
602826656
3297989
2475758151
3624450492
3151970856
1466200832
1106397247
241297895
1117463960
2640330
398663259
1255226702
2887681751
842974658
1524170175
1117433059
1346113399
3050288491
2496978
1243495531
564537411
1375826407
196995838
852288468
1348984563
2437235081
3286117050
1729322713
2383034862
2127237
1658907287
2223740
3589801582
708229796
2490884
750835350
1929417127
478667980
444346297
1846172291
1090842349
1481126242
2810310
1646809517
1978330230
836392420
3122417583
1573559417
1722201942
1049546614
13104484
1372947036
2980760
1300135809
1682681174
1314408507
678900289
1678392278
2760002034
1705714880
1775553551
2100318
1573843729
355234172
2201613
410698360
840232307
2108281259
1502843445
2906231
2649716
767932231
2868490
1605588227
1544154682
2456662808
505239463
3270484
3108121150
53091069
885707114
1021290526
649348722
592672334
1274081060
1037334616
1814664900
1638897927
117559620
1896605258
1909250210
2696706748
10181965
1481556364
3328313338
2801925134
3152210
2679415
2009960
2306211
686072471
1258780449
1642842788
1929269214
627483765
2203435
1429270699
783431020
2854747
1845817331
2099562228
325915615
3395266
891277221
2189194
3427161309
2219688
1784922115
1168390786
15877672
301970569
2236120761
2225215
920198688
2563902651
3597749
1186743809
88556387
1610818582
1320642204
1378937846
1707353403
845600501
2434214
108323230
995816845
2469264039
3172136
310741500
2734155
639750642
3314245
150651396
2890058
2784071309
1635026614
1109972014
1880554659
1128134217
574303605
1395054906
2458401391
3427669
2271660
235587352
2029898
177538994
2055493928
1951623736
763775727
69905195
1842644733
973359259
1857587311
2045221
2499428
2905303643
634593213
895304992
268280133
1660414602
1600331774
1918054638
2061137
1020286231
1923761744
2063008730
2769498992
1111510975
2481012
966773271
3363082
689128052
3227117733
2345515
1854966350
1224230828
1401056719
1520185505
2643318047
3732533131
3503030186
93293407
1341397012
1493746402
962467350
1438928169
1799629365
719359275
3345556422
1548426075
1688051087
2268946
2763055
2813944
3201762881
1132395325
2199631577
1343757977
1688488579
304769768
2885327669
1125755309
856340811
928528631
1482423702
3949369
2755691
139733195
196654988
2061811
2487601
648277738
1072430475
305431030
2044223498
608734397
2073674
1718865020
995234110
579477497
566808015
2157567930
1030426740
430811397
2356940
2132651
3115975
2231468
2185060605
1750744387
1477849866
1262980711
671232749
1507543962
2021985
2196535
360047582
782809332
2685077
2467359
1942085258
1145335054
2075036
2376314
669703522
1662992533
2002453
1669818619
1226414616
2259477261
2446035
1440551271
315969860
1682417255
249118071
2819504191
909824377
2119686
2074615
1893856135
422475783
2476938
3274108
578353713
1921546145
307549228
1691615954
512278099
2178182
1139263978
740297622
2003834859
1607831223
2061198
2858136
281226744
1086817097
1837003288
324632586
1985243536
2514085
153318641
2239909
2187041
1430540515
763923743
1502960719
966033277
2122391
486503542
3037951041
2812549810
2092525
2434656237
1452450437
1899433129
1632445609
3230458217
1028531898
1971349182
473891317
667837155
1699723340
2509628
238015624
1470690259
1349279919
2149497481
35035648
1605288155
1484605374
1616732844
2522981
2472171464
12061041
1952464378
340264645
1362232701
927800086
1410876855
2149043
2692843503
50881086
847857282
1563203347
2441069
3510397
2575775
2308507
2286343
222490505
142657693
2843727
2565483
982921895
2098009
984758965
2820091332
2064671
611729176
1456404124
1188728327
1418474971
2325731
1642277667
3118851599
2551479
1003390148
1441055359
3512709471
349371817
558922684
3428892
435973856
491611395
2304500
655001960
2969302871
33446433
499080834
2771114
3309765485
1099914731
1883155032
490632437
747998997
973101226
3671395
2769387869
1065626335
2604971
313403934
2526719
602962140
1623670868
342459063
2002657
2107149
1780203476
608303862
828683876
2129043521
2014165
2614152548
1308913516
1863239461
1663878646
2559958
718484739
2731901
758561886
479586990
600041093
2626573831
1821348329
1667104159
1718596061
811356381
2904135
1506610920
2622400
1015191586
1608808912
2620076522
1805406860
1100179671
960180895
1162995400
397126288
2341291
3367306
1540546879
2181024540
3275937359
2001270
2209471
1722569108
2676977678
1739146595
2293127
61737504
1532789738
655204357
2000447088
1818539248
2335308231
130439314
2159562241
798091817
3239415263
231106573
2345248953
2066189139
3154759
1012492241
2566629616
3253152183
532887170
3269540
1080596689
275259734
1095142185
1580697841
160510865
774353070
326621238
1136780501
2123172
2343011
2381118
1810444521
889140123
615260558
2029670185
1523322688
363072864
3395545
169817444
407986192
1042100737
338256497
1621443178
3055190
1084963238
680996418
2723831074
1294261379
2205252
1359519099
2511261
3070569948
2309144
1067399392
1506157919
2447670
35545746
1160089379
843666630
2650570
46795811
2826150
2584468
231983853
215115890
1469394201
1210334518
3099682
1687932679
186239535
2408785719
2244424
759772082
1181119459
340937201
1127018905
1124251184
2252517
2311111
932280337
2611546109
1903248417
2760264374
1499612972
1592376538
2237318
2681075984
996079284
2073976
1787247735
2373886
893761162
2008096
1109709779
1203332195
141864676
1951431456
2151884
2414427
2454827
1759660058
1464594736
1823978018
2650156712
346167872
1329586422
2437644619
2027295
3361363
3163646
747651558
1603726499
937852368
815457243
69806180
3101973500
2336968
440562430
1840874693
2323405
940022807
2150536605
1247436186
3470298
12901998
2284892
2039967
662947656
1886877372
48225225
3478671
2030068727
1249384205
2201610
1458068478
1983766929
3011498680
590719836
2344234
3717332
2265906
138499852
1393600858
1430985508
2256869
1100852594
467043773
528659747
3008141
1955144789
3040189
2117062747
699060731
1802374362
623016474
1923915869
2041500
3208734695
94272805
1705584158
2003081
745449743
2512124
3241477159
1875651470
2831980053
1869610389
1462033571
1177680444
986881155
3004897
25957957
226586366
35543521
1152672524
3566328
2847848
726314596
3051926
1923170474
1265643678
1986939336
1768741677
898547368
813448258
2059270996
1859768519
600467366
2375915424
1244591271
2687545
3122906
3020659
494330295
3087518
1911959060
921225424
3787803603
3795743661
811560691
485429360
2940511
2502192
1541837168
2261256
2575350
56106621
1671419887
2211078
2059880
2018470625
1572715468
2239164
1795241444
1173192875
101811480
1224608258
2175518
2049938
1695986725
1052499964
421040342
60849455
2037626331
958689158
1911974425
1654473805
1536260037
1488662820
1871896231
1929944950
726137543
1464028523
265749122
477803729
281598652
731629651
2518834
3263435
890382542
1961669484
3266261
1152707292
2103891792
1486997697
1578561164
643226775
3020176
1174950799
1114240645
1506931805
2008797195
1589192936
698279958
200766794
207654009
2470385
3368552
1428699993
1473878208
3168565
511364197
1281564859
30612700
1811171713
276155157
517648665
851334911
1528714526
2527646367
161749025
2312530379
3296015
1874282851
1421895378
1474166947
1087603217
1043888833
2794029
1270841595
2410333440
2151936
1721780167
1817987964
1856867309
1437759863
2278196
1726662370
290237790
2129998
1975155590
2346032082
787822270
1167319858
461887185
969477358
2460476854
2430739
2162883
754080773
1383199888
833694558
3475355
688300748
3293481817
2828724
853366837
2337655
3315968
2934841
1551435071
1990250313
3065428
533487709
1837827801
1164278122
1670363037
3045769991
3473857
15444182
1499581901
2025774
3062061
1171993327
289606492
781012824
503324449
1544825864
1960592319
157703948
1243696029
2713036
1658025646
735586971
726289186
3805160
1201775311
872232931
2214483
3876362
1692812283
740090757
1733432607
2144113
1760200779
1915810857
2264049
1295570784
955002438
1510995697
2235696466
1198941314
229585794
2816756
1478521643
1914461936
723165313
1675753229
3158718
341889690
2109161177
152308231
1901957190
2348953723
709957540
1805471155
1595729172
2627246401
1383694815
2372087070
2811754
1314410264
362657706
2889430
2048012
1806289062
786233351
1599788627
2957006987
2883275481
465062775
1592083529
2679411048
2892458600
858724016
2010918951
523168833
321765708
366204454
1957953299
2921069258
1676327132
2132544
1286713393
1381340893
423982181
699897099
133368574
1618592653
2571122
2148890
2751275
1860755688
570520152
3240963
2207007
1926545453
1812506023
1762043595
2186894
263726972
645297058
40940755
2494276
311162990
180144837
430209293
1724120430
1835352468
2920522
2247510584
939872559
129239091
625894376
495897525
3019261877
1841931747
1766739255
1036723453
3336243
2044833
1755111039
2402551
908722988
1629381510
2332038
292343336
2156753
1647605796
2240057
989008705
1358530435
2189960483
1746144531
1773058512
718595555
2221689650
804445073
3591915932
2337524
2703427982
3253701
2098332
386944893
1566470860
1574867420
1154801366
2225549
2015700
2123817633
930264629
2553511120
2930232016
2585794653
2729976
1190821964
2254573
54590997
1115412464
2264686
2268742626
2596973816
624645067
2846657
183374684
2345476
3166476
102970939
1759019603
136252596
1782376972
1387687466
1836611364
1112748102
2003012
2074313
1368215925
2798079
357711008
1247682930
2084199
758063882
2062023
627235988
585263493
3283728
1017954008
2356344
2039297
1971745874
3706823619
2478109
2137096030
937716208
2473633
2136015
2020450
2008240
1070748468
761362261
140909139
1900106175
3610920
1469471195
1482361446
2213344
1455247103
72470331
2603474
124764873
1387774455
1947274190
2189722
3545986857
330091079
2415101
3820823
1473536546
2509041
1956595615
1611885941
2354470
2204500711
1188181625
615303064
1361790566
1195383702
109525079
2190505
3647840
1405190792
2880579
2474661
58661776
36600204
2343050
2538314743
530547597
2337200
2781886
2139375
2467755368
2827997
2481515
3511650
3341167
2061928991
439728301
1960421314
2110989
2554731
595321703
984466727
44430659
650761976
2870988218
941615108
2102400
3487906387
1699059833
2231657011
1512189983
1691830771
1710951428
1989853346
183187576
3201722
1695211910
1569662977
1347934666
1832268049
1665104939
2015973
1304577754
1864213874
1122826065
1608354467
701253413
324863070
2589721238
74626733
2503549124
1215589384
2156093
1779116695
715590242
1384229818
809018433
1208458483
236882459
1846547708
2438399
592924457
285780514
771342228
1621900863
1652272657
2536904
2694798
2059951
1771393105
2882132
1847631339
3277944986
2197454
2055728
832688275
2023842
2550876
2431396
691876703
2412023504
1684579887
2175418
2069098
2360714
1368736609
2461399
1506080017
1670095566
3500359269
2063864
1995056258
537654457
371635186
120184340
868450170
1233279074
113029138
892010529
2064621
154514937
21410940
2707176
1886515023
1930924837
1357673944
542281746
3321004
1585876080
397801552
368321916
1423668265
1400602737
2667477717
1799325633
2539879
2173898
1665689286
2194817
2404748881
1073842355
278659816
2585014
441526575
2170273
668610264
1258550242
395924197
1815071364
2278227386
3804136
195062873
3173354
2515067
1786275723
403485964
1668343437
2889737
778259714
1705503935
445498401
1513369549
3145046
2004733259
2194102481
399006569
2704300036
