171675760
40871397
3141765558
1179476468
2097801432
1715736
2855301
1807560959
690860275
1939008215
1613906309
1786599
1835427076
3437216
1441511235
2955127986
1886761
1967527
2603695
295102090
1206446433
2332218702
1510071353
190122798
1557961820
1300605367
2522637
1135315071
44465428
3013701622
795150607
1400047478
3539017608
1225221585
1321191321
1935250579
827426000
1811190496
1890094
2904313
298151262
2700780
284956692
2578141
554565693
2153767
2343612
649759066
2109743
1591681033
2339568843
1275271018
1340668876
1932628452
554167660
697299183
3503817820
624895671
774555385
988881277
421992327
2594084
1531831300
363089747
2220454
3478341672
2380568
310064619
74835105
1857806320
851443606
2254524
2104127995
2206526
2331112590
2731598761
2272933
2777128
1789841809
1097339978
1956694
1114666355
1889982362
720281630
1436433384
1598691370
3047352
1981723
1255978002
3615891422
2677997151
2198581362
2264278
3456353
1427304601
1364369499
1877208
1696214
1848843965
2026696
1156970566
1525953387
834300892
344302480
882844021
565675965
2611634568
1014659657
1419512199
3495956746
574681309
2872049722
177264456
2540866
1852076139
1848158334
3015830
1221360135
1749912
1972460231
548271218
305177685
2488802607
1576311261
2273572103
2513922
587839160
606511888
1457016785
1723364514
554236544
1851715883
2360458
3373808682
1021285264
291469574
190726157
2036250885
3358581
470138662
1104535861
2337168
1857233456
355708776
2122426
1944992024
2996787786
1068159096
2167830
2960867
1917427158
1763770004
2033377
1563456292
2010391723
471305649
1881999900
1027324378
1831908
1399673995
1119547770
786061747
697885074
3295283095
558472492
1673134
1901617476
826913119
1287880249
1404411117
1342311412
2087735743
1101151989
872119814
1253810699
1464467989
410146463
2828867
880030688
861287501
2383259
1726666720
2158241636
2020683955
912919057
945156889
706250246
349461223
3077831
861598250
1767140
2173053
601421026
57805872
47096793
1846858745
1591398485
327808553
1925670
2371866533
771987909
1590380254
1446505921
3016946
1803141805
1114210812
2237105
165063187
2174184380
467711030
2572742
3151354774
812871552
1546384997
1788668144
214875536
1839404
1243522514
1828057
1332101043
1706092
217284096
2454575
2875507414
2341966
2795247
1394655897
2192922
175340365
1736132334
1144110189
1517788491
1259552779
1381074712
1862316
424725909
1596027641
2047325
822281087
652829266
1432783888
1554100168
1148925768
1788914993
2887187
1682556601
1292528868
1053606962
25451437
3186618863
1770283798
3006863747
2555673365
2432197
1266074620
2836930249
1237489695
641407676
1621513910
210857043
544045499
1950748
584529638
782561858
1370828586
3046437
2975838
1173041200
2386010
1804942994
1707956068
451681573
239603829
2767789
1790298
2178236325
1773762391
1843203
265754259
872187941
828143902
1304506870
1797527489
2638009531
2841581
1042606930
2266802004
1112493877
1199041730
404951001
1887360
2106538
472431675
748430899
702740607
189330115
1938964609
369211732
439096726
1838772
121844020
2513546
1905706296
1960071
2716526
694874918
621651638
2531510
1811764
2481772627
2916478
1281705742
959284949
997800618
1725831
1039414841
603779004
368890207
1182022538
294166650
2213415
1662335096
417592266
1730439129
3114412
768900001
1012350814
2838765070
2006599
2869795
1841484856
1172005520
1629662099
701103029
299531657
2290883
1618080110
1658965556
1752586
1863172138
2690735
410138918
1264341626
2504602247
483594648
195843351
2969861
1931913245
2352618
1967787870
2127346
659352592
1383096159
1910498391
1528197116
1361896007
1080374029
1499307327
75125230
1769729442
706087124
649094741
168945481
335510194
2802296
1039488872
3031398
139961841
1866206
1826545
1675755187
123659355
1557463237
246896594
1868874352
1746998991
2226863366
1311396643
2136565
1729668613
1005831874
1454511141
3447915021
1377281916
1164157612
783042086
745626422
2080724950
2691029
2195488430
287144238
1626926813
1485469111
1264467912
1854881291
908704973
2303939852
2587577329
3270782635
1899285496
1943565
316237583
2301224
551996339
480271253
1950281
1108768457
2176610254
1485668858
1951774
1155630345
3341862663
2025637
2952037
1466842781
2479698
1739414252
2788815959
2171269
285976482
1417774523
2520620977
1158559285
1410534618
1453449706
72685648
2765053448
1172732381
551781336
1817714
1436451132
1526891570
1819698
2460069959
1304458841
632078936
2970214910
461575665
1685337425
423848630
1198477809
216884997
1490384910
1392769063
2588360
2497400835
1922813961
85988320
1937058
1496507958
3059255
1808800006
2146300
1743511830
2163621
1499279551
629303609
1975460
3031637
2919588
2574760
897793524
2163707134
3071330
2819349266
819014101
792564907
1847536
2471343
134018305
440182215
2110189397
1672660432
1147113458
2598568
283493091
889335469
2136690994
1772324
571124548
580201098
3005233
1796381647
2253809
882072485
2229641
1864755943
2249969
805341775
2161839704
70313015
130946024
1301692923
925369826
1656260478
1001195940
1151112419
1994079313
592834498
95016547
324714721
845555329
1643000929
1809057900
964252761
2854003554
1549931210
1195732511
349719697
1863742221
1613012885
2970065829
136166517
1809291261
2490401
1843545767
3022313
2660836
1005158640
2055477
707433151
693248269
431308957
1682905006
227752703
2407844
1142148088
1667451822
2372269
399389123
1214273250
2378761
141072041
1635080
1726312
2471580
424483507
1527364718
2153258
863517717
1506458558
712122707
2003395997
1398032693
1825100408
1874196938
3145374
1897880178
519369491
982860445
2436049266
2265950
2050707871
2146442162
2211051801
2837822921
860097616
2337855979
2975732
566479451
2114313
1184205231
997705871
2496315
1222591554
1902928818
1789866
3590128
2381248
3555700316
793248449
488418938
169363117
2173813
2429822
1024471006
105620390
646509600
3216765559
762493816
502207591
1554787625
213974111
3290092
1308277674
1028420191
2417281209
496737485
1423264418
3527399
3044712470
2173273
902332754
2245810
2561432
1637175078
1972504
1091026100
3261267140
1163914292
330539332
13790523
1943002279
2487110
1271147967
959448919
725078623
967859507
804023410
1881402676
2322458
755708719
628597676
238887848
3056894
2593243971
1374693912
2373027
2267741795
1682213473
849817372
1140078842
2174812
3367156
1885555626
1085718945
980147158
1655830018
1830349
1818200
1233236792
719654836
914588711
901589238
690576814
3202675415
1783677346
940845114
2088399344
211218040
1451963878
1389619877
1653000511
2226991459
915606866
2001605404
475803903
26028046
1756793
3481892958
2045253
1670999603
2408133
1792585
3384883818
1833211
571389032
1496395358
481324948
1168245250
2431434
2217157037
1796372
3272202
1705391714
1063139651
1447747403
504703917
1048952804
407196681
1808658980
1392806982
893654960
576612361
478647594
1588111470
1868131
451239381
1594715866
145333409
2803110124
699639876
3063288
2089743
2732059945
2022121
608427352
432537268
1688515754
1781543
104834579
745698249
439413068
773251800
611442168
1466551867
1873258060
165785736
2595143420
1928562804
36708705
2179954891
2631673
1387594834
547898425
1938225291
289160511
2390371
1904118
1631362617
1638793060
417108694
2654196994
1319246135
795397947
2265490
243928882
1142081004
1466810805
1002569369
379738193
563119960
277934189
570971071
2787415
1810481034
2796548628
1724730206
2384566
2630565
3167709
1924117870
1658192768
775459546
1094362632
3731485594
1852092
1450892007
1855303360
252705143
1916405256
2885543636
2062915021
1629028860
3306087
141513188
1854971
156767625
1757832255
1698179329
514466733
1961519
1534302349
1181929466
1262965361
950995334
1104391971
2620220692
2809741694
55333772
1547913386
567229030
590872645
1632850231
1979976
1309793596
1722389027
874571498
967885190
1602812243
1901127212
2582367
2338749
2614121569
276324652
959161384
2744370
1478058047
1693309641
3189220379
62118617
1670809459
1362117475
1349032552
540046884
2149760
1180632789
2477074
1809825082
1025919645
1191617002
644720299
268533524
2264602
2015062794
2236074816
888030141
1699564581
936601536
2564786967
1573906988
562815513
192000527
956499467
468780120
2227198806
231650290
11141148
246157093
1422110986
887364390
274187277
1824782869
1552005150
2109242
2057190
3217690179
3112388599
2151479
1818848321
1811067
1559554976
955915392
2141216272
1536824793
1409688374
526213777
2128636027
2529878
1271802343
1838292508
715728387
1085770287
2022506
3147141
1331790876
412692254
2023668
1076681604
1128489487
2325305
3156993
1343640886
2203580
1458477883
1644523313
3385833710
3059914
2441417
1161828885
415029721
2582016775
2597729
775289850
918474807
1187679205
2124013
1387591302
1795755341
726430003
1532673578
1680823736
1508686323
1808250198
1462651640
328705762
2303337259
2244354
1728806
573962804
1779358269
258885666
1503253470
1974735073
1987418
1057422406
2031776
707051630
2793305268
3553877101
2023060
72995016
1472606330
1529703696
1451154753
1892718580
7007885
2649032
1849803
426863313
260108438
1096565373
2079148
1776468
1342864820
1832237169
1229480032
642026025
2077326992
3074142
2757622
2797654010
1514354555
1515714512
3566635
609811257
2837539
386567218
1691302
2240683
199579837
1558212190
1244403254
232129214
778169490
1197577820
161658480
1059715465
1810722
1042688762
1373371828
1443608809
529094524
908945139
1784741976
1801326852
2512764320
621409561
1946339932
2096126396
1247957660
2245493
535866547
1366873210
1421021010
673906784
81924062
580717341
100830866
1902033
671951037
872023399
2092404
1608130126
1105960810
999174006
1552691994
2702953
262129445
318296425
1703164112
3288402959
2145598686
444792081
218472949
2150885
456242923
2185645
249166887
1597872521
461801232
3187426
2144803246
1686493878
154503084
1984761
2812514
1781387818
1749523
2108860228
2056790
1875701827
2112856243
978708939
1412082128
1034506056
1047186732
1540146812
680045400
2240741638
1793025983
283845326
2098648
1740142955
159419004
3545598020
3101539
2867840
3443637
2354660
2086396
665510372
2514721775
735108903
2818620
1009002956
194425494
1703783191
777164246
496308444
1533519297
1121112123
1579191003
1176066208
1838811046
1023674951
1904005744
2932503
2452855179
2070306
3245479
133353052
1951088775
3538443
2643624
2020876
698356268
1973180
3271824
1282305034
1643997061
3081710
2579385
2267983
2804393
1376510721
532174432
1561239173
2221798
1403223712
1762604682
531995795
204522250
1012618662
2180192
1448292861
1779524178
877519726
1237275577
563364010
520716410
1813051
557579568
2060071
2501156
1464463977
1501830921
1150032238
2028637
1822055079
2280944
661470286
1634154613
1405449790
936416309
3563594111
1737311172
2861030080
48544824
2538833
2377867
2241751
1184984797
1198979653
352045175
1836896131
2012673234
1230457409
3640725246
3238122
439415138
200254868
1391920991
1224647184
1118978022
65101244
2649952086
1792343281
119923501
3003410399
237634931
2346262
1528281121
1826563
530988451
178571017
2074630
1911305858
1438922725
2258145
417945463
1567617693
2341971667
1873804832
1020076693
2790088003
838966426
1588231832
2228899365
287859988
1865008
3594282073
2883721568
1594810298
1813881489
976067115
2033063
2091627686
1881777341
905398689
656528751
1541791264
2706479995
1941350
589843223
1517658532
1552869183
2991599
2860256644
983175857
1511045824
2065863
2907521
2136157
2538509
1959114
1206820586
1155520199
465500542
1353990121
846637406
1284494967
743532367
2216931182
2180749449
2070320
2148026
2991571
225289450
548298287
1746994
1876789396
3373476743
1053313366
3117053
1094817489
3006369
2428845
1254425413
2350909
1622588042
2826118
656090912
1426146618
2222232
465896377
1832067
389525493
2051251
639517810
263939958
793827658
743439831
402937694
1104022938
2256715
1864797093
696026624
14981765
1854416596
3310213555
301983164
2361521
631450988
2509097
1862163949
1867107
1377770722
399417166
1771861244
307773168
1857274101
2449294035
1663735863
1292192169
521702607
582871114
16304513
1662165545
1277479048
1317568521
595564487
67581428
939178316
357705024
340505543
1833452
1278071017
1212326827
2281053814
1656924565
2334789416
1114144986
529926098
1768267788
2089705
1774697421
1762226311
852438899
770300427
2942021
1788911972
3115896849
1781578242
960820664
2070638
1432056695
3115343749
1028424255
2018614
333036027
1225931487
808523363
336985637
2280711
2845830
920692439
113457062
312640469
762941448
1843799863
2503348373
1925575529
1115649732
2414700
577335824
2469691
2060049
2414702999
2773262
1805227
3289930244
1974021
1694083035
1728101
892103629
2704884
1886025510
929374081
45423740
2297888
1335614178
186904582
884022932
1323702924
1651029443
2068767279
2352491
949496003
2498554407
2155782
593570272
1479577904
243399111
3229494
2170398
3345320503
274655261
1699530004
1767092945
1312236272
1801597544
348805836
1897781177
2043330
1866505
3191766
1854018495
3358720001
2457772
377355468
1896475163
3060791
1997676438
2240184755
2315812
1245177392
2097111
3110318
711629672
870804936
1957001
2412780
2605556
478387945
2807321
294579312
1737210017
1062576898
1344577308
1092313977
968367115
1017855377
645650168
1836256
1338887298
61412333
2088764304
1538280269
2024908
3152771
654141836
486556134
1992521
2102053
808656169
834371513
932527080
2483527
1742539888
2322234058
1897839
1840850
2157752
529907963
2453217
1039043810
2134057
1813162849
1799667
2013576186
2278900517
1493230262
528872974
1917119
1310865234
2775040
3192092
1250541453
1638893060
117435620
1253872295
1218378145
866115822
1296503053
1345623321
1565036725
1601019746
1253242753
170533205
2034503
501126240
2061237354
1258447638
1699259529
2368921
2301303837
338457718
1681088739
1564271624
679988015
343023949
1690859782
2122095
255265420
82262387
3112950757
2752738
1911672613
1257905286
3246733
2187268
2092796753
1716563
2295295
863189087
3528362
676180320
524449876
823562583
514794844
942271460
1254997919
1936322989
984960758
3000996
358416843
1996783441
1267056459
2801469
1153752638
2365474
658531386
427426827
2117701832
15788880
1653228664
1432517461
2507165
282482392
2584426
2669514
2802020978
2074113311
652732673
1598175541
583626067
1203817040
2306832
1598312093
1802739669
1706415
16220824
2640706133
2090514
3358249
2450075
3361179
2123390
1360581361
3657413595
1322706129
56053734
299677821
2506665085
2605805985
1768066993
2223452
1817191645
10920819
1484164768
2055676108
2196835
1267493823
2186780650
1933385907
774737704
2614482
1795883176
1725351
3631210183
320171209
3409620645
962203825
2591427033
225779680
665975312
1692750673
1747997914
1468072215
2314382420
2271537
2545873321
316133877
1935215
1417884361
2415618
777864876
2155481
891827205
765502832
95783950
1648144278
1708580169
1166295270
1501416129
1579331818
2195478110
2475782
761095989
1851135046
1989247
444097711
2348058
627613463
293272305
908049942
1960957
2815667
897371135
814347486
1402422200
1947839
889468275
842504208
837589551
2151223260
2321878164
1213128368
603357509
1689348412
3203888182
722126073
537388572
2592985
2656062403
1664727549
489358617
3607488696
1738951
184908740
3230072874
2202367497
1696267642
1232143707
421969107
2075132
3023950
1800995
959668664
1950331
718531656
366761481
788212913
29382450
872745211
2264503857
621880398
899234625
1896911
903439788
2815583
2818321797
1523463814
2519074
1918799
1091921202
2457948062
1712639837
802287486
5120211
2420285
449049995
167626653
134695065
2595056763
2237298
1930025322
1604059996
1328329159
2454774
2574953272
1538367939
264431892
1626249095
832272832
2477599
768491143
1496789310
1552439834
2471767473
614305921
1073672195
1049722133
3185623
2893564
2990560
2310348260
3052054556
476733742
99483711
1618441379
926810096
1630782792
1790200661
844713545
1484499103
132400576
2225757
25313171
229025775
106002198
1316335052
720325164
170314737
151687105
221478894
2758040
2211638835
1440891077
916366020
855253881
3077160
1543630166
2891864
1210655248
2523025
2752071637
1208888972
1940176697
1902386
320517136
2951547
2403581
901395384
184412895
1342586550
1944267973
2823698386
1300189761
1773593005
2233504926
522275361
3130238
350151768
1666729407
2300840
1678770356
3059374670
1792538
1557533547
447597125
388310793
367466217
1201028368
3163382
1789102176
2478323110
477521233
1781309
30643760
3721304034
1719992403
204745177
38581666
2040016
1517964346
1875490
1511285589
586328602
1695562550
1637876790
1733469982
2668299
2272428903
2713986
2890239723
456431294
991469057
1249387905
1306419345
1669119633
1099185661
2195038
1909894064
2192243130
1701261
2216277582
1676336354
2004989487
1201450694
1811254
1745433393
1738533
965912528
2350477430
174274403
1632416857
2444229264
1592066858
1083231444
1050403043
515726992
1833735
1198916869
3009722029
2268781123
1204716227
1019065722
3091193
3350518329
925750475
1922219064
1351056673
2656272018
759908756
1444142216
2962106283
2462682
1884514
2385902
123783515
1732057544
1925915002
2828921
931418708
1434822911
1010647698
789121286
3136453
1721234
268456142
105755669
1653271
1071870885
1182927632
22552590
2565963
1872488
2500545791
356932473
2016036468
1121824446
3247202
2053889
1669567083
2954337
1734182
639596118
2387437721
2075159
1581719110
372269602
277816400
1596925489
1816411126
1010883665
2375177082
3491444
895545273
1271121967
380806557
2264063314
2967226
2133847
895352513
698447562
1196083583
2039743
493253356
1544179219
386233706
1661785216
637216117
1304192277
750281987
3604839242
2837088
2671548
199646070
1732422931
1092151187
1761755886
1833211
888948252
1400986928
1700950
2567424
1134123800
1896395
136953867
2645702
1584041159
1884114344
414944021
42580375
2910651
1166141135
704979313
1122122048
3329434541
211658048
1886289022
1912657964
1639320834
1690703524
2230781
163750349
205955480
585831019
2266590954
1345560646
1481416758
1650239050
2459526
1458489602
2164594
2057054195
3487743599
1904849180
128506513
173829878
1493347229
1750373499
401148569
1570692703
2679586
1584426031
3007361
980751862
1447322256
2543693533
464020460
158598610
1250747173
2247494400
397732570
766544310
618132893
1620660937
303735006
1257710727
1772317989
782411325
1031317460
1025126398
2624847
1758494
2948970
1602173409
1824590830
1613060431
306920090
2384392
2024207
2424071
1337196295
1785247191
3574450447
1876054729
2309843
853656160
1555258166
602940924
3012226
2301865668
3530074
2909913
1949071015
1418493068
110991271
2086267
1919335
1193306316
2550884532
1103991765
2315694
1957132
248167778
562583661
419124678
599950268
2711150
328154574
202052874
3492969717
1896543573
1353046984
1917704
1396292951
795816561
2361821
21394227
497178085
1932055794
179596981
599360527
21291386
1445426870
932204666
740326633
1903586
1450316669
393987853
1184806905
2423537546
873169275
549356802
598305658
1980506340
1129008285
1283660410
193792550
829969157
1915386
2210970
92238461
687709559
1738155451
1531996789
2675071
547361081
1328703594
76292904
1950855729
3493044806
2087446
1295535214
1719393
2262799568
1899653789
1521413164
1430622146
2363681
1890525555
2513257
854376702
2859742
1715248357
2216793
1476234446
2396584285
2652444989
1796016472
2026740
1156259275
1907376134
2490082
942267568
2625766
1813422931
1776775375
816720806
1367780138
1015064333
1027787524
755731597
2384223
1989962282
1626557489
1370248794
1507174437
1836379
3725612716
416265294
3026109877
1509813190
1164863518
1294196153
1572546686
1219626610
1374278345
1705321444
865535431
1944388
81337064
1774701
146148018
1689734742
822434629
255405860
3008006
1999564
1525243743
2017167713
916053850
1808293636
740052822
1883523789
1903476340
910535636
2002878
1090788475
1878228
1708190
1127943890
2999417
5824414
344129544
659610613
1541643983
271210557
1210364253
68209493
2894489227
1166266691
2338463
2626025
1076685532
776042406
2333247891
1514509671
1217762685
1034822313
736642979
2470662
3008137
1190871272
1274811459
1787023
1860326215
1883803
2630665988
1346570606
1802174227
316280662
2928174300
3028069
2070964578
941783038
672097904
2176703
607055887
498120574
560375528
1655921
1066357796
1826966237
811972136
1650257423
