2000 2000 2000000 2000000
2 1984850 1500
2 8484 96854
1 505 1999114
2 57974 68324
1 14847 1999539
1 1992021 1999756
1 72619 1999875
2 1994142 74581
2 1931522 76869
1 1936471 1999838
2 88274 15256
1 1999899 1999685
2 1902030 1790
1 71003 1999268
1 57469 1999833
2 1914150 4111
2 1949298 46658
1 1963741 1999347
1 1986769 1999910
2 1981416 18147
1 57267 1999703
2 1212 52634
1 93021 1999617
1 1989597 1999194
2 1965054 14095
2 21412 32240
1 16059 1999545
2 73528 55969
2 38582 15293
1 1917887 1999703
1 54439 1999629
2 13534 44636
2 28684 9754
1 82315 1999242
1 1923341 1999944
2 39390 26704
1 1916271 1999960
1 1930815 1999540
2 1980608 4445
2 1905666 97538
2 27876 76305
1 1957075 1999425
1 1983739 1999442
2 77972 92371
2 71912 9450
1 1978487 1999197
1 1978891 1999613
1 34643 1999794
2 94738 76385
1 1930007 1999902
2 1986264 80235
2 1981820 51033
1 1940713 1999430
2 1929704 75666
2 1931926 41417
2 81002 95683
2 1960408 56937
2 1986062 44610
1 1941925 1999891
2 68276 94772
2 4848 99389
1 1982527 1999589
1 99687 1999880
1 95041 1999216
1 1968387 1999373
2 88678 17585
2 1979800 49342
2 1968892 86973
1 74841 1999687
2 16362 95030
2 1913544 96094
1 1905161 1999437
2 1923038 96757
2 92314 80055
2 1987678 61714
2 1928290 92798
2 7272 70898
2 43228 44433
2 45652 94548
1 1931219 1999255
1 1994647 1999923
1 96051 1999935
2 1988284 80870
2 1994344 74769
1 1934047 1999572
1 53833 1999962
1 5757 1999584
2 1927280 16045
1 1955257 1999711
2 55348 70165
2 87062 53236
2 81204 79305
2 50702 47730
2 12928 80150
2 5050 10549
1 1902131 1999700
1 75851 1999454
2 1975962 51405
1 74437 1999661
2 53530 80445
2 1973336 90973
1 24341 1999340
1 1914251 1999662
1 1984143 1999451
2 91102 58555
1 1958085 1999180
2 1941420 89702
2 1911524 11441
2 5858 91523
2 1900818 62578
2 35754 56472
2 65246 89279
2 89284 84145
1 48783 1999662
2 37774 4900
1 88375 1999679
2 1922634 18601
1 46359 1999583
2 1973538 40577
1 1908191 1999934
1 1949803 1999196
2 1957782 34390
1 1984547 1999831
1 2525 1999637
2 1982426 68789
2 1950510 45176
2 83224 33575
1 11817 1999108
2 1928694 70370
2 31512 38648
2 1933542 48356
2 1938592 70524
2 92112 72853
1 1934653 1999731
1 1922129 1999869
2 1933744 60396
2 1939804 3364
1 88173 1999800
2 50904 8252
2 47268 50028
1 70801 1999728
1 303 1999334
2 35148 23021
2 1925058 27921
1 1965155 1999561
1 1972831 1999640
1 1954853 1999329
2 1987274 49675
2 1991112 98239
1 40299 1999507
1 93627 1999661
1 1943541 1999982
2 1993940 12755
1 1934451 1999892
2 1999394 30666
1 5151 1999135
1 37269 1999196
1 24745 1999545
1 1996667 1999114
2 1980406 37684
1 1988587 1999777
2 1940208 12470
1 85749 1999374
2 1949500 41993
2 49288 15069
2 34138 17033
2 60196 36313
1 74235 1999898
1 1951217 1999453
1 8383 1999642
2 23634 31108
2 41410 23581
1 54035 1999406
2 69286 15003
1 1978285 1999449
2 16766 79658
2 1967074 64909
1 1972629 1999753
2 79386 83494
1 1903747 1999706
1 92011 1999647
1 1971013 1999269
2 1920412 63639
1 28583 1999518
1 1974649 1999723
1 12625 1999755
1 55651 1999346
2 88880 63589
2 1923846 33190
1 1913443 1999585
1 100091 1999265
1 1920917 1999200
2 1976770 58385
2 1970306 80111
1 1929401 1999306
1 93425 1999370
2 4646 4578
2 1818 812
2 34744 49574
1 1932633 1999858
2 1986870 78805
2 2222 91899
2 62014 46365
1 1959499 1999234
1 48177 1999249
2 1924250 88552
1 22321 1999880
1 1990001 1999342
1 96859 1999405
2 1933946 44009
2 77770 43174
1 26967 1999632
1 1964953 1999219
1 1922937 1999134
1 33835 1999331
1 1942733 1999414
1 1950813 1999697
2 1936976 76654
1 1956267 1999529
1 44743 1999158
1 1981921 1999422
2 40400 73333
1 8989 1999439
1 23129 1999632
1 72821 1999815
1 69993 1999363
2 1914352 12161
2 90092 60779
2 92920 49510
2 1969498 89979
1 1991011 1999434
1 52823 1999327
2 1953944 47907
2 78982 5729
2 1940006 50420
1 56459 1999326
2 1939198 85274
2 34946 51582
1 1996061 1999489
2 1947278 73949
2 60398 9025
2 1997778 99481
2 1907686 91695
2 1921220 78989
1 70195 1999957
2 1977174 7889
1 1960509 1999264
1 1915059 1999308
1 7373 1999510
1 17271 1999633
1 68579 1999347
1 1974245 1999166
2 1903444 58944
2 1935158 71070
1 1985557 1999639
1 1903343 1999350
2 1936370 61646
1 1938895 1999303
1 99485 1999404
2 1983638 98113
1 36057 1999793
2 98576 85380
2 93122 31296
1 1960913 1999345
1 74639 1999573
2 1945864 85594
2 24240 93056
2 96758 39990
2 71508 71550
1 63933 1999768
2 8686 68926
1 1979699 1999368
1 1992425 1999282
2 24644 65268
1 94435 1999528
2 30906 69457
2 1988890 25798
1 84941 1999464
2 1930916 7525
1 84537 1999937
1 1978689 1999494
1 1995455 1999525
2 82214 98054
1 1914857 1999597
2 1900212 67751
2 1992324 30910
1 1971417 1999172
1 1937077 1999387
1 1903949 1999964
2 87466 36621
1 1935663 1999794
1 100899 1999573
1 3737 1999492
2 1901222 82568
2 1937986 12155
2 76154 71020
2 82618 54703
1 1952025 1999678
2 100596 13952
1 98475 1999947
2 9090 50842
1 1950005 1999401
2 24442 2785
2 1943844 93541
1 1991617 1999654
2 65852 96351
1 1909605 1999391
1 1971821 1999122
1 35855 1999154
2 1991314 12110
2 81406 3812
1 71811 1999880
1 39087 1999699
1 1998889 1999405
1 6363 1999239
1 15251 1999669
2 79588 56946
1 58075 1999200
1 25553 1999791
1 73831 1999116
2 1953136 7596
1 1942127 1999365
2 23230 8978
2 1923240 16868
2 1942026 5048
1 70599 1999600
1 73225 1999232
1 1908797 1999659
2 98172 74126
1 37875 1999630
1 32219 1999993
1 1941117 1999845
1 1946571 1999680
2 72922 80372
1 1959903 1999597
1 89991 1999302
2 1907080 66659
1 1960307 1999949
2 11312 52589
1 1922533 1999960
1 8585 1999940
2 17574 26621
1 45955 1999526
2 66256 55038
2 1946268 18975
1 1996869 1999863
2 36158 49324
1 53631 1999188
2 1991718 92191
1 61913 1999185
2 1941016 54946
1 1990203 1999443
2 97364 1969
1 36663 1999774
2 70296 25488
2 1938996 95320
2 1964650 80617
1 66559 1999980
1 78679 1999824
1 1995253 1999867
1 1907181 1999322
1 89385 1999636
1 23533 1999229
1 1900919 1999848
1 59893 1999412
1 40501 1999766
1 60499 1999877
2 1930310 76766
1 1986365 1999716
2 1978588 73991
2 1984648 58944
2 1899000 71627
2 13332 69021
1 20301 1999797
1 1899505 1999450
2 1935764 95890
2 28482 37641
1 1980507 1999885
1 15453 1999783
2 1911120 3788
2 1994748 22087
2 44844 50499
1 1905969 1999455
1 81709 1999296
2 11918 3536
2 1982224 29968
1 1935865 1999286
2 43632 36964
1 1922331 1999784
2 1986466 35335
2 23836 73993
2 1914756 97840
2 9494 67899
2 808 92054
1 24947 1999921
1 1977073 1999141
1 3535 1999582
1 1971619 1999148
2 1902232 81512
2 1911322 81120
1 1999293 1999288
2 1921624 96671
2 1954146 99503
1 1946773 1999555
1 26159 1999483
2 22422 44661
1 1950611 1999384
2 1922432 48023
1 27775 1999725
1 1313 1999861
1 64337 1999921
1 1976871 1999541
2 1956772 92813
1 77063 1999638
1 1902737 1999454
2 91910 66464
1 7777 1999566
2 1971922 37162
2 1931724 59175
2 1969094 66339
1 1981719 1999410
2 61812 6086
2 67266 51821
1 33229 1999129
2 15352 27626
2 1948692 89580
2 1965256 59779
1 1915665 1999934
2 1967276 53211
1 1965963 1999646
2 1960812 17540
2 1987476 66792
1 31209 1999409
2 54136 24752
2 66054 13352
1 1993435 1999580
2 1981214 56462
1 1976467 1999675
2 52318 84009
1 1913241 1999808
1 7171 1999806
1 1904555 1999882
1 1913645 1999427
1 1984345 1999414
1 26765 1999655
1 21109 1999612
1 69387 1999964
1 1919 1999749
1 1968185 1999646
2 1936168 84815
2 49894 85735
2 56156 5712
1 101 1999535
1 1917079 1999925
1 21513 1999701
2 21614 73087
2 59186 47292
1 1945157 1999852
1 1985759 1999413
2 1999192 16212
1 91607 1999155
1 87567 1999385
1 6565 1999545
1 98677 1999154
2 1923644 73636
1 1959297 1999856
2 26058 32869
2 83628 47782
1 33027 1999349
2 404 30234
2 1903040 66634
2 1414 36317
1 97667 1999531
1 1945561 1999416
1 31613 1999908
1 41107 1999327
1 1935259 1999851
2 1977376 59861
1 1919099 1999564
1 69791 1999453
2 1907888 23877
1 1973235 1999783
2 1931118 31081
1 1982729 1999904
2 45450 5681
1 1970205 1999972
2 6060 62495
1 1948389 1999392
2 95950 47956
2 54742 31901
2 1987072 11699
2 1958388 29717
2 1938188 19702
2 1979194 98597
1 1950207 1999208
2 1925462 28187
2 1959600 46736
1 1946167 1999429
2 1966064 26895
1 1958893 1999870
2 1989698 98428
2 16968 3416
1 42925 1999100
2 1998384 18089
2 95546 79140
1 1923947 1999614
2 1957378 10788
1 46561 1999887
1 1925361 1999145
2 1905262 27662
1 1952833 1999975
2 1949904 71173
1 1980709 1999736
1 96455 1999188
2 1942632 88675
2 1978790 34468
2 1968084 61761
2 31108 14302
1 55853 1999787
2 1917382 19369
2 3636 12219
1 25755 1999960
2 1915766 35727
1 1927583 1999138
1 65145 1999587
2 59994 35603
2 1967882 74097
2 62418 11475
2 1976164 50417
2 1977982 12247
1 94233 1999760
2 1955560 97450
2 71104 10274
2 1981618 15627
2 53934 45735
1 18281 1999554
1 1961923 1999834
1 1980103 1999889
1 18887 1999181
2 1950308 69773
2 97970 7048
2 97162 82178
2 87264 53152
1 6969 1999856
1 31411 1999619
2 59388 59770
1 1951621 1999445
2 47672 9776
2 1965660 44169
1 1932431 1999856
2 1932330 41495
2 1955358 83750
1 1962327 1999116
2 1964044 38772
1 38683 1999753
2 60802 71057
2 48076 93912
2 29492 32670
1 1901121 1999358
2 59792 21712
1 1931825 1999691
1 1948995 1999638
1 90597 1999506
2 86658 34168
2 1948288 27365
2 33734 43053
2 63832 62834
1 1957479 1999532
2 96556 12715
1 29997 1999840
2 1901424 42453
1 1999697 1999645
2 1952934 43644
2 17776 92570
2 1915362 76758
1 1911827 1999409
2 53328 11817
2 41006 42222
2 72316 89855
1 1952631 1999848
1 10807 1999487
1 58479 1999851
2 1917180 47678
1 43127 1999294
2 1993738 20085
2 1955762 47574
1 1998687 1999690
2 1932734 45102
1 1979093 1999667
1 72417 1999866
2 1928492 454
2 1904858 91143
2 7878 15477
2 94940 56547
2 28886 70106
1 20503 1999575
2 46460 60646
2 33936 63904
2 23432 97441
1 13231 1999830
1 46763 1999749
2 15958 17407
1 1998283 1999471
1 2121 1999482
1 1907787 1999623
1 85143 1999129
1 46157 1999674
2 79184 46097
1 22927 1999468
1 1942329 1999649
2 89688 52264
1 1951823 1999430
2 42420 82794
1 1985153 1999779
2 42016 95475
1 36865 1999762
1 1947783 1999584
2 1960610 2717
1 41511 1999839
1 1928997 1999381
1 1949197 1999485
1 52015 1999258
2 10908 50854
1 707 1999140
2 48278 2010
2 101000 25931
1 1944349 1999830
2 38784 98625
1 5959 1999693
1 92819 1999451
1 1916675 1999325
1 73023 1999580
2 19594 49142
2 1951116 1511
1 12221 1999950
1 1911221 1999867
1 1948793 1999673
1 58883 1999875
2 47874 86428
2 1922230 57971
1 76457 1999504
1 93223 1999626
2 51308 89221
2 1989900 47199
2 47066 86834
1 1992627 1999440
1 1967781 1999507
1 1903141 1999420
2 71306 58403
2 1944248 38566
1 1929805 1999312
1 1921321 1999253
1 51005 1999228
2 1974144 47587
1 1979901 1999123
2 68074 50734
1 1939299 1999301
2 1998788 3448
2 1983032 20658
2 38986 49828
2 1924048 43643
1 1954247 1999217
2 43026 58773
1 1935057 1999368
1 48581 1999371
2 2828 13448
1 35451 1999560
1 1983537 1999252
1 63327 1999995
2 1940814 37469
1 1981315 1999338
2 1951722 4328
2 1919402 46228
2 1937178 3838
2 1921422 94949
2 56964 10708
1 65953 1999996
2 1916170 12267
1 13837 1999780
1 44339 1999128
1 1993233 1999792
2 67468 40439
1 69589 1999894
1 58681 1999182
2 29290 29148
1 80295 1999310
2 1988486 68815
2 18584 50613
1 86153 1999461
2 56358 64008
2 1964852 33563
1 1982123 1999381
1 1956065 1999672
2 61610 92289
2 1908494 7093
1 1943339 1999602
2 1942834 47100
2 1972730 9888
2 63226 40065
2 1985658 51650
2 45854 51670
1 1961721 1999225
1 1995657 1999232
2 1918796 69987
1 1973437 1999628
2 4242 15013
2 1922028 82820
1 54843 1999611
1 1938087 1999853
1 1926169 1999448
1 1956873 1999151
2 70902 12224
1 40703 1999336
2 11514 36935
1 93829 1999137
1 1918897 1999555
2 99788 17990
1 1947581 1999934
2 1902636 69350
2 1931320 73380
1 30805 1999525
2 42622 51453
1 53227 1999533
2 85244 34738
1 66963 1999880
1 1927381 1999142
2 99990 7850
1 1986163 1999798
1 1914655 1999455
1 1904757 1999162
2 1913342 58283
2 1975356 25556
1 6161 1999932
2 32118 9334
1 1924957 1999963
1 1952227 1999737
1 68983 1999359
2 1974346 5044
2 68478 91138
1 30199 1999945
1 1902333 1999636
1 29189 1999767
2 2020 34500
2 57368 12859
1 50803 1999838
1 67973 1999471
1 1910615 1999851
2 25856 63961
1 1979497 1999524
1 1986971 1999615
2 49490 5103
1 1967377 1999480
1 19493 1999194
2 4444 54979
2 25452 49284
1 2323 1999673
1 86961 1999760
2 1948490 11459
2 1964246 32130
1 22119 1999783
2 1984244 93178
1 49591 1999570
2 85446 11893
2 31916 48010
1 1903545 1999436
2 26462 25280
2 57772 8420
2 1946672 66421
2 56762 73384
2 52116 31122
2 53732 84431
1 1926977 1999112
1 1962125 1999119
2 1978386 74618
1 1937279 1999828
2 75346 50479
2 1902838 69718
2 61206 40578
2 1616 35044
2 1926876 69807
1 1957883 1999862
1 1958287 1999605
1 91001 1999101
2 1910918 63009
1 16261 1999930
1 5555 1999121
2 38380 96276
1 42521 1999444
1 1927785 1999645
1 17473 1999815
2 69084 72606
2 1960206 74186
1 1937481 1999487
1 1961317 1999983
1 22725 1999135
1 1993031 1999872
1 67165 1999792
2 1944652 32693
2 1982628 12039
2 21210 76053
2 1948086 12133
2 1929098 62659
1 1989395 1999134
2 1904454 23919
2 1918392 93902
1 1943137 1999784
2 17978 16021
2 1971720 81532
1 1975255 1999315
2 2424 96713
2 1985860 68212
1 50197 1999152
1 1954651 1999894
2 93526 5344
1 1921119 1999931
2 70700 26027
2 1952328 73981
2 1899404 24036
2 1952732 56386
1 82517 1999325
1 1904353 1999669
2 48682 21146
1 43329 1999241
1 1991819 1999283
2 8080 28208
2 58984 53021
2 1904656 89324
1 1957277 1999260
2 64842 95947
2 16160 75751
2 1976568 25210
2 48480 59648
1 77467 1999701
1 1932835 1999770
2 1956368 55974
2 1935360 19507
1 1907989 1999784
2 44036 63203
2 1958590 85981
2 31714 61281
2 1973942 69674
1 27573 1999238
2 1949096 78040
2 1922836 91823
1 1940511 1999879
1 87769 1999687
1 1981517 1999605
2 76356 50412
1 28987 1999420
2 81608 68982
2 99182 35746
2 75952 52199
2 55752 41823
1 51813 1999628
2 43430 39373
2 72720 68603
1 1900111 1999725
1 84739 1999597
2 1910716 40714
1 1955055 1999900
2 1921018 75673
2 86254 730
2 1932532 48841
2 1955964 59304
2 1908696 97711
2 1950106 11906
2 1974750 39208
2 67872 72607
1 1939905 1999236
1 1905363 1999365
2 1920614 6900
1 1976265 1999665
2 11716 21744
1 1969801 1999692
1 98273 1999833
2 1916372 73544
2 1928088 40405
2 96354 39571
1 5353 1999566
1 1926371 1999209
2 1949702 78013
1 1975659 1999803
1 55247 1999237
1 1941723 1999970
2 1927078 40016
2 1903242 18728
1 1970811 1999385
2 1901020 78269
2 15756 4679
2 1972326 29074
2 1973740 5802
2 1994546 74775
1 1966771 1999805
2 77568 42490
2 36562 90120
1 1921725 1999971
1 1923139 1999172
2 1989294 79529
2 1912938 67640
1 56055 1999111
1 12019 1999844
1 1938491 1999915
1 1945359 1999525
2 1997374 17840
2 1905464 38562
2 1918594 84316
2 1010 8306
2 1920210 9469
2 1934148 17092
1 1902535 1999553
2 202 45615
2 1937784 51420
2 1915564 46826
2 89486 60840
1 1940309 1999659
2 21008 39554
2 40602 94908
1 81305 1999438
1 1944551 1999432
1 42319 1999392
2 70498 77482
2 1919604 96388
1 13029 1999896
2 8888 77976
2 1911928 52254
2 64236 74666
1 1949601 1999798
2 1947480 68797
2 1993536 87371
2 1967478 45989
1 32825 1999546
1 1906575 1999505
1 60095 1999407
1 1968589 1999750
2 52520 71780
2 1997576 2152
2 1946874 27684
2 21816 50765
2 606 22934
1 1980305 1999313
1 62317 1999136
2 50298 27681
2 70094 11819
2 93930 62351
1 28785 1999995
2 1976972 28267
2 1905868 29174
2 1982022 97676
2 10302 34035
1 1988183 1999133
1 11413 1999186
2 1958994 9197
2 1977780 91816
2 1943642 16879
2 1941218 3140
1 60297 1999371
1 2929 1999597
2 92718 40041
2 1944046 27602
1 1931421 1999713
2 20806 14121
2 68680 23312
1 1937683 1999155
1 1717 1999272
1 1926775 1999887
1 95647 1999209
2 1973134 74025
1 1969599 1999258
1 1928189 1999844
1 1899101 1999359
2 17372 96601
1 38279 1999976
1 1905565 1999615
1 1977679 1999534
1 1955661 1999924
2 88476 58869
1 45147 1999609
2 1962428 65867
1 1974043 1999101
2 1988688 55417
2 1993132 57606
1 1971215 1999430
1 1916877 1999107
2 1927482 70829
2 1981012 36290
1 1985961 1999492
1 96253 1999831
1 61711 1999275
1 49793 1999488
1 100697 1999458
2 1963236 64033
1 1914049 1999405
2 1928896 40304
1 1928391 1999234
2 53126 86403
2 73730 41149
2 89890 71320
1 44541 1999561
1 1975457 1999168
1 1906171 1999850
2 1961216 2185
1 1963539 1999751
2 1966468 10739
2 63024 50733
1 86557 1999930
1 43733 1999845
1 1951015 1999788
1 34037 1999536
2 1915968 220
2 1989092 43277
2 85850 37629
1 60701 1999262
2 1999798 5664
2 95748 88375
1 92213 1999149
1 11211 1999372
1 1997273 1999950
2 46258 47692
1 1928795 1999558
1 1989799 1999352
2 25250 38506
2 1907282 56316
2 1983840 63586
2 1956570 275
1 1991415 1999858
2 1899202 53939
2 1990102 4400
1 1924553 1999786
1 79083 1999253
1 1906777 1999929
2 28280 88875
2 79790 45020
2 50500 99123
1 65347 1999640
1 1967579 1999369
2 1969296 9648
1 61307 1999276
2 1900414 72560
1 33633 1999974
2 78780 36352
1 1975053 1999545
1 3333 1999261
1 32017 1999500
2 80194 55306
2 39592 67799
1 34239 1999520
2 1929906 49404
1 14443 1999735
2 1916776 64172
2 41612 34129
2 1906272 67142
1 3939 1999876
1 1987981 1999898
1 18483 1999159
2 26260 79651
1 47167 1999393
1 1939501 1999284
1 1908999 1999107
1 23735 1999188
2 1917988 78558
2 1912130 7199
1 1942531 1999580
2 62216 83551
2 1986668 75577
1 1917685 1999699
2 1937380 5618
2 65650 64618
2 1970104 98705
1 64539 1999916
2 1951520 423
2 1899808 5425
1 1934855 1999220
2 81810 34514
1 43531 1999989
2 1920816 10451
2 1950914 81965
1 1960105 1999288
2 37370 79289
1 79285 1999855
1 1955459 1999172
1 9999 1999600
1 84335 1999181
1 1909807 1999645
1 20099 1999943
2 45046 19527
1 1912231 1999630
1 1987173 1999169
1 28179 1999679
2 69690 96037
1 83527 1999160
2 33330 20681
2 1971114 33376
1 77265 1999175
2 36966 19187
2 1952530 61601
2 1955156 88683
1 1912433 1999368
1 97061 1999156
1 54641 1999203
1 8181 1999935
2 1900010 74305
2 1958792 94704
2 1990910 64797
1 1939097 1999733
1 97869 1999960
2 46662 43219
2 1934956 45348
1 78073 1999403
1 6767 1999626
2 1996364 19237
1 19291 1999454
1 1968791 1999809
2 1990708 25003
2 1903848 69400
2 1909504 66400
2 1924452 44349
2 1930108 21365
1 1926573 1999339
2 91304 99694
2 1924856 10814
1 47773 1999612
2 1963640 58562
2 18786 49531
1 1947379 1999755
2 1910110 11394
1 1940915 1999923
1 63125 1999960
2 1965862 43541
2 1968286 74854
1 99889 1999118
2 46056 56459
1 1993839 1999509
1 52621 1999793
1 25149 1999402
2 14342 54619
1 1990405 1999774
2 1942430 18113
2 35552 55864
1 75447 1999780
2 18988 59470
2 1902434 92300
2 66458 54300
1 71407 1999291
1 64943 1999357
2 41208 84698
2 1921826 84403
1 87365 1999997
2 98980 32597
1 21917 1999806
1 4747 1999399
1 1933441 1999456
1 1942935 1999597
1 2727 1999394
1 72215 1999419
1 1931017 1999426
2 24038 53479
1 76053 1999163
1 11615 1999760
1 1938693 1999297
2 17170 46203
1 79487 1999133
2 7474 32170
1 74033 1999954
2 64438 75126
2 79992 15061
1 53025 1999235
1 80699 1999682
1 1111 1999949
2 1961014 34947
1 1975861 1999621
1 95243 1999894
1 25351 1999310
1 1963337 1999560
2 1926472 23547
2 74538 74457
1 53429 1999334
1 1906373 1999166
1 1928593 1999162
2 1985052 14672
1 1927179 1999358
2 1980204 93577
2 1972528 12988
2 90294 82516
2 23028 77216
2 86052 87047
1 9191 1999290
2 18382 9895
2 4040 70387
2 14544 37360
2 15554 7405
1 97263 1999300
1 48379 1999613
1 82113 1999890
2 15150 3569
2 95142 2688
1 99283 1999158
2 69892 58632
2 1942228 12954
1 90193 1999670
2 1909706 31364
1 100293 1999638
1 73427 1999583
1 1992829 1999801
2 1987880 91382
2 97566 7730
2 29694 90951
1 1923745 1999858
2 67670 45945
1 8787 1999610
1 88981 1999675
2 72518 83216
2 1926674 59321
2 8282 3899
1 1921523 1999910
2 51914 71710
1 85951 1999763
2 1959196 66835
1 1901929 1999286
2 11110 80619
2 1989496 21996
2 74942 8365
2 1992930 77412
1 1972427 1999542
2 1945662 86867
1 1962529 1999594
1 83729 1999307
1 1962731 1999957
1 1983335 1999653
1 62115 1999617
2 1934754 45998
2 1961822 14478
2 33532 65862
2 43834 86699
1 1916069 1999801
1 1973639 1999930
2 3030 93102
1 1995051 1999638
2 1906878 39942
1 68175 1999834
2 1966670 92120
2 84234 33918
2 1966872 70313
1 4545 1999152
1 1985355 1999709
1 1912029 1999142
2 49086 4064
2 74336 93721
2 30098 92899
1 1964549 1999283
1 60903 1999615
1 1994041 1999253
1 100495 1999253
1 1986567 1999889
1 1904151 1999280
1 34441 1999530
1 1933037 1999576
2 1906474 12842
1 1966973 1999937
1 1963135 1999566
1 67771 1999642
2 82012 35671
2 57166 43353
1 47571 1999622
1 1515 1999481
2 1984042 49766
1 62923 1999414
1 9393 1999465
2 1974952 11792
1 1919503 1999655
2 1947076 71387
1 10403 1999648
2 12120 8859
2 90496 50506
2 1920008 85993
2 1914958 986
1 1910817 1999936
1 1910413 1999148
2 1980810 72514
1 1983133 1999640
2 38178 16354
1 1921927 1999874
1 1932027 1999315
2 1936774 41245
1 1963943 1999558
2 94536 27691
1 1997677 1999348
2 99384 18741
1 1945763 1999424
2 1979396 37520
1 92617 1999283
1 79891 1999724
1 95849 1999901
1 22523 1999667
2 1917786 31352
1 1948591 1999404
1 41309 1999574
1 1959701 1999310
2 44642 72314
1 1970407 1999322
1 15655 1999967
2 55954 44828
1 66761 1999338
1 24543 1999343
1 1943945 1999806
1 1973033 1999495
1 78275 1999180
1 27977 1999189
2 55550 88192
1 1947985 1999845
2 1978184 37824
1 1983941 1999157
2 20200 78797
2 22220 86123
1 57065 1999610
2 1937582 71953
1 84133 1999386
2 1953540 12909
1 90395 1999155
2 1962630 5165
1 1993637 1999814
1 45753 1999591
1 1924351 1999799
1 39491 1999430
2 1979598 93991
1 78477 1999905
2 1906676 28756
1 21311 1999313
2 1916574 71693
1 1922735 1999969
1 1919907 1999239
2 1912534 94407
2 97768 66231
2 1991920 49432
2 1941824 14435
1 44137 1999507
2 19796 94466
1 63731 1999920
2 98778 80739
2 98374 94352
2 1966266 11354
1 56661 1999903
2 72114 51040
1 83123 1999112
1 1939703 1999721
1 1911019 1999806
1 98071 1999213
2 1996970 14113
2 1909100 57026
1 1920109 1999827
1 1913039 1999536
1 1901727 1999806
1 81911 1999613
2 1996162 78422
1 87163 1999447
1 1950409 1999400
2 42824 73288
1 1941319 1999238
2 1936572 31242
2 1992728 58532
2 1910312 33511
1 1933643 1999506
2 59590 9883
2 1970508 29917
1 89789 1999985
2 1939400 15872
2 75144 19046
1 23937 1999117
2 1994950 57541
1 58277 1999656
1 29391 1999827
2 25654 25766
1 1906979 1999256
1 1915261 1999733
1 1941521 1999947
1 37471 1999393
1 1910009 1999610
2 1954550 8264
2 57570 11508
2 48884 69447
2 2626 83376
2 1914554 23803
1 83325 1999354
1 1911423 1999790
2 1919806 15051
1 80497 1999800
1 1911625 1999784
2 39794 54677
2 1954348 82896
1 39289 1999874
1 1949399 1999500
2 51510 63722
2 1927684 776
1 1947177 1999532
1 1990607 1999306
2 1932128 38744
1 72013 1999942
2 1997980 97977
2 1980002 39994
1 12423 1999161
2 69488 43601
2 1940410 42589
1 1920513 1999126
1 1969397 1999514
1 18685 1999288
1 36461 1999670
2 62822 33952
2 5656 49935
1 1938289 1999998
2 29896 56317
2 1975154 3974
2 1963034 76121
1 89183 1999514
2 49692 42915
2 84436 65790
1 59489 1999646
2 1950712 44553
1 77871 1999916
1 1925765 1999768
1 1977881 1999800
2 85648 21456
1 32623 1999300
1 55449 1999923
2 64034 62088
2 76760 51157
1 1981113 1999784
1 1972225 1999913
2 1926068 89231
2 36360 75138
1 51611 1999384
1 1998485 1999229
2 1927886 20011
2 82416 66616
1 1977477 1999902
2 1956974 52639
2 55146 85088
1 31815 1999538
1 65751 1999501
1 13433 1999763
2 1916978 59517
1 1908393 1999895
2 96152 44865
2 1945258 65643
1 1900717 1999723
1 52217 1999816
2 1984446 19448
1 31007 1999879
2 100192 90929
1 1931623 1999187
1 43935 1999564
2 34340 81006
2 1995556 82874
2 52924 78725
1 1964347 1999245
1 77669 1999206
2 63630 73264
2 1951924 2806
2 1993334 32022
2 91708 14573
1 42117 1999504
1 19089 1999452
1 14645 1999869
2 1968488 88331
2 1963842 83634
1 1935461 1999898
2 1901828 25138
1 59287 1999513
1 1946975 1999929
1 1982325 1999288
1 1918089 1999578
1 1920311 1999223
1 9797 1999297
2 1998182 69730
2 32522 29759
1 42723 1999113
2 3232 28952
1 7979 1999537
1 1994445 1999547
2 14746 21417
1 1976669 1999811
2 6262 21673
1 25957 1999420
1 18079 1999835
2 1925260 11196
2 40804 32069
1 1915867 1999371
1 1956469 1999850
1 23331 1999178
1 94031 1999327
1 1917483 1999745
2 9292 61091
2 27068 15112
1 1997071 1999402
1 61509 1999259
2 46864 88533
2 1995758 76151
2 56560 70676
2 1995960 94650
1 1913847 1999943
1 1962933 1999868
1 91809 1999312
2 20604 19378
1 41915 1999871
1 1958691 1999805
2 1985456 45481
1 89587 1999382
2 74740 24107
1 86759 1999603
2 66862 72363
1 1899707 1999180
2 75750 70077
2 51106 91781
2 1908292 21628
1 1965559 1999823
1 51409 1999914
2 58176 7533
1 66155 1999313
1 1933845 1999281
2 1964448 21231
2 1943440 57414
1 75649 1999229
2 1988082 59414
1 10201 1999891
2 27270 12482
2 1976366 42508
1 37673 1999392
1 45349 1999620
1 1945965 1999161
2 1983234 2986
1 1944147 1999978
1 99081 1999515
2 1941622 86640
1 1999091 1999110
2 1939602 74356
1 1917281 1999159
2 1913948 69597
1 1994849 1999210
1 1901525 1999850
2 89082 80057
1 92415 1999556
2 1962024 36329
1 1988385 1999636
2 66660 42537
2 90698 18139
1 71205 1999844
1 1987779 1999532
1 26563 1999357
2 1997172 84478
2 6868 26174
2 58580 60895
1 16463 1999392
1 1953439 1999292
2 1935966 26236
1 52419 1999696
1 62721 1999610
2 1938794 91232
2 1963438 14520
2 1934350 70537
2 28078 37140
1 64135 1999103
2 50096 74710
1 1973841 1999552
1 1915463 1999738
2 68882 27623
1 38077 1999246
1 1996465 1999647
2 1954752 43576
1 1997475 1999884
2 1930714 96408
2 1952126 27408
1 1976063 1999777
2 47470 53751
2 1947682 34756
2 1995354 37490
2 1953338 90592
2 84032 39752
1 39693 1999668
2 1996566 27902
1 1899303 1999579
1 1982931 1999699
1 1930209 1999621
2 6666 39445
2 83830 59858
1 4949 1999729
2 100394 61640
2 20402 85571
1 1959095 1999643
2 91506 38891
1 96657 1999256
2 32926 37264
2 1900616 192
2 3838 6835
2 1930512 80073
1 1968993 1999789
1 1955863 1999103
1 69185 1999252
2 12524 25374
1 97465 1999389
1 55045 1999324
2 1996768 16488
1 1910211 1999617
2 86456 37273
1 67569 1999128
2 36764 56421
2 1960004 53468
1 1992223 1999839
2 75548 47173
1 49187 1999441
2 1944450 76944
1 14241 1999857
2 61004 14389
1 47369 1999226
1 1999495 1999122
2 86860 90177
2 87870 49656
1 1966165 1999364
1 1974851 1999890
1 29795 1999667
1 36259 1999982
2 19190 98321
2 83426 18758
2 1967680 94865
1 4343 1999852
2 29088 18844
1 88577 1999817
2 82820 50607
2 1957984 87845
2 78376 74928
2 92516 89037
2 1969700 75888
1 1933239 1999408
2 54338 92787
2 64640 24473
1 44945 1999562
2 1998586 60818
1 81103 1999603
1 1956671 1999625
1 1900515 1999987
1 1923543 1999696
1 26361 1999419
1 17877 1999306
1 39895 1999796
2 1910514 71159
2 1958186 39685
1 94637 1999927
2 62620 34098
2 1998990 89199
1 1987375 1999271
1 20907 1999716
1 1914453 1999361
2 1969902 97715
1 34845 1999941
1 91405 1999929
1 1965761 1999458
1 1936067 1999311
2 22018 72809
1 83931 1999108
2 33128 12037
2 1903646 2573
1 70397 1999381
1 1953035 1999574
1 27371 1999308
1 1909201 1999998
2 1968690 3298
2 85042 10679
1 80093 1999579
2 1962226 25269
2 1956166 19266
2 87668 16983
1 71609 1999657
2 9696 7417
2 14948 81319
2 5252 55504
1 47975 1999703
2 14140 14958
2 94334 62582
2 88072 17066
1 1902939 1999471
2 78174 59345
2 58782 78254
2 1932936 2661
1 1909403 1999330
2 94132 77090
1 1996263 1999266
1 1925159 1999373
2 1978992 32231
2 1975760 65215
1 15857 1999354
2 99586 85189
1 1943743 1999161
2 1923442 96826
2 30502 93523
1 1946369 1999713
2 84638 71413
1 56257 1999541
2 93324 28844
2 39188 53809
2 1951318 6767
1 50601 1999379
1 95445 1999336
2 1934552 37344
1 82921 1999541
2 93728 70923
2 45248 37666
2 1933340 22951
1 1927987 1999493
1 30603 1999224
2 1913140 49108
1 1952429 1999274
2 71710 92163
1 76255 1999907
2 1991516 21512
2 1953742 30588
2 1913746 48576
1 1966569 1999825
2 1924654 77936
2 34542 97821
2 1943036 56916
1 1969195 1999777
2 1983436 69791
1 63529 1999771
1 1967175 1999956
2 1908090 55692
2 1972124 99611
2 1908898 62030
2 1912736 4972
1 1977275 1999149
2 1925664 69075
2 54944 96225
1 73629 1999242
1 1994243 1999971
2 1977578 57410
1 1924755 1999728
2 16564 57675
2 6464 56668
1 59085 1999494
2 58378 56914
2 76558 6836
2 10706 83762
2 3434 19582
2 35350 81010
2 41814 44578
2 27472 39921
2 77164 99687
1 46965 1999664
2 1929300 91634
1 1987577 1999663
2 1947884 6216
1 56863 1999911
2 1926270 17015
2 80598 57502
2 65448 89174
2 39996 73158
1 51207 1999249
2 1918998 32346
2 5454 25427
2 1943238 71549
1 1990809 1999263
1 1904959 1999835
1 76861 1999376
1 1960711 1999773
1 86355 1999864
1 57671 1999817
1 1934249 1999331
2 1907484 29521
1 9595 1999817
1 1944753 1999126
2 13938 47739
2 1940612 16247
1 1912635 1999310
1 35249 1999710
1 88779 1999919
2 1901626 3060
1 1961519 1999380
2 32724 48250
1 54237 1999760
1 1995859 1999824
1 49389 1999589
2 52722 17493
1 28381 1999577
1 48985 1999424
1 59691 1999342
1 29593 1999681
1 1919705 1999674
1 75245 1999428
2 30300 55137
1 24139 1999872
2 1999596 30707
1 32421 1999307
1 1901323 1999121
2 1904050 92030
2 22624 12335
1 30401 1999507
2 1919200 75377
1 1953641 1999907
2 61408 28013
2 1959398 83759
2 12322 1804
1 1907585 1999480
1 1900313 1999336
1 40905 1999422
1 1930411 1999887
1 1991213 1999252
1 1929199 1999568
2 1946066 30925
1 90799 1999657
1 1936269 1999338
2 26866 16550
2 7676 20335
1 17069 1999436
1 3131 1999822
2 1899606 40442
2 18180 76404
2 84840 70906
1 1979295 1999639
1 1964145 1999911
1 1929603 1999437
1 19897 1999491
2 1982830 83713
2 1938390 33675
1 61105 1999641
1 41713 1999403
2 100798 57204
1 1916473 1999659
1 33431 1999333
1 1918695 1999552
2 1945460 27471
2 12726 98295
1 1930613 1999312
2 1957580 66018
1 1908595 1999381
2 1904252 65330
1 13635 1999924
2 90900 90930
2 26664 60009
2 37976 75799
2 1945056 93054
1 38885 1999765
2 67064 13452
1 68377 1999513
2 54540 76659
2 37572 7538
2 24846 42130
1 1970003 1999390
2 1974548 4250
1 1918291 1999392
2 51712 68801
2 1935562 52205
1 17675 1999473
1 1925563 1999279
1 1974447 1999920
1 11009 1999308
1 1912837 1999510
2 1933138 951
2 1906070 14197
1 67367 1999276
2 78578 31538
1 19695 1999559
1 1961115 1999828
2 1961418 80966
2 1965458 69621
2 1925866 56151
2 74134 67376
2 1985254 8439
1 91203 1999386
1 79689 1999832
2 77366 54062
2 9898 97191
1 1919301 1999766
1 4141 1999456
2 1929502 45026
1 1980911 1999352
1 20705 1999906
1 1958489 1999923
2 95344 74285
1 40097 1999443
2 13130 64956
1 1978083 1999334
2 60600 71442
1 45551 1999930
2 1912332 19326
2 1992526 49404
2 1990506 26280
1 37067 1999452
1 10605 1999397
1 27169 1999690
2 1975558 98126
1 1984951 1999961
2 73932 7522
1 38481 1999660
2 32320 35003
2 27674 40655
1 1998081 1999470
1 1905767 1999900
1 80901 1999866
1 12827 1999515
2 1961620 16466
2 1944854 2453
1 1989193 1999289
1 62519 1999338
2 13736 55611
1 1899909 1999923
1 21715 1999396
1 57873 1999655
1 78881 1999144
1 66357 1999477
2 1948894 30847
2 1946470 68348
1 64741 1999152
1 35047 1999405
1 85345 1999717
2 65044 53084
2 73124 98202
2 1970912 38160
1 1932229 1999712
2 1990304 89494
1 65549 1999917
1 94839 1999911
1 50399 1999201
2 35956 35512
2 76962 48404
1 1970609 1999131
2 1992122 62308
2 1915160 28682
2 1995152 25886
2 1972932 98779
2 1970710 60945
1 35653 1999728
2 40198 25283
1 1940107 1999706
2 96960 54757
1 68781 1999604
2 80396 79409
1 1918493 1999331
1 14039 1999785
2 25048 93758
2 19392 73799
2 1917584 86144
2 19998 89326
2 42218 43440
1 1984749 1999362
1 1953237 1999556
2 1954954 45566
2 1905060 13838
1 1953843 1999825
1 1936875 1999574
1 1967983 1999140
2 63428 28558
1 1944955 1999149
1 1988789 1999658
2 1959802 38594
2 1918190 43560
1 1988991 1999730
1 16867 1999444
1 1925967 1999554
1 1937885 1999313
1 1964751 1999537
1 1951419 1999988
1 15049 1999559
1 81507 1999899
2 80800 56696
1 1957681 1999976
2 22826 98255
2 30704 56283
1 98879 1999880
2 1911726 96656
2 1962832 98508
1 16665 1999590
1 82719 1999393
1 1997879 1999635
1 1907383 1999892
2 1957176 55019
2 44238 24312
1 76659 1999510
2 1909908 72521
1 75043 1999411
2 37168 59547
2 1971518 21965
1 1954449 1999758
2 1971316 77605
1 7575 1999371
1 87971 1999572
1 1948187 1999428
2 1909302 48516
2 7070 85449
2 31310 24707
1 909 1999397
1 85547 1999824
2 83022 77532
2 10100 47219
2 44440 24671
1 1936673 1999317
1 1966367 1999384
1 49995 1999462
1 1920715 1999824
1 1924149 1999836
1 1954045 1999279
2 73326 42203
1 1965357 1999144
2 10504 49953
1 1972023 1999724
145566 416188 1907743 1956717
163762 162961 1900943 75255
12285 1830974 1972993 153568
39898 182612 1862626 1107348
64639 1790824 1971122 640897
165871 1770001 1801329 1689723
196888 1569322 1860982 378115
7386 948692 1809088 646531
73438 265973 1907261 1307589
108799 1786737 1999286 1090927
116320 310390 1982489 921710
116780 1236232 1805135 1334476
143505 1555776 1993922 941545
164271 1866565 1837835 102913
26404 1009350 1881819 782304
23115 380846 1974125 1455868
103138 1402811 1825880 1238792
186769 1870853 1869363 1585920
179321 804693 1871711 1715998
85832 219485 1815328 943765
153307 992732 1961319 1876555
74120 1086850 1992822 1314740
42468 1448084 1918619 1364046
91374 182144 1822965 1385749
61967 86537 1940703 857769
138820 559342 1966241 1071110
145377 1238793 1803341 374120
147594 1157096 1957676 1093385
98808 1296779 1831032 937237
33544 428638 1987600 1379126
59919 743738 1833640 1738520
60334 234511 1930891 916240
11920 1724969 1993246 989345
196574 1102605 1962320 1182890
136172 515810 1967300 162147
134911 177524 1999133 1063655
152332 1491652 1941713 1412353
172102 661610 1992683 923443
139895 1146756 1868086 984853
128006 142485 1811548 1363256
129527 1326237 1914267 1417741
136864 234511 1818131 1254024
103310 769315 1913620 1671347
133567 945343 1865032 98667
132667 636792 1927637 1284395
115297 436122 1891566 813620
176617 1462841 1856718 799330
71386 1662569 1902977 1144662
120455 1334454 1844231 948487
18631 635560 1869676 1092554
74581 829441 1993730 1380161
121252 508745 1964856 1105185
31688 944146 1807678 1658704
44641 1129502 1942647 63848
171299 1012492 1927505 1978912
70546 1109442 1904636 1141493
10135 42425 1989504 1019380
155216 741217 1931235 1216207
121931 1592302 1938994 932408
107305 76103 1950180 236827
138470 1315482 1920636 1645435
169917 992633 1852758 81390
102661 1047090 1978147 229938
82351 1929594 1873630 719664
173253 1269031 1838634 1824104
17639 1027986 1995806 494653
151427 1167872 1859195 1840672
85065 1224257 1863626 1441057
97219 1677738 1869215 490597
162857 1971739 1994987 1677231
56982 804920 1845882 656896
126269 1256979 1821826 1815946
55689 1622444 1962610 1756264
170908 1423455 1875281 921302
32390 612726 1951100 1173370
46321 75065 1985688 412243
135485 1182460 1843954 1746924
101389 647109 1853764 1671862
8343 528127 1894607 116278
151388 854258 1955720 1502166
131499 814988 1880573 1022608
88901 206096 1944485 1845203
3216 1350810 1861785 443473
159403 1969892 1936130 867649
92547 350416 1964791 1030160
53596 225814 1934315 1217935
173694 185453 1821618 1584881
160812 414275 1881017 675793
39205 1836658 1902280 1334203
12359 301073 1997665 519177
41639 719665 1978328 1763153
34227 67865 1946046 1366132
166415 1305660 1812521 687488
181121 58125 1893523 1802076
27078 1725575 1798103 1158371
155351 975011 1969540 300023
112669 1616360 1831727 1774510
149004 506508 1844492 505782
60056 236930 1953735 1369774
190657 626992 1869110 278749
184131 324693 1958853 364585
119228 385120 1977948 1454941
77134 1205040 1918215 767197
83289 1006185 1843042 328378
55428 427705 1810483 518907
175466 1748806 1928177 880230
57512 930332 1990744 107456
48525 1795375 1823459 1629244
200220 1987183 1972368 212268
19622 885749 1998713 1780984
164704 579477 1928693 766351
42743 1016316 1989487 272942
91936 1799297 1861294 1863729
105837 466459 1820053 1293109
131080 1630269 1994842 140226
5412 1908360 1875153 1283749
125649 398239 1868622 1671096
139078 330225 1962074 1984270
180014 410410 1884472 455864
99591 1371561 1999752 1766429
97440 1783345 1923769 1361628
85248 1138916 1816614 444759
52555 1408433 1979404 569059
105313 1465976 1980452 1250606
36545 1026086 1952154 1733780
164087 99210 1862173 915046
70928 397642 1899334 1989260
195867 1863740 1930264 1269757
191337 407297 1974366 205353
188581 1082952 1988168 531067
72412 907858 1873817 64471
5127 1413102 1841683 309551
189535 1537242 1845566 832815
23976 114365 1996690 425603
48176 1778928 1827414 359692
114977 1309351 1913925 246033
164815 1663442 1908660 2462
94067 1340534 1997422 1196424
189085 1996916 1883038 332288
76823 734691 1879353 1445911
93646 9991 1948872 1277076
165041 1453314 1873357 824462
4754 563128 1848723 63899
101191 128740 1917298 1377215
136578 1294573 1818869 1734708
49298 309688 1948029 1748759
32235 460898 1985555 189992
135699 534556 1954147 715978
173944 1331105 1823607 1849272
153527 350504 1840720 1624178
21781 1265744 1919095 812110
176957 889915 1990232 1820012
111668 351788 1815561 22304
20151 1509827 1822520 1734116
31904 1338165 1933954 220126
76719 556596 1813374 1489800
122663 1948799 1996309 1350501
47775 171313 1842839 794013
154654 460765 1823113 297316
153425 273128 1971401 1497761
47412 1641083 1903287 1699376
60416 336285 1878391 1521103
184771 1176607 1935009 1020769
29399 254644 1998135 877441
72154 1496282 1885020 1058254
143581 1661744 1816409 1661438
151054 1321299 1997313 749554
58306 1930212 1896607 1032830
145154 1046087 1965532 1491442
28344 1483692 1872368 1352907
31538 1706509 1840421 1919186
88666 1551967 1994664 1745072
44133 1393541 1807892 1990231
60124 1535521 1903196 179289
36155 1511027 1883853 95214
25164 723092 1885604 605599
79805 1855081 1838037 964208
194156 1617384 1859915 454276
55575 722755 1840843 1793873
56530 1530046 1854245 466918
188354 360323 1820891 1111045
11661 686290 1845982 1834689
1236 218930 1910953 1055365
75104 20483 1977767 1511029
53823 1531828 1799494 761810
52138 456129 1828398 931716
107736 683328 1935443 1984467
82982 382801 1819178 345682
126418 582255 1875572 1910932
143355 1081423 1943465 734807
176340 1225628 1829458 1339650
144865 835083 1877808 1275193
89767 215742 1918752 710461
98134 1218024 1891886 372676
98726 1145784 1867514 1250953
156812 783130 1994466 397799
111232 1854755 1981239 296091
84139 1405694 1877403 1049391
194477 166696 1880289 406554
45812 1213486 1966536 1886129
141843 22092 1938826 1989942
51794 1676242 1932132 324470
181513 8963 1973830 1709235
157222 1578853 1823747 228432
174843 48828 1992288 564998
177299 1840471 1956553 1224539
131339 1004161 1822696 458413
92652 1720103 1873086 1643364
49467 1719338 1959936 875357
76896 1409498 1881569 870699
180137 1040804 1893378 1900305
9671 1492393 1970892 1848272
58908 313036 1862284 249054
172166 1446383 1978916 1560502
138896 320664 1991541 289105
90008 1596310 1817953 1292967
148638 996173 1852576 860707
117190 1693352 1963204 692076
120926 1347535 1898598 1397920
32098 260501 1810819 1551279
197763 1092471 1826060 1014676
89933 106412 1819958 1403565
119169 1695168 1854477 975901
33005 383723 1979834 902184
181006 1184664 1799320 1908316
124213 71068 1851643 1138885
44759 1760796 1914884 344948
188834 1013068 1875706 507018
186545 1774100 1907896 352744
184063 1884235 1988777 905589
161792 811405 1958088 1505586
43202 52592 1919741 147886
35774 1657112 1871852 1090183
91303 565056 1960617 1875144
129888 968398 1814013 1146589
171164 128196 1920880 1620007
18460 1056956 1833041 1999930
146408 1419162 1837072 1062501
122286 1627195 1941366 250592
178389 602538 1932642 356989
108221 966419 1973130 1341590
116472 383316 1979338 575336
41581 1720852 1863731 112910
102458 1128358 1991449 351110
178045 1261924 1805617 2309
36796 1121654 1921975 1612990
34081 1091602 1880799 339308
101017 1530918 1953411 748328
191680 1890889 1900149 1602805
9856 471353 1972873 687883
9388 1357293 1863063 704486
6128 1541226 1959844 737405
1576 364737 1932025 719809
107775 1197638 1861959 1875651
46976 113228 1910519 1586601
40940 1185664 1985808 715773
156427 518827 1962939 1663978
67961 762244 1843748 1352031
183945 391890 1982918 707525
90209 1601318 1862917 1102485
72945 764940 1858883 1280705
190846 109005 1871128 379471
171273 1906891 1929139 109475
100946 1142782 1939350 226028
30033 809757 1847077 807629
189647 425436 1831007 1830513
190345 1853818 1821168 508803
40334 1676955 1856842 984975
118405 765148 1878585 1390978
193289 558950 1992350 851871
174575 282868 1987326 1347665
156329 717500 1922254 1117094
132787 409664 1911311 577335
179662 741215 1844075 1844591
127883 526871 1896182 504872
13465 1713834 1924335 543963
9188 1625522 1892335 545438
117726 90875 1865139 186665
149586 199029 1912700 1468920
116611 1339641 1944019 738076
74802 777736 1915589 297769
65110 786643 1930593 1986688
112791 314484 1991974 1413464
46660 1816065 1981152 1269074
132562 73205 1896876 1150472
146961 1478749 1952806 1561560
34626 1226527 1949981 1574580
63986 14315 1919667 115297
96286 490724 1956336 1166010
157659 1485787 1919838 116619
115589 1542904 1890855 1654998
104079 1638111 1890005 1317499
179122 1161072 1923244 1993533
149970 316213 1937600 1684880
64739 1737572 1878652 1536826
93044 1580508 1900797 1473622
27316 1447268 1925723 1929512
198594 651726 1918047 25155
195772 519794 1921681 319009
150185 1095010 1849789 1234178
94894 1593847 1826143 1526154
177477 1967793 1814673 1091443
12870 287574 1909662 1910238
119607 1105229 1852697 878248
176879 1921117 1823321 851033
130320 692024 1934938 1649880
78646 690750 1908774 517186
184657 1105061 1853184 242078
141987 483851 1857140 387240
16567 1867151 1943217 1038238
163539 403108 1850708 1632417
36274 1583355 1900619 486820
190081 233886 1948565 1662877
127521 1480420 1950415 85838
166999 554339 1843552 603617
127181 616902 1952703 901131
77677 1951745 1906858 378226
82105 789382 1850598 1459730
39820 577061 1880089 395958
145308 1339266 1914053 1408285
189873 1041763 1801496 439971
14919 840480 1844029 44550
79474 1368906 1833797 133747
11502 1738868 1859005 615688
192104 56577 1837967 1525126
81144 454275 1918934 1658486
81389 200095 1931731 820505
17865 852682 1962733 558820
150235 150861 1853020 454675
117994 322886 1851010 1459665
197144 842507 1994312 1941023
65962 106764 1924717 1172951
42168 1487600 1924533 1758166
64830 1471807 1832420 734496
150063 977938 1914420 355658
197569 896809 1830610 1554651
17283 1960200 1873237 1634128
138053 1558279 1984700 1906970
198469 220786 1880461 291380
27742 1106797 1922130 246127
167771 1255124 1860626 257244
158590 1535547 1920052 1429001
191146 230780 1964437 1749111
10882 1136023 1938540 874106
126578 59788 1924020 1410128
111596 449069 1909034 1402538
199028 302685 1854116 1617458
69234 1378008 1967101 1935658
110799 1012930 1828438 377951
26189 851918 1926089 1166876
169280 754229 1814233 271836
157728 253226 1933063 1408599
117138 1102570 1970474 430453
83911 751144 1980748 1978136
50733 1614091 1927962 365860
187346 304699 1969477 1651057
201888 1974834 1954652 259101
23413 638812 1810051 719141
97331 1495401 1805056 1670454
120711 795827 1990537 408963
95872 479370 1930488 1999594
200074 944434 1932450 509499
146120 1897503 1907502 1561488
83733 1642893 1840541 752521
142029 384006 1887478 1440853
84987 1102336 1936684 700555
118212 479889 1846273 1783226
93973 277573 1876115 1955092
170580 896839 1861644 1071981
159917 667153 1837544 518235
14273 1294850 1861898 1220262
190919 1454825 1905217 260988
92071 54930 1970615 589843
88319 1324603 1879678 1155044
189953 1682301 1995603 1355621
153640 1774508 1989292 8169
13544 211211 1926902 184833
159280 957672 1966671 1571874
137849 1199464 1824238 749288
11565 257383 1806241 1820380
134083 1849537 1950860 236286
25802 1435976 1871262 1721857
3497 671166 1980017 54699
197542 620015 1970257 1843098
79116 1671485 1937343 1127328
60565 1076737 1837679 1129035
62483 758825 1803968 642604
38600 1553646 1944434 1053606
174819 653963 1858088 1661723
43588 616300 1955240 1852258
86192 872716 1849920 47546
21268 709565 1903521 917563
126788 1966112 1975688 595923
35567 1246626 1803605 1776358
15760 852293 1909854 765458
54096 1739041 1868287 1115603
65635 1730823 1982757 421397
44734 1599365 1976738 1713916
1653 786895 1969011 1649770
105489 1966977 1997262 227174
185513 702127 1854038 427087
84730 1715477 1864838 268742
118312 276546 1876862 819220
72507 194567 1812883 782602
76184 1939315 1877715 1003093
163953 992221 1887215 765202
114850 1163687 1956249 1834555
881 1308566 1911557 829620
112254 1186510 1975805 499205
142312 1232400 1816803 1509683
117553 949803 1958715 1856594
6175 1772870 1977186 831052
104250 962481 1881136 1211232
195042 1675628 1805731 334280
120088 605333 1974835 1849225
169715 448797 1897885 1200325
11008 992923 1889025 562772
40818 1592580 1983248 790765
194649 633551 1874534 1124935
134555 947392 1913737 1454666
27627 1081847 1845090 666099
63150 777062 1991696 675003
41028 1701932 1889767 1361700
28015 1871323 1897639 348465
25660 1971144 1853521 85221
201977 1102679 1902592 342596
42288 443005 1983349 861624
150607 1604712 1959594 865508
72528 1037316 1876365 1569589
192721 1739551 1838203 1911783
26692 810522 1847661 1404655
80131 297493 1957135 257375
159746 1341670 1872961 1235187
4305 1180934 1929799 214617
33456 506338 1893832 1188843
68440 1311760 1876900 1623238
13294 1004386 1965060 405034
99780 1273257 1921561 1829601
13767 765951 1892279 958964
85411 878442 1905274 170133
39005 904562 1801184 1665456
142434 120904 1910191 575448
23859 18545 1829880 26448
31218 517469 1901336 645952
136413 1344376 1867913 487516
63121 1074202 1990383 1454683
178203 703584 1998419 1705611
96675 1110532 1864030 1216911
129175 644179 1889833 820579
23626 1693582 1805988 672854
140741 1628230 1882476 310710
74404 1111221 1965902 1968121
189197 1422039 1842421 928963
152025 1567649 1989119 708665
129385 1382151 1806718 895863
103331 1306287 1976480 1728293
139755 133556 1931432 68932
163891 1476898 1874446 1211993
182394 1786803 1859265 432037
162106 1493352 1853361 265019
180444 747092 1818052 1684244
200415 196778 1945411 1227092
28131 729116 1938160 648187
157439 437417 1884422 1781764
18797 1953157 1962852 913036
58615 1846737 1807333 764428
133154 1318798 1939823 1913306
131115 663448 1834284 519081
198821 172059 1803111 1039112
121321 228580 1905819 416229
90350 1946286 1911099 381884
58062 1132975 1965186 605282
51212 1163279 1935851 1759064
167178 118040 1958354 1723672
113177 1777229 1833374 898858
142291 1601828 1913492 777846
55038 1951406 1880835 776698
64077 39485 1972650 1611352
179909 205873 1806537 351569
165315 490749 1928446 236110
160473 1472093 1928839 1931
195432 183122 1839899 1543888
76654 481146 1967529 717828
105639 247560 1802225 804783
55538 1931975 1801425 1396705
151561 1312860 1843268 774926
4475 1485383 1800186 1695209
167135 566199 1812631 1170672
59443 973140 1834667 1711453
23693 437005 1933582 1216348
97508 1320104 1804458 1029151
94354 11882 1887720 381190
33722 1600993 1885371 1205221
149253 1770741 1946737 1498315
20756 756947 1904502 1554417
125514 910634 1950737 31475
43700 837112 1901241 734630
3756 1310428 1905054 510035
70482 1981128 1878418 770586
96215 1958853 1839111 1447004
84384 1370353 1883417 1915657
100165 1460094 1941777 118717
16056 484068 1811859 1780892
181673 1478635 1992604 135466
76516 1355975 1924368 1461014
36385 333587 1982202 1364628
20858 484978 1802991 1826897
94582 141084 1954434 57735
83098 913311 1892535 1671963
190430 838063 1995443 901667
17499 1229109 1885956 1091919
5001 1270452 1956850 75832
200846 701108 1905953 1397194
7301 1509740 1863326 781922
177756 1408792 1826983 567618
161392 949300 1994356 126837
122875 569786 1892966 1822008
130917 310060 1818726 1283087
48931 1997179 1858349 112427
193777 800195 1840084 1209365
64366 370876 1823788 374779
65157 691744 1858233 1334139
164201 1429126 1921214 952088
46138 217224 1931201 1821931
89354 1486469 1890576 1551874
145964 1054756 1895145 1713419
42014 1639189 1837245 1284946
14668 656882 1850460 1381948
191004 1934827 1891814 1263368
171483 883247 1919535 1052122
140107 531640 1961742 1404615
195275 238395 1828195 984236
93883 1826098 1827103 1135245
186596 1242807 1820382 1244101
123876 1563182 1849352 1562346
197912 1027731 1856394 1840829
97792 1160580 1917766 1653817
21975 544248 1887877 1599100
146462 1361647 1830729 892656
56395 599671 1881988 800321
79788 1097997 1955635 1968690
69988 551427 1904721 1534197
3679 1630447 1905426 166513
28664 297697 1832881 1155809
172326 539668 1993398 1560134
5824 908580 1900917 953399
108133 1873214 1814621 434328
61880 217826 1958012 1334652
96486 547045 1921358 1927718
144685 342779 1949741 1818174
71283 1348532 1995272 168949
144122 359404 1869473 900003
48473 570846 1952559 1284275
10293 1106403 1919319 145855
70624 765877 1983078 1226000
25365 759794 1970361 1045565
166004 1889983 1943365 1666466
80004 33928 1999019 243592
148267 362353 1893150 1593202
71777 1086082 1832008 828984
193352 192094 1817056 682703
39717 1010274 1816568 1164088
146306 1351107 1950539 32611
185721 816474 1890060 24498
37757 69632 1856490 1466543
72300 1934837 1968700 67135
188749 1122971 1884318 1028674
103556 92593 1855793 1930484
145692 434685 1879860 1081765
7541 986617 1989689 857449
198052 1877238 1939916 1895259
93607 1097011 1916729 171151
92348 1246421 1898208 1064788
143150 810175 1834105 1293033
152838 494153 1832687 1244126
112040 1591082 1951836 1167938
127416 139375 1904386 1486991
180810 45674 1932346 1732766
21509 1817205 1986126 190081
170476 269088 1938450 51844
82775 1635433 1906642 460073
20513 1614340 1812404 641422
140942 858370 1909971 902256
110252 1767166 1895165 261987
190230 1254225 1966616 1996883
123647 401450 1952103 11525
22020 450259 1945242 1047172
75423 1717805 1798688 1811767
199387 347776 1972575 1629746
132378 136839 1894861 1901755
34538 1621765 1990125 654706
136112 1492148 1816769 999532
137512 950697 1945610 1448773
161280 227541 1803470 831161
168438 1684083 1821126 775339
16340 1327680 1874649 1928235
144327 1631023 1867311 1381503
175188 1926791 1955341 1228606
28799 589399 1995696 256142
155615 1023066 1959189 1399546
84022 328480 1863392 952010
100457 325343 1819462 594467
61198 1664507 1959654 1829404
166052 849479 1852208 48525
35220 1967346 1804628 1450971
51379 970306 1883278 156626
153984 1132217 1936398 1055578
50968 188174 1814401 218598
193611 436841 1940524 1472480
78266 1748794 1973539 1719973
106359 170639 1858525 740931
187613 1992154 1937958 570052
68506 732610 1808511 72527
88701 1132225 1842056 838008
134222 1569415 1865370 243669
24173 1128651 1956438 1543909
128574 421407 1970007 498678
154118 707784 1869563 1365366
21319 478737 1936811 1201472
14038 307894 1883624 1289963
161443 1693165 1942775 107027
42061 621193 1869046 1253378
187796 512962 1810723 1064847
179514 1923034 1845865 222229
67500 796105 1963044 834303
48292 99157 1902510 664002
50380 399115 1873517 970860
29493 1126191 1913254 1184106
120229 15149 1845575 120152
186705 1506653 1837344 1674214
167542 467377 1962708 1948549
63741 532483 1811128 848484
53633 396915 1878043 592844
178551 1979021 1945494 819374
180532 788835 1934586 1911675
15218 1544728 1979073 1693516
8677 335721 1896979 891385
86598 311451 1933329 722532
19050 1647558 1925180 130948
104182 1400074 1909741 1422199
81847 686521 1954944 562240
173345 1447548 1970716 1987714
15548 1734658 1803742 1629697
29633 1734523 1942838 1746141
109872 1104419 1946355 91926
71657 262234 1973257 639342
81699 522031 1904215 1271008
191830 485666 1900284 514544
175873 163559 1828843 267382
4013 1478857 1982235 877319
147950 1011294 1889572 707663
190788 710387 1985362 1107418
123741 247524 1886211 893187
168469 1083474 1823929 946349
25282 1397785 1998614 347775
107160 1854555 1866527 1928399
71553 1158785 1871966 1956098
201276 1713587 1976339 1007366
192543 80120 1923880 388851
40570 732199 1831206 1012519
200318 1826795 1802801 997844
12504 805191 1925282 1396618
123379 1709541 1809278 1820014
107986 1857457 1891676 368945
49655 338672 1936044 332963
45969 462326 1852460 1307902
68336 1769043 1941302 1078794
75027 288159 1897009 391208
46777 1677891 1824936 1515576
147992 1284559 1919951 1444731
189466 1646169 1992512 521911
28983 1565072 1859505 1606832
104866 1676554 1945097 926801
151969 750915 1928744 1121217
76305 254518 1835532 1227719
18761 506933 1834805 414075
132988 234018 1874905 107804
77803 468690 1870327 1709193
172610 471198 1981452 1095812
182413 1475587 1906324 1934871
27974 549455 1971103 1178620
171032 699700 1935154 760142
166478 281084 1882589 1628261
154963 1443040 1822046 1020380
26567 405792 1966088 364380
192644 556648 1895391 237274
122012 1656948 1930335 932105
78685 146515 1808899 1934277
99912 1394426 1985158 6054
106676 914168 1801097 1001290
95751 335865 1897739 1768926
144776 412924 1937512 1293493
78423 82033 1865250 1045630
61020 1455798 1831837 1561559
69445 938519 1849633 923671
97071 442613 1970994 1696489
4121 45560 1886481 812222
101581 889064 1907421 693318
29859 707271 1962193 141523
1166 1274928 1846630 196656
99214 1301654 1870605 1008326
25587 1081444 1936494 1745040
144139 136689 1828006 1084495
29206 1895733 1863862 890431
96407 962431 1922653 1079082
76006 219336 1974264 1490309
86138 1798989 1831400 755068
110786 1832424 1894525 1225792
180691 994145 1853920 763256
62205 81539 1944712 29309
16090 263837 1892904 743197
188055 793474 1920429 1318054
46882 1549019 1982393 1436614
32756 137176 1883060 774973
59815 1907759 1894134 577935
125024 1141441 1858176 609103
88528 888222 1888734 1623724
41912 1586912 1869928 411436
25145 1194858 1892109 861037
49104 1840410 1861534 1354095
199710 1006251 1918509 1417127
71911 324745 1840805 49763
86664 921499 1878880 458470
71499 351398 1805785 237181
158378 1330389 1889260 273856
73363 71347 1965026 1321440
11152 1672031 1953954 715033
160584 470466 1988222 1517072
104808 1011942 1871384 1629932
121617 1617075 1811490 676383
175031 1539823 1860180 57263
125282 1181155 1998550 1519561
38239 597741 1922070 1133166
60869 1873547 1799720 248568
44373 1654365 1868768 40978
6477 1359980 1997707 163650
147361 1603205 1884591 1718067
26017 1600785 1884909 1795400
55228 1559831 1949245 1259156
88102 247362 1836486 1960239
1774 164102 1815423 930987
4895 278650 1952271 1376050
35957 1022757 1940906 329665
194271 1334159 1983195 667107
168813 1831166 1867235 223501
171579 218747 1906186 773490
102249 612985 1841958 497723
114688 1126251 1906926 1815976
9918 1954369 1858792 506964
170607 1054965 1986796 1487399
74486 1434689 1809848 733134
181999 784865 1809456 450803
21576 111396 1826519 1279842
95736 1030605 1954815 655368
35724 1719135 1876579 1234685
62062 1674982 1909341 14155
43865 211508 1822283 160799
43423 160167 1977114 1955948
6347 1768983 1949889 1070877
98292 1196169 1870798 1795091
20969 1369201 1813166 1944262
95323 1711154 1922579 1550150
138130 842297 1929466 330874
16468 1420014 1855719 1338836
172602 987276 1898102 732800
33240 1536682 1841921 1587645
11819 1611657 1838335 594162
165672 818751 1944207 1729508
50882 14712 1816027 56187
138503 776343 1981919 987760
74213 1018431 1970580 1219926
159102 688431 1799290 1630610
114223 857571 1800416 205015
54718 203205 1988074 655332
98508 1368263 1910785 114690
51492 1066274 1866453 1849277
153859 1515977 1895816 513564
24504 1802009 1884079 1127513
17926 1804371 1903588 1240334
35075 264655 1998299 1620374
97886 198706 1851952 1760095
14525 409989 1849177 1062600
30518 1421408 1894312 1796719
53876 332293 1921744 1786299
73159 196315 1852045 523273
198138 580240 1898837 1029301
200756 18389 1960072 844200
192830 1052205 1856679 238980
90468 965937 1982083 1268806
65289 835869 1916309 626630
39322 950435 1864933 777748
185406 1185089 1932299 1222391
87200 1841450 1802428 82638
148946 225202 1828907 809843
55259 1705583 1957491 932253
61774 1021742 1975535 1152689
188478 987199 1944780 117450
57664 808477 1943577 1577861
147275 267887 1947390 1421254
62836 57320 1993567 1626988
142720 1823299 1980319 1548818
90912 97722 1917893 790786
91184 1403438 1853267 654896
51531 540175 1850375 682482
83405 426082 1905571 1449940
38568 1922575 1951732 1384327
89092 998474 1839048 1181994
100672 177192 1854885 1732335
187520 100612 1911628 1474629
27392 1761667 1828618 420345
56049 1195725 1899840 1619534
177938 1307820 1913106 1969615
6639 1857818 1813728 1400264
32886 1711124 1911156 1520318
199228 930822 1865969 1373323
163509 1031972 1890225 1362446
31451 837791 1996094 1154333
35394 1299488 1994596 1041887
171789 917518 1891267 485517
6905 758985 1885141 1879386
162962 398008 1882881 489156
112461 741234 1979668 781187
176199 1316050 1948322 1173383
49504 1895765 1958444 905825
110306 848970 1978398 1195055
178159 115456 1971832 93775
73924 1061704 1857797 1142864
51191 1362711 1959313 656634
148499 452537 1798029 1332885
104422 1364090 1964700 696439
5951 664624 1824783 1705456
113594 1160163 1935896 710588
44865 456632 1878757 1252603
146919 536070 1892621 812874
116944 221249 1863825 1621509
32173 499954 1884043 1909750
130688 784478 1920232 724608
182626 381760 1891132 66598
45385 1728991 1809355 1931415
42549 245074 1841457 570045
200654 436296 1822349 1139906
134784 67708 1826257 1533228
109168 1046478 1968440 1236998
131998 122385 1882776 575187
25471 977385 1860810 164111
141647 453594 1984104 227854
13156 1203709 1986500 1047293
128263 619746 1819023 1988900
139440 1133319 1893327 1820849
194932 87851 1959090 1488964
128861 570233 1920318 724039
67856 467430 1999522 1598015
141212 497504 1862071 1374374
132477 1241620 1939040 353879
53460 1057785 1825276 33178
170376 577399 1960364 442692
134450 1256692 1872494 1642661
29142 1758667 1861064 544499
8111 346264 1835833 1914417
63441 413554 1834424 693238
143791 301367 1978266 1474722
14111 1673303 1890184 1912112
143047 1333442 1976955 140949
50548 883732 1942218 1545214
193894 1540362 1974631 718095
132198 1906976 1915856 1208416
75696 797029 1992886 51086
149711 695409 1894402 195746
108961 483864 1826415 495216
72891 996269 1900524 1760312
67378 1713641 1957466 1502146
87735 931830 1881095 915180
23179 22168 1802324 1309021
77339 886277 1977532 1583639
113292 1705409 1890330 1915789
156862 644484 1953554 1533142
150735 1484198 1851433 1815276
119977 115652 1935558 634143
15123 1083356 1957732 902887
508 118 1982619 97372
140608 398862 1836379 726151
133969 818706 1902702 321327
201301 1579658 1975131 1255920
124681 802485 1977991 1907907
114009 797956 1974015 1766957
39687 1854411 1935716 1369364
100776 655080 1840253 780452
162218 1288730 1833315 310795
201089 923097 1864590 736795
79025 255258 1817134 568326
185599 1608988 1912233 718330
44262 273527 1867805 174207
108302 785901 1886167 484618
117635 1986739 1826588 1919224
167751 1860278 1968350 1230555
95493 516149 1988296 634611
37396 1408407 1812078 1894617
131205 1341360 1932039 204941
57853 827137 1963270 1601216
102018 1705991 1894846 424677
154488 707379 1821915 1797574
47123 166622 1989950 503911
195991 820425 1977285 1831354
89618 1995159 1965985 1654764
153418 1617 1885826 1835844
69522 292517 1825234 461070
183530 1280360 1886651 145942
166909 1576506 1918804 1118049
187716 1390787 1825056 1336825
199931 1278644 1870480 1848778
109535 1779091 1909184 1115767
20354 277225 1857545 1529794
39470 1809074 1901867 1510257
196347 1872889 1910901 1585453
60748 241809 1889641 895228
192438 1774580 1960871 436611
92736 1565753 1844653 1472948
46228 782229 1802742 1500220
107260 317307 1847242 388047
175423 1134660 1952884 1984085
135183 1820624 1969928 785489
26329 1896421 1892771 1775784
73776 399936 1806440 1538228
54009 1475949 1896130 544017
110086 305413 1991332 306279
58870 670631 1950064 1292085
5278 1194309 1933489 1891006
68943 863205 1827035 892952
159802 1747930 1999680 637986
39143 1098641 1945693 173615
201788 1340959 1963516 337735
147240 518226 1886284 1024675
122200 1955695 1926588 1830624
30313 8974 1861521 1360638
27523 309044 1887580 1262407
66178 572111 1879470 1383257
96949 371559 1888648 1786112
194403 353640 1928914 1747228
109750 1982877 1903974 454093
121061 1373983 1843821 1553256
183671 12505 1933715 514610
69135 59054 1912166 836066
118649 1065813 1815049 669809
17688 644635 1895577 729906
123019 808551 1956105 648175
138588 791257 1950696 1920917
20693 1359831 1896419 1397371
162540 1258377 1893940 286824
87628 1885352 1799956 1456775
141493 437659 1915401 41132
169159 1528057 1986995 818975
1407 656780 1969688 995450
58407 870191 1967461 490231
82843 1079051 1903752 735387
89870 1761997 1843231 843313
195653 595361 1814276 1127623
77504 1368762 1867761 1050466
158016 1529819 1802937 989095
160111 976230 1911789 825289
18346 1191231 1881458 1567882
77238 1592775 1841266 1706913
160371 133303 1821518 1659582
23529 1044241 1932584 607812
13639 831386 1824292 697161
93173 436604 1881680 988337
143929 1352267 1834218 1646739
147828 1251565 1886461 177684
8736 1985822 1835291 847295
162469 1394039 1813820 1492211
59751 1246586 1966788 345993
126166 1470064 1840367 1127475
3867 1447963 1877501 808140
27871 1550449 1935247 1170134
50401 1194661 1833514 1977291
174673 772118 1971973 1714014
191912 1775097 1952338 972027
114823 783976 1953090 1108097
155788 1837454 1978539 424463
65912 717216 1806150 912340
85479 201612 1999419 543920
92843 1752272 1983617 1185923
86369 1153911 1825508 490296
143004 1183615 1857764 1567503
154292 497906 1989070 1674705
197714 946777 1907096 864491
14432 258504 1995961 542763
125953 1723797 1848874 345179
178901 1347104 1832517 132880
112587 1829619 1841209 114604
186889 1096779 1857245 412475
130197 1873509 1818681 1475597
82452 418764 1914786 983056
5716 515349 1933943 545947
187175 1655006 1936888 1256714
183515 699185 1885693 1815627
127619 91807 1951182 853116
131662 1201448 1908955 445585
99439 1451952 1985630 1574486
128106 986079 1939124 1520105
103496 1669257 1924606 1951545
21686 1054419 1870241 1472819
42970 137291 1898065 991221
38730 1419459 1918460 1659592
136258 885849 1959739 732460
110153 276842 1994131 285198
48054 1120856 1834548 30163
2460 569945 1860594 770997
136525 1328753 1864547 124272
9737 1158020 1934777 680191
144337 1279335 1874785 1619193
141184 388904 1811171 1964396
171856 1423715 1905720 1773817
24040 1441462 1923154 1758525
119376 141810 1879513 1920116
137300 191443 1891104 1081263
115717 1496994 1882675 1750912
83610 1120939 1917604 1067451
138765 1360615 1816900 1065570
149121 229941 1865481 1785405
34733 1825421 1798471 1070603
22521 372296 1905479 1962315
172849 211788 1865274 1601073
165827 953608 1848078 1850742
105360 1476625 1855138 958420
198365 155719 1846295 1312182
29772 1409463 1816111 853309
140849 406780 1926543 3546
20284 834978 1836906 1689955
149856 872168 1833903 334417
130418 529483 1971581 813522
12740 840560 1902082 202842
130574 1763174 1926405 1548714
90526 1745393 1887370 1822533
135577 1988440 1951276 1418853
193027 1899630 1834998 1361409
164470 90912 1973877 476640
58998 559461 1949150 207907
185950 254117 1944346 1880625
72090 1121239 1934147 1220297
81748 1866982 1908865 1908793
119044 608278 1925943 12643
150310 1383421 1888858 1308918
152472 1577680 1927772 809814
142856 1723567 1821408 1342048
113476 945662 1847469 1712825
122927 501570 1974657 501215
23270 479330 1822921 349508
41451 1305492 1814529 295118
139848 901582 1895542 628639
6761 1112154 1885542 1491864
107642 1989509 1859797 1460720
66806 1073427 1851050 168331
112902 1503943 1983466 353470
46428 807497 1917096 382531
198239 1682162 1947316 1029792
17459 1413218 1999926 42892
149335 620250 1988804 685659
53254 1776155 1999309 661086
98616 356532 1819258 251138
131761 1959224 1882209 1170839
190566 1331415 1835203 598185
173838 642700 1887591 114702
158337 1479330 1960173 199353
113345 1450385 1960937 1915210
141504 1087160 1916981 1944206
138365 31756 1994025 1992055
34367 1556318 1936639 1690142
156188 1918765 1962446 1695544
309 187986 1986946 835505
120644 1843652 1860871 345757
78356 319958 1830241 830507
105044 142378 1909286 577078
28999 1399578 1819579 1794973
37623 1803568 1843491 1409454
172274 1945687 1956708 566425
97668 328848 1804311 792545
36948 920703 1972221 453544
194066 422127 1991729 81547
94996 725269 1888588 1749314
15752 127614 1969271 157328
88854 730464 1819891 1744558
101896 1773880 1858950 1184672
40111 1138780 1917230 1467932
115762 1554556 1815656 1681225
73622 1409381 1800115 531585
166698 1250999 1908100 198262
168926 1220591 1831610 808645
174417 153662 1997921 1629568
26468 1848354 1849817 1033004
197038 523960 1811012 1168131
93517 1520933 1913035 1124386
19797 1833433 1892015 1348712
3086 512246 1922368 1988399
166601 228562 1995940 129659
48260 1072137 1874029 252023
19352 663650 1961900 250029
57736 1290337 1801718 1991863
152211 1188772 1981019 1723264
78816 1044266 1992215 1292758
86293 326316 1886934 1923955
126098 1681644 1819319 1853431
5637 1409758 1989724 602128
4362 1015886 1951719 243239
18547 1755009 1897373 1904695
42840 58242 1934678 343789
170186 1321829 1949393 1830227
170052 892821 1867129 556835
45116 671671 1951341 849682
79985 990989 1975338 1031355
54149 773952 1829739 311409
114575 167575 1932906 195955
78129 1448064 1955802 1841409
29899 1803634 1968160 684474
181256 638493 1876692 392579
163157 1857020 1929315 1648771
87775 1578677 1964281 862337
37009 131821 1915293 85288
182546 484015 1893726 1764434
2098 135807 1948176 1025765
50155 1975697 1871076 1635415
22767 986089 1872642 419466
158204 487442 1895357 158732
188084 1778769 1846735 529899
139001 1203402 1841597 769841
140415 1358598 1830108 509782
112132 1625606 1801827 1895025
147119 1604617 1961221 1879589
154176 1087073 1958680 1932258
137059 1262702 1923026 1309981
30896 26202 1864379 1374
57309 1906936 1827660 1069309
183229 1762749 1965302 1286849
185089 353889 1937407 639052
75221 794780 1987966 781867
69346 1023427 1980279 64465
171989 299850 1852927 689232
157348 1578172 1857657 1130455
104489 1726015 1895886 525841
125932 1160240 1910448 6702
197400 1483963 1927259 511049
182716 303683 1815866 417527
28183 1261401 1923400 563440
2847 1663351 1975600 631527
46514 738094 1827248 376714
119416 496816 1835768 1897517
177204 1476934 1955466 816313
104018 1619693 1828759 338065
186163 1101111 1855284 1860835
53031 341614 1915998 859242
137675 801280 1811352 124048
17034 1226432 1839543 1456405
184464 1267289 1867643 124350
67158 1589964 1817401 1314479
27269 1668843 1835961 567683
120142 794170 1877363 1259181
76993 704079 1802477 1152004
107938 764259 1866168 690422
80982 928371 1860260 1006714
162060 121978 1856902 478387
68055 1812057 1876210 854438
125386 638430 1912548 251950
82255 1391154 1921236 1671955
62596 215260 1890505 1394180
80245 1869950 1828530 1638127
44035 1655202 1836397 1910240
149453 69865 1842203 633830
176770 706457 1995482 1924604
87546 1147108 1921467 1397261
131814 282812 1899638 1314441
12072 990764 1906140 690810
10799 1542668 1980182 203502
199288 553403 1914494 717871
139286 800796 1835096 135085
108595 944884 1931547 1389582
125801 1086785 1804187 1917496
4706 234861 1823176 1819082
193623 612734 1820707 852757
117433 1353845 1970188 1831782
80487 130680 1876989 169914
137010 205965 1990704 851853
85193 1427056 1811720 548585
155127 784274 1995148 1674690
59157 954307 1983934 1557931
131598 1692996 1984992 1459833
94703 1901468 1959406 1257200
76077 124776 1901088 1455690
199522 1569354 1929057 1308499
135782 770155 1899773 1844681
14966 535377 1868514 1063780
34889 622010 1863194 1284195
35472 1845012 1901676 1025169
103088 1343232 1929621 83986
97610 452983 1814129 6240
113889 1263646 1947502 263863
184310 485649 1917405 383874
83434 955511 1807458 477688
137939 1706156 1829665 1847882
34748 1489644 1799595 51394
153066 1499093 1961615 339887
50199 1834734 1966351 195754
123522 1853752 1984569 561782
30675 1717964 1949520 78565
43444 66858 1896294 1942390
73631 1558060 1875224 425175
9518 588111 1810344 1835275
129701 402880 1830697 14171
52467 830332 1942389 1905613
74254 1363674 1963343 91412
119709 289972 1943019 29279
121444 1890998 1938732 1670145
145537 105446 1883846 1309158
8961 319684 1899576 1356307
38822 1109627 1998261 427387
8847 1152784 1804769 1928966
73047 252445 1920747 416263
104687 1118923 1845703 1448545
55124 1825999 1927139 1932897
10418 1975893 1969730 543258
60661 1090693 1911834 1294071
188993 44986 1811253 441340
142539 199938 1916092 742080
37496 823060 1874315 608
59236 1239127 1877178 1236824
83643 926999 1859537 780156
106278 1197214 1880641 690866
135415 1923063 1861339 803157
192372 1969780 1946526 531737
95161 1909058 1897181 451292
84930 1492496 1801632 369435
61511 1253038 1839455 394414
52340 1747805 1945800 410320
63584 1518816 1991146 1104193
88425 1892650 1985972 901820
43328 1607446 1829116 1135050
165584 1188238 1817350 1951172
71123 1852971 1872057 858191
201591 752375 1875553 1548104
106104 1284032 1889355 1560830
56847 98586 1979728 1209770
102357 1574417 1825420 524218
151630 1116370 1809560 1263667
8439 1696447 1976799 23537
115184 1681637 1890964 1879878
13429 534437 1825630 1740491
128340 1086719 1836589 1106571
177580 1152476 1944967 213716
106027 816252 1823412 1803751
194790 770689 1996473 35638
100558 416134 1946615 1271380
114454 1748226 1901188 999908
163377 1336156 1824502 1972919
31998 560962 1798356 1899240
196821 1767040 1908498 103295
153745 950774 1944580 189901
88030 1389682 1954526 1828530
130772 1250769 1984348 1885684
10508 1734513 1915730 1119772
189351 719953 1854423 1407372
51979 417061 1885189 1238540
66455 400327 1993803 870822
120827 1312972 1898485 1691096
70381 1447466 1832093 982416
91837 828794 1966387 1832206
139264 411075 1911456 614472
182986 9370 1858684 1563166
113054 1659667 1832262 1208477
6394 1375605 1977649 877485
86869 942543 1802099 1096424
12929 1384212 1898592 232275
147541 79030 1990431 1536361
81275 1619689 1947096 1580874
155305 1881172 1992062 40255
201627 1398408 1916966 1665277
98035 1058531 1994151 1594230
103905 983059 1881288 717112
169799 97472 1832559 301217
174480 243178 1879809 1729615
181759 932831 1994865 1167744
24707 403428 1996597 570495
102736 646129 1827789 1378848
193938 1726143 1918321 714470
164614 1476310 1997048 1796695
171622 1821623 1866699 455909
70207 493641 1971676 1122400
51905 1852819 1965850 1855723
134400 1175602 1897524 1728290
36572 452481 1895978 983847
106166 983859 1880143 1306993
117281 1765678 1873320 411399
64278 732820 1808962 1689892
168341 1701485 1943906 1568530
118899 1188799 1894731 1369968
195574 812192 1807931 1612615
192043 774975 1824576 1747998
76452 181515 1856142 1282816
176107 1481656 1848284 346512
85891 840086 1860338 1360349
11033 159607 1830322 1263351
57152 1252767 1910098 919255
43754 494299 1911378 1750531
196541 1602076 1955426 572754
174242 1788446 1948973 1416936
175630 1620083 1951555 240397
67709 8575 1816245 1014035
182120 677547 1852256 511427
155690 225129 1968239 1273476
179843 1550462 1901958 438620
49817 1316078 1955920 60995
80657 1855168 1958262 1489040
124558 720256 1798729 1070993
178665 59640 1870031 1521045
156464 681613 1932817 944610
196699 681433 1924077 1110741
153142 1082048 1832210 1395501
148271 925848 1867456 542980
111383 1357470 1940717 1809137
123175 1498884 1942065 360369
177417 331438 1947254 1677371
179698 1457774 1830502 625051
65665 1110320 1953937 1684032
13095 123060 1931346 1805125
109183 1760632 1829053 1938601
141025 216062 1822017 56204
122520 518724 1807130 45582
109614 1069148 1926295 1035048
109364 1155863 1838592 1879852
47361 868265 1876015 1649567
159650 774147 1808703 289143
7242 1852923 1844730 1451180
186076 472943 1849494 609192
65792 1209701 1968030 1843669
32645 132403 1948750 597871
157492 1908497 1976114 512435
144465 1746391 1926201 676269
177813 1884018 1844787 1633873
33227 373925 1820940 592600
152512 489422 1806846 1610128
168020 151639 1868487 1643264
36202 1896361 1811991 206617
118800 1301419 1983664 1497863
95136 584894 1874975 1963455
125187 963801 1963743 1328372
37950 998760 1864752 305397
56287 1964370 1813914 1030367
60269 1856550 1925378 1198712
45219 1265353 1912755 1914950
111975 907389 1979944 1802279
151236 1856760 1981749 1974317
48993 401945 1911982 91439
92297 357127 1815094 874501
110951 813654 1806909 1152199
195155 508059 1924955 296803
45575 1515923 1950208 319074
198275 271151 1964075 258073
36670 70327 1922783 1574469
185906 1622675 1889112 956960
39542 1584573 1956618 1726102
133440 920964 1916458 120822
127773 267130 1985866 1694038
20060 83806 1839232 126392
74852 1542856 1908010 1785147
90887 1278643 1906553 928480
122472 62519 1986425 102706
112374 1341551 1814915 1761105
191456 1167378 1912064 1128850
143909 1514395 1903092 1177413
24822 608771 1984039 865153
125039 250427 1820484 1307720
136798 1659138 1997857 1193426
35906 1618324 1864310 173236
162388 1560569 1856185 7633
200924 404627 1891330 901489
16747 1058429 1923084 1752093
172984 534701 1842872 488026
116130 1579080 1798557 966212
62229 135249 1904942 581537
158131 45132 1847088 1884537
66078 1786426 1898344 1997730
73936 616266 1844420 1055278
133898 536613 1941554 1687580
199659 1561459 1925465 1053647
183740 807381 1947606 116849
111110 44431 1963898 815266
794 798987 1809988 671080
50074 172757 1848576 1443701
104542 1354544 1818585 67591
82584 1043551 1838853 833231
56570 389366 1957920 1691375
63317 864494 1926783 226197
122399 727889 1832806 1818951
41347 1950631 1813140 807842
185302 924245 1837741 211210
151843 1717627 1932942 299182
101428 448768 1921079 67982
67585 593723 1975172 1752172
100266 1958425 1884756 284425
175700 267585 1984517 1380376
57891 456238 1930039 138949
185790 914370 1816311 37726
86537 600236 1856988 775651
176477 715060 1799176 1676787
108992 84703 1871805 991404
21061 1134080 1964217 1970622
80868 1509980 1986184 1414979
67226 175550 1798293 209486
18259 944575 1857967 31004
70874 1099635 1890634 223462
68264 158411 1928540 1404269
180627 1666062 1874066 1052669
130085 618478 1981629 534101
80502 1954862 1971764 1293685
144570 1624295 1846478 1628802
100316 1874225 1888924 878877
33043 807899 1967875 1411864
127327 1373809 1871506 1720144
160760 1918096 1810321 209408
111714 522783 1811796 1272776
142629 263741 1859347 1908202
148453 769618 1857422 355197
174101 943136 1969298 381822
10624 1702509 1998074 1121948
32607 1379419 1855258 1602763
197188 394010 1901815 674983
85562 1332048 1894250 371905
47595 113107 1975420 1488907
280 691804 1933184 758335
9443 871936 1827946 292554
178781 1524442 1859834 982043
148778 1904372 1992959 83630
141765 300343 1899414 1164155
38098 1826963 1912911 330666
7929 1262756 1912374 1136547
134997 1557131 1810147 1035446
140084 1465243 1964507 159953
61700 57710 1972757 1589981
106557 1663047 1998955 622204
91601 605323 1929545 1616469
164390 578755 1862816 1494811
8074 1253708 1888300 446192
132023 1010518 1857352 1010540
3323 994706 1989374 450228
84601 1481865 1817223 1195338
13840 403507 1988508 183800
178708 1784578 1948691 979246
44164 533330 1976446 196583
89391 1213514 1798965 969788
66578 1017944 1878243 787817
54561 1603068 1940216 500838
78562 1783028 1966927 601743
111478 641029 1974872 965464
56712 1873859 1974487 1807782
127015 1250810 1819661 671919
12553 1746453 1942494 479387
179190 392292 1915165 1879086
134669 1278695 1875940 1472639
166813 1095887 1972237 615698
161644 927461 1803916 154115
114261 172265 1939223 19605
190145 1008955 1883239 546568
54892 46339 1893628 1350428
61488 818024 1846557 1021217
96132 21848 1890785 225645
173612 1641981 1984222 1306623
59661 1321894 1946077 410551
148142 315748 1959217 1814919
184595 1069500 1976624 776612
110437 268587 1980699 1482549
63418 860345 1974973 1731064
113780 735200 1862448 1462314
111002 115232 1938366 1318867
5161 1445239 1859611 850749
169611 601389 1878167 320698
130132 550077 1921852 1392764
183395 956475 1804471 229493
68588 1292350 1817763 1052878
128518 1482498 1914004 1536207
179430 1050035 1945909 556770
145859 1272468 1803382 1575902
187887 53422 1803226 1253750
119550 1788711 1945279 676903
143632 1360948 1941115 14355
28411 947372 1825165 979350
101802 898217 1838968 687544
167338 1833778 1944899 457752
57434 1382842 1800837 227119
65348 1487547 1906696 395628
81928 1539718 1991264 1022330
62416 305954 1980559 186705
196335 1344452 1961695 692416
157788 271238 1930137 1129656
129035 1732810 1986338 739931
7609 1587507 1971452 119528
63655 488697 1891479 260624
73316 979882 1854348 685082
155906 1089671 1839359 180139
19568 309078 1955076 993241
14748 1771461 1855584 1038140
175976 924493 1924207 350361
3578 674599 1988388 1529565
170781 1798954 1875799 1832887
188880 1294532 1908490 1442158
6803 614797 1972082 245936
78933 530507 1990911 508716
167646 420900 1986736 1231898
37280 1308815 1821657 1989953
79306 1503815 1805916 1832568
165528 1909918 1883475 1552733
121567 88754 1868802 1365469
166212 1232495 1847900 1351802
89522 554278 1937174 582812
133643 222394 1833102 473266
63843 1843467 1802578 1984238
118528 1304409 1917818 791480
167880 1635105 1939701 1272567
191754 1291003 1900316 935169
154384 324520 1944104 927207
56134 870103 1971267 16089
110575 857457 1931031 455809
54461 119398 1892719 1004531
196171 1450849 1829931 1714000
54271 818406 1873741 715790
124810 1781776 1864135 705518
47180 1759102 1991020 329429
22120 155696 1841775 1986943
126705 623309 1813304 1455784
118137 419751 1862370 594317
59305 1478703 1913784 1128646
22678 676231 1947929 1032838
132282 1050241 1987548 1356588
59540 951564 1808192 758324
100841 1185940 1851915 607793
173418 1634419 1850081 890797
77903 1399100 1847531 1674745
92482 244090 1888195 1847072
94207 1629775 1896503 1864838
2167 1721463 1934455 505860
116738 50970 1866073 538933
1042 1874289 1817660 837339
18074 109969 1800689 1291084
168265 130728 1967624 188884
182227 568197 1824019 1381179
34291 1056836 1965565 986346
75883 1540181 1953517 1824868
87460 1069746 1851734 597354
16782 878146 1819785 796622
156587 780057 1941944 996048
160015 1664024 1809696 836106
61375 1398830 1821290 1873854
40013 460703 1915475 1250749
187387 1325285 1979264 892628
49917 864475 1975899 1100844
198689 1821050 1930662 1115330
45538 86782 1870676 665249
156050 1199127 1953182 1068480
158978 419813 1864204 1900210
114348 1814721 1837171 643980
115989 111500 1866313 1351736
67348 1808707 1984909 1726556
2604 1730375 1958498 590577
101952 417513 1923594 843989
96020 1588198 1805440 1666849
17200 1844412 1878995 1794902
126461 415124 1946923 327482
30910 425900 1913384 151874
86805 1318501 1977408 778039
119881 479169 1942580 216747
48635 239366 1923453 1850369
94287 1759663 1800444 276570
104963 1066699 1849014 1548405
99852 340512 1842636 433301
164853 1374920 1910638 303710
95555 1434065 1872146 238474
166281 1460686 1966996 1844913
159185 615348 1936240 699731
128382 883552 1907622 72123
93242 1727972 1843391 6470
160203 638553 1910370 737074
136723 363076 1881401 1376438
37802 1030597 1950385 782807
129672 1470964 1973462 1386653
58687 1227427 1904127 1476773
200145 1668840 1943094 1601028
152739 1621957 1836819 228877
24902 1927255 1902904 500455
180244 76128 1841421 1306815
38300 1295701 1822165 142634
147721 337087 1868994 1138839
46692 1913268 1987263 691730
201160 1653921 1961468 47501
49201 321883 1947720 821119
173018 562666 1824065 814005
84458 1747969 1865575 722730
134285 1785639 1836767 536574
154874 247088 1866970 938573
54406 1376530 1847369 707255
170111 1442703 1908386 1894951
52624 1613730 1920135 1668517
31125 1201801 1929840 1059393
21131 852600 1965408 1790939
85653 1007936 1950992 743096
27039 1470013 1916866 660203
5483 892533 1919133 861097
89236 1378787 1914225 751843
108772 1972824 1836263 570077
89044 626914 1905088 1256510
106821 1283888 1985056 1947322
114097 1081629 1831789 498481
14204 157756 1851578 1698574
40771 1975662 1997117 970160
122723 220433 1810888 324806
20421 438691 1838468 1415069
91433 1421463 1912500 427633
81071 683007 1869839 1202536
99296 1682895 1916268 810688
140506 645243 1961084 1035555
115930 1886689 1827378 434755
12721 115154 1903401 1256810
4611 634076 1930961 1207886
160681 143504 1923726 423380
116962 1178703 1848617 1129049
128677 373941 1900498 1325064
2345 517941 1993036 460190
91687 1143161 1978648 788723
170801 1747324 1909492 1527792
99177 389108 1799029 1333556
115056 1390792 1839776 1075496
22327 396671 1822553 93443
186418 878996 1870875 1070029
91710 1313405 1967945 1034097
186285 1491341 1929203 1660199
117958 1756715 1986607 1009722
16193 1671504 1812226 1691547
11216 440016 1812678 1098240
180959 803094 1815702 1836650
1845 1682754 1917565 547355
129229 1703501 1854994 715280
29316 1931920 1977028 1444979
161111 1228670 1922510 1456649
49720 868046 1887097 1127498
180368 175631 1963614 1087712
33415 1307850 1826339 1032321
165138 1613461 1985350 83318
99079 216567 1953788 859359
197310 921187 1827807 1485728
77428 571732 1974234 1760034
45714 1131530 1957225 451533
150907 104169 1836052 88053
8253 724590 1920971 88966
77652 1784409 1962357 1194190
86014 887840 1987724 1517967
83205 516409 1943261 1680057
192274 37662 1825739 215451
66755 1722265 1954964 1955329
127086 1890398 1853634 1878413
51085 1969728 1884226 9397
19740 517291 1939544 1826315
92161 484904 1853684 1420706
16419 1927806 1872806 237362
41275 291065 1965719 1797461
137412 486411 1981410 1639859
71046 883587 1925135 1305730
172718 828846 1953272 1862863
157078 478592 1925611 972623
106954 1420055 1843110 1517634
38977 360998 1863513 876255
15284 1194448 1969154 1157233
33992 1310128 1949424 352599
103630 1505917 1961186 173894
98458 985939 1949076 87199
182008 463842 1799909 1937134
15932 329772 1987425 311004
53168 465811 1846981 836345
1510 1389409 1804155 381892
31084 569824 1846864 538475
47497 231115 1983028 733476
146150 1132695 1938200 511747
107034 315925 1973669 922026
21825 114637 1973161 1625150
139676 513511 1808759 1307110
135263 1144795 1822759 947777
103755 1352489 1883658 746490
94804 21079 1837480 1069326
11341 1946355 1886750 1893048
66945 1407643 1964559 1350003
107560 313140 1850827 1398794
52904 1599400 1808323 809547
26772 1656287 1879012 1277664
48863 1831816 1899037 1870628
130860 1685494 1939708 1905918
120330 477858 1840985 1893656
163016 930073 1879273 925096
87331 127588 1855522 1815027
185232 1719209 1904347 1125647
175128 1211472 1808038 1231833
115519 1318840 1954341 375325
55840 967643 1914991 448342
181372 1113731 1900083 264714
201474 916945 1866258 1818124
118694 1222691 1812999 1400874
68789 1989386 1996225 1389815
82631 710954 1845307 987553
24964 1307798 1927435 1968909
137213 188137 1957050 294748
146561 1602431 1854602 63270
193124 1140514 1814782 1572745
14606 1173495 1894034 1284212
138233 1235654 1874222 17306
168097 1617900 1799639 1515260
93767 301348 1924852 1065831
11811 919181 1933350 1253559
199786 119408 1820801 573552
19117 381031 1848437 1913605
140225 576291 1918133 792345
133231 1944904 1913146 1075893
109396 996711 1981615 1282665
6992 1526111 1869805 1172230
48751 678540 1885364 631188
19482 118149 1940381 106964
123543 1851810 1807761 44584
54780 144197 1831318 1421780
64441 789971 1928257 467364
81451 411324 1800741 1327943
72634 989246 1987824 682556
148699 604290 1886997 1833218
154756 808256 1809179 1287680
81605 1491952 1925773 611587
64901 1966216 1865677 1291972
158950 1869750 1960796 1221289
129283 1450653 1818257 1099884
75544 309436 1820168 278598
161071 503729 1978806 1164615
84254 532554 1902181 1397157
43101 38889 1927061 126001
68076 228940 1850124 518381
61296 685984 1926756 1594005
163245 960045 1937717 1093016
179 766130 1984750 548435
151750 1875909 1825781 712852
161994 11379 1877928 966993
90720 923472 1830124 144606
108464 492545 1988635 1598415
44502 1288676 1860054 732075
168675 1449608 1990020 411807
116445 583513 1824717 708452
96641 132688 1940448 1889467
28542 468630 1897433 812661
191205 224724 1882068 214637
176403 1800948 1892139 949260
42408 917535 1887927 1651986
108488 1193376 1873863 1062356
168994 732262 1906060 1877479
102934 838511 1870154 1716993
18973 186846 1881843 516325
52938 533744 1948477 455117
79597 1553938 1863006 1525822
98894 983577 1807248 795458
163676 1720276 1804950 450899
69774 836154 1927995 478492
187094 1899510 1935292 462153
141329 1958554 1956875 1279054
2954 647138 1973373 1567060
90126 1213800 1845468 736634
3400 185136 1868136 1850258
1946 889212 1877228 394826
136045 170008 1983761 924688
40486 640376 1926009 1594987
179021 1304302 1827521 1886583
123278 1264042 1907344 917875
183139 759908 1909530 815027
70777 1058397 1844970 632557
64226 1216118 1979577 1815683
31400 1228899 1896758 712393
24428 1070389 1801871 1701528
162626 1900465 1984255 705002
169218 363628 1879175 1113197
58254 866346 1931699 63783
143241 1656136 1898708 1247009
23784 68768 1928367 1395830
2236 522228 1980891 826576
177086 1384184 1997512 1518990
94500 604028 1852388 1360303
157947 1654206 1907804 1114109
196059 347733 1976170 1304641
10384 1573276 1882377 480470
80310 839351 1800935 1165981
62938 238925 1942299 1624437
181869 1479403 1855439 473387
30230 496683 1910255 94117
121898 583441 1817840 1894860
168585 899723 1949658 979396
26109 1008066 1853111 800652
30804 381686 1960475 369170
102861 1600202 1922877 836656
92947 21755 1807017 806809
111863 167612 1963736 328072
33775 1512358 1948211 1880664
132905 1562089 1919447 573303
159503 222898 1938687 278536
68988 565314 1851162 162401
17116 404375 1856029 1880961
189770 509365 1914576 1116015
125588 243259 1963991 601093
9248 359744 1851360 1155385
173769 821135 1939463 140932
47750 722201 1818388 1705811
65456 633121 1916571 1654018
149501 934976 1877665 1831659
105186 1503360 1801951 1565089
110624 26917 1897228 1189283
18129 1266173 1854743 1974026
32457 939238 1925048 1576373
99504 270850 1980949 69686
169474 1018319 1914732 227217
105908 1007292 1840192 357184
133782 530506 1876570 249087
152975 1064072 1893103 1748015
31783 1498134 1848990 464624
8551 1365793 1858456 201261
7866 1486823 1990888 35780
51675 464657 1946872 1310323
129849 72816 1849227 663281
56905 1346898 1820262 764591
53347 204752 1931922 1342583
69811 821162 1846128 263073
184392 197818 1850241 1544195
16921 399968 1934217 536856
121147 1905605 1815264 69648
150411 367752 1839618 1588458
7 1841756 1842280 230090
68774 1783240 1940117 727151
95394 380755 1812313 393517
107408 187609 1888495 492789
181427 1209901 1838170 947309
98270 89200 1957799 1637381
697 42160 1930724 56825
146712 317721 1956004 1896748
151190 1822879 1842538 1198533
144999 1716129 1806307 1420305
88205 72947 1810597 1128157
71954 1107078 1826774 940461
150514 667775 1920591 576218
70015 1679511 1895727 246135
121785 226139 1831457 1227617
84077 1990367 1847789 822253
90670 1276997 1888112 329181
19966 1489511 1998829 673019
2814 412511 1834592 184036
173118 1882653 1968862 419407
156981 1717769 1842716 1949738
28706 1526850 1880323 1173706
116175 1758836 1940018 810116
162751 945737 1813628 234793
127670 1619925 1899954 1602026
75571 1368298 1899266 1816804
956 982696 1809793 35219
167387 349265 1908238 1873357
102196 204316 1929964 1101251
100064 289318 1839998 345708
64944 1217651 1937883 333064
52744 1720815 1835606 889623
155969 679759 1937214 1066941
161847 820740 1834022 589329
25915 1802966 1871015 638765
175769 1237924 1919255 1102883
139540 1097925 1960251 133657
58548 874146 1981966 832742
55868 1564910 1829518 571033
135943 1636602 1927298 365421
70107 546662 1854836 845043
82182 43090 1982632 1074892
124108 1704796 1957324 1938783
50673 600570 1915084 1085075
91045 145823 1856312 1011584
58124 1872872 1866668 191719
160935 1192457 1844264 1424514
184887 228539 1862706 761690
158681 592605 1903707 253512
124917 1719686 1934442 1983194
80740 1968753 1968630 1336888
75796 566428 1952935 1712646
117788 571177 1817589 1546447
72725 979099 1874676 955547
172451 107980 1967758 402081
137575 1021496 1902802 578977
105675 1232849 1999869 1626586
10025 1374600 1988970 630905
124273 1196773 1895046 880100
33896 579579 1812837 54190
156741 188464 1848193 216405
52089 457729 1967270 1348052
2645 1482926 1838788 1186536
22241 1339840 1849581 1251898
26898 1955713 1818920 716017
120537 1427406 1805229 748417
194597 533294 1996856 791778
106548 1903124 1808479 1091798
62704 576399 1904771 65536
124496 1935069 1803819 754650
12189 1720462 1828256 770958
200494 856797 1830856 270366
24637 1249867 1798861 336073
24338 1961342 1946462 959293
37074 534461 1972475 647671
146778 1186638 1991890 1034500
152689 349105 1855946 672588
41151 340113 1806609 1101580
79227 1937074 1976034 351299
178344 1629350 1834921 795845
57256 111733 1903937 991220
198891 1289028 1841125 305496
7074 1110160 1871597 647698
9051 487112 1868297 1571373
101264 1111570 1941125 1323833
30122 1898285 1876414 252177
154557 898538 1951440 1850906
47923 13349 1829377 1282575
109906 1325208 1937987 66346
112964 1357546 1872334 1982399
450 1934694 1901539 1778323
19280 776015 1901503 879343
183887 412941 1969826 1076486
22995 277406 1800291 1131767
128879 1605660 1835386 1735532
6056 853521 1996932 206343
79546 1312213 1898983 58808
4216 594581 1958988 1699162
22924 777635 1805511 821334
40637 1966434 1860482 110395
87019 80737 1951983 1118114
56193 1239807 1935570 751192
152137 996908 1961995 475458
74660 106512 1943770 500285
150798 1475734 1987097 1395615
188428 766176 1943680 1065887
113710 1100824 1844958 1313964
97042 222055 1848321 1723634
169509 417406 1897905 463711
133081 1074147 1906434 896854
30443 602970 1915944 393761
184967 430704 1941474 1341418
87878 857809 1875406 1267247
199125 630144 1886043 1951232
155499 1612189 1829287 1937965
101682 796650 1977818 1406069
66542 1390508 1968980 540635
182867 1839569 1946258 161098
15438 848824 1907025 771581
62759 1624021 1800615 619487
158786 236126 1996451 1960516
37181 1947247 1933801 1860697
96760 288397 1941915 158438
133353 1317067 1826793 1626505
93362 1879157 1947855 1298113
145843 988365 1865816 830110
193471 1448722 1866815 1413876
42693 1184952 1824390 1368779
115391 236605 1867018 1484395
135090 554343 1899136 349439
142149 1780787 1916640 1085420
66986 1378947 1820526 1888876
126902 180920 1978770 1150881
87071 1320165 1818476 1906215
38424 1058304 1847872 1987509
123991 1211903 1902428 1191291
45273 190696 1993163 88317
77995 608480 1936288 749346
140339 1026741 1850725 1654818
176737 1937432 1882258 1016928
192982 1368439 1954618 649713
60956 1697598 1884840 1174480
35347 437845 1954092 436587
22612 133270 1889451 745568
38019 1335914 1836165 1901669
183055 737362 1952437 1681485
158556 884887 1937048 1172010
164935 1428814 1804681 597898
165427 1722613 1845265 394314
175317 517324 1960600 1070499
35040 1076165 1888024 186938
191571 400493 1886825 308724
161528 1074068 1995250 1145701
187019 606671 1808263 869230
44984 1689067 1979169 869056
124407 1262220 1968492 1668829
7751 146008 1813477 244207
84755 1668247 1833659 958495
40291 639368 1989840 833365
188180 56848 1861133 1411964
41752 662847 1947037 1333002
52281 129113 1851245 949551
66257 781771 1807538 890194
145124 942052 1872852 1391027
69616 42671 1872579 1216317
75330 1467133 1879938 29533
102558 1623678 1927849 489505
195499 1541942 1805291 1588071
45871 772220 1833196 1780707
174223 584785 1993493 616512
194845 765842 1940918 1743189
15650 259889 1815897 854293
