2244356
2200181
2717751
2341383
2435255
3388423
2066055
2511026
2140495
3453664
10857870
2010168
3523334
2670515
2120810
2393085
3190654
2487611
2619977
2744189
2143105
3606355
3415486
2366215
2420059
2148379
2857059
2184387
2285138
2981219
2970840
2565296
2064533
3405179
3544159
2369580
2948370
2697132
2422661
3387754
2243367
2408665
2564119
3312086
2322357
2092085
2252240
2623234
2918687
2618855
2042467
3520614
2332059
2064515
3530672
2486057
2118427
2993067
2351133
3681095
2214117
2181846
3328283
3266052
2609801
2500212
2841929
2986028
3191178
2195854
2326102
3179985
2297213
2047285
2458895
70685808
2135317
3517571
2436483
2261988
2521980
3136191
2296236
2267272
41908742
2804322
2774827
37340613
2272139
2176327
2156564
3664952
3303975
2766607
2025861
21609226
2817087
3010611
2694752
3245187
2423749
2205691
2565820
3212311
2939888
3088257
2983140
2871975
2268314
2090818
2261141
3206636
38634521
3328272
3427188
2599199
2359219
2831707
2471478
2489617
2826286
2862477
2484225
2223054
2784924
3420948
2721525
3083965
48634520
2535876
2669929
2102827
2434106
2333971
2351490
2077320
45237961
3493391
3143068
2089156
3414841
2894113
2526149
3569562
2240244
2659827
2191020
2643126
2598628
2921077
3099471
2358221
2589411
2311116
3261208
2304225
3749104
2082766
2510016
2648371
2578208
2095933
2241425
3795337
2699251
3574915
18275675
2068831
2254336
3130645
3480310
41334617
2146824
2838228
3210069
3011074
2343950
2926878
2447564
3277885
2517384
2919988
14945206
2683756
2025721
2734283
3361652
2033532
3649523
2246048
2194539
3062837
2010859
2968233
7863802
3136270
2825786
34395297
2668012
2065570
3372812
2044063
41786962
2871316
2675434
2540551
51021263
2328447
3798909
3029148
3484323
3172506
2604797
2633921
2255569
2742508
2455937
3068833
2442521
2256309
2315298
2868708
2274721
2788241
2332406
2489235
2081120
2386965
2890799
2072240
2879026
2515055
2855128
3055563
2954491
2784163
2063530
2809236
2743889
2824793
2103149
2442254
2252512
2030374
2466237
2397611
2761540
2946249
2106981
2606045
2502817
2086146
31243285
2356509
3348092
2930843
2036397
2067965
2800726
2064478
2079015
2733504
3052734
2866499
2286655
2487254
2690031
2813567
2510838
9124804
2691175
2112378
2109404
2480539
3069919
3634830
2317962
3625959
3498305
3031089
2235468
2354883
2413443
2455895
2644202
44352281
3166810
2021934
50808705
2288369
2273365
2254431
2337289
2514705
2876065
2017574
2731828
2668401
2132059
2578980
2840316
2156594
2166866
2539784
2051202
2790320
2663672
2008361
2179427
3526214
2603615
2378289
2498122
2872197
2557150
60452823
2066956
2532992
3050650
2505042
2034425
2094464
2680772
2789666
2533452
3051018
2145144
3712050
3239757
3083224
3047479
2150955
2091720
2388064
2460110
2909242
2373223
3336148
3451816
8956189
2089015
2387962
2613351
2245107
2967330
2589704
3345000
2142146
3284706
2400293
3546930
46141235
2897849
2013024
35300145
2220988
49544818
2151485
2812425
2131391
2789528
2669392
2668395
2987954
2134432
2848577
2306841
2380842
52323354
2388157
3561434
5813550
2980006
2385949
2692994
2233468
2661890
10942032
3295243
2337465
2261396
2217883
2633214
2322706
2294572
2584536
2745858
66148314
2563455
6414428
2271426
2579234
2214279
2713809
3497937
3046463
30924582
3593567
2972725
36831410
59216384
3090700
2976201
2117885
72412524
73284108
2580663
2572052
2836060
2091315
2790120
2401684
26345481
2597442
2167955
2618962
3487214
3084989
2244946
2544971
2952297
2249878
3727516
3455630
2237124
3268500
2188336
2210172
2709921
2931247
2845154
75612082
2262960
2706082
2685081
2183535
2387749
2031139
2644753
3534627
2365167
2105745
2708120
3000542
3263088
3012159
2354896
11384261
2390394
70279642
2707901
2091186
2016319
2131247
3456220
2075818
2574505
2349924
2730915
2745001
2756856
2398957
2271041
2018826
5094663
2103569
42477462
2041971
2651387
2967600
2437918
2033863
2770142
2617097
2043474
2045650
3833242
14060767
3375833
3556898
2369998
2701642
2757914
2307530
2516961
2691103
2637479
2801987
2066606
2016413
2206280
3365540
2541902
2610563
2046516
2434397
2631735
3424551
2875637
3139309
3046405
2489039
2214120
2455908
2187113
3368691
3790626
2410283
3488746
2125555
2422993
2723629
2699364
2441221
36100368
2502993
2982407
3679130
2873538
2126644
3583792
2868753
2340741
3153701
2389515
2168814
3043924
2275687
3020136
2004255
3014562
2014379
2579338
2442401
3366119
2013323
2433539
34819228
44265896
2078648
14341822
2191201
77283307
2110673
2565897
2751730
39735873
2341572
2103072
24293612
2987579
2263504
2231366
2352553
2543479
2241265
2649002
2946368
2275083
2398541
42484467
3049698
2154930
12488170
3008283
2236901
2490835
3451984
2393819
2479603
2580800
3466904
3206873
3038565
2593738
2226537
2609748
2172941
2298006
2684914
3094543
3667874
2383063
2050848
2576973
2833450
14178292
3303052
2748873
2355128
2170024
2473012
2314224
3053999
3142245
2926379
2057089
2637497
2237248
3275268
2473388
2925275
2910358
3321346
23906378
2874309
2528878
2629600
3295680
3211956
2423006
2095088
2341558
2137779
76477537
2710450
3578202
2152977
2060610
2975241
3322233
2796803
2555478
1999337
2125814
2436498
3294609
3640924
2901914
3598721
2261013
2334118
26110688
2209406
3214221
2680031
36841385
2570270
3346207
2820381
2882488
2897876
2451738
2245293
3178312
2507573
2114005
2701409
49391085
2660435
3244028
2131558
2061706
2209438
2265900
3046101
2201128
3456299
3098546
2011705
2865516
3057233
2493865
2121534
2406864
2005024
2104907
3511559
2421302
2503578
5155786
2762327
2021167
3162169
2233939
3625572
3195255
3579065
2197834
2147598
2970409
2205177
3768237
3249424
2199839
34535792
2085439
2014090
52661355
2364551
2655985
3243566
3042673
2666654
3122083
2099920
14997608
2995742
2122492
3457702
2804191
2101078
2049882
2733130
21546701
1999582
27863303
2081243
2109166
2072539
11222292
2817347
40944793
2821822
2920250
2574714
2616048
2616163
3460082
2069013
3081907
2809656
2357126
3635200
2309208
2211775
2079860
2006009
2939165
3636808
2115114
2559209
2032953
3427687
2391720
3529470
2828894
3203599
3218753
2169274
3153793
2329881
3059573
2055015
2116727
2151951
3028618
2295363
2644588
33013589
2152161
2443453
2420538
2369408
2807294
2795537
2325844
2626059
2263075
2912210
2760944
3338491
2379703
2457513
2378462
3213024
2460963
3738569
3579684
2491115
2280313
2110275
3535975
2254889
2120228
2674331
3312856
3257419
2060390
2129605
3023914
3041407
2395580
2070189
2414792
2561428
2317634
1999645
2222496
2547428
38506644
2209318
2237861
2016007
3611670
3073206
3284580
2887461
2219903
3125705
2531771
2343774
3205873
3026310
3268155
2995947
3399696
2845267
2037608
2356593
2965639
2204606
3640584
2198254
2927377
53335788
2523566
2741897
2222276
2601913
2405045
2358338
2523275
3160343
3065660
3006960
2118857
2183635
59879644
2238481
2542304
2162139
2834789
2436029
2382366
2158775
2474482
3236830
23335716
2152568
3132611
2245241
2364020
2165037
2779580
2979601
3025906
2924427
2011197
3664372
2611761
2130600
2092266
2639704
53754191
2973102
2465926
2293971
3718153
26523847
3448904
23227339
2197480
3341581
2763498
44952797
2001965
2056939
2462538
2899333
2426770
3236309
2301269
2782990
2013091
2450912
2618327
2911407
2417640
2306058
2916054
2086319
2591888
2904700
3291805
3580972
2477778
2340364
2300278
3383821
2410922
2150974
3134785
2892549
2523595
2132433
2358165
3083541
2262484
2217409
2848269
2041601
2601600
18265444
2219120
2120745
2669456
2373305
28353693
2558264
2179450
60941457
2977400
2204331
2765963
3131304
2332150
2464662
2597017
2300342
3254261
33649066
2587541
2095312
2699696
2258728
2361348
2236445
2537863
3176894
33189398
2046413
3126800
2095346
2781248
2594310
2039170
2001909
2004239
3755764
35788817
2060094
2987099
2510015
2452180
2691170
2610179
3351604
2057044
3476269
2783755
3253275
3253324
2936834
3081614
2007338
2609140
2770183
2228039
2484379
2766159
2951224
2032065
3458685
2325429
2143382
2909017
2751064
3026125
3099255
19287416
2401950
2867328
2442271
2471989
2917985
2499267
3249703
3149709
2405070
2656727
2178688
2344517
2118658
44640226
3157460
2689201
2343396
2549970
3205051
2009640
29564206
2328518
2708210
2368883
3019268
2210463
2341412
3244030
2962502
2568314
2476396
2466556
2274821
3401562
2162306
47600225
2811219
2280200
2471524
21661409
2951837
2595526
2284215
2810999
2654251
3188688
3045912
2119519
3261916
2707385
2654276
2081249
2733098
28789742
2702583
2246333
2743585
2419259
3261592
2388987
2509966
36200948
2153286
2029597
2402706
3289329
2546691
2193994
2292206
68879859
3621834
2150638
2047959
2731869
2348573
24180280
13462517
3629479
2688677
54314752
2898313
2286070
2996003
7945837
2373883
2829290
2837601
2385040
2022696
2362335
2439179
2685239
9910836
2950648
24540071
2229128
3115145
2122344
3445629
29315714
3150549
2757748
2285286
3724758
2507066
44636524
3345362
2509579
2293699
2165914
2565956
2147236
24991814
68998475
51569133
3020359
3220271
2003221
2564282
2066889
50973314
3005839
3407610
2662356
2522624
2770092
2365093
2916101
3287437
2196461
35583130
3268598
12471656
2319665
3380025
2666777
2269229
3141391
3068098
4626483
54175249
3123465
3026363
2842092
2509907
3582398
2097322
55171113
2271864
2992160
3809487
2203120
2324877
2226890
3294601
2845238
3502291
2382356
2126160
3833706
2611284
2848538
2807691
19696787
3095457
2095245
3359640
2862879
2713321
2180328
3618268
2524906
2118339
2037428
3574999
2117985
2515367
2852632
2415868
2037264
3313656
2638178
2545410
3108088
53568751
3836576
3470323
16019167
2204710
2140546
2202036
3094016
2018467
2836861
2062356
2183861
2033940
2259829
2236795
2810213
43991052
3209060
3669166
2015198
2017980
2744812
2069671
2634788
3502445
3083389
2441011
2062019
2555492
3173917
2387968
3150812
2388129
3431341
33216470
2702353
2340698
13460342
2090418
2575911
2436965
2114612
2390362
26546295
2346491
2086147
3159745
2189964
2746309
2405110
2166926
2137968
3071977
2408235
2040939
2596041
3226314
2134235
2027946
3747273
2123054
3006586
2057261
3256255
2046589
4939502
2961574
2772845
2652293
3175903
2683573
2540600
3738685
2723242
2786208
2117392
2337934
3733641
2849737
3262891
67957983
2722460
3289238
45115532
2947989
3028761
3110528
3088333
3001873
56461501
2086939
2298391
2190596
2069771
2134800
3029327
3324568
3126175
2130131
3171859
2025948
3169657
2985726
2094165
2634728
2535767
2397057
2495797
3124238
29892810
3592054
3438332
2523955
2332410
2799806
2242911
2384723
3397232
2651319
3584723
3497202
3067312
3290624
3249195
2022225
2365731
2235810
2209087
2994812
2770208
3492266
2492092
2351790
2282859
2874812
2926252
69139826
2395778
2216118
2064150
2575971
2257808
2047826
2316082
2240612
3207490
2454442
2662275
3149850
3315964
60257015
2779581
3411891
2144347
2945804
2912819
2372037
2358564
2850643
3397857
3614531
2614427
2216673
3131510
2226878
2106237
67156831
3418391
2633473
2221073
3124242
3354454
2215383
2300207
3435283
2544959
2837558
2200473
2022699
47299204
3384009
2439256
2056419
2514001
2231626
2304174
3196540
2012636
2245273
53856042
3782565
3014277
2896999
2599700
2062679
3564895
2830418
2864031
3319868
10439969
66407142
3248148
2469013
2611676
2540156
2852488
2398714
2594953
3059124
3439749
2222285
2790506
2383615
2547521
44218096
2635157
2291805
2690145
2900325
3549423
3069027
2090929
2411455
2621025
3338115
2068078
2059926
2089102
2940826
2224927
3069410
3202658
2993867
2464797
3397393
2211114
2715386
3063788
2319422
2234598
2175146
61022773
3057418
2951807
2709958
40777319
3305740
2618372
2518876
2283227
2819872
2601843
2219352
56177470
2896988
3871121
33260386
3163192
2886966
2810559
2547595
50380982
2783539
3207962
2165251
2456449
2361856
2477133
2151528
2794837
2178319
2844567
2452765
2728285
3132933
3001211
3418341
2826237
2455632
2128689
2252157
2713459
2710724
2008338
3864440
2015729
2307415
3028736
2217159
2457113
3100329
55587579
3588494
2243592
2341175
2131692
2684439
3545558
3312795
2551588
2018737
3576303
2843166
2226606
2795157
3107849
3463579
2517280
2646769
13277380
2867953
2612426
2324027
2204272
2812738
14990972
2872116
3801165
2609062
2169047
3011491
2154849
2850820
2340767
3377274
2814119
2632891
45022955
2336794
2087043
63869091
3574277
3375584
40655938
2674050
2443948
2845859
3718003
3208784
2339119
2486806
2037671
3500178
2064854
2251022
2381071
2667781
2377979
2276313
22924756
3076533
2815722
3826539
2419037
2226400
3499893
2542652
3303426
2226961
2461065
2722083
2387375
2033073
2388061
3380876
23110883
2001655
2142881
2602662
2153453
2153705
60047810
3358874
48158857
2456594
2041625
2118169
2770935
3437668
2729050
2544283
2542383
2782417
2509290
3559062
49979746
2515504
2653785
2342878
2170647
3466627
3598407
2004820
2885545
2491989
13070052
2903383
19455256
3584366
2446047
3069629
2309392
2582027
2332706
2526916
3109437
2563674
2478165
2833244
2159160
3373125
3107882
2909105
2998210
2429189
3143762
2861990
2415741
2606171
10029167
2099790
2075328
2343726
7852417
2983290
2329686
3405462
2432735
2936024
17047340
3532485
45398882
2752312
2994705
2430821
2646271
3104086
2205393
2291735
2223185
3122656
3487381
3284745
3514319
2574130
2147814
2530880
8621581
2977455
3378291
2155126
2748572
2605820
2000175
2852360
2226082
3733151
2161799
3257143
2445582
2372615
26892980
2567499
3627960
55725914
3541918
2125616
3452039
50547340
38497496
2078796
2340125
2337443
2956000
2733062
3541361
2684153
3219164
2379128
2653398
2429923
2409397
35503482
58594412
2964151
2058100
60514371
2488305
9068067
2229283
3014223
3221537
2842436
3467349
2367019
2248678
3175041
13982890
2541306
2153640
3628777
2419520
3196871
2872472
47483764
2003044
2005809
2269544
2652135
3096087
2194746
2824666
2917998
2183539
2994084
2234068
2730212
47797551
2716123
2499898
3190055
2592188
2763653
3097032
3608287
62382863
3072479
1997155
2431685
2492458
2106305
3067888
3798427
1998550
18922976
3200739
3178144
2179919
2297248
2575854
2011377
3033771
2315358
3245441
2520359
3436420
2245579
2385669
2560992
2408476
3065242
2607384
2275721
2065588
3203879
3763846
2240555
2791337
2459763
2450121
3319210
2489873
2271035
2745729
3430945
2081576
2032779
76675434
3492841
2840562
3619455
2542355
2935721
2132029
2393641
3343321
3400221
2678157
3602543
2781358
3723094
3012522
2227986
1998514
3207801
2160097
36065389
2173913
2256493
2632068
3661471
2088099
2077569
2926268
2075695
2600972
2462396
2450025
2646122
2256687
2176648
60808189
2811517
2423541
2273828
18641194
2201468
2743081
2684247
2495739
2574156
3098526
60372505
2795233
2459045
3256577
3058461
2173160
2070127
2234665
2918533
3831550
66739575
2942791
2016901
3420211
2155661
2832737
2097000
36432103
2162474
59432611
3544077
2491583
2184784
2550637
2060261
2647361
3096765
2712967
2182203
2805367
3359757
2538706
3003325
3224307
2624946
2120038
2236860
2044561
2165801
2693426
2357235
2714126
2350498
2545323
2958528
2399198
3767034
2015650
2062349
3510038
3207900
2101453
2188241
2246721
22878053
2876100
2584577
3260893
2268041
2467914
2180714
2277753
3099811
3129690
2680030
2312228
2524649
2649377
2836668
2872275
39477935
3187383
2025723
3418503
2754077
2317510
12288141
2218576
3635079
2344296
2767457
3174359
2676679
2508110
2580280
2672602
3097535
2536177
42949496
13082566
3964503
3382161
2939100
2142155
2261042
18514423
3832036
2418622
2817533
3758582
2159318
3546868
5802385
2298952
2433780
2674473
2549497
2117255
2243733
3542406
2545563
2136265
2202841
57920099
3096500
70688819
3169381
2971195
36530597
2070316
2160488
2544689
2532764
2814347
3731279
2294724
2926417
2339448
3353716
23132565
3064734
2403033
2354306
3139640
2121804
2854786
2134741
3179475
45113217
2016192
2029499
27456442
2035254
3477289
2089880
3356198
2710711
3618684
2702827
2945661
2672905
2858572
2600954
4642405
2457024
3134265
2017797
2891212
2667560
2121970
2536256
56048080
43090007
45486507
3739899
47557946
3120762
2644522
3754674
2364147
2192575
3116745
2831229
3672541
59310496
2164742
33252925
3168224
3322692
2713651
2785089
2253631
3099603
2835112
3546147
2084148
2643953
2024241
2612394
2737389
2350418
2016832
51021327
2562882
3458970
3141594
3657559
3026888
2976876
3402107
2056309
3173467
1996641
2688913
3246062
2417982
10766575
3358376
3222496
2855439
3279799
3297792
3853158
2415467
2203169
3025828
2138326
13768439
2406358
3304095
2258807
3323403
2363152
2395978
2290170
2690008
3047192
2322900
3177911
2099036
2621022
2787997
2942130
