2122859
2393120
2661340
2638972
2435050
2127605
2138149
2647283
2244935
2542364
3033618
2185800
3682234
2063514
2154378
2234754
2647857
2578837
2242182
2466124
2597901
2363328
3031941
3345292
2289076
3027378
2096207
2061887
2958204
2704572
2592754
2745175
2864401
2237013
3218570
2476198
3663098
2111870
2603162
3123902
2076244
2155739
3076926
2512832
2391905
2441924
2033202
3151595
2245081
3341749
2846580
2113618
2945066
2298454
2119172
2700280
2305871
3022447
3229700
3176056
2057670
2541992
2244758
3167882
2827276
2522667
2100982
2063607
2343715
2975622
2158291
2966340
2170523
3197917
2855036
2422811
2735209
2007388
2183976
2479767
3423942
2431326
3058766
2844744
3070146
2543907
3172193
2110366
2332440
2568485
2861708
3942515
3328962
3227292
2116446
2431585
2191058
2440976
2228128
2259608
2297190
2408633
2154591
3614905
2804865
2304070
2148367
3190178
3365328
3820802
2055551
2207083
2355420
2773656
2256993
2183447
2652908
2757186
2975809
3701259
2050874
2446247
2545586
3058536
2088312
2488413
3445667
3447242
2986460
3531650
2973549
3108140
11166520
2285873
2383686
2221320
3795626
3407537
2384680
3053751
2645616
2275163
2039020
3501864
2021196
2980972
2974614
2962035
2634381
3020965
2271300
2551318
3046105
2111329
2482539
2830565
2850890
2205366
2118726
2930297
3252981
3309590
2012951
2533840
3494993
2763650
2171390
3395434
2238081
3700787
2116908
2597075
2411313
2259828
2162034
2643089
3109994
2639434
2784586
3778555
2431065
2884500
3356478
2998924
3499740
2527601
2278913
2882069
3307958
2672900
3036998
3621656
2859268
2527004
2200461
2225658
2097195
2717140
3014898
2401874
3282877
3408589
2052797
2711964
2438852
2188755
2544578
2617288
3106770
2702566
2768456
2568096
2356624
3165039
2038093
2006244
2057049
2461466
2600003
2344272
3220572
2456093
2631987
2175896
3029886
2075172
2116486
2093907
2965401
2275886
2468458
2437346
2302213
3357716
2064630
3227812
2154662
2886029
2015390
3167027
2562634
2991313
2687758
3630706
2499133
2338332
2536136
1997860
2103401
2094684
2250323
2708961
2216864
3502745
2933956
2302894
2488841
2797385
3388662
3426431
2606585
2259342
2077942
2153560
2162528
2411485
2119290
2694850
2997806
3245901
2172019
2732162
2201704
3034916
2490869
2087004
2121553
2097352
3085708
2421426
3807185
3001636
2700524
2359870
3166952
3487744
2051063
2194408
2215230
3506099
2682637
2753037
2195623
2595131
3451021
2563367
2003799
2221959
2084992
2724503
2381435
2594843
2802512
3601336
2454814
2777183
1999785
3134849
2936866
3060963
2416355
2583074
2691928
2681172
2163076
2044320
3134814
2227713
3434171
2391468
2833918
2476397
2932565
2429635
3736321
2910972
2425051
2205956
2357542
2614716
2417637
2781440
3705872
3524853
3264459
2893952
2930903
2973075
2159942
2125418
2041599
2713984
3598864
2714809
2161490
2757604
3570208
2787836
3878356
2877076
2366528
2095066
2501538
2537994
3591475
2155057
2250290
10390467
3184628
2468027
2840500
2541785
2440052
2016138
2967609
2655455
2069261
2737546
2591132
3116289
2982648
2163344
2730293
3463960
3246858
3234648
3438067
2192628
2071603
2457499
3284431
2838270
2018144
2843142
2261490
2053025
2591873
3474932
2100941
2139372
2103657
3000871
2029405
2822579
2753624
2317797
3709697
3017304
2097948
2606985
2086637
3188507
2246121
2593008
2239216
2346899
3182511
2048441
2488664
2887499
2468995
2924157
2347447
3009088
2186598
2010281
2711719
2154336
2417377
3163038
3059660
3453735
2861335
2775504
2059238
2202083
2304164
2141479
2609610
2253009
3565854
2844327
2360917
2945512
2899044
9703610
2636643
2116561
2502865
3070265
2456684
2103159
2852510
3005569
2133466
3196873
2162224
2162256
2712318
2189496
3397792
2258803
3109709
2873567
2538241
2664268
2514776
2151727
2805443
3435051
2160782
3753067
3265721
2231237
2603333
3360743
2419498
2203653
2700639
3095595
2765925
2472290
2203059
2349832
3312646
2097908
2101746
2077063
2919678
2444303
2290578
2379584
2700110
2368359
2997934
2023294
2009978
2302405
3288396
2351313
2051070
2154052
2138357
3092756
2014192
2733591
3357188
2896515
2865384
3479545
3319710
2526997
2209701
2383972
2604123
2527982
2360121
2256493
2573032
2990758
2340927
3121561
2058275
3084839
3689933
2686738
2985521
3121857
3267085
2077631
2923739
2548292
2098591
2742561
3614907
2793578
3895216
2415856
2277559
2008689
2935891
2269722
2169863
3060008
2388672
3739957
2615595
2588328
2391443
2629317
2924449
2628030
3182615
2076830
2106066
3137272
2059353
2554006
2612198
2049176
2053638
3349163
2668209
2328937
2420262
2942251
2460370
2005414
2089844
2083264
2659575
3575907
2062983
3109825
2595757
2240137
2962592
2018834
2031103
2008674
2054457
2630893
2523075
3344808
3077221
2050693
2890948
3477062
2256776
3584120
3224285
2480378
2316562
2753053
2700362
3201039
2487257
2253430
2193290
2431927
3745464
2522164
2831606
3069680
2042479
2909022
2739137
3744561
2676647
3223008
2421116
2008941
2199196
2612203
2429148
2488253
3119035
2570725
2624291
2557399
2513047
3128536
2743295
3254692
3428207
8007859
2115320
3006143
2843653
3259997
2816830
3003661
7620134
2008373
3376470
2231290
2864343
2490684
2968056
2829651
2154787
2765856
2107088
2956087
2303229
2196654
3343211
2791096
3346720
2879421
2623137
2978121
2572378
2713508
2260851
2712282
3603326
2574953
2662548
3248960
2850256
2332144
2817110
3009900
2824882
2352452
2839396
2005219
2013476
2134372
2563793
2181675
2218856
2188688
2029630
2170408
2017887
2770670
2885925
3533988
3460579
2430621
3176333
3059235
2901563
2663575
2483126
3035630
3590954
2254537
2720912
2036347
2730573
2010792
3544734
2265179
2318039
2964911
3182529
2675017
2682589
2370069
5046616
2060771
2544785
3696613
3377826
3097720
2412391
2657574
2069593
2854339
2826038
2819306
2421189
3583729
2268366
2461496
2413163
2694562
2276209
2612205
2445782
2033578
2511435
3217986
3200163
3020391
2312419
2340232
2138451
2451647
2695700
3464378
2322932
3327367
2689695
2325645
2215528
3563237
2296437
2679014
1995544
2403096
2087519
3129750
3149437
2377829
3348520
2793249
2140518
2416730
3302485
2513989
2019555
2232763
3650278
3213493
2079209
2746905
2989733
2332443
2194754
3105336
2832970
2282334
3863577
3480931
2494906
2041447
2306885
2733226
3338069
2677773
2048116
3033364
2002564
2416528
2223255
2751931
2284868
2518093
2226498
2346473
2282219
2001548
2059391
2377840
2711495
2547280
2125329
2412402
2013990
2990384
2962055
2978648
2258209
3004567
2056116
4286428
2156910
3589175
2130521
2103649
3541252
2573122
2381304
2036530
2152853
3086365
5079515
2861649
2018202
2476890
2617402
3176019
2640631
3139446
2757732
2807878
2299732
3086094
2185753
3068641
2280507
3085926
2890758
3033222
2233295
3098776
2638568
2407011
2284825
2030063
2658610
3229940
2190191
2534196
2937736
2195257
2756827
2133289
2788047
2874007
2197642
2195380
2455070
3268673
2437179
3015980
2826026
3220323
2179152
2090674
2752149
2143893
2841066
2896007
2983686
2841277
2450249
3655309
3431195
2989645
3528328
2602281
2139123
3522493
2263870
2733508
3586992
2663615
2054118
2041219
2941080
2528437
2302911
2830994
2467118
3152851
2351529
2840424
2608303
3021140
2043970
2032905
3062937
2566134
2692084
2596069
2062711
2173480
2736028
2999841
2022213
2236907
2818759
2395114
2837976
2491653
3591716
2321839
2119895
3511259
2339267
2341230
2006017
2323255
2514264
3466314
2293945
2705932
2728775
2098337
2267934
2827158
2496138
2525819
3500582
3582298
2548976
3139292
2704510
2257144
3137177
2687572
3576463
2525667
2252546
2408091
2970165
2347395
2188026
2501581
2366537
3252096
2756753
2397768
3193418
2924866
2572060
3740767
2013644
3466135
2273150
2816055
2095707
2882855
2627580
3050922
2162584
2167397
2382284
2995360
2504235
2598281
2038737
2126741
2025730
2989030
2335024
2326861
3564702
2287623
2800399
2493697
2319758
2148249
2648359
2684571
2175675
2102465
2796460
2273271
2383503
2848823
2257710
2345388
3440109
2822514
2161802
2245187
3292214
2797468
2317259
2387444
2821296
3537310
3130601
1999690
2061038
2151944
2577024
2204490
2335391
2090544
3343697
2733473
2084489
2531297
2513548
2336824
3957409
3301299
2832767
3006161
2746293
2777909
2984664
2063107
2812925
3074798
3236975
3533754
2418723
2071408
2583765
2093569
3364543
2310387
2235165
2668498
3440810
2287208
2377474
2984334
2814604
3206695
3211433
2935209
3094575
2680372
2581136
2095924
2003908
2028881
3788021
3080422
2203965
2069511
2202986
3123104
3216150
2263173
3657774
3257313
3279373
2753541
2288361
2004233
3489788
2317458
3326442
2655392
2135195
2738434
2522731
2833404
2347541
2463802
2050957
2611545
2213280
2259487
2987056
2732488
2679360
2896143
2317519
2484775
2347483
2141899
2157808
2306213
2285225
2007402
3892096
2629641
2539229
2299825
3125714
2968820
2696880
3040424
2434218
3603670
3073283
3060926
2841847
2540633
2750673
2952295
2106143
2884362
2986041
2268514
2245758
2116723
2330432
2605750
2735565
2788607
2745286
2302205
2924394
2931746
3252064
2530997
2340794
2952503
3772065
3913660
2741730
2380446
2495849
2215324
3611442
2229361
2636557
2950702
2380691
2556035
2676131
2780506
3300739
2201470
2649408
2652017
2210318
2484556
3503420
2388554
2182852
2804913
2968031
2087198
2804218
6853506
2339126
2399075
2592714
2969568
3301249
2315321
3671311
2936082
3375379
3360425
2009189
2044063
2511747
2769201
3188396
3635169
2950037
3451462
2080210
2598662
2616938
3600176
3105062
2060103
2121973
2172199
2764892
2795437
3231158
2390463
2481565
2665181
2832033
3293560
2117534
2608619
2271072
2774707
2105246
2974341
2328489
2762383
3384869
3315422
3654422
2624994
2761566
2571178
3428910
2007248
3200629
3086702
2933199
2142250
2480385
2370745
2994381
2575478
2565378
2151306
2014415
2556921
3194585
2915882
2265808
3777236
2661349
2348813
2148739
2709515
2454503
3296255
2054726
2529868
2597754
2458935
2675211
2511514
3196958
2654365
2777444
6487538
3038235
2143015
2665111
2060617
3826329
2228858
1998567
2329406
3545513
3673083
3806423
2637816
2581664
2650249
3107245
2882605
2128207
2683650
3387807
2088385
3587913
2207477
2144475
2535300
3407581
2807142
2936304
2094904
2745567
2112868
2317264
2189315
2731249
3073984
2230821
3001626
2652242
2300445
2084453
2166964
2185633
2252229
2590290
3544611
3499389
2808394
2502486
2032132
2253448
2352532
2764925
2691793
2121880
2244065
2394233
3232845
2169425
2560128
2929924
2469760
2140686
2710385
2959240
2438938
2309941
2083866
3321903
2255126
3452820
3862124
2129428
2514814
2173398
2708375
3621008
2198594
3503831
2976824
2563062
2673538
2881353
3286224
3054248
2072199
2033893
2228852
2173021
3013091
2036999
2694567
2665815
2490558
2969191
3300099
2157848
2368051
2294509
2904756
3163376
1996196
3608317
2937138
2004284
2312527
3071781
3308134
2309367
2154295
2885739
3055329
3204940
2196917
3209349
3865564
3032786
2159425
2165582
2444351
2483113
2753033
2154758
2499247
3024092
2702664
2891722
2662970
2035295
3522579
2986207
2133532
2587764
2199437
3485354
2302910
2553670
2181097
2429248
2499250
2638447
2494341
3414851
2592450
2140833
3440674
2793336
2213486
3117048
3830586
2326698
2248706
2737045
2450237
2006183
2516220
3091859
3009563
3450762
3432833
2064711
2117005
2610791
3305705
2891684
3335024
2678250
2091532
3207428
2329789
2699211
3506451
3198695
2954355
3142723
2981845
3008893
3173334
2086648
3352642
3056224
2804498
2807410
3422818
3145253
3112491
2252476
2019135
2169197
3559622
2110137
2345876
3073120
2712374
2701721
2669503
2080000
2712116
2894506
2717229
2543384
2895180
2322784
2125815
3194621
2645481
2418180
2988435
3047328
2367938
2537648
2385964
3094554
2244851
2408788
2458435
2788779
2054368
2517217
2568399
2608198
2280046
2884101
2641549
2604062
2905231
2738547
2698633
2510011
2799719
2513665
2218085
2528738
2273586
3525078
2514168
2695078
2249160
2679599
2183286
2522885
3252999
2973584
2429893
3032271
3576521
3465794
2033767
2979104
3359355
3273328
3024150
2692639
2130842
2264402
2444756
3129940
2875106
2731780
2440762
2135528
2782878
2304967
3296432
2574268
2617748
2391233
2358636
2407270
2021435
2650221
2686225
3857241
2256718
3628585
2244006
2611689
2297073
2492945
2190490
2600081
2714394
2163110
2596754
2529004
2412220
3191459
2227077
3059614
2205875
3096271
2167785
2610511
2098856
2184878
2156285
2071401
3290011
2014168
3019340
3019601
2117956
2651069
3267115
8637892
3665048
2402773
2242581
2876627
2425015
2266406
2129788
2785279
2212709
2262771
2383691
3094024
3338160
3051235
2438724
2542193
2424051
2601879
3369748
2682129
2195936
2886940
2441633
3863765
3002690
2501760
2146699
2057532
2403125
2054513
2254051
2044030
2644719
2013073
2203461
2516926
2163306
3058172
3165470
2352440
3383774
3680410
2045380
2721988
3166588
2012490
2531613
2139349
2975759
2282167
2627078
2320305
2728503
2038218
2564485
6559901
2272139
2837738
3190292
2998641
2224216
3229558
2538049
2539485
2052238
2704829
2602544
2715207
2166715
2318759
2077154
2961935
2527730
2856403
2885454
3155464
2936132
2902359
2180709
2727927
3094027
2057905
2773654
2854417
2804394
3444901
2814734
2610814
2359904
2248509
3138077
2140059
2206948
2507164
2240597
2296371
2062480
2759319
2137381
2192802
3489332
3426803
2761817
2525123
2258562
2961733
3057619
3241387
2390596
2898791
2500358
2474568
2536992
2101753
7299672
3105430
2805985
2275811
2224236
3286642
3258228
2520298
2598574
2069994
2055728
2148778
2194890
2559034
2311306
2131521
2454466
3077320
3146181
3074045
2620897
2550178
2598121
3131583
2074324
2234448
2694134
3300943
2267062
2315925
2506877
2910796
2356651
2376272
2792057
2068518
2698144
2015368
2780355
2370088
2131153
3544745
2880700
2057623
2463919
2572919
2086991
3170119
2448744
2661438
2570051
3896080
2017681
2975238
2099092
2408223
7851041
3046996
2116455
2439368
2177631
3524812
3481209
2999803
3461127
7476358
2752382
2620357
2083437
2026831
2022397
2789727
2092555
2613335
2427495
3242295
2133686
2595754
2273857
3256321
2646612
2480329
3351659
1996689
3139377
2288616
3421140
2872380
3348946
3489943
2874903
3379454
2177975
2188955
2274533
2153013
2099600
2072232
2271931
3136522
2068864
2304278
2551825
2663920
2592933
3058722
2007644
2144644
2628960
2666317
3363467
2432400
3229317
2276198
2539023
2507436
3077999
2378040
2524532
2941710
2347766
2389013
3111592
3045690
2799789
2034418
2550858
2969647
2055477
2226197
2525763
2277398
3394269
3407828
2608565
2566801
3395069
2205983
2251631
2917659
2773092
2249541
2281948
2763953
3102323
2886197
2002868
3105484
2233170
3049687
2327082
3136946
2225468
3608889
2461704
2440262
2495054
2536311
2996287
2145414
2218292
3004089
2816571
3114101
2550220
2902779
2420368
2408170
2354091
3293766
2437829
3078000
3152707
3027796
3700064
2824769
2265351
3010812
2876490
2550598
2608371
3631093
2659165
7991828
3196356
2263340
2231957
3093841
3073479
2116073
3043656
2732926
2326932
3071437
2776650
2450525
2014377
3562488
2147283
3040725
2103169
2816333
2330691
2599553
2690422
2125253
2289398
3716777
2764553
2954391
2480321
2779580
3199339
3018114
2714178
3530753
2301981
2346898
2636159
2202208
2047052
2126628
3101288
2157184
2189013
3459976
2641521
2957463
3126565
3027626
3679152
2358692
2417162
2831841
3403245
2691464
2164153
2887423
2172684
2358749
2192701
2880000
2371377
3867496
2605932
7464601
3456109
3629623
2102652
3150934
2454709
2342131
2420964
2517533
3934434
2108404
2894491
2474871
2221407
2482535
2361272
2878087
2225658
3247675
2228027
2214740
2429908
3148894
2717276
3654739
3527092
2702286
3215239
2269666
2597690
2360873
3642182
2667611
2229549
2487406
2041398
3257462
3121974
2510092
2102065
3203800
2522684
3343913
3510869
3777244
2232266
2758515
2273852
2462865
2144433
3460252
2309486
2030486
2663499
2368445
2024578
3391065
2499406
3209814
2113220
2569750
3046406
2800317
3184093
2460899
3479780
2161909
2616057
2712069
2171448
3448165
2315522
2349529
2806739
3065269
2667916
2156343
2008382
2213905
2288802
2993568
3709852
3329725
2989665
2468572
2823344
2348638
2643337
2188133
2604134
2310089
3451918
2150367
2190612
2606414
3314587
3190955
2104511
3068110
3215462
3142902
2288077
2078817
2826684
2320490
2339888
2279469
3521230
2974129
2241389
2117831
2204167
2413985
3359742
2418325
2426579
2090276
3060205
2646275
3072343
2537723
2177785
2283277
2268145
2364234
2546342
3467796
2277822
