20 2000 2000000 2000000
1 10 1420225
1 1999998 1424226
1 14 1401234
2 20 798171
2 12 632123
1 6 1220674
2 1999992 581990
2 1999988 146993
1 1999990 1296218
1 18 1674886
2 1999996 1083307
2 1999980 784979
1 1999982 1553450
2 1999984 855885
1 2 716066
2 8 1223206
1 1999986 1867435
2 4 1304686
2 16 439011
1 1999994 1317532
2581 1403378 1999821 1277759
1697 167686 1997455 565048
2203 1236979 1996269 569705
1407 1786683 1998819 1145123
911 1534485 1996751 1095275
1467 1020370 1999695 1149747
2969 1815086 1999601 1673569
977 539016 1998459 1188817
1599 480999 1999229 728304
385 567649 1997015 1113383
887 411261 1997051 1448715
1529 199534 1996205 8410
3185 263946 1999401 1949964
1037 570146 1996885 502480
223 501714 1996599 343712
3273 968852 1998311 1208568
1671 762624 1998797 111893
777 241474 1999775 821313
1021 643919 1999051 888071
1983 1828494 1999231 1359618
2565 1940729 1997759 1338022
337 417753 1998005 52093
653 162230 1996893 1197931
765 192112 1997911 1540258
3731 501380 1999449 208022
299 1658877 1997561 628761
747 459766 1999585 362397
129 1364385 1999057 1301426
353 681106 1999031 1640632
1133 1145795 1996475 436565
1979 41830 1996079 640484
581 1119857 1998021 372122
1307 48157 1999143 914722
3005 1777309 1996849 1534140
3831 362694 1997329 1587766
1575 1059790 1998885 1538678
1271 1914822 1997607 248060
3097 479789 1997523 362345
575 1346481 1998069 1952149
2585 26755 1997897 1155345
1129 1468413 1997621 1388661
2707 570448 1996271 732623
1959 392549 1996881 1474553
1275 543289 1998057 1059339
3633 178317 1999085 574770
2577 860718 1999895 416112
3805 1387904 1997135 1348032
2623 841463 1997291 1998390
3711 334287 1996353 81848
2843 1555657 1997187 208252
1589 925687 1996857 1776999
3227 1335946 1996823 1215924
2293 261761 1997525 1211595
2431 1681821 1996059 1986647
1807 323846 1996365 448460
921 13073 1996973 717301
1791 519888 1999793 212019
3251 1677807 1997025 649134
1439 1636623 1997307 402791
751 1614350 1997931 435474
2569 1648742 1999241 1587744
1757 741727 1997515 1287961
2513 1304525 1998333 1055587
3931 680066 1997921 1853958
773 459606 1997739 1289916
2591 805877 1999925 280544
1231 136107 1999389 33283
3217 470014 1999263 537575
3683 1399074 1996985 1749487
2001 1338844 1997585 358806
1883 1404960 1999495 1244281
889 85481 1997569 1055141
3481 1281906 1997017 1458893
1691 279898 1997961 1481545
2639 848202 1998105 1707772
1437 559600 1999413 134765
1383 1563170 1997667 824245
3795 1587021 1999303 1575141
1615 625424 1997517 437350
3985 1254725 1997693 1740784
3853 80153 1999395 1508553
621 304115 1998307 737755
2109 1210247 1998937 148309
159 1645157 1999021 799275
21 1772963 1997881 700677
797 1038284 1996445 490025
3271 1881450 1998533 704519
3777 266414 1997537 149808
1677 1618825 1997241 1281949
2177 1136849 1996427 1711084
2021 553110 1997619 1419220
1441 1986288 1998189 40521
43 1534892 1999747 205634
51 468991 1999859 1696475
119 682924 1997747 564106
443 1478018 1997601 1912445
1163 1812160 1996437 1616376
2149 550780 1999029 994876
1897 64333 1997203 297155
3071 737107 1997013 1002773
3013 1184801 1997843 882441
2147 855340 1999161 443721
3311 1069232 1998577 909907
1795 1725910 1996963 106173
755 1753990 1999629 947999
3745 1120661 1997093 1431383
3051 564764 1999635 716547
2785 258103 1996447 1454619
1609 259415 1996385 1629967
3453 1865704 1999641 41090
2063 634981 1999451 693144
1913 1014725 1998115 803844
3793 685962 1998891 1046284
2703 1228207 1997779 449627
2891 1693971 1996813 1957042
931 785899 1998039 972238
1729 1074368 1998493 1730512
2117 217513 1997349 979467
2653 878861 1998441 1858882
2769 1803374 1998863 98209
1337 109123 1998355 162979
1295 712066 1997545 262069
1823 1009631 1999691 1557349
2957 631362 1999841 1693014
2875 250259 1997717 343729
2527 481070 1999979 972031
1843 170355 1998933 1618932
2531 394961 1998071 1846663
227 108209 1999147 1095749
3425 145855 1997839 1683091
793 1470825 1996229 492712
1001 1603556 1999331 493746
2385 1774656 1999999 617164
2761 1932512 1997031 1640909
1171 1709581 1996087 1320811
565 1521580 1996231 1747234
19 1490071 1999501 1902415
447 212776 1998821 1621939
2363 396517 1997751 785809
1725 1484756 1999091 428371
281 612794 1998783 1259908
3955 404718 1996407 122007
3387 979641 1998913 1023135
3663 377074 1997127 1885474
3857 1142768 1999803 1117518
321 1179959 1996575 195241
2057 1882597 1997389 903315
3191 1044233 1998559 77566
3949 1100249 1997053 458972
2809 1314684 1998633 289543
757 1724502 1997709 1450154
63 1122767 1996293 567679
3981 1715153 1998609 663676
1971 114019 1999687 227632
189 1756133 1998445 1271850
3551 465212 1998499 1300829
2571 1039478 1999061 185078
277 1621167 1998585 1414109
1945 406526 1996987 530210
2137 1370380 1996375 434321
3101 1538969 1997247 280134
769 499845 1997877 1812327
837 1324273 1997355 1307840
3285 562161 1999477 1099809
1721 1876861 1997647 377794
2115 775813 1997503 7551
1885 875131 1997705 699561
523 542259 1996577 1941639
3329 410133 1999611 651932
2981 1722264 1996583 15079
2593 1608692 1997009 1486200
729 1110687 1996863 509746
2035 1408838 1997075 1825111
1035 1795031 1997251 1531419
3091 233734 1996211 64820
179 1123046 1997279 1769035
1375 1891649 1996589 776869
157 1075504 1999223 1715872
421 1207343 1996971 1995379
1915 114267 1997117 1897620
1279 990848 1998411 556915
169 892807 1999499 1777977
519 489227 1996871 1849353
2941 1786953 1997105 782193
3769 1816643 1996829 309963
2921 1770535 1998461 1238474
1555 518115 1999175 236822
1841 1821088 1996785 933963
2077 1681797 1997889 369651
787 109479 1996709 786457
2023 1917861 1999673 878513
3303 1743223 1998601 116865
3515 1453127 1996129 586473
2249 1240652 1999867 1770038
273 755862 1998253 958343
2573 992532 1997547 1223216
2257 216901 1997337 114786
441 1523428 1997833 803680
1669 1986051 1999235 968719
573 608684 1997909 1013222
1155 533279 1999197 1818114
3581 1827902 1996675 412407
1989 1819364 1996917 1761495
369 1235282 1996185 519134
113 1528946 1996853 1086834
1101 799629 1999471 990014
3971 910652 1998539 360642
2449 237957 1999567 858127
2955 1299667 1996897 186839
577 1725454 1996943 1019254
1221 1090395 1998393 319111
2749 1085533 1997629 512317
1849 1988342 1999201 1629070
1117 1532210 1999785 365839
1025 1291754 1998843 1332029
343 1675008 1996775 1665196
623 1607456 1998083 1667045
3107 426898 1996223 895248
731 1388102 1998063 1990773
1075 1725671 1997891 1378215
3455 462810 1998785 1688052
2659 35855 1997131 497476
3395 151105 1999949 786538
2003 638835 1996643 820091
49 1612754 1998215 581034
2563 700090 1999733 622088
2253 711734 1998655 831818
2195 52989 1998103 150988
219 662460 1999483 1628597
3801 387020 1997179 669528
93 913043 1999295 443787
631 1442295 1997335 1001653
1647 677797 1999741 373678
205 226049 1999427 1584543
2475 280075 1997235 349945
1845 49396 1996103 1282950
1739 48243 1999269 205375
3369 1313220 1998199 422021
1633 724275 1998179 705431
1059 1365706 1996843 194463
3359 172337 1999851 738479
851 921051 1998555 1914660
1639 499518 1996161 1192754
149 3330 1996381 1637804
173 904310 1996297 1407319
3189 1906946 1999977 1565402
215 1150506 1999461 1687396
1901 1160949 1998455 1159643
1011 281354 1999123 386643
2739 1018976 1998385 919938
1245 47422 1997303 301687
3037 94785 1998977 807806
1793 219173 1998781 439049
2815 284538 1998405 1791693
549 1749205 1996195 810895
3441 404410 1999221 97296
2365 1414054 1996887 1908373
2395 1884992 1996371 1081583
3321 1770545 1996367 374929
365 217971 1998407 1646360
917 1597183 1999901 989582
2857 1647336 1998761 1910774
3941 233173 1998705 149995
2637 754359 1998583 911973
809 361531 1996215 528653
3507 133419 1999119 549292
3749 674283 1996997 800325
1141 1265885 1997373 567267
3855 551202 1998991 1553872
2259 1866319 1999441 617600
1717 538916 1999569 713083
1389 1322427 1999219 588095
495 1897037 1999195 1694033
3775 1813214 1997473 771996
1747 994991 1996485 1491122
383 707779 1997147 617539
1611 1333995 1997451 1459708
2987 1551280 1997567 1654052
3849 1543097 1998661 452201
1067 1355538 1997875 1780156
1605 163301 1996521 1975570
3161 1224515 1998503 218221
1041 1245300 1999743 543478
1195 1981397 1996789 1617121
1241 1782992 1998167 612966
2799 1959918 1999711 469086
603 1554133 1999129 1501596
271 121735 1998211 318203
69 948528 1998915 732144
571 176429 1996249 1686850
1373 701768 1998951 16709
1753 1277173 1998795 521178
3085 1849135 1996961 1647388
1621 1702158 1999787 1105193
605 511169 1997249 1965546
2441 617456 1999153 50801
1511 279124 1997113 270927
923 1632688 1997643 1407449
1719 418637 1997003 508345
3103 530534 1999745 1258395
1087 1083174 1998331 698983
1549 1564737 1996243 964588
2055 840318 1997639 1647246
3003 1819586 1996531 211778
1547 471548 1996933 930976
675 564165 1996287 1345736
2529 286106 1999749 288671
745 1868268 1997205 729879
3807 388883 1999587 1329969
2905 1409541 1998997 344670
3233 717856 1997609 295877
1161 591917 1996291 1179861
427 539220 1997539 1234036
529 1127611 1998687 1810625
3159 1688473 1999917 1854791
981 1237781 1999187 1191667
1365 1906206 1997371 767398
393 476140 1996493 244527
1623 1703144 1996515 263865
3533 871000 1997605 1268396
3771 682735 1997153 1523271
1995 1844961 1997795 1364364
2773 1052820 1998335 115817
1651 859007 1996767 1293526
975 156499 1997509 1896286
2205 1591655 1996645 675123
2603 1543834 1997467 1974021
1031 1865656 1997541 1656210
3595 633830 1999191 995776
1409 1431291 1997593 812759
3047 841655 1998667 419638
1479 1464077 1997853 679011
2851 21637 1999439 1730921
2041 171204 1996539 1701559
3719 1882579 1998087 612488
1925 1475286 1999669 579078
999 1111155 1997149 176402
657 536961 1999419 1511274
2125 621237 1996307 455477
873 976675 1998857 1104109
3315 461919 1996759 413764
2029 876288 1999557 159832
849 1821724 1999955 221966
2165 703593 1997649 1422918
1273 798231 1996141 964853
2181 1115952 1997719 1878018
3349 130394 1998353 1705598
1951 417307 1996135 1210959
961 1913421 1998421 32525
2159 945136 1996739 1827632
3873 28551 1997863 401089
2403 243165 1998283 342351
2123 1500134 1997861 994334
1657 135620 1998321 676950
2795 401999 1997461 1998808
585 121713 1996713 280642
1523 717578 1999879 969512
3585 1294138 1999995 229657
35 1187306 1999921 2564
2507 1821064 1999445 1349975
1315 652930 1996301 1498444
1333 435198 1997973 980343
2011 1445667 1996651 1891079
3195 1275725 1996703 1253095
2097 1632331 1998463 661088
3139 579517 1998033 1240078
2405 41801 1996953 116514
2949 566608 1996177 1310926
2331 329758 1998665 924556
419 1253861 1997519 134672
1351 673466 1998617 1658848
1643 664812 1997993 497818
373 746493 1999623 1477536
737 1548711 1997365 81379
3293 1897613 1999935 647397
2409 1995015 1999293 757251
705 458074 1996359 1900487
3599 839310 1999825 642908
3257 819222 1997163 896919
2651 1657269 1998985 1196104
687 165528 1997453 1453193
819 650330 1999667 1489752
2533 554723 1999211 533257
2201 277242 1998183 1124402
539 925893 1998443 662307
1029 669996 1997281 726769
387 878718 1999447 285905
103 373380 1997097 1851318
995 509296 1999869 407229
1265 1774172 1998895 1915914
2631 1282249 1999885 1175846
2327 321236 1996023 1328411
3135 222212 1999779 254973
3493 986093 1997259 157280
2341 622613 1998967 1379611
771 75556 1998295 395829
2271 1951953 1998563 238548
3365 1156735 1999493 135559
2189 1954385 1997299 1851547
1727 738965 1997165 127418
635 236334 1999659 148721
1079 216167 1998007 1407746
3945 785609 1998243 533786
1137 700553 1997755 104163
1169 1091032 1998653 849300
3597 1922511 1999035 1571050
2501 1253777 1998567 67332
3733 441101 1998263 387190
1395 1630024 1996387 1136352
1999 580943 1998689 1471752
1187 1281143 1998315 809276
131 392986 1998897 1318377
237 1713315 1999619 1365250
505 217110 1997901 1228802
979 431605 1996241 622941
3799 520990 1998025 504935
3213 1722678 1996501 1004247
3127 1585525 1997183 1745805
1207 523435 1997941 102792
1661 1970345 1997139 802785
1587 127520 1998469 1190298
3489 329303 1999287 1787240
147 128693 1998879 991296
695 1220062 1999335 1996926
1937 1347452 1999393 1409234
2459 1114482 1997589 907529
2621 843860 1997549 1153096
2657 526257 1998351 672042
1309 1676504 1998893 1064478
795 704161 1996441 446798
2135 1993306 1996847 422164
1779 1750282 1999103 903279
3825 424239 1997029 791952
1261 1353535 1997905 404667
2609 621358 1997733 1525278
3863 1143105 1999997 765205
2721 1406735 1998637 766008
987 826498 1996417 947629
2383 1595950 1996795 1087497
2909 1478323 1998075 403224
2689 1038387 1998673 1499087
1057 1658047 1996393 1550224
317 1818028 1998497 963698
1965 1499887 1997511 489864
865 1855830 1999339 1720838
1707 572683 1999649 1771614
679 713880 1996605 880178
1147 1482587 1999575 1646415
1197 1156733 1997673 1872575
1481 566640 1998213 373876
2535 181222 1999771 1581778
155 775051 1998877 1035132
3887 1824269 1999209 709882
983 829471 1999015 1705006
3371 85000 1999217 627395
175 31488 1998093 697838
1563 1800193 1996667 1280521
3033 446121 1998955 290316
2729 1137448 1998339 327615
3029 206401 1998301 1646180
1313 263484 1996163 429416
1539 164456 1998835 1920227
3383 530586 1998345 1801345
2143 355603 1998807 121030
2355 1283832 1999699 677843
1127 67184 1997507 1431547
475 519883 1998049 97959
629 1363102 1999437 1567947
1429 697226 1997799 1401495
1417 1956585 1996457 856030
949 473744 1999813 1240805
953 1627980 1998341 1153078
1153 675480 1999653 880039
749 1926044 1997445 1572908
3491 1967517 1998067 649447
683 875928 1999111 776448
753 368695 1997821 473373
1443 692456 1999193 771769
1833 1166310 1997161 241960
1577 1476535 1998381 1924034
187 1479696 1998611 1771850
3009 1887576 1999805 1504788
845 290355 1998029 993281
3173 1570989 1997439 1945082
2093 1242206 1996659 238838
3609 1721501 1998177 1750227
2861 725785 1998881 739743
37 1089493 1997295 784346
1287 1440627 1997437 148381
3325 1019805 1996233 1378210
263 827339 1996705 772711
3419 1690101 1997637 1849935
3511 1648794 1996165 1794497
1323 645704 1999341 1740442
3623 336125 1998873 355067
1603 1741301 1997047 1003154
2481 221206 1996693 1584182
1509 1535971 1998187 636134
841 1123002 1998113 254890
401 516556 1998883 1997619
967 21736 1997735 1344678
1081 1645042 1999115 1116079
1215 1938522 1998089 1725695
2319 1272314 1996877 1661728
3909 743146 1996273 131387
3479 831550 1996763 1366248
3989 373613 1998251 7754
1593 709400 1998471 449785
1957 26335 1996597 604727
1765 1818285 1996283 822045
2549 893309 1998697 548530
2579 132247 1997883 1258504
3231 1494034 1999647 1555893
3375 444698 1999633 1533279
25 18443 1999155 1709246
85 42185 1998111 730897
2391 779844 1999379 1768377
3427 1482326 1999839 356881
1065 1607033 1999037 337920
3357 189749 1996991 105752
1985 1542960 1997477 614713
255 973794 1998805 1523536
325 1491856 1996553 1389493
3229 1420947 1999891 675048
81 105798 1997169 1723617
3143 1768282 1997475 969036
1683 1990472 1996613 90186
3199 20997 1999931 440121
257 485442 1998225 765033
1703 1156338 1997811 1143757
225 672144 1997409 1610851
1973 87735 1998431 360999
2263 845898 1997571 1020453
303 200449 1998521 1262239
2113 10646 1999133 402298
55 87946 1998581 1829377
3201 1645156 1996729 1023089
3885 1624344 1998969 1031100
289 659223 1999053 1051902
3145 1211012 1998963 1844511
395 1808528 1998537 882221
645 903501 1997305 1534871
2303 1284574 1999595 99251
2667 1556481 1996131 1473115
547 893999 1999953 787339
2455 412422 1999213 1552936
1693 310804 1997551 247309
933 378286 1998849 934376
3561 210434 1996459 829734
1811 678503 1997823 625339
3591 1744478 1998055 1685304
3089 67487 1996265 1423474
597 1167602 1998719 497515
619 1601419 1998767 1932208
1405 929870 1996207 1355330
1433 1380764 1996793 433873
3815 1742274 1998031 1276120
3713 119859 1998347 109079
2429 1596991 1998887 1503605
3169 1444824 1997119 1355510
989 249184 1996181 913567
1689 370980 1996127 1952449
1477 1146504 1996639 1214325
197 849652 1999169 1960505
2997 689882 1997957 1290679
2881 810156 1999417 1053757
3709 1755917 1997197 786813
775 658897 1999609 678897
1247 140549 1997289 175610
2587 1245806 1999131 1257936
2989 1617046 1996197 1678295
2061 720137 1996679 83862
415 534141 1996413 7064
3249 45586 1997217 1396426
2111 654782 1996929 1737185
1581 705719 1996815 761178
1917 1220843 1999819 327797
3841 231103 1999513 1712493
1191 1032413 1997533 1292847
1427 1835276 1999519 249248
3619 275878 1999355 1504427
2393 197081 1996067 683785
1781 1585510 1996295 1907558
1243 866752 1996183 108639
883 1306462 1999475 604692
821 599223 1998615 1802468
2153 1091005 1996741 598336
2357 1433101 1996915 1691973
3065 1860716 1997123 1661484
3397 1521551 1996355 1082582
1259 118039 1999645 1865117
3779 839275 1996469 1368749
707 1457937 1996011 621635
2865 1673342 1996299 597096
2175 1437604 1999763 1482495
3197 18207 1996003 934423
3405 161463 1998193 905812
1541 1754350 1996723 4971
1681 119238 1996989 800577
2223 1269697 1996075 40541
1881 192351 1998117 617231
665 806132 1999361 795887
847 1259733 1998197 1057887
2183 1520620 1997457 903691
2685 490867 1997553 925147
1699 482306 1997929 974329
3305 1740160 1996841 614661
1145 1291000 1997817 716947
269 1873375 1999639 1248454
1931 912088 1999403 1472015
2697 1062504 1998403 545163
1505 1615898 1997923 483780
2287 1418697 1997285 670400
2939 150744 1996503 1411872
2083 1990533 1996511 556754
1 837826 1997689 2425
2735 1786271 1996941 1907385
1149 1083968 1998901 75577
65 423976 1996771 1270923
1357 1557494 1996289 292429
2705 1313061 1996433 489959
1675 783170 1998789 1789717
3907 1607225 1999989 750771
501 1204937 1997267 1193330
1131 1941982 1999877 564258
901 798971 1997775 1033387
857 1046920 1999845 181565
2539 1268822 1999267 1762778
3659 479633 1997283 1454065
1119 1434566 1999861 603657
1361 1707294 1998261 1865181
3473 774468 1999353 1544444
39 999578 1998053 890504
429 572301 1996443 1532374
1947 1500674 1999257 1194755
3687 380970 1996373 584938
2227 601971 1996981 1950428
151 1346809 1999351 554913
1475 1878895 1997253 527953
2991 139360 1997969 1023803
2683 861869 1996363 232412
2295 835469 1997325 1818560
659 1118588 1998245 543796
2553 822260 1998217 104416
801 828752 1997033 1093371
941 177744 1998923 892044
1157 110245 1998161 1716567
2747 1522233 1996267 940800
3265 949063 1999163 282413
2517 1588880 1999473 336876
3993 1032330 1998685 176766
935 1825031 1996579 1488531
1723 1693203 1999159 873529
2801 1568055 1997111 552465
997 1957931 1998619 1130671
2425 1566555 1998631 1210309
3747 413896 1997803 1259236
29 645332 1998391 652189
2859 842154 1998475 860014
833 369603 1997071 507737
231 1413055 1997367 1979712
3957 233250 1996655 44273
1543 1616648 1999689 1395938
1285 1005379 1999181 814587
3307 1773393 1999835 1740291
1463 291132 1997487 116748
2269 471640 1998815 492981
229 925886 1996677 1700108
3163 1961952 1998625 1071489
499 1996435 1997433 459381
2629 1559934 1998553 95279
1513 1554598 1998859 1121323
1483 1267813 1996401 86398
1613 889086 1997521 1952413
2847 645234 1999139 1550505
3875 836454 1996629 165633
2789 1061080 1997825 572990
1665 559859 1999233 1597921
1741 67804 1998303 1662196
1093 1619485 1996247 1878868
739 90600 1999671 812580
455 1048431 1999727 1085506
1787 838439 1996523 102602
1425 46662 1996925 61954
1257 75683 1996975 1624699
199 1361123 1999421 1627080
2839 1894794 1998081 1571997
1763 526779 1997481 1495972
3803 107230 1998513 1295049
3865 1473901 1997101 792120
41 1804842 1998647 1120859
217 1500313 1999135 1871464
15 578970 1999055 3144
3255 388223 1999539 323736
2235 1165927 1998337 617244
1591 228102 1999405 1926901
709 355840 1996389 1737986
1045 252176 1998415 1352526
1305 969507 1999739 1383464
3569 313890 1997245 977788
3765 843527 1998191 918694
433 1132475 1996261 1990986
3063 248752 1999723 1078130
1109 1671700 1999657 850942
493 608389 1998073 1031998
2601 186645 1996839 1776136
2445 1606750 1999643 1877918
3991 1434866 1998377 967756
3165 1729780 1998181 1311633
599 822220 1997543 1519838
2451 1078166 1999179 1357647
3215 1307148 1999059 690787
785 893181 1999721 446335
1237 526081 1998123 562773
3505 54624 1996285 573279
2317 91488 1999959 1311832
891 49791 1999525 1251320
2247 1041569 1998239 17170
2413 1329837 1997791 1012796
1877 1662892 1999509 1320292
2281 787678 1996305 643251
1507 635312 1997193 179351
3833 191441 1998657 892317
2983 60379 1999677 1528063
2687 1024895 1999729 699005
2971 271530 1997499 1604369
2401 1865897 1997801 1171602
1193 687097 1999777 360036
245 1689433 1996565 1908641
297 74789 1999011 1639312
535 640057 1996257 339342
2973 907845 1999067 1590765
2151 1945146 1997319 1945522
3131 1511927 1996555 1921599
3291 1748310 1999377 1839743
3283 1526794 1996005 389766
2345 1778268 1997677 624163
615 510820 1998753 131129
3525 455140 1999875 1807310
355 1148455 1996939 351790
407 687777 1999969 828733
2419 1948313 1999849 1529013
1919 664605 1997633 1971376
1987 813231 1997311 1331896
829 67519 1997851 90052
1213 453796 1997943 217763
349 1805297 1999239 153909
2197 1271342 1997655 53307
2367 901460 1997687 985349
907 672371 1998241 1421942
3951 361478 1999151 1356011
2963 361854 1998267 24715
1813 352545 1997039 552073
487 1131004 1998269 23450
3099 1539294 1997513 700738
2913 498365 1998645 211763
3149 1889677 1999033 21984
2543 1538369 1997837 52732
2315 84205 1999375 582051
2899 1425228 1999971 1380853
201 750750 1997807 441471
655 574832 1997767 1310946
2559 581319 1999735 1922212
2039 1175875 1999683 495746
1687 829405 1997683 881525
3557 80094 1998479 1118536
1735 597694 1997263 604730
2671 1415837 1998153 994791
1431 748841 1996733 976794
409 1301493 1997465 546618
3649 1270128 1997763 979374
3345 1115511 1998869 592942
639 362128 1999707 589558
207 630498 1998745 282563
3817 429095 1997657 140716
431 577168 1997353 581794
1569 1270163 1998129 1332994
1099 1069994 1996013 1452920
33 774961 1999857 1486632
1991 884159 1998757 1434673
651 191497 1997627 319850
2965 870009 1996193 1289183
3917 993908 1998589 974590
491 312297 1998949 1304223
3157 1316592 1998679 350059
1839 41363 1996947 1024903
2691 279136 1999853 18089
611 1750191 1999453 744466
1601 1222825 1998809 1163917
3691 1912495 1999981 1947601
1091 1531829 1996043 1693787
2335 126289 1999369 1718430
2469 223231 1997347 87588
711 576282 1998683 681959
2155 271294 1997679 1817022
3935 463369 1999479 1040947
2347 1068735 1998095 1454291
3837 1345287 1998491 1303411
3681 558663 1998999 716198
2805 1755666 1998663 665159
3669 28940 1999985 1717009
1673 1082363 1997963 1947722
435 1224117 1999247 1243507
2289 841678 1998855 361354
91 665187 1998945 46639
1837 452728 1998279 1632305
2373 925614 1998013 280623
681 102389 1997091 1245425
1473 1205041 1999315 1964931
3331 261257 1999145 1073321
3277 1054555 1996695 1360869
295 881906 1996905 1971390
3417 1724913 1999559 1914524
591 1966586 1996807 894161
759 1335274 1997109 1051117
1653 453781 1999007 1542353
485 1544421 1996481 649659
1537 266286 1997785 1303260
3987 1496558 1996137 1737703
1325 276606 1999799 1376908
3457 1414870 1998853 771698
2663 1926700 1999919 1516945
2267 1214641 1997221 1504512
2069 772767 1997995 806904
3637 1643096 1996571 977420
61 1380943 1998487 149429
3031 1027283 1996837 1223668
613 1479238 1997947 942376
3401 207610 1996787 1151960
2399 1329639 1999069 1528226
2211 899701 1998775 1659964
3611 1764191 1999627 1626918
701 64563 1998019 855292
3761 916724 1998001 36957
1419 1158840 1997497 1360404
3871 1614698 1996913 1817036
1317 924832 1998675 467120
2869 1662930 1996143 387531
3055 711803 1997271 268840
2339 1610634 1996625 588940
3661 1120311 1996967 287591
861 1234202 1996019 9037
3017 850791 1997401 1035559
1501 440390 1999319 347534
249 645697 1998833 1399262
1905 657260 1997199 805859
2389 985134 1998799 1829790
691 1178781 1998361 280444
2615 399614 1996017 1389898
2243 66077 1996859 912738
3333 3360 1997391 459551
2525 189031 1997079 1849786
2489 1755994 1999579 321889
1891 1294088 1996833 299385
2903 167761 1999279 1699713
3867 1785706 1996157 1175715
1557 734899 1998107 592326
587 251513 1998343 1776250
2027 1281897 1997741 1550053
1461 1541598 1996561 803190
1867 237724 1999789 1826794
3653 751916 1998839 1420345
3627 1033627 1999299 975181
2743 915351 1996529 867918
885 1287857 1999273 345165
915 921378 1999345 391371
2025 1862077 1999359 1556500
893 1050055 1999801 1882141
3499 962663 1998693 1434587
105 1588851 1999095 434990
685 350774 1999527 703461
767 1069995 1998671 1912515
3667 1536069 1999365 923464
1269 1444204 1996361 418156
3193 88697 1998677 40211
807 252118 1998607 287223
1773 1947720 1996455 879465
1819 127381 1998763 696571
971 1934186 1998235 1239366
3697 1962670 1996779 1359683
1189 1310315 1998299 1375916
537 1848588 1996507 1671078
2883 846876 1999615 1586172
1173 38983 1997925 1042072
3275 142243 1997893 114648
285 754224 1999547 516579
1105 1826102 1999311 1005549
1769 1089694 1999173 1487404
3237 1103290 1999099 261176
3827 1710608 1999309 1214437
3503 325582 1998801 1922000
1829 849301 1998787 1174182
531 76881 1996311 200996
1921 1594486 1998451 79757
345 999571 1998669 1340514
1777 1119855 1999731 776579
929 1375724 1999807 1368585
3393 1176735 1997953 848040
1759 1996671 1997243 1477891
3573 1799823 1998201 328137
45 769475 1996041 471526
3261 900619 1996747 1613065
825 1240017 1997459 1972158
913 366917 1999811 267478
1631 1631600 1996399 1358434
835 1349187 1996063 517257
879 961176 1996029 460188
1435 104936 1997915 634275
2873 1594997 1999415 90957
525 1811947 1999863 228987
1329 508950 1996313 1062942
2699 1515167 1996573 369749
1751 1751096 1999255 1044090
359 88594 1996007 350090
1585 1299140 1999079 159457
2323 1083049 1999075 1773869
1733 1878003 1997219 297026
3563 14979 1998365 545844
991 24858 1998737 279658
1175 4433 1997463 416236
3469 1167492 1999933 193791
1055 798528 1999171 449249
3095 1307369 1998811 1499679
3435 146287 1997155 654148
2763 542868 1999363 172931
855 602514 1999215 1856250
3639 466590 1997277 1229705
3655 593336 1996085 187998
2179 54024 1996865 1252756
1047 506414 1997563 1434764
2497 640113 1996167 61723
2087 247976 1998401 1992429
3531 799268 1996611 819832
3069 87266 1997489 1558981
1255 1555898 1996777 1833526
2417 376956 1996495 1198933
3243 1494722 1996665 1597007
389 113846 1997529 999561
2855 1107401 1998169 1739667
3975 1976812 1996517 918432
3137 701296 1996081 870936
3869 1445964 1996899 1271597
2375 1246808 1996189 858338
3347 1386993 1996027 384313
2547 6750 1999177 514355
3281 1069504 1996331 464273
1821 1567782 1997087 1524311
1711 1688889 1998509 1818832
1319 1088036 1998911 1116174
1825 1718899 1999591 727635
95 974986 1998473 1311632
2519 822758 1996421 489799
3317 273814 1998223 1843610
3477 1008893 1997713 1302280
3549 1341541 1999301 536894
1391 301460 1997773 798775
3919 1146816 1999517 1470976
235 319051 1996225 166792
1167 1539819 1998973 889266
3685 809538 1998501 119783
347 298486 1998643 475865
2277 1677273 1996827 1569358
551 1159031 1996035 1960007
1521 1049979 1997415 772602
3613 1046788 1996031 1437873
3205 1098394 1996015 242381
3129 413949 1998203 676585
2709 1778969 1999227 1430099
2085 1492887 1999383 50076
2133 501471 1998259 1327859
2487 317394 1999489 482194
3073 1637664 1999397 1388801
1311 252461 1997321 1548665
3631 1070963 1999951 1872111
2893 1949035 1998587 1627470
2313 439723 1996339 833141
3967 1583604 1996609 754950
1421 1840827 1997575 299671
1071 243424 1998255 1376841
2643 1951455 1997383 1946505
3819 1481674 1998329 1548202
275 1610763 1999459 1458003
2237 1426985 1996219 843943
1027 1902827 1998027 1695337
1635 966879 1996661 1307244
2715 141450 1999715 47906
3851 245400 1997613 1595335
2599 1642567 1997727 904222
2421 272074 1998011 360973
867 78678 1999023 611819
3715 73095 1997269 593089
541 191350 1999651 529064
2435 4158 1996883 1967119
521 55773 1997951 1359642
1083 184889 1998373 1020366
2225 103800 1999125 1113061
3407 922564 1996423 169287
3177 981132 1997873 1764345
2423 1720422 1998771 732106
727 1796958 1998171 1731295
265 1051627 1999599 238036
595 34198 1996937 1112654
3443 1423263 1999515 182360
1617 332614 1998681 1869304
2741 1339849 1996083 1765230
1961 1549321 1998297 1624393
117 1775356 1997413 1188887
817 996879 1996525 1094740
791 358680 1997407 1726607
1341 359717 1997223 45212
2005 1296696 1999141 1534725
2015 866173 1997089 192749
2321 130233 1996979 1576385
1737 445516 1997229 153800
3207 893971 1998507 1276145
2617 1205139 1996737 214925
3553 1055088 1999909 1873336
243 1971424 1999663 764149
3575 289123 1997363 1506768
3757 1586232 1996051 643317
1387 1559673 1996021 459732
3355 469360 1997421 1155666
1527 821173 1998379 236889
3737 1547472 1996761 1444572
1809 1713025 1999661 1706969
2447 1408822 1997447 1374941
1013 57155 1996685 1849504
2541 60951 1998925 1144989
2221 1142099 1998597 1349688
2825 1324120 1996851 1248635
2297 1028628 1999903 823248
509 1447984 1997663 322034
717 56456 1998483 1274840
779 853141 1998827 588016
3571 1888486 1996435 223576
2803 698042 1996533 1961625
2745 19960 1999755 1302323
1003 757401 1998465 1322
209 1184899 1998137 1475332
305 559586 1998227 565897
1223 24551 1997213 1518349
2647 1642630 1998561 1964174
3167 1957867 1999105 627363
1359 691632 1999913 34794
899 1540335 1999281 1403522
1447 1599568 1998017 857704
3239 610943 1997813 1139100
2779 270779 1997189 1109773
2595 971955 1996321 1325770
1291 1405642 1996323 1874412
1485 1652399 1999961 1704880
805 255065 1997917 869498
1515 451682 1998125 668352
1597 775758 1997327 1039515
2121 1660506 1999893 671222
2907 840896 1996753 102254
3513 911959 1997711 1597121
3889 922260 1996765 18993
1219 1779208 1996077 1456547
2919 449758 1997341 940111
2325 1478304 1998257 1126753
3927 1441895 1998829 1294898
3403 1934727 1996977 1770493
517 1023097 1996641 1333186
461 597108 1999081 310503
663 1024290 1999911 1032444
2397 1981339 1997573 84419
1229 533650 1997211 1167309
2935 997139 1996999 1542304
1943 517320 1996147 822941
125 1554609 1998525 427295
301 1887896 1999603 918378
2065 856611 1998639 1556917
221 1331688 1998765 289808
2387 57028 1998975 494658
3559 139733 1996139 1750823
2695 1691497 1999199 614718
2835 681194 1998313 1746642
3187 812693 1998867 1658860
3351 554832 1996591 7439
1525 922865 1996497 167164
1799 1581901 1997313 625120
1531 140117 1997393 250398
3767 400699 1996039 1292789
3295 994915 1996927 1987324
1135 1783835 1997157 1511343
1103 735085 1996801 485025
3689 241064 1996891 364585
3133 1357097 1999117 1691545
3605 1708581 1999101 1098327
1805 151608 1999815 889163
3883 1669272 1996781 873563
3209 294494 1999045 1043944
2101 778676 1998273 472643
437 372423 1997565 1299689
3253 781875 1999665 1717209
423 1902860 1996315 646688
2575 1144534 1998557 1679549
3105 1341464 1999883 1685480
1573 174204 1996809 1131471
3601 1979322 1998079 201735
2911 690614 1999983 499698
569 421842 1998735 1165406
1859 238029 1996101 624233
233 874035 1998035 1372082
1353 33845 1997011 253511
2485 85285 1996213 1702999
593 1422483 1998133 1654304
3973 986216 1996911 1629835
1685 363103 1997059 1318431
3245 681127 1996867 294058
1143 956850 1998903 1515125
2207 1030147 1998531 350340
799 1555055 1998163 771913
73 1381466 1996047 76701
607 1651735 1999313 1854499
2187 560477 1999025 1213047
75 1338667 1999409 685984
71 1108653 1996637 1322405
3147 1550925 1996171 1059393
2079 1882300 1997137 373938
3913 1591068 1999783 1198384
3721 1380236 1996391 1190054
2349 220836 1999325 1028773
3787 989792 1998875 16849
583 1462961 1997935 1552807
3153 633232 1999189 1441414
661 1548535 1999987 254397
3541 896367 1998649 1240385
1051 1313338 1997471 1715993
3247 275239 1998845 872355
1815 678164 1998397 1651150
3319 93188 1999337 1398419
3625 1486608 1997559 1807995
831 1896191 1998523 222572
489 960205 1999523 1897253
3025 69396 1998065 1449735
2781 245059 1997671 1610594
3603 679257 1999507 665972
371 1102709 1997301 1149842
3921 382058 1997257 900469
735 545562 1999469 1316029
3519 1264304 1996879 69268
287 1961988 1999581 326113
1205 336362 1998995 1288609
1955 205476 1996113 1662780
1121 1376657 1998791 1294117
3517 1649650 1998495 1045966
839 1012644 1999113 393980
1371 217698 1998457 1820788
2031 1201186 1997167 91260
1571 945945 1998841 1008778
279 1737866 1998769 1861349
503 659530 1999465 486293
1043 701500 1996489 1470946
2979 1560726 1997787 760097
3763 383016 1997345 1620592
195 1086976 1998993 1478641
803 805609 1996419 1291558
609 1793175 1998077 1125462
167 999304 1997417 1834087
2927 1712733 1999899 416145
2433 1866142 1996957 1743132
2567 788493 1999939 1399740
2463 1140839 1996403 863707
2811 303085 1996259 1084344
3589 397764 1999431 288360
101 1017811 1997527 1994726
2665 476458 1997171 810441
927 1981973 1998051 1216714
559 1962445 1999855 576872
497 1825147 1996449 505677
121 1978101 1997005 320563
2757 1283540 1996277 1915014
1645 1737686 1996107 970582
2885 1412738 1998987 837662
2853 538282 1998921 1971124
379 285300 1998157 275830
2555 1616472 1999285 412573
89 471954 1999463 1559282
2633 1380534 1996543 441245
1775 283013 1997275 136263
3943 725473 1999577 240722
877 1389293 1997939 1015610
2255 145166 1998447 1143355
307 736100 1996557 156872
2407 116433 1996949 687269
2915 1105329 1997971 949079
2967 59920 1996151 81151
3463 22276 1998569 584091
3527 1467697 1997195 266780
2771 1035454 1998389 1955718
993 1512072 1996463 1782410
1039 181234 1997261 1962248
3739 1593043 1996281 924236
2725 82830 1997001 437367
2557 923996 1998519 771219
1453 252227 1996169 967026
3617 455770 1996383 917507
3555 1552762 1997743 250695
2503 1509514 1998015 1568728
2251 1540216 1998723 1006820
743 907207 1996595 1509109
2337 1781877 1998755 1319360
3635 1831605 1999047 1151806
3701 331284 1997159 849340
2951 1920933 1998793 719817
2917 289910 1998709 948483
2309 1149577 1996647 366471
11 274674 1998139 1086208
3475 416447 1997403 1460754
1785 946747 1997377 799324
2775 1618700 1999271 950085
3897 599381 1996513 531380
3409 66440 1996817 1899361
3783 1291977 1999127 1525491
1097 1835915 1998739 1836840
553 756180 1998773 424994
2999 348210 1999455 1897267
1875 1870846 1997583 193471
3977 114703 1998467 1926636
3983 437835 1999937 1079697
3483 755338 1997847 1342638
3509 277925 1996711 934972
2583 245781 1996959 1358650
3755 1410497 1996333 520470
3121 186774 1999975 55421
469 829163 1998641 1514641
3845 1694905 1999887 303140
1345 1996089 1997339 1903698
3939 1821525 1997141 226814
533 1636180 1999017 1845173
693 1055092 1998037 1202223
2499 1061238 1999511 522950
1731 1853122 1997715 441525
1679 1235277 1999705 426161
381 1903152 1998651 965118
2369 1585381 1998449 1684205
507 1117002 1999167 370095
3969 1308435 1999063 1190661
3179 1317150 1998423 995130
2129 806928 1999637 615121
2217 142945 1996415 879996
1861 1137210 1996721 58086
2849 434908 1998229 670349
247 1732513 1999551 730191
3439 1171573 1998541 514433
3125 678005 1997805 372240
391 1001779 1998691 1087932
465 370914 1997783 540560
2783 448559 1998387 258530
2993 529549 1997611 271938
589 825641 1997331 1419189
3309 1803147 1999039 254266
57 1821487 1996835 318876
783 878546 1999203 68572
2545 1184227 1999709 678905
3821 906980 1997849 945084
3061 264431 1996263 4185
239 1098617 1998433 1452955
3151 97915 1997323 868668
1517 861225 1998009 165924
2007 1630904 1996465 1503482
2089 921019 1997557 1169616
3645 683901 1998165 1083614
1993 271929 1996245 1510522
2753 1782294 1997809 1607925
3587 255593 1996869 822439
1667 924130 1999333 1856388
1303 161184 1997185 635062
3175 1544916 1997427 1398482
3437 970270 1997797 1686295
1199 64867 1997297 1028009
1379 736229 1998733 294645
643 1769449 1999833 1458698
3915 607142 1997037 516398
2241 571115 1997073 1898186
2953 875840 1996461 614222
1655 1653343 1996357 195225
3829 127246 1997293 1995906
3695 1705181 1997631 1569689
3001 669977 1996909 149071
115 1951867 1998233 1776587
1497 949749 1996303 236180
2713 1707683 1996199 80161
2075 94901 1996327 299243
1887 275410 1999795 1781333
3965 380111 1999943 1360957
2901 1094689 1997745 1662907
789 1982921 1998729 1307323
3181 1264327 1997435 377228
1927 1925374 1996119 633342
1459 373009 1996831 1431885
843 1748491 1998159 1823374
3641 93301 1996649 52416
2467 899374 1996239 1134454
1183 611989 1996173 433958
439 1829166 1996117 811753
2611 311056 1998825 270271
945 497289 1997595 1195206
2777 165972 1999929 834635
2473 1357430 1997379 861778
2679 1670346 1999503 697979
1177 1625642 1998935 323301
2931 1419462 1996895 1255578
3421 320661 1996811 695322
895 1540571 1998959 1837016
3183 1611364 1998231 701656
2925 360617 1997023 1529895
3905 1566993 1998549 1565441
2607 1902037 1997933 289046
2279 796553 1997991 1737979
859 1810820 1999873 1805550
1561 1611322 1997419 1294653
311 569987 1997869 1644210
2329 530157 1999137 1841483
1457 70998 1996845 384977
1869 1279717 1996499 1439382
3077 807491 1999797 1696510
2107 1884074 1999769 826407
2127 1932287 1997061 722281
3429 1343404 1999701 1142759
697 1745610 1998277 533841
3723 21809 1998511 1892585
3703 1473794 1998535 435840
241 256222 1999871 416017
1449 610158 1997919 441046
1393 1943496 1998091 1495843
3301 744466 1996701 1234179
2461 988773 1998099 1746168
1415 1439715 1999043 1282585
2871 387805 1997019 892904
1789 1029891 1999019 3029
2823 838621 1999827 1544281
1817 898068 1996379 1795228
1159 1638271 1998363 972505
669 1509374 1997181 1470591
2717 1706165 1997829 178698
2831 310776 1997845 1301969
145 1325073 1997737 1189133
2193 935141 1997659 342843
1289 1591259 1999435 1792550
137 1812834 1997265 324608
641 1056997 1997381 1363167
943 1333858 1999013 1889458
2119 1858476 1996093 1671353
1049 1672259 1998777 1240739
3057 1375619 1997209 870521
1377 1045831 1998731 1686924
1331 623258 1999703 1119227
1263 156603 1997615 1575102
2439 1226813 1996743 1824959
1015 870258 1999317 727727
2701 29703 1998659 1474419
3219 930516 1998453 1728618
3259 1059902 1996467 1280180
2037 445935 1999487 1565533
2239 1874330 1999005 40510
3289 52643 1997827 384803
1895 1359983 1998145 1107527
453 1015064 1998289 1754273
2933 498276 1998409 43515
527 767957 1997781 759028
3045 940277 1999027 1460515
2411 1958632 1997899 862261
2807 1565 1998515 1015420
2625 1761613 1998727 306953
193 1893306 1996159 456439
2457 1343162 1999225 1275219
2105 1979989 1996347 1857226
2995 1001827 1997115 385156
667 245038 1996033 1555377
3039 1172236 1997125 274638
451 121461 1996149 1460787
1847 1192977 1999761 1873313
3287 969146 1996425 1067540
2009 623229 1996155 1836511
1939 1325496 1997273 1659951
2167 768315 1998059 1471634
3521 412776 1996175 1926573
2131 1962660 1996875 758709
3843 638478 1998265 1598411
1997 1749615 1999243 604138
2067 1497682 1997429 511199
2169 1258580 1999589 247107
3657 208835 1998947 1386879
2767 1322049 1996657 1229291
1783 529411 1998419 1885417
2977 737810 1996935 1800076
2649 935001 1998961 1743187
2515 1887714 1997981 1075770
3693 1733518 1996009 303016
3729 579956 1999249 1729689
2139 45369 1997469 1162530
823 1502461 1996671 1245833
869 1901090 1999323 1880409
3523 1579772 1999553 1406605
3725 1932291 1996069 365013
3707 1236359 1999725 1122240
677 1848471 1996545 1498463
937 668525 1997955 1744627
1401 1164901 1996745 1881931
3067 228089 1997431 935446
1069 839221 1998605 167254
2261 818692 1997765 734196
1349 1931127 1997095 1214757
515 993923 1999391 1889553
2733 1302516 1998943 581497
513 596091 1997603 49797
3079 456451 1999205 1355505
1165 411100 1996541 83692
3677 1647550 1996345 1780697
1767 578655 1998517 1776526
853 1041083 1996861 391610
2351 84874 1997133 508272
3007 86831 1997121 1081152
2561 509975 1998369 1561495
2213 1574617 1997949 1946819
2381 1193145 1999385 652501
3545 336537 1996477 729569
3313 1674508 1998219 574860
1023 175650 1997675 423849
2613 723790 1998149 310538
1281 802681 1999757 342722
2299 1212099 1997577 418598
3269 1270817 1997535 1210715
3727 773093 1996337 1297700
2827 395559 1998195 968590
1355 1138255 1997793 1750015
2793 863285 1998721 579167
2371 1972117 1998779 1084424
1863 449265 1998045 1094632
2821 1308390 1999083 700590
1253 813070 1999443 1720111
3449 1945277 1996731 1200012
3391 996803 1998717 293496
3501 1408073 1998747 893308
141 413711 1999041 1214530
3705 861967 1997641 342238
2589 210161 1999549 431286
1179 701064 1999897 171044
335 1469313 1996601 1191993
761 1913166 1999237 386564
1293 318525 1998237 835749
185 343958 1996799 1042422
2797 1502016 1996343 1246402
2867 693550 1999809 10893
1469 253437 1996719 441473
3299 583958 1999467 1110675
3111 631111 1996569 1890652
1217 1437453 1999625 462277
1761 1219240 1996551 784137
2817 106487 1996607 1144968
283 1921988 1998599 343783
3809 1879717 1996091 406205
411 1496295 1999915 1462032
3813 1991575 1998749 1007407
417 237883 1999381 1598274
3923 1450374 1999297 172420
3679 717627 1996535 1748921
2017 1234820 1996563 536727
425 160278 1996901 25912
2145 951483 1998545 683481
1487 592824 1997983 1041084
3893 1945778 1996717 808662
153 813702 1999829 1689132
339 1237784 1997697 1972206
1009 1534222 1998327 1090778
1077 316814 1996097 176306
2511 900180 1996125 110916
59 423438 1997177 731287
1019 1951485 1996395 650429
1445 13496 1996071 593138
1139 989186 1997749 368048
955 563082 1996631 167525
1545 1651669 1999565 1291053
2495 511594 1999457 921902
1123 305523 1999251 328830
2711 691722 1998759 37549
3861 273608 1996335 967359
3823 1947444 1999963 86343
2787 880307 1999817 1139995
1659 40795 1997287 1673752
2719 434372 1997927 185574
165 711848 1997753 97747
2483 343911 1998871 43226
253 1336595 1999847 1829946
671 1114149 1996585 1308725
3877 722113 1996201 1329870
563 924754 1997021 206818
313 353918 1996549 520792
2273 250689 1996073 853643
2051 522251 1998185 1055121
3665 139698 1998041 557542
3353 1223266 1997731 26185
827 1975146 1996633 1743875
939 1732182 1997173 668802
2163 595914 1998375 386251
323 1334618 1996593 234617
3041 1570546 1996769 1396489
763 1131496 1996559 516781
3087 1640733 1997761 1744915
3297 1716429 1998699 1905905
2863 1829529 1998003 1668384
3959 542438 1998477 465555
2379 1301815 1997907 7332
2505 1774272 1997191 1793754
2477 1903226 1997369 878778
2209 604288 1998275 1627823
1801 1631255 1998413 1752599
637 881247 1999065 1533888
27 1917453 1998131 648442
293 1079958 1999993 863722
3053 32017 1999071 1701047
3717 552759 1998285 960964
2377 1848806 1997343 1601191
1553 549220 1996429 1430971
3811 650378 1997885 1081319
2471 1831566 1999573 1562262
363 1853209 1998573 1721631
909 24036 1996115 814109
3961 380267 1996369 159966
3043 1274722 1996951 1543585
3459 1389485 1999607 1777028
2937 200183 1996707 1300437
2081 386367 1998417 1728191
3093 1567783 1999485 512940
3399 1355655 1999781 913313
625 1219262 1996099 1765981
2645 1356004 1999003 928311
649 614645 1997215 9332
1053 1694611 1998485 322295
1949 1133826 1997239 446987
3699 1121767 1997423 919555
2491 1643240 1996699 750508
1363 888894 1999889 1332001
1347 14782 1999149 1880745
2099 1725993 1996995 718199
3021 292706 1997081 800406
471 297776 1999791 445155
405 532853 1999157 591633
3797 1264424 1996889 854391
3445 1521863 1996057 1583764
3839 1186257 1999693 1444454
647 1772219 1999675 1817221
2819 1191233 1996451 540146
1607 1876946 1998865 1861131
875 1703217 1996025 1494906
1277 1004561 1996621 482979
3341 1372961 1998635 1540973
1567 1190164 1997085 127510
689 1894374 1998919 727134
3015 312164 1996431 671188
3267 423208 1997879 1812370
3899 1694595 1997835 8121
123 1202740 1998551 1155788
3109 1164239 1998325 437467
3671 1244420 1998725 72886
1381 405492 1997045 422318
2443 1968374 1997385 1431703
3615 34805 1996691 181078
3027 890255 1999533 1869508
1629 1203317 1996955 1490158
171 1043073 1997317 1673005
2415 602144 1997859 927005
1953 755299 1998547 1487208
2521 1422489 1996253 1466975
2943 584524 1997207 1154745
13 691021 1998931 22214
3607 499558 1998173 777131
3579 983620 1998439 1826498
3735 1717078 1998851 521902
2929 1572945 1997979 569354
1709 855250 1997597 626922
2285 56947 1996547 1292243
127 384459 1996537 926098
2427 558410 1996805 1103517
3577 331296 1997255 272736
965 732933 1996237 1442490
1465 1264671 1998317 1870363
1249 1819205 1996111 1098860
481 1580533 1996209 1409546
2265 964689 1997669 1288044
1969 571525 1999259 491661
2231 1233676 1998621 268131
3367 1018665 1999291 1550471
3495 64133 1996689 927342
1343 1364860 1999049 477112
1267 1357046 1998141 198456
1967 1342173 1997441 401515
1233 1140370 1996329 233107
183 993911 1997425 810444
3651 1078445 1996123 1813900
1299 601661 1998221 1698766
1871 1977920 1999329 1917473
3433 951954 1997587 1731454
3123 1557669 1998023 698152
815 1089846 1998399 1896656
1367 551347 1999685 1997930
543 82411 1997397 900291
3413 55419 1997309 672337
903 1084990 1997903 722086
473 1012521 1996567 1264936
3903 653206 1999429 1795757
377 1020343 1996377 876284
2185 860051 1998613 1070571
1743 841318 1999617 332028
1327 1756131 1996519 1510726
871 1255933 1996411 955102
3431 1815006 1997027 1746122
111 437616 1998505 1198541
181 1413460 1996279 1272177
3059 551461 1997035 352635
1963 283073 1999737 1774631
3997 1671213 1999121 239534
633 1686422 1996439 920411
2437 1680453 1998707 1151600
963 563688 1999529 823684
1637 1515292 1998249 550171
2731 1999171 1999265 938086
2945 1551165 1999605 306438
1749 945467 1998861 551983
1491 1073740 1999411 172869
1929 1095627 1998817 1599097
2479 726550 1998989 1204608
3487 325592 1997375 868696
3543 1800850 1998305 1693859
3 1670346 1998109 772790
733 1705963 1997405 597205
1923 326464 1997967 1136405
2669 7809 1996969 289320
3963 1519191 1999717 1747673
1201 1925272 1998971 636400
3119 385143 1999759 1646731
2033 40889 1996453 566767
3467 542964 1997635 1147370
3781 1872572 1999947 1798744
459 361220 1996037 421370
3389 1836930 1996319 1681082
1503 584157 1998425 386189
1369 864036 1999751 1424688
2071 597891 1998603 912665
3647 1305472 1999753 1440887
2737 1019033 1996487 558317
1827 405585 1998371 1486361
1551 1910341 1998593 761202
3011 205503 1996715 1285844
483 999343 1997769 1622954
2019 1247070 1997841 692714
2627 180325 1998489 782584
601 189239 1997007 1324416
1113 1119862 1998831 1196468
2655 1027214 1997063 1267254
1625 1833181 1996471 1133893
161 254738 1999535 1556307
2759 1218416 1996907 945502
2641 724785 1996683 402902
897 1545773 1999831 1037830
3751 1463006 1998983 547442
3497 24803 1998359 386592
3847 1003985 1999109 1384995
2723 1740036 1996133 941389
1889 1415338 1997057 1488688
3211 787434 1996755 82834
1085 497981 1998979 515455
3411 1084399 1997701 1870464
1283 956071 1997757 582457
351 1482141 1996945 1347582
1063 1581168 1996587 31947
715 1739237 1999097 856919
3485 248247 1998209 185348
2215 711864 1997895 1180103
3241 1307056 1997531 1885685
703 1587238 1999545 1499089
557 338368 1998287 1510757
259 863206 1998591 1313618
135 1088874 1996687 423988
2619 895283 1998543 1469410
1061 1987972 1999491 90322
163 1373165 1997815 1353136
2013 1622359 1996803 641911
1857 834585 1998349 731985
2095 1306866 1997143 893691
5 1994054 1999275 546293
3791 1279807 1998741 227761
1115 933699 1999531 815660
579 1475832 1997965 1917814
1095 1801446 1999541 1980631
617 1579645 1999305 53521
2493 391344 1999207 1875839
367 1705661 1998803 704294
2045 1892385 1997083 426296
9 1165178 1998623 1388842
1893 225947 1996217 984005
919 678372 1997625 1302023
1907 1280793 1998061 1193510
3547 1433699 1996783 1467294
2291 767607 1999597 742516
1227 853866 1998427 61339
3785 699618 1996725 600003
2895 890382 1997315 271467
2103 900216 1999655 1330159
477 630627 1996001 1877398
1451 1675741 1998565 1812313
1301 199929 1999289 797695
3381 1623616 1999357 1901497
457 196835 1997777 1455836
3327 1158480 1996773 1811646
3999 1395593 1996727 907992
2677 1915568 1997399 558631
3789 1627730 1997855 1630353
1705 337972 1998889 1480165
1297 856782 1999571 566440
2681 108174 1997867 1534128
83 1239555 1999505 366597
327 1508027 1997977 156731
1005 82023 1998907 1574064
1211 464456 1996919 1343651
2845 1516261 1999433 133395
3539 1376936 1998579 1559871
3759 1193512 1998395 1387831
725 1198767 1997505 921014
2635 327622 1999957 171931
1981 471581 1997351 575811
2887 1198844 1997699 1121424
1911 456170 1998823 731189
2879 1382058 1996409 239066
2923 301938 1998135 375590
1903 615113 1997443 306375
361 1288447 1997491 1843142
973 457536 1999719 1122710
1185 885177 1999497 290556
1977 1151853 1997707 88861
3339 689955 1999307 678279
2897 1274414 1997819 1124692
319 860956 1997661 1492574
2219 75010 1998743 744803
1089 414135 1997225 1781466
445 639834 1998939 1073740
309 1709662 1996105 476141
397 1289623 1996921 1569297
2059 1958552 1996351 1413821
341 1421877 1997691 911791
3113 405973 1999185 1487900
2675 426343 1998575 808483
1125 918769 1997887 1446539
3235 201530 1997103 1149372
3565 1041797 1998247 688713
1489 207464 1999367 598599
203 1588832 1999713 476750
1745 391834 1997411 1441858
261 1124544 1996203 320697
1865 809042 1998527 771286
1831 1422693 1999537 869541
3911 1416756 1996065 439263
2889 158484 1997201 219649
2961 1635016 1996179 1402037
333 864396 1999009 1391483
2199 389112 1996317 105832
1851 1817375 1997069 418324
1471 1960856 1997857 549414
1239 1860377 1996153 1246726
2333 1200378 1999905 631149
1225 1804374 1999631 407711
133 616493 1998097 408474
3019 732911 1997077 990484
1519 1644872 1997233 722927
2877 1662970 1997985 884986
2245 1646318 1998293 1899811
67 1078855 1998899 1361971
863 441459 1996603 1209672
1321 1252526 1996049 144931
1579 1490471 1996673 599368
1715 552742 1997617 545776
545 8379 1997681 1116727
951 905353 1999481 1139993
3629 1535433 1998909 481026
107 332612 1998701 661100
1627 156373 1996669 1298277
177 1019230 1997067 1247808
2361 224636 1996821 1839065
2673 798194 1998965 1263606
1853 697715 1999347 1140483
463 1296042 1996491 1795068
2727 928787 1997493 387242
2829 1022794 1996527 20205
3881 234899 1999583 384611
47 289370 1997145 510564
567 1957980 1997333 950657
2765 912450 1998085 91199
3415 367260 1999107 1485669
3753 789328 1999561 234916
3361 472898 1996509 1382529
2283 1989112 1996505 1562966
1641 748646 1996855 1161602
2947 688541 1998751 330254
449 1597170 1997703 300658
1495 1069836 1997913 1511247
1385 187433 1996615 1270203
947 1311960 1996309 154615
3343 619984 1996405 1654718
2305 1745950 1997997 41578
3363 208077 1998629 1037580
781 782808 1999087 515763
721 643615 1998309 1656839
3929 307213 1998367 1189265
3279 361399 1996095 919181
1855 1622181 1996735 1008690
3461 1824862 1996965 187273
1755 996580 1996251 1661249
2353 1268152 1999991 1132454
375 120536 1998047 1319220
2523 1697397 1999521 1963739
3593 1919147 1996825 1680422
87 632914 1998711 1728131
723 1878073 1998627 802498
2605 1682795 1996045 1560162
3891 858263 1999681 1906129
2275 1695273 1999399 959471
357 237679 1997771 567197
1649 564271 1997237 1640120
1565 676503 1999679 1455039
1701 921646 1996325 1377547
511 1892960 1998143 1909705
23 434093 1997049 1999555
2229 944511 1999371 1094652
1941 1068223 1997227 22784
1909 1348709 1997865 1241496
3995 1482299 1999945 661916
2975 1434906 1998957 1100197
2047 1111453 1999425 509278
969 1914569 1999621 1222799
3447 920725 1998929 790954
925 405571 1997975 113223
3385 1992024 1998595 270457
959 1338464 1998695 571647
2813 1423401 1996109 462306
2311 1763094 1999907 1280369
1899 1867438 1998119 1084078
1151 356522 1997685 1559327
99 1190454 1996349 168590
2791 807985 1997359 1527595
3377 75742 1997651 1612221
1033 1598435 1997721 1293142
3035 1473179 1996619 1119865
3221 1619398 1999967 979985
1107 1950561 1998927 1746173
2091 7250 1997695 58698
1209 694986 1998905 823918
1111 1739498 1997959 635058
139 1538960 1999927 1696356
467 830944 1997623 639087
3879 1871854 1997483 405482
1695 888099 1996121 1535194
3675 826226 1996089 1791275
1595 1380638 1998043 250521
2233 1844397 1997449 811987
673 118663 1998847 1799641
3023 724338 1998529 361152
2837 127475 1997107 550367
741 135290 1998319 969553
143 1759340 1999973 355925
3075 1385875 1998383 689719
905 1545437 1999823 1380202
555 1083030 1997041 1973967
811 1397513 1999923 1571085
2755 1471132 1996627 1106255
3335 934237 1999321 1130952
479 992054 1998101 1874432
2465 196747 1999077 571512
1771 10284 1997945 1881606
413 825416 1996227 1435534
7 860300 1999965 1070863
3379 1940005 1997987 478504
1713 1939714 1996797 305175
1797 1627184 1998155 1520890
1181 601273 1997591 1755797
1559 1011061 1996187 550980
713 1576609 1999001 1232766
3643 566565 1998429 992743
1583 764726 1997723 1286119
719 1987085 1999277 51209
3465 778786 1998437 892218
53 264726 1999837 1159433
3223 24124 1999941 502277
3743 1287362 1998127 1514385
3535 585518 1999183 98631
1399 863766 1996635 1229802
1873 953212 1998435 71687
1535 1342568 1997479 1112854
957 425481 1996983 1677130
1339 1553873 1997495 1785744
2509 765794 1996397 544942
3933 348413 1997175 785079
2343 1462392 1996697 307852
2073 1327308 1997729 605688
77 98826 1996061 1757581
17 1117860 1996341 701144
3537 686409 1997579 1394653
1455 1591114 1997357 371777
1499 559459 1996681 284975
2453 1314344 1996623 710824
1235 365744 1998571 729281
1403 244133 1998271 1889447
3741 288104 1997999 961457
3117 105941 1996931 341676
2307 1318996 1997387 826670
2157 1944565 1997645 1990475
1423 1806343 1998917 546375
2751 1469476 1996993 341744
3083 1591793 1998357 1076975
1203 892642 1999373 788747
3263 789433 1996663 1999833
2043 311225 1998291 837661
1397 39731 1996053 1388988
2191 400001 1999593 1913468
3979 50811 1999843 1832191
2551 1561908 1999881 1326972
881 1549640 1999283 789527
2141 1526895 1997065 1805823
3337 249407 1996873 718736
1411 1028852 1999865 1174831
1835 183726 1999765 1646048
1879 341190 1996275 656280
3373 229485 1997725 193351
3901 1514665 1997055 844320
3937 406507 1999555 779334
399 809534 1996483 838028
3773 445226 1997395 1842669
627 677174 1997485 174626
1935 1235556 1999327 23134
3953 1326528 1999261 1444440
191 686821 1998205 1258557
2301 1580733 1996255 528281
3529 796133 1996819 1603160
2985 1666532 1996473 475927
1663 1787355 1996903 1321696
2841 333482 1999253 1816850
2597 1117924 1998813 952231
79 83865 1999423 700578
2173 21221 1998323 737140
3451 151083 1999543 326439
2959 546233 1997937 1999420
3081 1864909 1997043 1543349
331 324695 1998281 676274
2537 1531982 1997231 719937
3567 1936971 1998713 866848
2693 1033143 1998207 360741
561 590016 1998981 747939
3621 1148438 1996221 1164220
3141 1939941 1998121 1721016
3835 1598847 1999767 1891717
1335 1564660 1999407 569164
211 1778099 1998703 66739
3859 1890453 1997151 554020
3925 1515938 1996617 518965
1619 1660764 1999089 1189662
403 898767 1998941 73961
1493 1563604 1999613 1213086
3171 948847 1999245 301584
251 624070 1996757 815697
213 724088 1996653 116394
3115 280570 1997831 595943
2359 519682 1998837 1975122
1251 1498450 1997665 1344497
1533 1676207 1997653 1481715
2049 1800478 1996581 1188596
3947 1975677 1996055 653198
3155 364261 1997501 1560870
985 165761 1999349 271908
3673 759954 1996191 1835546
699 672947 1997129 1891979
1413 1929484 1999073 784242
2661 473402 1996749 179413
3049 319455 1997599 235188
329 1179525 1996235 348747
291 683070 1997789 360078
3203 850325 1999387 506621
813 1630421 1996923 1347062
3423 1618835 1997099 91281
3895 60968 1997989 1041003
1975 524999 1998147 279782
3471 1625904 1999563 1504165
2833 1032095 1998175 1240920
2053 1379322 1997361 960645
1007 1481934 1999773 120958
109 191005 1999093 610346
2161 1209760 1999343 780363
3583 1308473 1999697 1402635
1073 531415 1998481 1594212
315 976632 1999165 329207
3225 1762312 1997871 684615
1803 1406378 1996791 1949113
2171 211855 1998715 30614
3323 1931691 1996479 1641570
31 1421475 1997581 1150880
1017 1005920 1998953 1372218
97 268221 1998151 816509
267 94305 1997555 1564813
1933 416420 1996145 700030
