2000 2000 2000000 2000000
1 1972790 1972790
1 1584322 1584322
1 1952663 1952663
1 1061246 1061246
1 1825718 1825718
1 1212761 1212761
1 48525 48525
2 178685 1821316
2 440817 1559184
1 1149752 1149752
1 1355206 1355206
1 523374 523374
1 1722454 1722454
1 1744135 1744135
1 1744991 1744991
1 920703 920703
1 1003400 1003400
1 249643 249643
1 654744 654744
2 1983768 16233
1 1143614 1143614
1 1277029 1277029
2 515880 1484121
1 656437 656437
2 1285640 714361
1 233882 233882
1 1305227 1305227
1 1361835 1361835
1 1476041 1476041
1 382235 382235
1 1783365 1783365
2 1050747 949254
2 850062 1149939
1 279903 279903
1 1338199 1338199
1 1759407 1759407
1 125647 125647
2 1414319 585682
2 302284 1697717
1 652687 652687
1 1910867 1910867
1 1526773 1526773
2 38148 1961853
1 1709638 1709638
2 1088324 911677
2 1161018 838983
1 138415 138415
2 815902 1184099
1 1014212 1014212
1 1106764 1106764
1 1517897 1517897
2 1429381 570620
1 638340 638340
2 1777409 222592
1 849503 849503
1 1165885 1165885
1 1210839 1210839
2 858974 1141027
1 516615 516615
1 1701606 1701606
1 1708637 1708637
2 1231984 768017
1 768998 768998
2 256211 1743790
1 1122094 1122094
1 542554 542554
1 1533672 1533672
1 1008460 1008460
1 336466 336466
1 816963 816963
1 266625 266625
2 80305 1919696
1 465 465
1 1620638 1620638
1 246065 246065
1 328326 328326
1 911993 911993
1 414022 414022
1 1184283 1184283
1 1307141 1307141
2 359786 1640215
1 1947597 1947597
1 1289844 1289844
1 264272 264272
1 812650 812650
1 1700420 1700420
1 207374 207374
1 1423630 1423630
1 686541 686541
1 946902 946902
1 453871 453871
1 1461725 1461725
2 204678 1795323
1 768826 768826
1 397995 397995
1 653597 653597
1 1088465 1088465
2 1079979 920022
1 273883 273883
1 1543743 1543743
1 1699315 1699315
1 745520 745520
2 1774394 225607
1 1819167 1819167
2 407911 1592090
1 1021562 1021562
1 824339 824339
1 582686 582686
1 1161883 1161883
1 1015970 1015970
1 1492629 1492629
1 298216 298216
2 1399423 600578
1 510348 510348
1 943006 943006
2 683197 1316804
1 728622 728622
1 1942826 1942826
1 867484 867484
2 757052 1242949
1 1156035 1156035
2 1003063 996938
1 538422 538422
1 690395 690395
2 1166440 833561
2 212470 1787531
2 1769596 230405
1 233059 233059
1 734264 734264
1 1245353 1245353
1 1428634 1428634
2 268798 1731203
1 269508 269508
1 479565 479565
1 433723 433723
1 1411955 1411955
1 1369735 1369735
1 1238324 1238324
1 1648287 1648287
1 845577 845577
1 27588 27588
1 1523828 1523828
2 1545234 454767
1 1171560 1171560
1 470703 470703
1 1614468 1614468
1 1906366 1906366
1 1300399 1300399
1 1117763 1117763
1 149100 149100
1 1008547 1008547
2 711820 1288181
1 1230578 1230578
1 1757439 1757439
2 1433607 566394
2 884261 1115740
1 733004 733004
1 1266583 1266583
1 1609810 1609810
1 28282 28282
1 1318851 1318851
1 192309 192309
1 1754462 1754462
2 917383 1082618
1 687556 687556
1 560097 560097
2 1375346 624655
1 622283 622283
1 328832 328832
1 1522189 1522189
1 252665 252665
1 1503629 1503629
1 963778 963778
1 988255 988255
1 1460009 1460009
1 1911520 1911520
1 968908 968908
1 1664101 1664101
1 1985327 1985327
1 1612367 1612367
1 699077 699077
1 1059034 1059034
1 1246378 1246378
1 585973 585973
1 725525 725525
1 945437 945437
1 560210 560210
2 1284878 715123
2 1098639 901362
2 1556703 443298
2 1155358 844643
1 213931 213931
1 658199 658199
1 1113812 1113812
1 919209 919209
1 1672880 1672880
1 935422 935422
1 1588075 1588075
1 1606678 1606678
1 169226 169226
1 1785435 1785435
2 1156176 843825
2 804704 1195297
2 1635001 365000
1 1837482 1837482
2 1998089 1912
1 718104 718104
2 1702550 297451
2 863293 1136708
2 1750083 249918
1 1419002 1419002
1 671696 671696
1 1983545 1983545
1 1864428 1864428
1 1460858 1460858
2 1671683 328318
1 1617388 1617388
1 1504222 1504222
1 829213 829213
1 805601 805601
2 517770 1482231
1 86827 86827
1 315445 315445
1 1532138 1532138
1 561018 561018
1 1044277 1044277
2 1081101 918900
2 1762430 237571
1 746136 746136
2 1632847 367154
1 1421888 1421888
1 219741 219741
1 145322 145322
1 1359428 1359428
1 600264 600264
1 1405123 1405123
1 833165 833165
1 499728 499728
2 1598621 401380
1 1029735 1029735
1 1399859 1399859
1 1165878 1165878
1 1456383 1456383
2 880762 1119239
1 605079 605079
1 1016953 1016953
1 242664 242664
1 1233712 1233712
1 28041 28041
1 821660 821660
1 1912174 1912174
1 1120531 1120531
2 12191 1987810
1 1201607 1201607
1 607458 607458
1 351950 351950
1 1031647 1031647
1 497737 497737
1 904745 904745
1 373481 373481
1 1415469 1415469
1 318132 318132
1 1430429 1430429
1 1479679 1479679
1 1963766 1963766
1 158040 158040
1 91287 91287
1 1706588 1706588
1 310881 310881
1 162734 162734
1 1780743 1780743
1 1862364 1862364
2 1925337 74664
1 364854 364854
1 1345468 1345468
1 1746477 1746477
1 1877622 1877622
1 997947 997947
1 1777637 1777637
1 2347 2347
1 98720 98720
1 648011 648011
1 1575870 1575870
1 1877193 1877193
1 856791 856791
2 1935127 64874
1 1391003 1391003
1 1712697 1712697
1 1600333 1600333
1 310985 310985
1 1520856 1520856
1 938119 938119
1 1206252 1206252
1 1854748 1854748
1 1293101 1293101
1 1004176 1004176
1 960191 960191
1 151014 151014
2 445246 1554755
1 52304 52304
1 1698849 1698849
2 341031 1658970
1 1352378 1352378
1 1364504 1364504
1 1366578 1366578
1 640960 640960
1 248483 248483
1 1499447 1499447
1 654008 654008
1 1633077 1633077
1 1916232 1916232
1 661254 661254
1 956585 956585
1 1950167 1950167
1 1290364 1290364
1 3794 3794
1 44896 44896
1 987761 987761
2 836252 1163749
2 773361 1226640
1 1468290 1468290
1 739447 739447
1 1680853 1680853
2 217146 1782855
1 1797247 1797247
1 448728 448728
1 782911 782911
1 842023 842023
1 466569 466569
2 657301 1342700
1 1704332 1704332
1 1623996 1623996
2 1780853 219148
2 1660007 339994
2 1202550 797451
1 1133510 1133510
1 1367168 1367168
1 1315060 1315060
1 771224 771224
1 1079515 1079515
1 1758857 1758857
1 860246 860246
1 1716404 1716404
1 389479 389479
2 1874866 125135
1 1155014 1155014
1 1918779 1918779
2 903159 1096842
1 811433 811433
1 419104 419104
2 1376815 623186
1 1067302 1067302
1 1492904 1492904
1 1166611 1166611
1 614151 614151
1 1955299 1955299
1 1395979 1395979
1 970624 970624
1 1833895 1833895
1 153112 153112
1 598912 598912
1 417148 417148
1 1058320 1058320
1 1892341 1892341
1 728019 728019
1 528985 528985
1 309719 309719
1 335525 335525
1 1259959 1259959
1 69481 69481
1 1493919 1493919
1 328173 328173
2 157933 1842068
1 874975 874975
1 734776 734776
1 1180404 1180404
1 1469947 1469947
1 46809 46809
1 340085 340085
2 1416038 583963
2 280938 1719063
1 322111 322111
1 1566257 1566257
1 46338 46338
2 1886106 113895
1 519644 519644
1 1290204 1290204
1 913691 913691
1 389363 389363
1 1925677 1925677
1 2447 2447
2 1425866 574135
1 1573549 1573549
2 1844248 155753
2 555413 1444588
2 1746564 253437
1 503548 503548
1 233415 233415
2 1596048 403953
1 1418199 1418199
1 1598503 1598503
1 403105 403105
1 399092 399092
1 1939017 1939017
1 1897792 1897792
1 1541435 1541435
1 439374 439374
1 846810 846810
1 45482 45482
1 1284151 1284151
1 1882141 1882141
1 753234 753234
2 1710682 289319
2 504594 1495407
1 114578 114578
1 1428128 1428128
1 776121 776121
1 1289851 1289851
2 1893346 106655
1 1781559 1781559
1 1180223 1180223
1 304917 304917
1 1671535 1671535
1 1848728 1848728
1 1865680 1865680
1 1119954 1119954
1 1914282 1914282
1 10654 10654
1 1841767 1841767
2 630694 1369307
1 522593 522593
2 314119 1685882
1 286149 286149
1 1186297 1186297
1 1113055 1113055
1 537462 537462
1 1767012 1767012
1 873304 873304
1 222351 222351
1 807198 807198
1 115373 115373
1 601682 601682
1 480933 480933
1 1244855 1244855
1 1025963 1025963
1 273588 273588
1 1081539 1081539
1 1278009 1278009
1 124822 124822
1 864400 864400
1 170056 170056
1 773458 773458
1 1828253 1828253
1 1967443 1967443
1 1879011 1879011
1 1220655 1220655
1 769360 769360
2 897331 1102670
1 789822 789822
1 491448 491448
1 1171801 1171801
1 1962786 1962786
2 933222 1066779
1 1857393 1857393
2 1364300 635701
2 59064 1940937
1 327161 327161
1 726039 726039
2 1604991 395010
1 896296 896296
1 544999 544999
1 1458904 1458904
2 1431233 568768
1 1954386 1954386
1 930908 930908
1 1892765 1892765
1 161466 161466
1 1018528 1018528
2 1354250 645751
1 462583 462583
1 311398 311398
1 144772 144772
1 420714 420714
1 1453687 1453687
2 826622 1173379
2 977866 1022135
2 1452603 547398
1 232315 232315
1 545930 545930
1 1130079 1130079
1 916133 916133
2 1382578 617423
1 662583 662583
1 736877 736877
1 9165 9165
1 1154021 1154021
2 1769578 230423
1 1914066 1914066
1 1289785 1289785
1 54864 54864
2 629652 1370349
1 703182 703182
1 1644837 1644837
1 69786 69786
1 1485116 1485116
1 292683 292683
1 1332128 1332128
1 1480089 1480089
1 1686044 1686044
1 45329 45329
1 1988612 1988612
1 1876953 1876953
1 779793 779793
1 675649 675649
1 1983927 1983927
1 1385942 1385942
2 1561596 438405
1 1793068 1793068
1 206884 206884
1 1078658 1078658
2 413001 1587000
1 1110804 1110804
1 946524 946524
1 569090 569090
1 1900956 1900956
2 217471 1782530
1 183715 183715
1 1994088 1994088
1 598549 598549
1 95445 95445
2 1712079 287922
1 573598 573598
1 1584922 1584922
1 342813 342813
1 855941 855941
1 1749404 1749404
1 1792533 1792533
1 1583613 1583613
2 1544443 455558
1 369787 369787
1 1084885 1084885
2 1975384 24617
1 615381 615381
1 1911699 1911699
1 1104425 1104425
1 256544 256544
2 971627 1028374
1 868741 868741
1 1692471 1692471
2 1318310 681691
1 744253 744253
1 145697 145697
1 1663698 1663698
1 1683205 1683205
1 1367139 1367139
1 209641 209641
1 506790 506790
1 1207314 1207314
1 576982 576982
1 644448 644448
1 1591639 1591639
2 341487 1658514
1 1072124 1072124
1 1780115 1780115
1 1354142 1354142
1 1525944 1525944
1 1191954 1191954
1 688381 688381
1 562911 562911
1 624453 624453
2 794410 1205591
1 279996 279996
1 274250 274250
1 424578 424578
1 57200 57200
1 1760950 1760950
1 1171435 1171435
1 1295715 1295715
2 64487 1935514
1 1854294 1854294
2 1787679 212322
2 941455 1058546
1 996099 996099
1 1037168 1037168
1 1950260 1950260
1 1641993 1641993
1 1179115 1179115
1 1407250 1407250
1 1775943 1775943
1 1264180 1264180
1 743909 743909
1 612015 612015
1 1550332 1550332
2 533441 1466560
1 655323 655323
2 238405 1761596
1 996117 996117
1 786627 786627
1 112530 112530
1 1244895 1244895
1 858770 858770
1 1902847 1902847
1 1247890 1247890
1 282324 282324
2 1513297 486704
1 388942 388942
2 794609 1205392
1 617147 617147
1 880417 880417
1 944518 944518
1 1512630 1512630
1 778369 778369
1 273988 273988
1 1763233 1763233
1 1525672 1525672
2 338823 1661178
1 1308020 1308020
1 159188 159188
2 1151900 848101
1 552845 552845
1 1715981 1715981
1 1192152 1192152
2 1140836 859165
1 1947457 1947457
1 167020 167020
1 1855415 1855415
2 579966 1420035
1 437958 437958
1 286235 286235
1 1507346 1507346
2 1073308 926693
1 434459 434459
1 324244 324244
1 1916236 1916236
1 825342 825342
1 1285384 1285384
1 1942693 1942693
1 531064 531064
1 1143243 1143243
1 588679 588679
1 1994463 1994463
1 350946 350946
1 663938 663938
1 1016979 1016979
1 1249361 1249361
1 859082 859082
1 1046966 1046966
1 867669 867669
1 17710 17710
1 1082686 1082686
1 924011 924011
1 1858603 1858603
1 1588417 1588417
1 1828835 1828835
2 987325 1012676
2 1512364 487637
2 1485431 514570
1 841349 841349
1 92276 92276
1 1896912 1896912
2 548541 1451460
2 704202 1295799
2 356789 1643212
1 545324 545324
1 461448 461448
2 235746 1764255
1 1071960 1071960
1 1363921 1363921
1 391318 391318
1 371793 371793
1 34022 34022
1 16629 16629
1 469768 469768
1 385205 385205
2 1464366 535635
2 1910645 89356
2 1823669 176332
2 1492625 507376
1 1345441 1345441
1 187812 187812
1 1523273 1523273
2 1802320 197681
1 577908 577908
1 153514 153514
2 1409393 590608
1 1723560 1723560
1 1402170 1402170
1 1933076 1933076
1 1815767 1815767
1 1872641 1872641
1 1917974 1917974
1 363901 363901
1 980345 980345
2 1041843 958158
1 715735 715735
2 1299752 700249
1 277806 277806
1 310790 310790
1 843992 843992
2 437199 1562802
1 869206 869206
1 1764280 1764280
1 1165771 1165771
1 1421971 1421971
2 1919743 80258
1 1879276 1879276
1 897021 897021
1 1551874 1551874
1 209305 209305
1 373367 373367
1 914518 914518
1 609944 609944
2 1348578 651423
2 353023 1646978
2 391927 1608074
1 1068364 1068364
1 753179 753179
1 1338001 1338001
1 209623 209623
1 666320 666320
1 903388 903388
1 440410 440410
1 825382 825382
2 287747 1712254
1 583676 583676
1 602594 602594
1 431835 431835
2 1271995 728006
1 1821619 1821619
1 1308265 1308265
1 1374617 1374617
1 1227812 1227812
1 59567 59567
1 173308 173308
1 239839 239839
1 1585964 1585964
1 1427637 1427637
1 1331752 1331752
1 881937 881937
1 1953916 1953916
1 205554 205554
1 1118776 1118776
1 1266865 1266865
1 1982274 1982274
2 245117 1754884
2 1532233 467768
1 1792262 1792262
1 741647 741647
1 449537 449537
1 668610 668610
1 1453160 1453160
1 5058 5058
2 670095 1329906
2 1915817 84184
1 945650 945650
1 1786732 1786732
1 93824 93824
1 79302 79302
1 482005 482005
1 1163368 1163368
1 634610 634610
1 1943572 1943572
1 1380804 1380804
2 149770 1850231
1 1159233 1159233
1 209032 209032
1 496048 496048
1 983993 983993
1 1293245 1293245
1 1496023 1496023
1 985506 985506
2 901389 1098612
1 866793 866793
1 571168 571168
2 670425 1329576
1 179887 179887
1 356481 356481
1 724462 724462
1 1862224 1862224
1 1058615 1058615
2 1375859 624142
1 494038 494038
1 1267240 1267240
1 1452290 1452290
2 1339014 660987
2 1096007 903994
2 1767488 232513
1 1013965 1013965
2 1717861 282140
1 599357 599357
1 1144261 1144261
1 467886 467886
1 187147 187147
2 1743530 256471
1 319607 319607
2 1713599 286402
1 749434 749434
1 658840 658840
1 232275 232275
2 1721536 278465
1 336253 336253
1 347344 347344
1 395063 395063
2 671258 1328743
2 700895 1299106
2 161048 1838953
2 1341837 658164
1 1739789 1739789
1 1610874 1610874
2 1393885 606116
1 864200 864200
2 523599 1476402
1 1589639 1589639
1 476439 476439
2 1461452 538549
1 459087 459087
1 93862 93862
1 1328282 1328282
2 13198 1986803
1 709369 709369
1 275071 275071
2 1319250 680751
1 1482513 1482513
1 1847812 1847812
1 1818875 1818875
1 1704343 1704343
1 372828 372828
2 1212617 787384
1 1207084 1207084
1 1387636 1387636
1 577202 577202
1 408822 408822
1 462207 462207
2 1724558 275443
1 665415 665415
1 1076617 1076617
1 1729198 1729198
1 207425 207425
1 1589636 1589636
1 1964641 1964641
1 323566 323566
1 1740224 1740224
2 1090713 909288
1 424192 424192
1 1846816 1846816
1 765781 765781
1 930612 930612
1 1579339 1579339
2 823436 1176565
1 468893 468893
2 1892063 107938
2 303901 1696100
1 1596437 1596437
1 1369574 1369574
1 757928 757928
2 536572 1463429
1 1941670 1941670
1 1167847 1167847
1 440177 440177
1 258925 258925
1 465067 465067
1 413422 413422
1 947911 947911
1 698910 698910
1 1787736 1787736
1 53829 53829
2 780842 1219159
1 700571 700571
1 543739 543739
1 230307 230307
1 876393 876393
2 727185 1272816
1 880523 880523
2 280088 1719913
1 1389480 1389480
1 274335 274335
1 644099 644099
2 1698819 301182
1 656815 656815
1 331956 331956
1 1285370 1285370
2 236680 1763321
2 1145298 854703
2 1066012 933989
2 400469 1599532
1 1369470 1369470
1 53413 53413
1 508021 508021
2 1425967 574034
1 362332 362332
2 1529651 470350
1 596044 596044
1 951935 951935
2 453587 1546414
2 169279 1830722
2 1832480 167521
2 775297 1224704
1 934136 934136
2 1252911 747090
1 644919 644919
2 1405159 594842
1 1275329 1275329
1 1203015 1203015
1 498114 498114
1 701457 701457
1 1951971 1951971
2 1142019 857982
1 1882913 1882913
2 24098 1975903
1 804567 804567
1 1669158 1669158
1 1886538 1886538
2 974563 1025438
1 77821 77821
2 1637916 362085
1 1107927 1107927
2 1285970 714031
1 352241 352241
2 233711 1766290
1 1283067 1283067
1 1295280 1295280
1 1877799 1877799
1 1774256 1774256
1 487929 487929
1 1993923 1993923
2 1156079 843922
2 1963081 36920
1 278406 278406
2 1270474 729527
1 592494 592494
1 308681 308681
1 1739859 1739859
2 1905016 94985
2 302005 1697996
2 1889205 110796
1 1636207 1636207
1 893522 893522
1 1799540 1799540
1 1799801 1799801
1 377387 377387
1 488664 488664
1 1997114 1997114
1 792420 792420
1 1153809 1153809
1 916708 916708
1 1127428 1127428
1 1997872 1997872
2 1156906 843095
2 1435396 564605
1 21740 21740
2 1439457 560544
2 1436274 563727
1 1507494 1507494
1 1608446 1608446
1 636278 636278
2 92364 1907637
1 1997995 1997995
1 1318522 1318522
1 642123 642123
1 532847 532847
1 348020 348020
2 1963647 36354
1 249980 249980
1 1689215 1689215
1 1293107 1293107
1 1953051 1953051
2 1291107 708894
1 1153181 1153181
1 1218247 1218247
2 1415787 584214
1 529434 529434
1 99602 99602
1 789876 789876
1 474860 474860
1 292744 292744
1 456404 456404
1 563894 563894
2 132184 1867817
1 1062037 1062037
1 341369 341369
2 742462 1257539
1 1983831 1983831
1 1532308 1532308
1 754988 754988
1 1724411 1724411
1 393203 393203
1 1521816 1521816
2 680427 1319574
1 1764572 1764572
1 1637012 1637012
1 1862011 1862011
1 1711464 1711464
1 637728 637728
1 1095379 1095379
1 1365214 1365214
1 1034252 1034252
1 707042 707042
2 937820 1062181
1 663522 663522
1 1506838 1506838
1 1337979 1337979
1 1949136 1949136
1 1797305 1797305
1 183180 183180
1 949971 949971
1 493345 493345
2 196265 1803736
1 774031 774031
1 1890485 1890485
2 1327143 672858
2 1676364 323637
1 1916780 1916780
1 20058 20058
2 1217563 782438
1 1567054 1567054
1 1649212 1649212
1 203913 203913
1 124655 124655
2 610487 1389514
1 430802 430802
2 1069459 930542
2 599294 1400707
1 161640 161640
1 444710 444710
1 1664552 1664552
1 1012413 1012413
1 1095551 1095551
2 1618551 381450
1 1940014 1940014
1 929036 929036
1 1658302 1658302
1 481998 481998
1 1562815 1562815
1 404400 404400
2 1514225 485776
1 1233971 1233971
1 201446 201446
2 1239092 760909
1 1233481 1233481
1 1637606 1637606
1 466182 466182
1 1339771 1339771
1 148883 148883
1 1668935 1668935
1 48182 48182
1 466170 466170
1 719268 719268
1 247989 247989
1 813919 813919
1 1193127 1193127
1 1301516 1301516
1 739290 739290
1 740924 740924
2 247646 1752355
1 217429 217429
1 1946527 1946527
1 1772997 1772997
1 491895 491895
1 1686762 1686762
1 1425236 1425236
1 680979 680979
1 1091147 1091147
1 1909636 1909636
1 251265 251265
1 364220 364220
1 1268278 1268278
1 782410 782410
2 1780080 219921
1 1674612 1674612
1 1728290 1728290
2 628531 1371470
1 408641 408641
1 942642 942642
1 365760 365760
1 696618 696618
2 259879 1740122
1 1529519 1529519
2 441748 1558253
2 297529 1702472
1 1575436 1575436
1 1084204 1084204
1 699585 699585
1 744226 744226
1 1311946 1311946
1 651445 651445
2 548095 1451906
1 72363 72363
1 162553 162553
1 1709796 1709796
1 441419 441419
1 1714119 1714119
1 238463 238463
1 1392616 1392616
1 1241075 1241075
2 442856 1557145
1 1069181 1069181
2 1626157 373844
1 157942 157942
1 1505549 1505549
1 1841465 1841465
1 1988986 1988986
1 481789 481789
1 1591585 1591585
1 952133 952133
2 1345095 654906
1 340028 340028
1 1936233 1936233
1 956896 956896
2 20796 1979205
1 299292 299292
2 860349 1139652
1 1433438 1433438
1 710169 710169
1 1639771 1639771
1 1604914 1604914
2 1921759 78242
1 362117 362117
2 797168 1202833
1 1127166 1127166
1 284936 284936
1 1391266 1391266
1 1606446 1606446
1 883669 883669
1 1925692 1925692
2 1666227 333774
1 1164828 1164828
1 987486 987486
1 1351782 1351782
2 1181530 818471
2 830134 1169867
2 1389192 610809
1 495132 495132
2 791669 1208332
1 134726 134726
1 883963 883963
1 10303 10303
2 1298368 701633
1 1097611 1097611
2 1506390 493611
1 1163012 1163012
1 715027 715027
1 824639 824639
1 1301864 1301864
2 687988 1312013
1 816298 816298
1 418413 418413
1 1457658 1457658
1 1911006 1911006
1 850196 850196
1 506167 506167
1 855273 855273
1 196198 196198
2 1813834 186167
1 1721013 1721013
1 1903526 1903526
1 183314 183314
1 1777931 1777931
1 1418048 1418048
1 73532 73532
1 767677 767677
1 1982044 1982044
1 1536265 1536265
1 1759076 1759076
1 1141819 1141819
1 1367994 1367994
2 736062 1263939
2 828827 1171174
1 1143085 1143085
2 117174 1882827
1 341401 341401
1 1825371 1825371
1 1774305 1774305
1 949580 949580
1 1560320 1560320
1 1526242 1526242
2 9173 1990828
2 1190970 809031
1 1446582 1446582
1 1823372 1823372
1 1438880 1438880
1 569947 569947
2 1456001 544000
1 598329 598329
1 5450 5450
2 1308953 691048
1 412950 412950
1 692495 692495
1 890 890
1 615387 615387
2 636753 1363248
2 1610761 389240
1 1932189 1932189
1 1471721 1471721
1 590932 590932
1 498198 498198
1 1439660 1439660
1 884158 884158
2 1425319 574682
1 1768012 1768012
1 873205 873205
1 193284 193284
2 1390714 609287
2 1829408 170593
1 249153 249153
2 1217369 782632
2 184723 1815278
1 613008 613008
2 40215 1959786
1 1956789 1956789
1 1532459 1532459
1 142423 142423
2 201768 1798233
1 686243 686243
1 469641 469641
1 343105 343105
2 166560 1833441
1 196714 196714
1 331154 331154
1 184214 184214
1 1440952 1440952
1 1423655 1423655
1 722213 722213
1 775114 775114
1 1629863 1629863
1 1432004 1432004
1 34185 34185
2 799258 1200743
1 474188 474188
1 1432556 1432556
1 112288 112288
1 786481 786481
1 1147383 1147383
2 1662894 337107
2 982548 1017453
1 782248 782248
2 1179439 820562
1 1180507 1180507
1 858334 858334
1 639315 639315
2 396519 1603482
1 127612 127612
1 838718 838718
2 613229 1386772
2 657903 1342098
1 488989 488989
1 768438 768438
1 860247 860247
1 53156 53156
1 499037 499037
1 883412 883412
2 115020 1884981
2 1652248 347753
1 1941323 1941323
2 219604 1780397
1 1917048 1917048
1 628197 628197
1 44763 44763
1 1217348 1217348
1 1968508 1968508
1 861438 861438
1 1715538 1715538
1 208240 208240
1 1481222 1481222
1 504399 504399
1 1400551 1400551
1 1657890 1657890
1 1565706 1565706
2 377655 1622346
1 1057959 1057959
2 1144796 855205
1 1110821 1110821
1 1456737 1456737
1 1811630 1811630
1 1646337 1646337
2 1444394 555607
1 1564391 1564391
1 1056200 1056200
1 361293 361293
1 461193 461193
2 902491 1097510
1 1796274 1796274
2 1348506 651495
1 1755809 1755809
1 644299 644299
2 1265544 734457
1 74443 74443
1 717311 717311
1 314118 314118
1 793687 793687
1 336660 336660
1 1259652 1259652
1 1787761 1787761
1 870323 870323
1 200695 200695
1 1625877 1625877
1 1642266 1642266
1 676467 676467
2 64058 1935943
2 1368710 631291
1 400344 400344
1 1400139 1400139
1 258540 258540
2 507361 1492640
2 243957 1756044
1 1408141 1408141
1 1425674 1425674
1 1211069 1211069
1 470199 470199
1 12737 12737
1 31210 31210
1 43578 43578
1 1331639 1331639
1 1358522 1358522
1 1107982 1107982
1 1635550 1635550
1 797824 797824
1 364682 364682
1 711082 711082
1 940892 940892
1 1258035 1258035
1 1098480 1098480
1 426093 426093
2 1058771 941230
1 999256 999256
2 224331 1775670
1 1974506 1974506
1 1791316 1791316
1 883269 883269
2 1616594 383407
2 307263 1692738
2 31218 1968783
2 1740962 259039
1 693214 693214
1 1965324 1965324
1 1711788 1711788
1 656104 656104
1 333492 333492
1 308296 308296
1 1993695 1993695
1 1188042 1188042
2 380183 1619818
2 108100 1891901
1 1320681 1320681
2 1004387 995614
1 1558497 1558497
1 1692838 1692838
1 1592751 1592751
1 1254876 1254876
1 78273 78273
1 546582 546582
2 1698757 301244
1 950879 950879
1 687050 687050
1 1044414 1044414
1 1355066 1355066
1 342015 342015
1 1095846 1095846
1 798241 798241
1 392406 392406
1 1223462 1223462
2 6704 1993297
1 301744 301744
2 93825 1906176
1 424489 424489
1 352450 352450
1 162013 162013
1 16807 16807
1 222070 222070
1 188207 188207
2 1537234 462767
1 941682 941682
2 968977 1031024
2 71523 1928478
1 1788599 1788599
1 854756 854756
1 185998 185998
1 1535428 1535428
1 1219052 1219052
1 566562 566562
1 713564 713564
1 213090 213090
1 830242 830242
1 575677 575677
2 693655 1306346
1 1401722 1401722
1 1239841 1239841
1 1489403 1489403
1 1173534 1173534
1 120159 120159
1 1120823 1120823
2 1081660 918341
2 1361114 638887
1 940202 940202
1 1220515 1220515
1 786788 786788
1 170765 170765
1 1446801 1446801
2 1522875 477126
1 1252865 1252865
1 265328 265328
1 1644602 1644602
1 259605 259605
1 1630106 1630106
1 1299731 1299731
1 1401273 1401273
1 1018695 1018695
2 1315452 684549
2 1964615 35386
2 1154726 845275
1 1431839 1431839
2 273860 1726141
1 1003525 1003525
2 1565862 434139
1 1975287 1975287
1 200132 200132
1 660116 660116
1 1024028 1024028
1 1843964 1843964
1 1450523 1450523
1 1695520 1695520
1 1063346 1063346
1 933515 933515
1 431886 431886
2 1368416 631585
1 1518801 1518801
1 1158574 1158574
2 885492 1114509
1 1623179 1623179
1 740560 740560
1 280468 280468
1 1509176 1509176
1 1184628 1184628
1 809942 809942
1 1389248 1389248
1 84729 84729
1 1320454 1320454
1 1222061 1222061
1 1361029 1361029
1 873274 873274
2 1032689 967312
2 523052 1476949
1 1719531 1719531
1 1250245 1250245
1 1095790 1095790
2 163964 1836037
1 131716 131716
1 1591968 1591968
2 141776 1858225
1 1013660 1013660
1 1634843 1634843
2 1323460 676541
1 677162 677162
2 421452 1578549
1 550479 550479
1 1665928 1665928
1 683738 683738
2 1565172 434829
1 1586530 1586530
1 334472 334472
1 754472 754472
1 1647221 1647221
1 1942295 1942295
1 1540687 1540687
2 1940403 59598
1 638789 638789
1 129743 129743
2 526441 1473560
1 1277737 1277737
1 197289 197289
1 1516819 1516819
1 1854249 1854249
2 1697860 302141
1 317183 317183
1 188733 188733
2 268161 1731840
1 259137 259137
1 1583644 1583644
1 491915 491915
1 905339 905339
1 759662 759662
1 404029 404029
1 761401 761401
1 1157534 1157534
1 161472 161472
1 1853162 1853162
1 853644 853644
1 453989 453989
1 1859131 1859131
1 1298486 1298486
1 1438458 1438458
1 284687 284687
1 1456579 1456579
1 835537 835537
1 642454 642454
2 1986579 13422
1 586064 586064
1 1642055 1642055
1 1897779 1897779
1 1810955 1810955
1 581786 581786
1 1402860 1402860
1 1532128 1532128
1 1851348 1851348
1 1993707 1993707
1 1026140 1026140
1 390482 390482
1 135917 135917
1 1523416 1523416
2 18478 1981523
1 1441847 1441847
1 1242045 1242045
1 15874 15874
2 1067142 932859
1 365098 365098
1 573740 573740
1 809208 809208
1 1324675 1324675
1 1985212 1985212
1 687484 687484
1 865556 865556
1 1702762 1702762
2 612703 1387298
1 774403 774403
2 382402 1617599
1 1525881 1525881
2 498865 1501136
1 1116294 1116294
1 1702677 1702677
1 552667 552667
1 1753601 1753601
1 1571761 1571761
1 1546023 1546023
1 1264878 1264878
2 1370438 629563
1 851833 851833
1 1419854 1419854
1 1269116 1269116
1 417059 417059
2 1431060 568941
1 330725 330725
1 1164277 1164277
2 1422149 577852
2 1235072 764929
1 560661 560661
1 858907 858907
1 1220300 1220300
1 1067784 1067784
1 1589656 1589656
1 102047 102047
1 197376 197376
1 822967 822967
1 1892616 1892616
1 814082 814082
1 1711196 1711196
1 606306 606306
2 149411 1850590
1 903002 903002
1 1339911 1339911
1 209581 209581
1 198309 198309
1 613760 613760
1 508849 508849
1 500147 500147
2 414222 1585779
1 1192696 1192696
1 1001984 1001984
1 1955716 1955716
1 257989 257989
2 292179 1707822
1 290945 290945
2 617685 1382316
1 473632 473632
1 992055 992055
1 228918 228918
1 1315348 1315348
1 255242 255242
1 1866481 1866481
1 1488914 1488914
1 305231 305231
1 1289556 1289556
2 828102 1171899
1 1587968 1587968
1 1972220 1972220
1 1642111 1642111
2 1073857 926144
1 1818796 1818796
2 1221439 778562
2 897038 1102963
1 820190 820190
1 548548 548548
1 1828589 1828589
1 1822026 1822026
2 650177 1349824
1 1447136 1447136
1 1441411 1441411
1 1765398 1765398
2 1101025 898976
1 770685 770685
1 817300 817300
1 147238 147238
1 812343 812343
2 1331859 668142
1 1615042 1615042
1 570629 570629
1 1212459 1212459
1 1993579 1993579
1 254414 254414
1 618052 618052
1 1503603 1503603
2 535029 1464972
2 1175770 824231
2 1719792 280209
1 1790371 1790371
1 1910248 1910248
1 1837809 1837809
1 325888 325888
1 708414 708414
1 1478764 1478764
1 1248542 1248542
1 985256 985256
1 1315379 1315379
1 1697581 1697581
1 1059716 1059716
1 1327227 1327227
2 236432 1763569
2 1178725 821276
1 1520001 1520001
1 1838763 1838763
1 1514585 1514585
1 1941922 1941922
1 291618 291618
1 1425498 1425498
1 763549 763549
1 1020363 1020363
1 1167607 1167607
1 727088 727088
2 153173 1846828
1 918532 918532
2 306422 1693579
1 1629646 1629646
1 171731 171731
1 1645189 1645189
1 1812253 1812253
1 1075570 1075570
1 1283575 1283575
2 949375 1050626
2 1397704 602297
1 631786 631786
1 208474 208474
1 1350634 1350634
2 559085 1440916
1 1366379 1366379
2 1624258 375743
1 504387 504387
2 261145 1738856
1 467941 467941
1 1650974 1650974
1 1527922 1527922
1 1011379 1011379
1 50318 50318
2 1960681 39320
1 872895 872895
1 852080 852080
1 101364 101364
1 1977689 1977689
1 1105364 1105364
1 1889790 1889790
2 1666664 333337
1 1071859 1071859
2 344178 1655823
1 689404 689404
2 929488 1070513
1 1944904 1944904
1 312970 312970
2 253427 1746574
1 444046 444046
1 1181589 1181589
1 284526 284526
1 1588674 1588674
1 971992 971992
2 445220 1554781
1 464831 464831
2 1435817 564184
1 1526511 1526511
1 289327 289327
1 1798048 1798048
1 4131 4131
1 1231852 1231852
1 61829 61829
1 766613 766613
1 636267 636267
1 1165644 1165644
2 1939527 60474
1 1508627 1508627
2 513466 1486535
1 1352163 1352163
1 1201847 1201847
2 1179528 820473
1 28826 28826
1 800661 800661
1 967314 967314
1 1311558 1311558
1 309009 309009
1 507138 507138
1 413340 413340
1 845798 845798
1 1289545 1289545
1 441849 441849
2 1676105 323896
1 1554281 1554281
1 1939483 1939483
1 1876228 1876228
1 168018 168018
2 421829 1578172
1 1873747 1873747
1 1611449 1611449
1 721744 721744
1 1103570 1103570
1 1082847 1082847
1 951378 951378
1 249450 249450
2 1535311 464690
1 924500 924500
1 1711508 1711508
1 191232 191232
1 924136 924136
1 1985280 1985280
1 256728 256728
1 988319 988319
1 939141 939141
1 1488880 1488880
1 363146 363146
1 1324992 1324992
1 763892 763892
1 1096248 1096248
1 1013874 1013874
1 537177 537177
1 986100 986100
1 1313438 1313438
1 1975279 1975279
1 1024260 1024260
1 1994537 1994537
1 1166403 1166403
2 508786 1491215
1 912200 912200
1 135818 135818
2 535397 1464604
1 661930 661930
1 17713 17713
1 174201 174201
1 1368133 1368133
1 1412162 1412162
1 252598 252598
2 1215989 784012
1 696192 696192
1 286148 286148
1 917984 917984
2 1237535 762466
1 1528740 1528740
2 752328 1247673
1 1760824 1760824
1 179618 179618
1 1553020 1553020
1 581790 581790
1 1666559 1666559
1 567047 567047
1 1805300 1805300
1 102863 102863
1 1469935 1469935
1 1954315 1954315
1 1527829 1527829
2 1950404 49597
1 128557 128557
1 1751657 1751657
1 648470 648470
1 640188 640188
1 393711 393711
1 477900 477900
1 360824 360824
1 1093091 1093091
1 109770 109770
2 351365 1648636
1 746834 746834
1 508700 508700
1 1049311 1049311
1 905014 905014
1 851576 851576
2 169291 1830710
2 552593 1447408
2 271532 1728469
2 45475 1954526
1 1832557 1832557
1 1961472 1961472
2 289056 1710945
1 444548 444548
1 201810 201810
1 1209784 1209784
1 1902094 1902094
1 1334069 1334069
2 1290041 709960
2 277219 1722782
1 317645 317645
1 1296892 1296892
2 28766 1971235
1 756313 756313
2 339314 1660687
1 1450698 1450698
1 555008 555008
1 179792 179792
1 203006 203006
1 273776 273776
1 751990 751990
1 973104 973104
2 867171 1132830
1 897504 897504
1 826574 826574
1 1141394 1141394
1 1682963 1682963
1 1033224 1033224
1 33602 33602
1 1661513 1661513
1 1647018 1647018
1 369877 369877
1 1915774 1915774
2 1935888 64113
2 1099170 900831
1 376066 376066
1 865907 865907
1 174681 174681
1 1010244 1010244
1 860070 860070
1 252264 252264
1 466943 466943
1 1608709 1608709
1 1892830 1892830
1 1239450 1239450
1 500045 500045
1 798643 798643
1 1851038 1851038
1 1465273 1465273
1 1386085 1386085
1 1752373 1752373
1 1328441 1328441
2 1092776 907225
1 155148 155148
2 1968071 31930
1 1437304 1437304
1 270076 270076
1 82440 82440
2 1735920 264081
1 1362808 1362808
1 909935 909935
1 1468874 1468874
1 645891 645891
1 618337 618337
1 886285 886285
1 1418818 1418818
1 1904692 1904692
1 1302666 1302666
2 1893723 106278
1 1242757 1242757
1 741124 741124
1 162576 162576
1 1908859 1908859
1 1087838 1087838
1 611135 611135
1 151847 151847
2 1643534 356467
1 1989433 1989433
1 1594771 1594771
1 688394 688394
1 485155 485155
1 1553164 1553164
1 938742 938742
1 1485446 1485446
1 667601 667601
1 1588594 1588594
1 995198 995198
1 1964966 1964966
1 1234282 1234282
1 469979 469979
1 1615372 1615372
1 400943 400943
1 1731279 1731279
1 1576691 1576691
2 620601 1379400
1 423034 423034
1 743504 743504
1 124982 124982
1 1349288 1349288
1 642130 642130
1 1592309 1592309
2 1983895 16106
1 1171882 1171882
1 1899580 1899580
1 1169651 1169651
2 183523 1816478
1 692636 692636
1 1142288 1142288
2 1054019 945982
1 1237863 1237863
1 1276797 1276797
1 1878983 1878983
1 1514187 1514187
1 1534802 1534802
1 703144 703144
1 1017053 1017053
2 1186442 813559
1 1304076 1304076
1 1767682 1767682
1 1219555 1219555
1 117969 117969
1 1797777 1797777
1 825321 825321
1 1549295 1549295
1 1928806 1928806
1 1954429 1954429
2 1850864 149137
1 1259331 1259331
2 1193233 806768
1 1888611 1888611
1 349437 349437
2 1176856 823145
1 1684955 1684955
1 1792918 1792918
1 215632 215632
1 1266070 1266070
1 1937192 1937192
1 1142299 1142299
1 1300849 1300849
2 535566 1464435
1 1142446 1142446
1 48236 48236
1 659998 659998
1 197277 197277
2 1635080 364921
1 1078637 1078637
2 1727054 272947
1 1196360 1196360
2 68180 1931821
1 1817344 1817344
1 600882 600882
1 1050437 1050437
1 1148424 1148424
1 1369909 1369909
1 1334045 1334045
1 343890 343890
2 1348736 651265
1 1533277 1533277
1 1348131 1348131
1 689389 689389
2 1697836 302165
2 282476 1717525
1 675964 675964
1 688319 688319
2 1625362 374639
1 1983575 1983575
1 1948528 1948528
2 752754 1247247
2 1448291 551710
1 85204 85204
1 235211 235211
1 939949 939949
1 368299 368299
1 348843 348843
1 874702 874702
1 304500 304500
1 1802699 1802699
1 190467 190467
1 1758340 1758340
1 1075519 1075519
1 1423037 1423037
1 25987 25987
2 41082 1958919
1 1499399 1499399
1 1801792 1801792
1 1099399 1099399
1 1049699 1049699
1 487499 487499
1 90973 90973
1 1294390 1294390
1 286389 286389
2 223572 1776429
1 1104679 1104679
1 1245169 1245169
1 387377 387377
1 298624 298624
1 1800819 1800819
1 1032708 1032708
1 1090467 1090467
1 189169 189169
1 118295 118295
1 908906 908906
1 699485 699485
1 731095 731095
1 1217802 1217802
1 1769427 1769427
1 1032842 1032842
1 1078788 1078788
2 751489 1248512
895922 712883 1120908 138387
854328 1402587 1463600 1170555
565748 175881 1852746 531283
420085 1320974 464194 971396
1189703 121973 292271 115896
1665684 568949 255875 524855
1948463 1686119 1649530 698755
1570416 1257816 517852 1095368
329714 14726 1261530 889938
1223478 1383279 243488 367669
112701 346451 523326 864398
516118 1220922 1344305 1917593
915453 1305708 1919754 1479703
1416938 1082661 1363425 788090
1222663 1693129 144959 1905141
1653936 280751 1116876 1612254
121081 1389567 569133 1241015
1613287 1466491 1966000 1700362
1659071 16651 60182 545840
1251332 1915765 955559 1290769
1977765 1500353 1501736 1636859
354590 1331933 1915703 683955
499136 948903 1730565 1565948
709110 1214593 622151 1666349
1331916 78436 1297839 230473
1635931 911696 1922338 1968745
1278677 1848900 1036849 746735
84676 67795 1628400 689998
1797807 710435 1893038 511835
338971 1777477 345647 145854
207058 813211 1659903 987246
755106 734156 1423437 419357
306232 455122 1581140 993224
1669550 407894 169169 1209507
1290390 1276543 629692 1053415
224617 707185 808986 486454
818609 1627030 398703 1607171
1796471 621626 1381675 1017786
896101 735063 305240 283533
293128 1003916 988927 398189
1224708 1459885 1411679 1242564
851877 1043386 245126 989504
1224098 1977021 1179609 174246
301449 1708513 1821538 775682
1980201 906143 1568781 1275894
968615 517565 1848779 190604
632127 786449 1266888 1792803
492860 1338481 53412 1887523
202782 940564 1160721 457151
753808 1716357 914402 1621256
1227668 1872778 1533539 502106
1294461 1827042 1122254 1736622
944806 1279040 1092435 1323807
253371 1677545 998925 1882958
1376472 1020032 164635 1934958
1345290 1596487 722143 1915323
1417620 69594 199516 1245666
1059010 488795 1828511 497063
414951 14944 775272 966471
1274135 1894448 822169 614273
1213563 1192610 1093957 539828
1267023 211527 358234 277439
1451340 982443 1762763 1552191
391067 1689727 1079082 477546
558358 829482 1206504 1124025
558511 679994 1989877 1271283
1290305 581731 1583465 1146384
412011 695038 1077385 479690
1703286 1854712 1376050 1336551
1264019 365198 1985862 1558751
1902495 1125679 131896 978018
1410510 1584008 1903658 1186933
263785 833817 1880323 1374126
1746651 611753 1046273 1048476
313987 1925871 1299920 1968762
432529 665385 1281064 1459216
1834266 782015 524031 999422
1350654 1249603 391890 587311
1417791 640219 383665 88292
1402496 1734642 393803 571634
1044600 1132105 997405 442709
1795647 1135889 79793 54294
1860019 1098486 1494062 915501
1787594 1159759 226435 907044
1534421 1877842 350411 1685238
1333868 1142991 1282146 443954
1046524 218293 452712 136421
1981416 84628 794383 469522
768144 1466707 1936349 657556
240352 466979 861419 1580988
675209 683716 1494760 98547
71178 1148573 827906 1136943
1801394 735368 1983882 243666
987071 596884 849186 335908
1010983 722601 1153612 918918
1628680 1691727 365899 1345542
1019601 1913496 1424717 1675327
1094312 649643 1444808 1297174
1246554 1396077 1821129 47353
444527 440909 183259 1707464
203892 905686 920101 239012
589088 361354 1640295 467696
1917211 1743145 1781664 445122
1194409 489759 1830695 324827
857030 1881494 280901 1602745
1160541 1992880 1062425 747038
139332 1396244 162455 1296576
817791 1292766 1851806 1133267
442199 915804 1051761 194686
1821416 1314353 1427228 1611199
1968048 1838875 338836 843218
480640 55366 217370 1239586
1139740 1436303 79468 1144453
1994574 1749649 1203324 1350634
1105200 521574 1826602 1953449
754642 1126755 624176 1589024
1646383 1681749 571235 1007540
1012320 951755 221647 1728562
1819523 502498 925234 1474416
1312657 1278103 455680 485245
274145 431820 1243569 745563
1764197 1430279 866058 379126
557611 991712 577864 677282
1141121 6871 158960 1973032
932929 1997531 315767 549143
1794992 1420227 1017905 651269
1725347 1651146 1849470 948778
1847728 449751 1087430 63279
469937 694106 1516785 1547111
472991 1645113 1500351 1189499
1546372 1712393 592268 290350
1845564 196449 1066529 1612152
1882127 1006993 881351 458522
577604 477632 988377 1330848
1198416 1001897 1169785 1967976
1397000 1361030 155348 950024
1235328 639885 221615 984758
880921 1682062 545966 185617
1218428 447644 38597 684486
1055903 1711389 871492 444908
1382125 119983 1906171 1181555
1287903 1022556 740837 346144
824420 1589102 1654961 1975169
806496 1580854 749075 1577495
401671 1286595 1320879 1203300
1582676 1501313 552149 281749
556325 765407 530219 221999
421117 166844 825249 1373479
1636265 1315092 243505 1407393
810028 364775 1140632 71953
834612 1837546 932191 183972
343357 1881863 215883 319088
1339675 1848480 24632 484145
300316 100167 692091 981474
1966548 1442046 1941553 243920
1480010 290634 782539 1737106
654380 1756489 1801770 1330365
227760 1722274 1659950 1150795
999308 1263024 510458 398811
1632616 443334 1353337 1249957
1419492 602786 302351 985076
87733 1483585 353090 196831
48119 1653620 776184 389272
1906217 66108 1984777 402261
1089377 307826 1426857 1777861
1205210 346408 357921 1825696
842964 1428014 1255946 1597491
173019 1092629 1265229 725092
745672 1537134 292161 1720814
1499735 1291597 918974 1717664
1935920 802164 1607352 1626091
1437987 1610801 1622763 1984344
1187853 1016226 1046215 1021101
57857 598046 797787 937871
671593 318118 338684 1170351
1444911 393482 425761 267156
1480578 864822 1289872 787413
963029 371199 430061 1913885
1194018 143134 1384591 495568
1503475 1239171 1628373 848258
412499 959448 655901 867408
1143092 1954218 1079649 955565
382879 239801 1617182 1142646
214693 1442680 999064 1650377
1293530 1814219 1802325 567092
1197111 690320 1660868 1999963
1264540 308913 522563 247318
1297312 886030 729411 502703
309916 396454 1107327 274971
553550 744907 823810 1738725
607148 1304413 933842 1445391
522646 678726 354345 1988054
921656 871959 824739 396266
338406 106752 241675 1858420
1613414 1329800 1334749 1377848
1237427 741131 791784 1362793
710909 793363 423574 635134
663980 313734 83772 742063
468221 419409 1562120 643724
1184596 1011932 57322 1988217
1332316 373867 378973 223733
1286060 1035693 1168914 151462
1006092 33266 640976 903504
1103591 1926811 741113 510282
1347001 847907 271516 1481148
1969068 1132885 891986 416381
197 723805 1169243 439470
999951 459935 1190033 1984057
411815 1556736 18078 869590
1957715 196521 934077 252621
1886228 1115225 478520 1433420
738817 1023083 157475 1137583
360332 1170501 383869 482522
780073 1304128 1141315 1866175
1014741 1998128 1929669 1623104
1948311 1241987 1424544 1799631
522624 1986843 463981 760647
736695 1655918 1993769 1035934
1491497 278635 610840 1176042
964211 649500 371868 1060243
29544 1693475 135929 881645
1271731 1284522 462374 1359039
1179862 1664017 1508746 738301
266780 1921948 1813070 1088546
1333312 711202 222547 550922
532054 717246 1276054 1577616
1259933 1811007 860446 1920237
1031641 993028 874933 1623907
347180 499694 1154575 1940341
1198894 859164 36304 497298
44513 736222 1882507 1266546
484660 1523984 624700 747992
1588743 1493725 220166 1066842
921861 16797 253607 1063457
985544 1003115 22398 1535955
133569 1304110 986220 1918982
115613 827635 547115 811000
1967061 835846 769696 730553
1239290 1729923 731203 124926
267134 811847 1787993 111656
739570 1094228 1578562 935786
860127 247986 230276 50106
883349 1399294 442403 273298
820119 795292 824049 855371
719741 1160458 1727943 680638
1209071 1112555 856255 1147105
1282043 1257015 470383 1779515
1767441 102332 1358390 1423201
1585458 675062 308422 897732
52575 876423 1826339 1615297
859828 12448 820221 26427
401799 463593 532262 333837
17518 35685 529600 301623
613207 106538 1935135 1600509
992029 128902 763259 1085954
1999971 1971483 512018 405172
1295978 909576 1249596 612269
1290740 1494701 1757420 1101230
1625580 80242 1344459 1079013
437713 1749430 925676 733403
1698687 204824 604021 1157457
1641989 1599386 1536636 616485
16469 1671886 777116 1648369
640994 1488541 1619801 164677
1089772 1531520 861373 1538371
1166792 1625347 1259890 1330624
48738 850583 1443421 919349
1640463 574283 1059083 39812
556797 962542 435746 868226
24826 768536 1734515 505755
842184 887348 442664 644721
1684994 1797438 466638 1034067
940940 1138648 504723 1171501
1226629 1248799 218134 252975
222993 517804 651814 1353416
1982 236702 189153 955954
173999 535016 145427 1208900
98388 950148 839654 115374
451039 1697853 743612 148200
1612785 480786 732428 593581
884601 1512607 40554 494628
1158083 544878 1555139 1595503
1339581 381164 1914951 274635
1862694 486316 68333 1528411
838110 1709562 1038250 964189
1509191 1688679 1886595 788803
665339 460121 915785 55435
1493045 826163 946066 1935012
1128651 824779 1263081 779790
1597921 1910713 523279 615423
1334717 811694 1404966 1533915
1328902 817804 637285 60160
957291 772675 601385 1689774
1083537 119262 26626 1296954
1761911 876131 539729 989994
787594 625426 534866 890409
1598865 1091367 700145 934621
1479531 1951222 1769212 1962035
249085 615308 1193381 192781
1849886 115093 1314758 628417
1383620 1007010 1431399 485611
538309 1673499 633850 1129051
837337 313653 1924633 1814115
1485953 141538 1697648 191993
481019 884235 1435758 1447318
1942478 1100903 1583133 816496
840356 1943896 1489185 206278
1330592 699092 299017 331562
1933575 735635 1467591 323524
1384167 1465416 543451 1475199
1289842 590098 1281202 952037
536260 529751 1818473 609416
1220874 1270005 1090353 927317
99702 1781528 1754394 445633
1071522 392625 363614 1732840
730511 443835 1903864 36653
232996 630160 1026056 416415
788312 892240 1803334 1930085
345484 739373 942919 388623
1309967 582562 1831278 1298797
111861 1816117 660723 186759
888147 1121970 365233 1370982
1328147 72113 459399 197273
1341098 1112307 244761 1565844
1269627 1867544 1410078 543840
1361115 349246 1949062 623849
121618 1734795 1203325 192335
1592908 989866 1809975 1634676
1473001 621466 747093 1871441
424441 474265 1042511 1384713
927283 473741 802296 1128985
1867056 755649 1267310 852519
695102 1119758 1887776 696939
940087 367208 654591 1266150
1281180 1831004 135763 1414103
801831 1615857 1829815 891158
841251 676957 1218606 1664954
1625936 1854152 1897850 1732257
1488758 1796012 1910154 467518
1158609 1293451 1667010 1887497
1766588 946494 1853745 435634
1232679 1397128 1335042 161357
525994 1498030 1486676 727806
1529793 328530 1922220 643761
1983151 93213 1747278 752168
604692 639154 1869511 431614
1179916 847527 411140 1421961
240398 1532770 1303892 1761932
1752785 919516 477486 1822092
1599904 158489 798495 674188
1985911 1434498 1121115 1249890
607447 1474905 1258452 323010
407624 1266708 1885021 641594
1251415 142676 758129 1217284
1575765 999914 625457 718529
1224183 857612 280720 278512
477835 1457005 1902813 658751
613999 521902 211752 1973075
1095114 778018 166670 1717598
944760 497404 547915 1595560
788633 1481420 675758 537537
813055 1595183 1919916 861337
1225071 60378 1390730 828790
425005 1470331 1566380 837166
1960306 1299853 103904 615126
8042 761066 1890775 99985
1896831 595114 909599 1832835
1504638 496892 1105172 508123
379809 1779279 1003514 1718693
71256 1621907 1898842 730439
1633103 213517 1715150 1658963
12248 1470152 651386 840147
190859 1334724 275532 1424228
1215421 538365 445043 1980431
550560 1866661 1136542 640492
631364 679725 405792 1663796
973101 1768408 1615177 1986098
1414585 443860 1917111 1812006
1203993 1090592 727663 278873
969933 587435 1053612 158244
734357 161234 585393 1473629
1356350 1152945 694358 34491
1004874 1345009 1967366 1499109
1442284 25959 1336437 1894373
871235 345444 258622 948468
428739 1501222 608538 533631
737971 1425095 59793 146466
1269502 1447968 365841 635382
494223 1401665 240041 1327301
1136703 837595 513486 1899160
264149 926026 518396 1405554
1678798 1744917 680362 123409
1655773 1438199 1347660 1963561
1095180 41624 1397607 1187804
938150 126558 611393 614376
151545 1457900 1128748 377217
74547 1865209 1675093 522122
1515399 1173561 1771112 348375
1574257 262808 542343 1670211
1103419 122764 871636 240396
1361687 373196 560502 1912906
1391423 652697 1464803 1849874
1863452 1636879 1872880 69284
1410336 285390 1887674 167805
1415913 1475804 1758705 626951
760158 1557467 994881 1427846
752575 1809095 1923456 127321
698763 126889 1651230 279250
1584097 9469 478527 1258659
103934 1529981 1196763 435923
1469311 1507460 1901030 1390228
407889 1882082 1998445 1325995
37210 239352 1035256 1866100
688441 841879 1875128 1930450
1407859 1159190 1790589 352030
481081 1833410 1921594 1530376
1808501 1895422 999738 198221
1947099 1759175 1487904 1406995
614038 253377 991441 1611672
1261370 339122 1663381 809980
470421 411384 937135 1235303
242366 725213 94151 1384298
1131088 1422566 814387 1803666
564101 528518 266987 1440868
1268413 1526016 1927929 848585
651622 1231586 1415221 1255384
844816 1988967 647457 1992945
333567 1561908 1669260 501750
518702 252114 790194 1059813
1352431 945896 429968 922671
185022 31064 375009 892168
416143 478093 394085 848091
1881814 191159 1067634 1073927
1732971 396090 1169024 652505
1373047 685221 814290 1419266
1326594 1064715 1706474 820231
1776969 1919049 621780 1266665
444499 1720660 146152 113394
1281162 1346835 602187 1149204
1564396 1996260 1434829 944667
633321 1521129 1398401 1500760
1407156 1390139 509227 243459
1092357 81755 184878 1224962
726825 1803820 1992106 19666
1945663 1066872 1259371 1107665
1013500 1339629 443046 1533775
584825 1860356 1543154 906165
780318 165542 470559 593217
1571928 1753414 1878544 1201871
102243 1343313 1923590 225035
501659 1022784 417633 298072
249886 1010550 696533 1154283
56650 1333016 757667 1109368
1862779 1104989 127121 459634
840023 935618 966836 1260021
184840 1180672 616142 491086
122903 233110 1675794 806699
167421 166693 198230 1478336
980368 1197124 1267957 1114506
1973464 603109 437801 961845
1768993 659223 840703 943031
701409 1385400 495541 82637
207849 1171334 718577 702702
55871 1004237 574959 1920316
58996 1518183 1253360 546239
1924803 739337 1047424 1379503
779684 235845 573106 1738993
577253 1887000 566964 715207
1829406 315641 555552 144884
849317 361418 304207 1487697
735623 1015372 756698 645071
17103 151931 1343804 498652
530925 302346 1141492 198884
1527463 1460483 838057 1923170
886919 673182 202614 473449
437411 1857420 1883167 1925124
1689286 306670 1454972 1027229
1718143 55302 1483048 46447
831062 58262 698209 89032
946637 397896 638960 912982
891478 804710 93410 384177
1489839 1769869 1492148 1021067
847472 401634 438836 302941
844474 1252621 633272 992905
1562802 396047 1331722 1327579
990421 119412 588982 1517461
1063406 829469 411275 510837
980483 574242 830933 1772305
787437 1633125 818075 784168
114753 897091 1764543 569834
1759858 1344515 866809 1294597
354071 419691 1846281 287381
1759383 849060 134500 1738853
915610 1244796 138162 436992
666992 775921 1077806 922806
1674101 214822 841065 1717146
1454955 175816 277267 1037104
753403 1042116 1237398 844885
1436149 1507826 1275148 552035
157386 1059026 1405784 109228
559143 951083 1477312 1320419
1830043 325976 840195 1204454
1066596 347205 1523710 1109625
719680 380415 1840870 708392
864150 1092093 1960380 1797426
482740 531100 1217013 334064
562340 1296409 688169 1852898
1505666 1857487 1507151 1789471
426053 1647651 509979 1366456
524334 211918 740684 1898411
1396709 1807154 1885232 888882
1756948 1309472 732711 1809398
1567323 65243 1228469 561528
178063 1935015 980211 983763
1463982 425739 82690 1245356
249249 31485 520910 273920
1273655 647899 456198 1685970
1078165 41441 568076 987371
1970584 334691 65168 824498
598291 1924453 1587425 456756
377689 1963945 900329 407807
209717 1179212 44333 1312671
239018 1423051 1413775 1442305
1452297 426819 1591016 661840
1766965 946602 375056 736240
1604509 242806 515471 836529
96460 437543 1743477 813073
76652 1290602 1006302 140607
612721 204537 1344653 1930472
369352 57227 720518 1736181
252539 1545446 244785 972981
1993390 1139720 408410 1841835
1768550 322167 976859 1751441
281852 1535705 877857 99915
1498436 237768 165296 1544076
1619131 1062259 574914 880167
764636 4390 1973327 333871
1790188 821145 1636594 1342847
257947 1381153 1155189 1218224
886671 1368342 422954 357707
955009 1355111 543636 1892090
235694 1428849 1230628 1940258
485817 79040 877827 1961185
1687095 331052 1561273 1084096
1511855 1179357 1590101 796952
833497 1958084 1040639 918243
514689 1889284 614446 945983
411111 31854 1487873 122874
561955 1706180 628182 1352781
1722624 943085 733485 1852919
1801720 1054589 897341 1871982
1095883 192724 1869876 1924371
1093167 203623 703088 1809675
1461476 1248882 461414 430138
1078853 660228 1581278 1991338
649744 1590784 652418 26446
584050 430323 1557110 1243763
839142 1463041 575486 36134
416344 1580209 998600 926897
1810989 71922 1908823 859949
1827022 779393 779817 1050624
921286 262718 419156 759138
486293 1754742 1105688 148309
1339852 1490710 438608 1660875
904544 166228 1058223 716565
560921 284793 1423133 686176
1281038 361210 704523 808444
1243531 1505073 60610 1133274
35708 1699765 553627 1711270
281964 543939 1898789 1803867
1513144 14526 58405 1670093
437574 135448 1967528 1864733
649936 274856 1196368 828747
1472499 1200687 1709483 911770
81966 820985 1905904 1539188
1024231 1252259 1026943 910884
1897252 1388159 502386 943894
1403638 1346962 741293 1520945
1505196 1186608 677680 1453521
1560904 1577802 1004273 1375231
63247 57444 1099795 13057
1999664 1932392 1020127 1084897
1595282 1520321 1509422 836830
464903 1337210 1199407 454557
1176809 694969 1395441 1225813
1887977 95997 1653193 1303966
1791361 1343275 316835 801477
1747825 778359 216502 237775
14417 1991271 487674 475229
1927056 1768242 1252211 1184580
1753155 984313 1146940 1410438
808635 1574672 74327 1107040
647613 1937701 1447004 1410234
844183 1033994 1388288 1947585
950066 82649 736980 1606277
1756991 1115614 701227 1086473
1525315 988638 1278224 1171407
1021647 1049298 1230991 1541688
1529427 538126 953683 1040522
346446 1399929 1420451 130635
936164 460045 790017 1851336
1799333 1751792 177425 1845799
528075 1542858 1590356 22695
1245604 676346 1655483 1458869
828249 593806 47948 1527119
306926 1680537 1697628 1545178
1189414 965772 159510 1294929
1695278 878901 1285830 168967
509980 620501 700105 954129
967973 1336046 1428328 1892294
987989 214177 379704 927853
102961 1705213 636697 562461
1104183 226356 92612 244338
367141 1907716 1767911 1099495
1850739 373973 826649 1288648
1404382 815856 181215 1816654
1626536 357352 406112 1859776
435118 1990393 1798443 215836
562976 32019 1789534 257550
1431762 631536 990504 1524794
313925 1992453 656329 1095209
579181 1631298 1009264 449917
746858 520847 653715 1402021
1630284 789541 1245655 1744241
1882717 1854739 665302 1058131
596960 1098154 1256612 1953893
1015654 1592121 1113382 534574
52673 293451 202508 365118
291202 870121 1989274 1981881
1972981 1478343 1211345 1737902
1847431 314651 1527590 97898
1069748 1950132 747642 828915
1855626 1750728 490603 1492471
1278596 1109520 843371 904664
1220136 1900831 1751603 1571939
1574633 507139 711625 1882847
1938674 92669 627399 1101589
929022 1282761 1609722 468552
437286 383888 598564 383458
1949841 1826359 306133 222500
36347 1004881 1038992 134576
248238 1079866 307546 1257315
1115512 525777 814031 1104478
801038 1684885 1667362 181889
334608 1900621 972387 1401123
1461052 63379 1489944 963332
1600130 250134 1134614 1440325
1273044 1745070 1880057 1903118
1081003 462370 401266 850951
1575282 54559 1546736 1112681
1899061 692469 304908 145698
877099 1823100 1776390 223550
763152 1475767 1028637 1272460
1899560 1938014 824344 1247233
1553612 1011392 1318576 617100
1018257 718232 353562 241086
20184 1926218 1287330 1693899
48346 1784149 951818 1470542
190964 238079 880985 99892
153212 1874682 556298 1848462
191386 688592 1765819 1956135
1509954 1538813 1511238 1653311
1021502 473152 1337178 417488
1039529 1301280 928989 1612886
1490122 35445 630073 1327962
1719465 936861 208449 672641
1640749 1098283 840170 1048975
888090 233296 1922084 727141
509262 1275659 1669647 761412
1089601 1463387 531187 1685132
553454 1913282 167453 677156
613388 1281830 1597247 1304768
996289 1241444 91968 1337026
83924 1492994 1965060 1553317
780050 217209 1579885 360501
1254158 1161215 1997175 423
432851 463383 262132 1653313
1845801 175701 1331523 1348922
677634 651581 585496 1000507
164711 1878356 983360 137871
271223 1291447 892264 1681705
1801587 1184467 1451332 880536
1111037 1294871 1305566 1248629
76163 168343 1844282 1338912
1502626 1208202 629629 1289487
1806608 1056289 232674 1579517
754981 1354444 433115 727642
1886986 1349547 843528 503396
1403003 1033945 1907967 527761
1368771 787710 1370777 531408
623457 1002589 735678 1232993
1447840 15272 220476 370861
291601 397433 1478658 159989
788614 174667 100624 948873
802620 271741 275697 1968215
444519 878127 468152 614599
311540 1249991 612966 49810
1542001 55699 240657 1363836
1845560 720019 1491834 1674765
660107 1951947 613454 961657
627708 1454562 1926218 150045
1199721 326338 1774711 1197214
1352790 1308946 218548 1867089
1063348 1235210 1665018 1807353
220890 1786089 697851 1149849
445025 1047346 1745614 195584
1196745 72136 1946520 1832741
1796428 1874934 1468228 473833
1160218 1714478 354823 447783
1122718 799063 297526 195603
1531130 992982 1295075 239383
1360882 473574 1295780 295547
994779 1823377 1829445 643483
728962 296430 1039886 1524481
801103 845578 1200221 1274533
1491262 1808001 1165866 725965
859862 326739 1869008 869453
907924 575478 465973 899209
781676 297685 1183594 1124193
73675 1800838 459883 1050403
33992 1798723 385113 822786
1019437 1242648 853502 1325730
530250 940644 143210 1139051
109275 1235114 244026 1575688
1617574 160961 850617 866161
1279843 49958 1302045 322884
1826762 1910847 1295819 1119311
398407 205672 1130020 690924
556769 1644428 1035283 782463
477742 257296 1924635 1626146
853691 723695 802358 1571197
563728 89925 1131581 336596
1872787 1117063 1339738 766483
340470 1506651 1327687 457224
37531 347470 1419760 21736
1666289 641038 971824 1081814
26955 177449 1719032 1398597
1611596 662479 1525091 44354
474949 172710 725744 1345889
1541117 670566 805564 1842678
1112116 847940 964504 1875368
1195256 1606705 1285559 753531
667885 213499 509984 636027
502365 1506629 1849709 1874978
448268 1987068 209534 821420
1992590 1544513 1526040 1963518
1177902 297278 511909 1569643
1642147 574076 1683773 663763
452896 1370311 363738 473650
515464 1799457 326264 844046
369469 1806965 1143883 1976761
1387829 1772556 16847 1519582
390022 861229 1945195 1853021
1903423 342147 1213544 340217
342348 1717795 560355 410071
1641902 762758 1388226 632995
1095601 902192 1133881 725141
1856167 1808273 1455147 1169426
1691837 1435837 228316 288984
1120931 610444 1330614 1308002
694400 1378883 612049 1092720
537252 418012 982876 359583
307416 1198804 1645787 1481840
1204852 369715 1123338 1999384
1188452 1404019 159010 920459
275351 1957143 1700212 1507682
1332917 1889262 1549057 666013
1244223 1968616 419737 1080656
1610014 1408339 8123 961340
1097565 138215 76343 1410
879910 1877902 326549 1736083
1387137 1674654 1364820 735529
1576578 448426 347559 1549277
1704997 782615 1381373 139233
356177 1724585 531428 1732007
961400 438095 460581 634010
1334298 298229 1972456 753416
52118 519293 1035022 129565
1676356 1087771 1086725 1562345
1111941 1315070 1771549 1752691
974133 1647586 1778050 1108797
765870 1217665 1199785 1228647
742866 1948556 1866364 1573846
1060866 151933 1485530 42705
78292 109695 1778921 1535864
1318768 1900834 388159 966248
1081799 754154 1868568 855975
423197 1990579 27412 864925
1307252 662955 1271515 78006
481407 1368423 50451 1628389
1336633 333778 1445194 1244806
1483067 1732943 1427305 1279839
811506 10321 1184577 1526046
633375 235285 1002671 1533062
1763271 275874 1752124 367719
1701170 1592945 1276396 1149881
321866 1141535 1761069 926643
365007 1936839 539763 1727147
253614 1288481 1021551 587850
830742 1363982 81296 347572
1294332 1095308 1681545 573894
1288693 650600 1259191 1121746
1288155 824770 1570691 448012
1124203 93060 1295842 1533334
1782838 1810536 1743895 869308
493173 1225417 1603692 720573
498869 116920 1773719 242412
892315 578752 1191035 442733
1744962 1064162 1822896 1893720
479251 1669164 997711 320818
872746 766506 1574148 676382
707085 305271 1698905 1920816
127428 1009074 40905 1644778
1297353 1788062 826212 1239819
1001155 676537 1360256 1975407
1589129 1538203 575076 1420344
811366 158561 24774 1345161
281837 1134718 149768 34152
1704456 1449282 1978932 1619988
918971 692505 127015 544562
652585 1718703 1475597 1637275
825278 268640 1685794 1329227
395106 1129508 1075593 1891321
817306 7819 1971278 533972
1669762 559003 1127629 1230053
1298213 1066275 550647 521080
533992 416109 138825 933790
1685031 247255 1266178 1739098
1275583 1184551 1326725 1887741
1914712 1105716 43184 1835121
351777 127355 393552 648057
239002 908506 1880894 576110
474997 860999 447766 551077
1291142 497918 1357239 983078
1884393 1113408 1739696 901114
1162157 1175673 1781409 1772230
1675173 1630196 1774505 1699106
1063698 607768 843660 260479
1082633 251360 1528852 1576209
1517330 1071579 230257 1415425
210237 591962 1094283 1647683
1050527 123639 1136512 1773296
118914 1502392 70707 1304452
996464 672713 1834261 1956598
450458 897160 1854576 522312
451249 1752123 834568 519320
1506825 1488453 1480942 505797
302111 1350691 929681 1999200
1038823 1622426 745093 688789
356584 1495491 1300583 1589485
1325290 210699 742207 741573
801600 151336 1027818 919928
446246 797472 1315236 1377071
767609 425658 1481954 887616
1407369 290735 86350 1397589
1242345 1302523 1624764 1397949
783329 1683761 826955 1430199
1925082 152390 156997 1833516
1181059 600982 1637334 1108290
593468 1804860 1801434 774748
1252551 760633 1483942 136487
701191 114460 1684046 1549923
1631882 73285 1235053 1695438
1951035 544707 652104 1689117
1013533 488669 175213 69944
1018601 1370888 1514640 634407
1822417 754818 1577971 560807
614234 23448 690189 1853543
1995916 600137 923369 1787492
894927 828219 692416 1188966
501073 1525620 1382641 1409346
180016 1964913 1612289 1124618
102780 569031 442949 839790
810041 1210014 494826 15665
445508 1679979 1237064 1010636
1483875 1949428 1711831 801022
665150 699945 796345 1909373
1717001 1097140 902626 287960
1164114 1603460 136286 1260060
567872 76419 607878 384393
495471 1191261 1674075 1493394
1212635 1804458 1584151 559130
778881 1807220 619756 789873
211600 1029974 631456 1512172
1451448 1064174 213616 348387
661389 952173 781465 1087157
1162744 1239081 1659798 1955603
86481 1830266 1363723 759128
980016 1912238 1910243 967252
322525 1961236 1759645 341292
669769 1403045 205609 231023
1393758 1088992 159745 1787021
1010078 271524 293623 213041
1231778 1707586 870425 27942
769065 524181 27873 1583344
1250759 516025 77811 977256
1805198 1079418 833766 429937
340402 2293 1046649 1777449
241016 410466 466244 1824918
1335203 1635399 1059204 406038
950878 881593 1816674 692543
244443 474026 1242880 437832
1508733 1523853 390338 1782512
1738597 447580 718777 1498374
1797586 413181 587300 212983
1097769 1794398 1786466 30985
1191867 29152 1087979 384206
1298696 1354857 1429682 961426
839318 632112 1912586 1117292
81244 121307 1585263 815895
1590281 759773 561345 968979
496291 1518109 301289 1034368
223769 799630 1339999 1340666
869933 1084088 1915292 1943861
466650 1918043 649205 1636715
834865 1116388 625358 1755331
1471831 547341 821483 551067
222817 1120812 1945903 1515911
985539 1246041 1079482 1006430
1592479 1813581 265249 473895
329437 1995838 1118721 273370
1204730 591855 165500 1573077
741842 592467 196741 1859595
683800 1806592 1972324 12937
1320431 946826 1878292 1804
614652 1374783 1213620 1730598
877285 863898 1130659 1695723
376685 188345 1662367 1357863
1670037 1446460 1596114 788213
1643704 1415228 673623 1519507
13693 1293803 433839 1743636
1985023 825469 1194909 1210722
1416368 748912 327694 393706
1398457 1312304 493918 369254
1507299 1105290 200519 1682630
30467 1732850 1977670 1239528
1364169 1633797 1449447 711144
995711 737456 1533994 62472
1001258 1527634 517849 17958
1159708 1487133 1722003 1659048
1460727 707309 628839 1459496
1492911 1290547 353852 698485
1430027 1354493 570847 349307
390870 593362 353509 1165370
448231 340148 711175 457035
175199 1061454 191347 747341
1185888 1794609 386590 367193
1352013 282463 43114 1296309
491695 1676826 451590 1276761
1455683 815588 1012107 1358362
553901 1627387 1217379 482735
423932 186163 1030988 28371
840825 773508 1938998 226423
125833 1483412 1752586 1476181
1417010 958475 831844 871157
1660244 267154 1540929 1848525
1530196 1206068 1074986 1768851
669938 989907 1400800 1477403
789248 1031809 414593 117050
481428 1831745 447883 1205038
1418545 1356749 845018 999334
1865673 598637 1504954 1360610
1449336 1325566 1937189 792683
1325531 1460745 1162410 3159
127933 769110 1348397 1185126
1389464 788507 456298 535465
1962843 523822 1487940 480078
1706124 1027055 126513 1440471
162240 131000 1447068 1806744
611307 1158445 1173300 1750007
1201595 1858455 503525 261348
862413 1982262 702528 1440747
1784669 1040503 1730841 1069357
1661201 766663 1060963 390355
1974956 395964 1489243 390571
1687319 1315381 288951 1644871
1343008 1305336 122534 321998
1663983 1422945 911707 155465
1377566 291403 503454 209771
940301 175931 908571 108230
537450 1153358 1118295 285319
1274237 505997 282650 1611623
1725122 1473943 1936583 570663
232020 188687 1977686 1534616
497388 477853 1122895 817060
748236 1635806 1945640 1080537
1358648 1809961 519513 1082856
1407988 165850 817145 187231
1167920 1929334 490831 779783
1387038 1291130 1554652 1785710
1358443 1502808 1040964 349862
1337919 310696 841561 105716
22347 1802629 660201 1430943
43553 1094742 1300689 1226890
545040 1125239 1760100 1270928
1429522 823503 240435 1220644
15971 684295 168522 1328557
1180540 123509 128819 1423627
1590567 823299 273219 1990245
1584310 346901 1972469 736796
1557035 297043 1186914 235016
533703 3550 1239944 117476
970721 70127 1895245 744551
1126724 731923 422132 197274
267543 1867885 230523 151214
1145461 1738018 1774020 1508658
1190425 678437 1862629 138191
1809127 965922 648963 808288
1164764 1691308 1305599 1641135
1603879 983780 1660683 1725767
1914504 663339 744005 338610
155197 1207825 829443 1231094
529797 1374727 385504 424092
1272812 1485214 413207 1716282
1300036 166795 602487 222858
462185 110286 563233 1137737
202686 1679181 1573711 1739387
733652 824817 1943081 330021
1637881 357814 1989899 1242911
469433 1745829 866471 1575301
129420 108516 590506 1783683
477654 1775580 926357 1068654
75550 105835 454824 302026
1722690 398423 1707155 124961
680957 268816 139328 596651
1353395 1680055 738827 1307738
322866 1731054 641474 513838
94037 1760951 661743 1696906
242303 775929 937024 1676112
108581 1307654 654601 1936583
1233638 716853 176253 782783
30746 1544399 883923 1180322
768518 1833301 1636293 20841
789696 1722982 1664060 975703
640084 888426 1177613 1316010
1411750 697455 740343 685597
745859 1123383 1621765 71942
642494 1113157 1674823 1053973
1069991 732709 1862382 1915972
1838615 203465 1808736 915642
193778 1501592 1047224 227195
1310451 1598733 937247 162356
1461827 699521 556869 1629845
1991058 1705737 1766578 1942812
1916317 1722521 1917039 171955
1388702 1790094 1104948 1314699
1885315 1810310 573818 391976
19601 1798366 1651911 1548233
601695 1168567 275800 603279
577848 498023 1418708 878878
171959 111492 796024 1157128
1786944 274100 1310570 400261
1681661 1898397 142548 1638164
352461 1839200 1340222 1700929
1596235 174637 456697 1657889
1741560 510490 866067 1826957
506520 1128221 722733 961839
1096120 304226 519339 1568572
737887 605971 1635315 352745
252387 113223 418963 1180468
1393681 712975 1431132 1751780
141566 556119 66806 485396
1342145 965550 1481850 1407561
1135028 744252 1960425 93987
935973 1121975 1929422 1048100
820508 688302 74181 1743243
507750 167489 223695 64374
569418 1763657 1920458 45912
39860 1929492 1792857 1891519
411931 1253812 1254686 1011340
244722 630549 914920 678022
879036 525024 1331597 935016
1039820 1181434 1357296 1728787
714845 1840089 13678 1756973
920137 434501 555295 651192
1598428 1638289 1239227 1438390
1559019 1322695 320207 1179625
481827 1997952 727597 871512
1013002 943999 60841 1215626
1788328 1292383 1443945 919471
1325874 445025 212976 16854
145512 63991 1084206 848191
809701 884330 530251 1626737
1313128 1737315 1998029 1105814
1809834 1707168 108607 337469
1777487 1990080 281944 1134854
1394126 1683003 1819124 256655
741423 1544447 11869 1851852
448651 20686 1980693 97033
416481 1568483 345807 1241236
130506 311634 380444 1898534
432835 1732579 1771865 1932018
1182500 479172 1466644 1226664
76358 664441 1742529 1690150
775928 1927044 1565942 47394
1682343 1073343 1429528 1698026
1557618 1274878 1329432 1590293
1987487 1707836 410350 105250
811802 1204242 1618424 744043
1538148 43009 1181424 1655716
1290297 1178545 1779969 646200
726511 314730 387897 52249
1737262 1350845 996425 67939
285992 14425 40820 1686198
1966140 40936 181812 49473
1905385 89132 46240 977887
1283576 1575420 1028234 666617
771340 1875440 580350 321580
1554603 580125 533421 1744356
218016 541060 1249504 713488
91079 1653974 246331 237936
39194 1066095 1539767 194676
1566946 1216861 357676 1161916
1938734 1361220 476422 340932
1796178 685341 969863 1875150
603915 1413414 487734 1521317
315777 867139 356178 1322086
381275 1755055 478917 302933
1256651 1816098 486398 514334
907406 522649 1572498 640009
468040 1274365 160119 1244688
50461 256923 788921 1005932
54328 1320109 736237 680405
456244 8682 1298301 837493
1439498 675289 282373 12099
405416 690220 399794 358507
687943 664898 1680198 1096905
64409 1920623 1679875 1760623
281862 976425 1010693 245620
54440 1239495 1357495 1515394
852114 1683464 1761665 236078
797072 1028688 1819119 756325
699985 898672 104665 1035814
1752796 718655 48532 244768
1785509 1273500 1747581 1260267
1040028 1127540 516449 147597
1246843 345106 1683442 395385
1555522 53362 4100 1639117
1212784 498838 1447950 404231
454191 1737454 1175353 1574469
301214 793717 1991873 536962
1447504 1370586 1909721 1413240
1923630 350224 1184571 1790789
1551674 160850 1501400 236204
100873 1302090 1584589 1674654
1203065 939792 994172 69571
623627 1290142 463035 1190607
1589872 1482 513242 345909
353944 856311 249351 193875
199644 234634 1920544 211039
957993 1796102 298158 206539
1128557 273857 1903605 1834054
1341587 386903 1142174 46402
1511651 958998 1371153 69511
150617 93063 665137 1094161
1810121 494859 1249980 618634
435625 910677 404387 1779751
420644 1740873 95104 1421684
822340 1353446 455928 1645687
652708 1264414 1249682 481567
1241448 524567 1758930 1396740
601281 1237224 460707 931554
1699555 1753709 1709528 1359850
132223 87823 950603 14668
1241180 681807 1903521 807669
881987 1860436 281761 1041428
1618497 1595163 170700 1670289
495082 386523 499452 1166585
533911 126763 94387 436129
1199006 1625690 211895 261390
666207 1402589 1480906 1681300
632438 1469123 235131 1408397
1302919 1279078 597420 1476111
1979607 213314 1425215 42091
500971 186773 699021 709738
770402 1776030 669484 1594869
1527164 570763 160130 1374692
876433 1668192 960142 1978389
588403 1820085 940917 953056
826397 27794 1365518 332922
1587221 943868 1187849 1073464
648714 1805854 1275674 1025113
681152 164992 1686017 1909003
1197972 1651617 1787997 331829
600309 1642304 1157337 392933
969755 1787796 1914092 1723468
1831540 666364 96386 1405947
1896628 776076 1335482 851101
1149418 1450260 1018573 1579926
1493940 704613 1702074 321238
284012 592626 65207 310436
1618315 745942 167059 543799
799820 1664984 1838450 1207668
554741 1177238 1893564 1873693
275421 161043 1583212 569929
278116 401889 1941165 1283327
326489 1968995 1183618 649966
1199226 454816 1743833 1462293
558654 493763 1367068 832785
1302490 56150 68773 932278
770651 447992 1941864 602914
487143 1853242 622427 1146401
966052 1777652 930849 211032
1609651 453141 1279906 1141347
301683 1741696 1150246 86765
765617 1648739 38100 46905
1600576 1214990 363824 112288
1653002 1470746 199625 1886716
1812834 635755 1751957 1332218
1994710 669805 518781 47573
1959731 300048 551757 796212
964809 837600 1369147 488870
615411 90359 601861 1943183
550925 102508 1408205 1192706
641627 1460413 250937 1307150
954178 664945 695084 1571764
270835 572044 808728 490655
19423 276151 1113260 1730370
1853039 1342396 1470781 915003
300285 613949 889477 202366
441005 549862 92494 453582
512662 877123 1650654 1533510
1557742 1025060 469852 853666
637345 902960 159637 1578096
1699141 1709193 1067273 446089
1610449 511656 122707 1817285
1809791 1226358 1810421 1987871
1282456 1939566 521344 340713
43563 892448 995713 1235689
1332460 994684 1141357 1211830
1406172 1034445 1249379 1287835
1393941 744897 585159 39014
1157767 348670 1688877 1719230
1302912 1545047 372724 1369817
793532 801438 1582884 749383
730643 1470470 1382748 381024
234780 1948894 1688623 973045
67093 737973 251030 93577
844151 1208648 94859 1951781
465723 1434697 1646823 217272
916868 1961938 148492 1445998
1421296 492245 715876 1310817
1532975 1608686 1260487 1213504
636345 1375640 770712 353137
735956 443924 1682771 563850
1010666 1303855 1371177 465822
331398 1419648 248954 675016
935845 63461 366017 1801693
1066650 1369362 1461598 1412292
213643 764216 376862 1604802
1118191 1485156 694364 1928989
1905472 1008788 46496 935773
1409602 687886 893171 1770804
1140145 480765 576349 1381639
899037 332928 135504 1644098
1027378 1106363 1752468 525444
1066187 1594053 576318 395948
913280 731759 83870 1407468
527963 859656 744793 796599
1120187 676011 1825112 425749
881355 1349143 367886 296187
1783514 1773462 290376 1772244
463711 1230820 1012058 1995271
138818 291928 434416 1580210
820077 954641 966282 1750997
269001 1896954 1744827 374200
1850103 1341752 1625745 393201
1743500 1325277 483552 1114731
1188687 111393 236229 1818254
920959 1705707 1376032 1333653
333976 364461 1450124 1705376
1836829 1025420 1468446 949797
365515 942670 1432879 1477162
501737 631172 1860617 1221083
1879332 702287 405849 652196
896876 335411 210242 1005108
1788874 252484 575942 1878493
372203 1144979 1564168 650363
1823857 309305 1869723 1153869
1520047 950127 1718617 1127630
1292951 1400665 221167 976339
1849730 1131958 1240392 1433988
765956 1686153 1923343 1342108
606497 482687 340344 1671613
604816 292719 318021 755932
548163 843765 568861 656706
918394 1886025 1452734 1517512
538946 255662 926406 1471023
1513425 1580125 934566 950717
584785 607098 525246 10687
642285 1597741 566502 1551265
718819 1601115 1050866 1774531
1504674 623668 366139 225269
989780 1830371 1642848 1310973
504338 1477015 792297 558064
41637 1186951 345193 385774
740673 1800306 478268 18260
1803604 485335 1807869 517304
1869112 1171920 1835378 988984
1113352 1024845 1063718 713223
1431237 759301 879800 399956
1134453 1295963 1895752 950518
30111 177945 665995 1035615
1505920 1049462 79258 1727877
876189 1426523 250280 1781927
619512 1073242 1096305 1559740
1393051 3716 1922459 1676448
835385 767789 1922791 830496
384305 1975785 163810 985175
117357 650399 1711585 1445261
488926 1641453 1445125 861118
413061 1110756 1998940 1397049
408661 1801138 1606531 1400840
1440088 1461564 1280303 1987339
1712902 757928 987115 1265146
1301355 1508165 1668705 1458670
265734 802938 968214 1206824
1536182 1014490 1887215 233072
323874 552728 875468 35724
74494 1202506 1560440 1705419
681823 941697 230349 1662979
1511827 334201 1109037 202247
1706248 164565 1104273 46123
223403 1909983 1836777 1150472
1241831 1293638 1062813 1107246
392279 848960 1165655 412103
184388 1966330 240339 1967263
295993 784623 540833 1556520
1104418 385146 1834404 1212801
210205 1670178 687527 343216
1861762 1077070 1516293 1070477
1401026 1573003 1347185 603718
1658821 1480624 1704772 343849
1234046 1050727 549469 1825829
274931 990545 1615974 1851578
39454 887598 1589538 1855534
486333 1299183 1262333 1694802
237473 1525849 1958200 1995169
849800 1652519 490494 793282
867428 978712 167763 1366224
190053 194792 1153981 541112
975117 124785 1035304 1499957
714661 96959 476678 483424
259934 650793 80263 604374
1564507 1323088 1848636 830582
762889 1302049 1751127 1878309
1485398 1671025 1498335 937440
623053 1868469 1020518 814287
1280453 409442 1630993 1927881
1046827 621715 645366 352385
1971086 111119 1531079 307830
1327423 191660 1819178 1923133
1909877 1829280 1838073 6707
153386 334346 1064834 1097609
470198 65581 773189 486167
993752 1836245 1480705 1320636
1067921 1830721 97786 178915
261539 1740431 623661 621857
766370 1515857 1168566 40583
1928893 352072 480205 384525
1037416 1230900 1626218 737137
703214 1040794 894933 1071203
1342931 1007245 1848971 1380852
1880372 1935295 1051226 496702
843467 142542 1914870 1215310
1165680 394500 750781 1815295
1090574 878638 1605344 1535605
113616 1945990 434769 1748424
989125 1721466 1866465 382854
288297 1445574 1332468 1558603
1611262 928219 1360859 367340
1059296 970419 981510 300093
314745 519761 430924 1352578
1295981 634192 1914714 1984174
558137 982016 544624 1562527
1182691 1451112 1113416 1444557
882842 200963 629712 1958357
911617 1130259 413279 1876718
320102 1537304 1899311 1480531
216081 862286 1639520 552964
302660 1276345 114834 302103
157355 1002864 713513 1913857
1750807 1291562 1979655 648819
1262011 786823 1902246 844466
651119 1130569 82606 1157414
1112498 1321033 1732575 1968181
1036382 443639 676698 1124765
1776104 736386 1463974 1326880
1280279 1883704 471662 1320674
1320256 385424 1490810 1182652
1997836 1568201 706137 345364
526451 1093520 1394071 1266911
1335648 187824 109179 834052
59017 401816 748375 1848301
214446 474642 1094589 1441292
149189 1252485 290233 1641379
208359 1525240 1938338 508387
693368 96900 1208944 1140123
1740866 45268 1770450 805475
367244 957596 1399947 1003630
1532355 1259397 337538 1938370
991658 800855 1143145 1522476
1521066 824742 1915335 1541150
1470852 832937 1743184 1550162
1862156 1567848 1411210 936364
362985 1088272 738850 760307
1020628 1738237 107273 157113
1799440 675170 1295226 190013
1273343 833523 778164 631738
1026178 207304 1906788 705684
10384 1688824 636500 1845328
573203 1990368 180940 1691283
505365 998081 1897294 123910
77240 1998018 1819867 1988470
1017629 1524904 1431855 1314686
667693 1067219 502675 1615629
1550174 96373 1023690 1702508
305594 25607 1502948 1466849
430043 859339 134790 1881576
1043849 817622 619558 1169101
753144 853468 901962 1431885
205289 1720068 1534175 732310
218823 1232953 184485 1268641
812426 763709 1582766 1937006
1163983 715742 51187 1985967
1689466 441261 11832 1578113
431211 1368790 855686 513392
665506 1447419 409342 1113674
1047607 1844846 1320148 345181
1257044 1974875 1510993 1903078
1893721 1892460 865741 1994597
1831583 1360187 884169 743402
1576552 235920 1791035 52898
447444 802160 648464 273548
549192 1030495 1670429 444710
1873495 518313 1384639 1448462
1078615 60129 294246 907637
1891140 213653 1649735 1823319
1252322 727442 37793 1745863
1030614 1897021 933827 750721
939827 229831 1954462 528510
1004214 219869 1230284 636819
163288 777100 1296240 530623
206050 2182 787521 1767898
1697041 381216 1712295 1817011
1491626 95469 639876 137751
1339876 1019191 1459400 1483845
1756221 447317 939705 1080918
242586 156695 160333 816065
1898976 1351141 1643345 665855
936105 1642340 664058 1924529
1307229 1655673 807909 1391458
948223 1027854 639145 462027
816735 1246672 1346483 141817
242248 1174347 1515866 1591181
1151874 1057997 1314418 580118
1647056 222019 1501506 58011
151436 1442229 1226765 861585
1604931 331971 1078357 939830
919481 1193732 1085771 1945709
1484523 909512 1738590 60657
886799 266880 1901026 1991816
1851132 966958 130738 1965026
1832887 1449594 1100207 142280
230112 1759979 408681 640642
1900586 872731 1110588 1047228
577303 1499683 908790 432888
347017 510418 1048284 1788750
80376 984273 470160 1345931
408586 1355253 1445683 400170
753416 1726440 337334 1989945
248337 1337496 26590 1946666
658150 904117 1164937 604703
1756693 143386 165342 1513257
978189 1239178 749422 921596
1973604 1345633 317903 438975
68899 443138 1011972 1549350
998520 290135 1770670 1333345
1937867 1240640 855590 1585216
1619525 637238 3975 1374662
481381 1861938 1549442 817105
1544686 805275 1628416 1663943
274521 1710966 1872781 1997103
695665 57303 404754 1961793
1480827 73603 354232 247622
634524 1495048 208539 1097341
500187 1354875 850052 1116269
117382 263124 677954 1992589
1332716 783772 72112 19569
845129 280857 918975 1207998
1767105 698010 1441827 1186959
1412932 925541 763784 1140086
60795 1708674 1317600 58090
1454504 663892 237400 694508
516759 172556 1100760 1737389
383421 1861728 1396274 342847
1811964 1963340 1714045 523095
289832 1915190 1248250 1465574
1436386 1666399 429255 364143
445319 1559296 614933 1099706
1611825 690148 1567671 38427
2539 1802782 1460133 1917300
1437523 1868886 1985098 77171
819537 1498470 1052893 1978220
700910 520146 787068 1986917
1286285 1891442 904542 1216774
1864739 246749 349199 557862
1401799 1910244 1290934 596393
758673 1521875 1313763 1451428
1596968 771203 962643 1761270
1543756 54820 1639500 1370091
1256237 290146 364861 1131874
1841757 570668 348948 1001386
336934 244020 1809780 1725545
1734017 1170662 1861696 1698528
140215 483584 1401931 234767
1596220 89155 1495224 618157
1512007 170924 1648837 1347364
1807909 422062 1953032 566131
1537204 1807885 1275219 148203
1696222 1856560 1445218 241345
238044 639800 1847492 760608
106428 182495 776634 386558
98942 1387110 1123714 1667640
124437 1760822 1353547 1323864
500810 777779 681519 292779
1750193 504282 1108950 568864
15537 461636 568003 711102
679431 483832 1587173 770113
1030373 127054 111605 621358
1393622 1829876 753711 1475913
108314 59381 1606614 1742724
1486949 783104 837953 413622
779721 1194834 1631244 1242516
1389350 1544339 1773290 356411
913170 625835 1755354 1460191
155954 78511 436641 1232532
1096728 163398 582994 1447978
1494513 169710 1116744 263106
993151 13485 170506 1166716
724046 909230 976811 677863
1131237 1883957 401670 1282620
213475 1335888 661839 1474273
1493155 1259400 1062788 661413
1996148 360845 1679077 1741867
1762760 792840 1858141 1603079
1880748 290766 117600 325807
189746 1493714 29726 226049
1731784 511951 580242 1719642
1356677 1777413 481453 80314
1582953 1359874 890602 646165
1765736 1761172 744292 377472
496817 1701796 452176 1057361
1315520 1441785 552072 1792158
775466 1341412 1996932 695427
282911 393100 344804 1487076
1503149 1180295 1936694 617847
1023267 940479 1090135 1517146
1305868 579341 941548 1222965
73811 1556309 1804131 1868672
1040370 92280 1485505 124883
1678214 1575905 1993870 898310
944786 434586 94186 768049
604227 465277 29271 1936802
1802392 1332559 1471716 1503633
1697984 1718065 735718 1003046
145942 1961502 1183089 995921
1207775 1622030 1308873 914356
161088 130121 201449 1906973
1779523 1826314 1874615 456196
219277 1802504 1302372 327716
1013260 917916 126469 1578710
1906124 39879 383740 1886496
56166 298341 109399 308664
1471622 1447896 1540357 1867942
874403 1400614 1350701 790052
1379977 407406 3896 1746325
1310587 1743666 1260099 1868249
296510 438330 275621 1905096
827693 1566805 1579478 1480417
1734952 1464206 1997314 1314466
980725 14468 1861158 3030
1384366 1438756 184220 1892276
7472 1370843 456484 1690220
721941 794391 1076509 62031
1752544 1308576 34032 1238886
1570477 515287 1620230 1321771
365923 1672527 429946 769044
1374845 1697760 883648 797786
939289 1683276 1305884 55279
1653415 1364251 279408 67293
834781 1053373 716905 558807
370988 291991 1897315 1019259
1795778 1588327 1158499 1514113
1202524 1554643 1835888 1125882
1450974 1395790 1099858 1656622
1332630 330842 1129985 1360936
1280322 74822 1586357 990025
718913 302076 307592 1098302
1742027 805953 1062414 921414
512968 1928547 171318 794014
1746365 550052 713987 1956393
19724 1612836 1549859 810714
466460 539968 627764 1339809
606053 967089 1469476 978541
1894529 627501 439791 845142
1366936 461390 606093 20127
271604 1784229 655846 909066
525663 450909 976450 555793
1265300 365284 33871 870723
1758411 55154 291889 654636
1040920 39661 1409058 511209
958323 1049565 1232095 1342422
1885208 1452673 1325545 1835917
198621 1042337 763607 1787850
819281 25841 1012866 1848220
165443 916639 481572 1748584
1309460 934104 1082431 298847
1228965 1666574 886906 588563
531516 324181 729994 144140
238920 235295 845061 543791
1512544 802000 123915 1639401
1412747 1099443 83620 958187
939297 500621 1697759 652256
1399095 477999 1577306 1721135
182999 220775 1884225 1846920
1785704 1963681 1255741 41773
1310918 1178671 1833407 1498433
954805 1120352 248681 470467
1233451 1691476 1149068 1764546
643757 116759 1849948 1024321
562694 724463 57936 1419140
854619 490885 1153882 497848
860416 40816 102378 1864087
1523595 294413 296123 1880553
1112700 55870 28650 1526409
453600 939188 212235 264475
390209 1806404 1023266 422915
496125 115693 1140811 244378
1149850 934037 435655 517927
1430927 1126941 1097177 324990
1553074 797768 1592497 1714783
1413270 1451022 296797 980306
128421 378135 1873885 553098
1610371 1774107 291477 318645
941811 1180635 622060 1360048
575133 900663 1978889 1097752
1547472 167956 1117938 1608233
357966 596810 310232 1216737
1904369 1112087 813213 468629
513111 1159173 1385098 523859
1955055 336605 671059 743211
1070441 1229612 1359957 1488778
524586 1243561 861751 382182
1512349 63704 1496695 1872712
296688 564022 451171 1311990
1574183 1425819 901124 495650
231470 700334 250583 272936
776721 1121269 641824 794240
516273 740715 900614 1996506
878588 308155 1921857 343236
1018554 616413 1105231 1900641
75082 973687 509843 558228
305034 636434 92475 867722
1072843 605136 245913 882752
711167 471681 827975 295297
787712 566681 930695 929029
1223378 1436869 1605925 224566
87537 669414 1987450 1365798
1905597 608105 1789583 1797333
32754 1201496 1963528 602730
1423452 1792376 1008581 1518761
495142 1084154 1191382 912261
967870 1420804 1977548 1472247
894139 218805 1148349 173891
641192 1360177 1100842 1231426
590076 1061628 1946134 1706080
33771 1554751 400060 598532
1817716 573939 341738 1578599
351458 586781 1485894 1693519
1953291 548964 1758549 851598
1452427 1304566 1436750 1393058
605144 1447674 1116515 745471
57520 1769102 1809002 1186851
1858566 659622 1557766 1389455
260296 752736 209419 1917136
776417 887278 381352 815364
981054 1879272 1962547 443939
1812189 1181680 1918951 1194542
1965310 948787 751930 1508379
1926957 199093 160048 517950
565700 1133970 590029 629158
148159 960158 1605039 270903
1780884 287834 185020 1853781
167991 398310 1899175 673890
1490901 549677 373831 530868
967601 1116272 1394808 1132694
1793234 1041845 1036958 37467
1983185 143786 56405 1296755
1291103 1103368 1341507 882178
1022402 878301 1645326 1908356
1791227 797829 1891243 453264
601583 335018 1736330 988551
233279 243474 1332573 1885290
1894449 363802 1557160 1838283
1220198 1363019 399031 1169503
189813 343473 946165 628206
1442042 21702 1103649 1396289
864098 549092 1206649 521116
851814 1090541 1713848 504549
962052 1255950 581537 1686301
913086 1353655 125005 419495
1684115 1037787 982001 900038
1402253 786537 1426747 55818
587346 621943 1034605 1874766
625274 1375840 1518894 402243
527935 1321651 1611123 1013947
161289 684553 1871939 1456909
139435 1715124 1286253 559283
1110427 133274 1419521 154282
1320485 733355 1383992 917287
208986 1683687 594167 577601
877704 607570 1338592 513036
940498 1416074 1047825 1891019
1083462 1080428 811858 375510
850921 1568691 795446 1992239
818950 266089 858261 216851
1093835 1252918 901402 992102
336055 1231362 1778502 1885753
1629284 274479 755410 240084
1917248 1090949 1982899 288270
1285867 661723 917741 1114067
248099 790474 594521 109746
327504 531256 1183499 722240
198747 272626 958680 1203643
1507338 354727 1704153 959219
111764 719593 1971061 343001
1240230 779143 225841 1598772
652203 845116 1165341 695882
464150 504946 1291355 577038
420535 1320757 1847777 1699661
26823 193572 1166568 186404
1851289 1957681 1410112 1251970
1570169 1427193 1134689 345979
1307171 873450 281462 119169
974517 577662 1363211 1812596
178097 1109815 1813775 1568325
1437899 429844 1759547 1976297
1370529 365236 484690 630262
41173 856125 1754918 978694
886768 988988 1023942 1798832
1903134 1070380 349945 270040
136425 64194 1506456 299968
132972 1008875 1979889 706292
323989 708357 1332408 104172
563567 1114670 38164 886636
1280849 1770592 1757343 517070
730867 1582465 1054690 1576507
1499420 293355 788133 1214952
267571 363782 1720162 1618335
1047489 1923352 1655706 894337
116199 736122 127680 1172833
588786 558876 1030766 879503
744847 1532912 634447 1759509
1741821 1727532 286911 1954170
1903855 1657011 419860 516364
573583 954952 1238202 386164
303087 51195 1844316 1580997
825892 42835 777729 414910
693735 1639318 1994887 838777
1847167 1276422 1621710 826309
1729335 1871323 935909 1830829
1778791 1424895 1433521 914447
1574541 31786 1128964 120095
1180441 1432792 1864556 875579
1517413 584407 1967503 725011
773497 362314 213281 291767
216181 86803 1013279 791497
1442362 89626 835629 910334
298775 840751 1489327 902579
1534997 1021537 1642786 1997592
791692 1551920 1396311 1756386
1206056 415077 1253303 1570455
851372 638919 385710 1413138
1188874 399217 312495 1167266
422155 226434 1692562 1223720
136302 1768739 293071 1372034
1070 1139125 1245295 273861
1030486 91323 1139552 1011597
221858 1822956 1915260 103813
1232809 532549 1487407 1039906
555246 689697 774582 861292
1288544 1471860 1390615 8404
1280415 475805 1735230 1637704
279084 610586 31019 51310
879953 1004392 1489712 1586123
476582 1016570 1688977 1848497
1769118 673750 330916 1798688
1562141 1012191 1740158 291485
125930 901240 1152945 1473366
801973 1596396 1281712 566604
1018067 674717 1573038 1321698
1506055 1385478 1987752 1086779
1747589 210858 765106 97598
881624 918766 306652 1226470
878070 670753 634508 856787
1386955 319596 659334 1615721
345234 1559177 328437 1371973
645506 354362 50098 910907
1484707 1828450 360877 959487
1526055 381804 947321 1044871
592308 1642228 126690 44898
53111 1340723 1487256 1868429
243184 1785870 1003005 208930
441516 59470 1251830 1599272
1894705 1270829 1576259 579702
1438758 737367 1539399 801104
1612719 1378409 1958487 1288103
1465690 133854 720014 1432109
1499434 187212 1205176 292071
356015 1137729 1324679 356543
780801 1620728 1377830 1087584
887262 1617698 673934 767015
1651106 559749 1426506 943983
691254 1447841 627610 779644
1733891 1680605 1012399 17825
709841 1687629 1713727 773613
254915 499408 1058794 1844114
225180 165757 354767 868212
1464616 740977 1707688 1255503
696808 1707954 1928755 1214763
1140359 1393343 629265 244365
824522 89972 1596526 376316
1235871 1132726 1199224 1537998
1692675 1944807 1312768 1996192
770723 454298 1576539 1774803
1942362 884158 1088433 925464
1808046 59915 1532996 283399
1884968 1372593 1756045 1771051
37120 1614559 739851 1193830
1404542 502924 1694262 255943
1764986 360768 195606 1775294
1461011 54258 1124594 1843204
138029 1655138 1460496 1317043
1129290 1706446 1077273 1604551
158748 1952353 1465165 1322637
1488296 822113 79915 686520
973199 829386 410554 1783702
809876 101272 10231 1778674
831900 1544809 1538750 649806
865314 499765 573438 134010
638063 1648856 1892993 665637
897584 1605474 147272 907813
1467263 1563466 1133746 338345
1121902 173701 1493702 1301761
1965689 1088237 986439 702057
1409263 1484380 1886671 563408
665410 1710203 1213754 1105230
778639 284222 1778526 1883334
1118411 919027 1863839 1645938
1033883 1222686 139562 70814
1204272 918576 186854 498415
1512750 1451291 334309 33967
975079 88759 1867838 820883
41818 335031 380527 1544404
548511 254446 1606103 139715
1046221 1513352 762395 126394
1967001 1780296 670081 761642
1243170 133035 1802044 89234
1320963 1487330 1262265 1816608
286276 177232 1979226 837528
1676162 1466511 1658769 357028
91797 1671698 910897 912474
1514414 1841743 1168175 709830
815676 828652 1679200 172258
338165 579066 754966 491364
1981984 798539 1584091 1869357
322718 1714921 1505116 1445185
1250698 1431921 853856 953445
367588 192922 894793 865796
1855744 415714 993710 596117
1886959 965356 406723 1280616
1864992 1274445 630636 280706
1803296 1507437 1103336 1404192
1557937 444570 1063116 821363
87240 880584 1936062 1426883
352069 865589 46330 1392673
1205890 517153 9988 1592540
912628 826454 158300 561785
397146 1930874 1656790 970571
673807 264472 1200775 669645
1633451 490228 480527 942919
1982627 586452 442215 1749194
1716640 1863617 464419 1802913
117300 769442 57591 357038
16400 1785767 1767470 300776
661659 510529 993410 17239
441226 1981383 264571 1191559
1564867 664632 875426 276985
496326 225050 1007353 1812265
774349 1382040 243322 1315877
359047 1559807 466357 683425
715308 299794 975332 653526
1204773 1259063 1957572 397206
345360 156834 1710297 925681
563157 1772367 298049 273858
1605373 706638 1475398 1937668
146307 914582 1604690 1779576
674261 141423 1675139 1535304
1718043 1023366 1944015 1036701
1651575 1269573 1226789 1479536
1174778 1576898 1257278 85823
20362 1519207 179202 1602076
1605411 520996 738131 1652720
443132 177556 127788 169110
608187 1434035 984089 1626917
208769 1886629 247917 822454
1181290 1944728 1435285 1386807
859293 174878 981388 1683405
1665720 1479455 1388965 96707
1958109 408336 1047618 787690
1194582 1024627 698934 464747
152155 944684 940745 761890
28635 1444409 1805477 1133392
878121 480257 1381842 551286
1433739 1303186 224047 1270949
1910705 1992821 302494 910006
371759 1884540 938847 440444
569486 321540 1818210 1238898
503753 71436 617953 327913
707839 1388716 798770 881911
1108174 1591179 39287 426380
1810428 1052296 1489693 1872105
1773433 1171820 791816 1848603
464662 997863 511810 953890
1073631 549943 1114348 1753520
1921916 450666 1056920 1461692
340590 873937 39698 1799566
1640931 69726 394028 395886
1299692 1810590 1684832 496633
1738438 1841790 346614 847869
1043344 1570368 959726 446982
526126 1651674 1915059 1886151
107577 927205 155995 1872309
827958 702001 412694 1929579
1314308 1173210 610104 724714
1858441 112266 1869868 186655
1952024 1218752 408518 797715
368795 33020 1887031 465345
1787446 303075 1360746 77797
305962 575935 586454 756506
1052665 1592923 1947733 1685305
311656 1998484 1273879 1964627
1804346 1292111 421000 827908
213361 448464 906658 1869021
1146823 38156 1890052 1966307
414216 526678 1346408 1485059
1454206 88974 979616 96864
704256 1957746 91396 4176
1468908 201098 1988929 1287835
1920733 486529 29756 260717
727042 791554 1156236 1832731
843258 565667 378145 1361858
457891 348255 1996927 697287
583626 658669 273301 1483778
1979443 538486 1610407 1939574
1790819 1964867 163557 1658334
23361 1235841 1868871 624530
98414 1295498 1633442 923480
1703100 343375 324233 882722
446434 932095 1530802 581967
249344 1443074 623997 1791435
436087 1243736 1141442 1214918
1979215 5153 59217 590350
819124 1553109 432200 1102709
300731 1824349 755436 1922542
1609499 412414 10462 374504
1841508 323763 1082058 1670472
463440 157233 374417 1199947
516578 1191114 183062 1760187
1792313 1106633 77062 314625
121246 1168543 1513310 470694
1420225 569487 626105 1992894
198157 531151 1222775 987506
1939186 1105291 1138552 1103237
1592288 1583177 358614 228871
296664 1922568 1143899 644083
171641 1960085 1928126 193306
1913096 1834713 1507439 1529588
641 677363 934413 1453411
1607128 174275 18006 1809007
816782 1430137 1157188 1891313
304262 273080 1532577 720835
210057 1252390 1128388 580892
787761 588545 1681843 1987770
1668585 1932583 1626190 1507660
1418965 1751111 603714 1409999
1327021 1593197 150128 453262
1776437 1804860 1119637 47123
1213654 1629824 440393 553848
