2000 2000 2000000 2000000
2 1137138 862837
2 513212 1486763
2 1801290 198685
2 510479 1489496
2 7206 1992769
2 1068305 931670
2 1341962 658013
2 1806375 193600
1 183272 1816753
2 643209 1356766
1 1067221 932804
2 1640101 359874
2 228178 1771797
2 1520653 479322
2 1462685 537290
2 1623270 376705
1 1914019 86006
2 1624818 375157
2 383276 1616699
2 842022 1157953
2 1271653 728322
2 51268 1948707
2 891245 1108730
2 831890 1168085
2 840781 1159194
1 825017 1175008
2 1039267 960708
1 503917 1496108
1 590426 1409599
2 1472458 527517
2 204453 1795522
2 495049 1504926
2 539764 1460211
2 1600418 399557
2 761377 1238598
2 483934 1516041
2 1820657 179318
2 1810020 189955
1 1366968 633057
2 1526455 473520
1 1724029 275996
2 643058 1356917
2 1697403 302572
2 1213966 786009
2 957785 1042190
2 103440 1896535
2 108406 1891569
2 190789 1809186
2 68131 1931844
2 1464680 535295
2 238640 1761335
2 633547 1366428
2 657222 1342753
2 1290293 709682
2 1282294 717681
2 584997 1414978
2 783243 1216732
2 660893 1339082
2 1479648 520327
2 1997744 2231
2 1288077 711898
2 1861208 138767
2 420465 1579510
2 925796 1074179
2 215974 1784001
2 1436781 563194
2 1448167 551808
2 1732805 267170
2 1669944 330031
2 890336 1109639
2 1141116 858859
2 353421 1646554
2 849306 1150669
2 605164 1394811
2 54096 1945879
2 243399 1756576
2 811761 1188214
2 1283711 716264
2 1819047 180928
2 1513299 486676
2 298463 1701512
2 703972 1296003
2 1836661 163314
2 128925 1871050
2 125700 1874275
2 562997 1436978
2 1441243 558732
2 1024941 975034
2 801497 1198478
2 1440581 559394
2 1676409 323566
2 615034 1384941
2 1628835 371140
2 251593 1748382
2 1941588 58387
2 1294690 705285
2 972983 1026992
2 1091497 908478
2 1290079 709896
2 285962 1714013
2 226520 1773455
2 1652944 347031
2 1935777 64198
2 1498186 501789
2 1902495 97480
2 1258731 741244
2 1407730 592245
2 1297456 702519
2 914658 1085317
2 221177 1778798
2 210557 1789418
2 953953 1046022
2 238180 1761795
2 1387333 612642
2 893274 1106701
2 663060 1336915
2 475171 1524804
2 1403478 596497
1 1024256 975769
2 910976 1088999
2 1717425 282550
2 573707 1426268
2 798879 1201096
2 1923000 76975
2 442319 1557656
2 1943791 56184
2 1482251 517724
2 1358826 641149
1 1090192 909833
2 741836 1258139
2 1495635 504340
2 441166 1558809
2 847864 1152111
2 1929157 70818
1 658318 1341707
2 386349 1613626
2 729158 1270817
2 1562214 437761
2 976645 1023330
2 545037 1454938
1 1650198 349827
2 1052145 947830
2 418610 1581365
2 1297418 702557
2 1414478 585497
2 845287 1154688
2 311962 1688013
2 72624 1927351
2 277266 1722709
2 1626893 373082
2 671440 1328535
2 1792464 207511
2 825408 1174567
2 1166985 832990
2 842034 1157941
2 600452 1399523
2 1303329 696646
2 954729 1045246
2 1073062 926913
2 1073914 926061
2 1120391 879584
2 1143603 856372
2 1420137 579838
2 1553507 446468
2 850074 1149901
2 992434 1007541
2 711675 1288300
2 1895878 104097
2 1633755 366220
2 1328600 671375
2 1649181 350794
2 439023 1560952
2 1974657 25318
2 1091842 908133
2 1404241 595734
2 1060485 939490
2 1804185 195790
2 1483030 516945
2 1687363 312612
2 451399 1548576
2 995804 1004171
2 1622039 377936
2 1828801 171174
2 1293133 706842
2 1392949 607026
2 1376386 623589
2 1534379 465596
2 394495 1605480
2 1923827 76148
2 1150409 849566
2 1013067 986908
2 499711 1500264
2 86528 1913447
2 1074958 925017
2 1638978 360997
2 1861267 138708
2 114105 1885870
2 606470 1393505
2 520738 1479237
1 1174041 825984
2 1201809 798166
2 379105 1620870
2 1724413 275562
2 229901 1770074
2 703416 1296559
1 1082976 917049
1 788671 1211354
2 1745444 254531
2 988386 1011589
2 842031 1157944
2 299396 1700579
2 1378825 621150
2 762744 1237231
2 1997602 2373
2 965083 1034892
2 510440 1489535
2 1387270 612705
2 532692 1467283
2 89254 1910721
2 102041 1897934
2 1135237 864738
2 705162 1294813
2 734903 1265072
2 1983679 16296
2 1744219 255756
2 548690 1451285
2 1299506 700469
2 1897946 102029
2 919943 1080032
1 826458 1173567
2 1934320 65655
2 629267 1370708
2 88080 1911895
2 1677548 322427
2 1446544 553431
2 1200253 799722
2 1247639 752336
2 1445116 554859
2 1640323 359652
2 817944 1182031
2 1696384 303591
2 1326438 673537
2 1340962 659013
2 970613 1029362
2 1587475 412500
2 1065182 934793
2 1265112 734863
2 334835 1665140
2 1942975 57000
2 182027 1817948
1 249787 1750238
2 117520 1882455
2 1628070 371905
2 254388 1745587
2 859652 1140323
2 1491408 508567
2 1596293 403682
1 1241517 758508
2 1129086 870889
2 240216 1759759
2 419110 1580865
2 1831473 168502
2 1822908 177067
2 660424 1339551
2 794744 1205231
2 1958323 41652
2 1939314 60661
2 6863 1993112
2 1472166 527809
2 248454 1751521
2 1978509 21466
2 1213038 786937
2 666496 1333479
2 230426 1769549
2 1629 1998346
2 645725 1354250
2 1802072 197903
2 1806606 193369
2 1694800 305175
2 404931 1595044
2 1466166 533809
2 1194407 805568
2 27335 1972640
2 1079980 919995
2 718831 1281144
2 1168882 831093
2 41688 1958287
2 1631066 368909
2 48600 1951375
2 1778711 221264
2 374324 1625651
2 1426765 573210
2 1106314 893661
2 677535 1322440
2 1011378 988597
2 1105381 894594
2 468373 1531602
2 1414613 585362
2 1832837 167138
2 565765 1434210
2 1434602 565373
2 227006 1772969
2 1001599 998376
1 1942983 57042
1 1325097 674928
2 681917 1318058
2 1529609 470366
2 665334 1334641
2 1690728 309247
2 52153 1947822
2 1582963 417012
2 1722062 277913
2 1547299 452676
2 768298 1231677
2 1618437 381538
1 899070 1100955
2 1312284 687691
2 982818 1017157
2 502685 1497290
2 497275 1502700
2 1736794 263181
2 509215 1490760
1 974943 1025082
2 1245485 754490
2 96678 1903297
2 742066 1257909
2 1735409 264566
2 42126 1957849
2 1398265 601710
2 799335 1200640
2 405192 1594783
2 514000 1485975
2 1724839 275136
2 268388 1731587
2 793853 1206122
2 1885101 114874
2 1239907 760068
2 11729 1988246
1 158002 1842023
2 1127753 872222
2 1703041 296934
2 1402366 597609
2 1678122 321853
2 535555 1464420
1 281014 1719011
2 881505 1118470
2 1389183 610792
2 148847 1851128
2 188489 1811486
2 1514902 485073
2 707408 1292567
2 491639 1508336
2 1351161 648814
2 23517 1976458
2 80185 1919790
1 1482982 517043
2 456342 1543633
1 673274 1326751
2 1721529 278446
2 798910 1201065
2 897086 1102889
2 1964063 35912
2 557642 1442333
2 1081813 918162
2 868149 1131826
2 336042 1663933
1 856708 1143317
2 1848614 151361
2 1719803 280172
2 1718422 281553
2 185809 1814166
2 1558494 441481
2 1259107 740868
2 1516496 483479
2 1385763 614212
2 902662 1097313
1 1511647 488378
2 658557 1341418
2 219491 1780484
2 1733180 266795
2 23403 1976572
2 634547 1365428
1 1157606 842419
2 812922 1187053
2 1105957 894018
2 1585889 414086
2 250429 1749546
2 489726 1510249
2 1107347 892628
2 692828 1307147
2 1022389 977586
2 230198 1769777
2 1548995 450980
2 775960 1224015
2 129664 1870311
1 851791 1148234
2 1635190 364785
2 549693 1450282
2 396626 1603349
2 1596716 403259
2 1141237 858738
2 653642 1346333
2 1989808 10167
2 355893 1644082
2 833361 1166614
1 1958107 41918
2 1011887 988088
2 1254420 745555
2 1773335 226640
2 1816127 183848
2 372867 1627108
2 1451166 548809
1 820228 1179797
2 333172 1666803
2 64339 1935636
1 75151 1924874
2 1838422 161553
2 1580840 419135
2 1887506 112469
1 1105879 894146
2 649681 1350294
2 1080184 919791
2 1197461 802514
2 1790131 209844
1 1158965 841060
2 1068364 931611
2 559359 1440616
2 784166 1215809
1 1439304 560721
2 1009396 990579
2 634576 1365399
2 1819578 180397
2 735123 1264852
2 357116 1642859
2 1647327 352648
2 165703 1834272
2 477320 1522655
2 1585244 414731
2 1564863 435112
2 736078 1263897
2 475912 1524063
2 1658565 341410
2 32322 1967653
1 820500 1179525
2 1434274 565701
2 19127 1980848
2 5830 1994145
2 1490287 509688
2 1073525 926450
2 1054262 945713
2 1411082 588893
2 52305 1947670
1 514980 1485045
2 1215428 784547
2 739829 1260146
2 156386 1843589
2 1380753 619222
2 1672871 327104
2 1616426 383549
2 36218 1963757
2 1422054 577921
2 97653 1902322
2 1771208 228767
2 407742 1592233
1 1381369 618656
2 1765688 234287
2 1631522 368453
2 105301 1894674
2 1359234 640741
2 907975 1092000
1 1526182 473843
2 1691473 308502
2 1378512 621463
2 1721704 278271
1 685804 1314221
2 190440 1809535
2 1134899 865076
2 1218549 781426
1 1253215 746810
2 1204089 795886
2 257697 1742278
2 1657618 342357
2 1581946 418029
2 1238784 761191
1 1031225 968800
2 50378 1949597
2 1513526 486449
2 1327298 672677
2 13074 1986901
2 543864 1456111
2 1459612 540363
2 1520778 479197
2 1712501 287474
2 986965 1013010
2 747318 1252657
2 195218 1804757
2 975142 1024833
2 37702 1962273
2 20089 1979886
2 1443919 556056
2 163017 1836958
2 659802 1340173
2 839507 1160468
1 1682694 317331
2 1186019 813956
2 165384 1834591
2 945300 1054675
2 413590 1586385
2 1753984 245991
2 1664379 335596
2 1548927 451048
2 125474 1874501
1 1725156 274869
2 432994 1566981
2 1085624 914351
2 1606093 393882
2 888531 1111444
2 862168 1137807
2 442594 1557381
2 1461820 538155
2 267972 1732003
2 18017 1981958
1 295003 1705022
2 1627806 372169
2 249444 1750531
2 992281 1007694
2 1428203 571772
1 1425114 574911
1 1102550 897475
2 629822 1370153
2 1563094 436881
2 410955 1589020
2 1963281 36694
2 1907803 92172
2 140883 1859092
2 455899 1544076
2 301655 1698320
1 1871518 128507
2 466447 1533528
2 1152101 847874
2 843633 1156342
2 1661396 338579
2 1998724 1251
1 1357628 642397
2 489388 1510587
2 1654485 345490
2 1113554 886421
2 385935 1614040
2 1942777 57198
2 1165178 834797
2 1203785 796190
1 80151 1919874
2 1165523 834452
2 857118 1142857
2 1609796 390179
2 882715 1117260
2 590787 1409188
2 1526668 473307
2 1803189 196786
2 1749643 250332
2 62811 1937164
2 1041098 958877
2 1688169 311806
2 1834600 165375
2 1878436 121539
2 241306 1758669
2 1238083 761892
2 1136884 863091
2 1917309 82666
1 79405 1920620
2 914237 1085738
2 427791 1572184
2 1893460 106515
2 1419813 580162
2 1865203 134772
2 543144 1456831
2 398494 1601481
2 155003 1844972
2 1311605 688370
2 266370 1733605
2 4271 1995704
2 1522948 477027
1 1883525 116500
2 751575 1248400
2 503117 1496858
2 1166624 833351
2 1579503 420472
2 1655277 344698
2 1740632 259343
2 1031714 968261
2 256558 1743417
2 1348757 651218
2 1709873 290102
2 618711 1381264
2 181970 1818005
2 1662322 337653
2 1441914 558061
2 1102570 897405
2 1069815 930160
2 572937 1427038
1 1497437 502588
2 49886 1950089
1 1782676 217349
1 381410 1618615
2 1961328 38647
2 1066858 933117
2 1147968 852007
2 783708 1216267
2 1431852 568123
2 1085415 914560
2 1125405 874570
1 1783435 216590
2 353831 1646144
2 1233244 766731
2 191797 1808178
2 603942 1396033
1 55260 1944765
2 472307 1527668
2 1960344 39631
2 195502 1804473
2 995787 1004188
2 168769 1831206
2 647558 1352417
2 598852 1401123
1 615999 1384026
2 1258591 741384
2 1707441 292534
2 843674 1156301
2 44922 1955053
2 1287682 712293
2 868636 1131339
2 54372 1945603
2 1037724 962251
2 545914 1454061
2 1863260 136715
2 1107450 892525
2 848660 1151315
2 587008 1412967
2 633697 1366278
2 187108 1812867
2 858849 1141126
1 1622799 377226
2 1410817 589158
1 1810162 189863
2 247103 1752872
2 736580 1263395
2 1367547 632428
2 1858401 141574
2 994585 1005390
2 521414 1478561
2 1516944 483031
2 1824335 175640
2 1233392 766583
2 315944 1684031
2 457814 1542161
2 408263 1591712
2 402982 1596993
2 936644 1063331
2 28081 1971894
2 148925 1851050
2 787422 1212553
1 750580 1249445
2 1369426 630549
2 305629 1694346
2 1609237 390738
2 333905 1666070
2 329759 1670216
2 253341 1746634
2 1114093 885882
2 1846610 153365
2 144492 1855483
1 1373859 626166
2 1030703 969272
1 1819558 180467
2 1540358 459617
2 905599 1094376
2 250028 1749947
1 749567 1250458
2 85898 1914077
2 1426306 573669
2 1352127 647848
2 1617119 382856
2 1435081 564894
2 1607217 392758
2 376580 1623395
2 1306099 693876
2 1849305 150670
2 1355622 644353
2 64656 1935319
2 906175 1093800
2 324839 1675136
2 832486 1167489
2 845637 1154338
2 215815 1784160
2 444387 1555588
2 311394 1688581
2 17109 1982866
2 1989396 10579
2 1020026 979949
2 1426958 573017
2 1180593 819382
2 1034811 965164
1 127173 1872852
2 1882158 117817
2 397823 1602152
2 1520044 479931
2 209561 1790414
1 1952398 47627
2 617912 1382063
2 1795489 204486
2 1446363 553612
2 70667 1929308
2 1912876 87099
2 1002555 997420
2 1036018 963957
2 78187 1921788
2 967071 1032904
2 227226 1772749
2 290751 1709224
2 1555171 444804
2 1545660 454315
2 1825195 174780
2 1646391 353584
2 429457 1570518
2 144447 1855528
2 748491 1251484
2 47146 1952829
2 1826847 173128
2 1236305 763670
2 1498739 501236
2 415588 1584387
2 1943477 56498
2 783075 1216900
2 1606883 393092
2 489106 1510869
2 1350294 649681
2 1689897 310078
2 360493 1639482
2 447774 1552201
2 1165174 834801
2 1467822 532153
2 1296510 703465
2 1153782 846193
1 34260 1965765
2 1447713 552262
2 1617348 382627
2 1614258 385717
2 624160 1375815
2 100975 1899000
2 723608 1276367
2 1626490 373485
2 1282989 716986
2 656627 1343348
2 1394460 605515
2 422876 1577099
2 1067228 932747
2 1132105 867870
2 552987 1446988
2 185442 1814533
2 192776 1807199
2 1803959 196016
2 168565 1831410
1 1446780 553245
2 507286 1492689
2 1845431 154544
2 1333441 666534
2 1384242 615733
2 244461 1755514
2 844280 1155695
2 1895176 104799
2 233145 1766830
2 738605 1261370
2 100325 1899650
1 1733695 266330
2 1961358 38617
2 1926828 73147
1 1301341 698684
2 1320901 679074
2 827540 1172435
2 35896 1964079
2 628977 1370998
2 1863366 136609
2 39788 1960187
2 1840760 159215
2 1989430 10545
2 1661548 338427
2 1958579 41396
2 16981 1982994
2 1229178 770797
2 1419083 580892
2 1153665 846310
2 471187 1528788
2 678737 1321238
2 708096 1291879
1 459042 1540983
2 252612 1747363
2 1330738 669237
2 807590 1192385
2 185218 1814757
2 1672956 327019
2 193516 1806459
1 1148790 851235
2 916780 1083195
2 1461154 538821
2 1552523 447452
2 936992 1062983
2 1448846 551129
2 174409 1825566
2 1255547 744428
1 1705911 294114
2 396345 1603630
2 1283306 716669
2 1177166 822809
2 1842759 157216
2 1339605 660370
2 1549107 450868
2 1136280 863695
2 362588 1637387
2 1912619 87356
2 1863418 136557
2 1199062 800913
2 663366 1336609
2 585396 1414579
2 1142284 857691
2 904650 1095325
2 762565 1237410
2 52044 1947931
2 274547 1725428
1 218007 1782018
2 1898961 101014
2 169257 1830718
2 252509 1747466
2 732353 1267622
2 696853 1303122
2 1334806 665169
2 477009 1522966
2 746551 1253424
2 1314818 685157
2 632974 1367001
2 1685596 314379
1 1715443 284582
2 466025 1533950
2 817937 1182038
2 793257 1206718
2 1974781 25194
2 521410 1478565
2 1090278 909697
2 760759 1239216
2 1369928 630047
2 260544 1739431
2 533813 1466162
2 1210841 789134
2 330119 1669856
2 675313 1324662
2 1577207 422768
2 75484 1924491
2 1611248 388727
2 162737 1837238
2 1001838 998137
2 1404312 595663
2 1590652 409323
2 1350357 649618
2 1856004 143971
2 1314748 685227
2 273708 1726267
2 119684 1880291
2 1134941 865034
2 673378 1326597
2 1657440 342535
2 1549921 450054
2 313997 1685978
2 691 1999284
2 1333577 666398
2 14900 1985075
2 1452393 547582
2 840808 1159167
1 1869722 130303
2 109817 1890158
2 782602 1217373
2 1544704 455271
2 1096514 903461
2 225439 1774536
2 1792565 207410
2 628159 1371816
2 1807913 192062
2 1867747 132228
2 1301763 698212
2 894676 1105299
2 483637 1516338
1 1113186 886839
2 222768 1777207
2 1769544 230431
2 351874 1648101
2 1977852 22123
2 129625 1870350
2 795376 1204599
2 664281 1335694
2 1303757 696218
2 1136187 863788
2 3657 1996318
2 431388 1568587
2 1650824 349151
2 1326121 673854
2 1509451 490524
2 1173832 826143
2 459542 1540433
2 379568 1620407
2 1661963 338012
2 1901128 98847
2 530750 1469225
2 402651 1597324
2 61965 1938010
2 1971674 28301
2 313506 1686469
2 221348 1778627
2 568517 1431458
1 1369804 630221
2 81581 1918394
2 1121044 878931
2 830829 1169146
2 829665 1170310
2 118785 1881190
2 970079 1029896
2 1068206 931769
2 1273864 726111
2 1952255 47720
2 950503 1049472
2 49343 1950632
2 63172 1936803
2 727171 1272804
2 706351 1293624
2 1139538 860437
2 1803245 196730
2 1359393 640582
2 736656 1263319
2 1611615 388360
2 1720026 279949
2 1974314 25661
2 1460776 539199
2 1559910 440065
2 1705543 294432
1 542771 1457254
2 1230905 769070
2 949174 1050801
2 1037680 962295
2 1952960 47015
2 118212 1881763
2 1893174 106801
2 1087098 912877
2 125476 1874499
2 1324713 675262
2 362969 1637006
2 881824 1118151
2 1586638 413337
1 1683460 316565
2 629038 1370937
2 1191436 808539
2 839709 1160266
2 357295 1642680
2 911684 1088291
2 1402013 597962
2 1421281 578694
2 496784 1503191
2 1354416 645559
2 1456938 543037
2 82514 1917461
2 568516 1431459
2 727843 1272132
1 1441820 558205
2 907285 1092690
2 1244110 755865
2 206118 1793857
2 904708 1095267
2 307136 1692839
2 283008 1716967
2 726386 1273589
2 1787869 212106
2 903373 1096602
2 1244209 755766
2 1442379 557596
2 516936 1483039
2 1384623 615352
2 1253690 746285
2 326555 1673420
2 493015 1506960
1 460290 1539735
2 1313809 686166
2 1881399 118576
2 1105843 894132
2 637235 1362740
2 779519 1220456
2 1738968 261007
2 414772 1585203
2 511488 1488487
2 987378 1012597
2 1045690 954285
2 1557764 442211
2 1787700 212275
2 935182 1064793
2 1758709 241266
2 1427284 572691
2 1443281 556694
2 483893 1516082
2 1992238 7737
2 1462582 537393
2 1067963 932012
1 1852552 147473
2 1016547 983428
2 1599012 400963
2 1647532 352443
2 1894772 105203
2 642301 1357674
2 1682051 317924
2 1674453 325522
2 1340216 659759
2 1065199 934776
2 1900327 99648
2 840559 1159416
2 829498 1170477
2 1173469 826506
2 1951399 48576
2 231637 1768338
2 1726323 273652
2 553395 1446580
2 1213493 786482
2 625857 1374118
2 460546 1539429
2 1565544 434431
2 893142 1106833
2 1171400 828575
2 1821709 178266
2 1986562 13413
2 859030 1140945
2 1867479 132496
1 784224 1215801
2 952784 1047191
1 594935 1405090
2 1903927 96048
2 420525 1579450
2 707446 1292529
1 1186907 813118
2 1900076 99899
2 1036577 963398
2 1897180 102795
2 1961069 38906
2 1646960 353015
2 488955 1511020
2 1763037 236938
2 86467 1913508
2 957442 1042533
2 1245977 753998
2 988978 1010997
2 1461677 538298
2 834436 1165539
2 871737 1128238
2 1463596 536379
2 747673 1252302
2 39733 1960242
2 1506407 493568
2 577867 1422108
2 1133112 866863
2 802739 1197236
2 917188 1082787
2 268801 1731174
2 591710 1408265
2 581119 1418856
1 1453517 546508
2 508870 1491105
2 1925731 74244
2 1840448 159527
2 858687 1141288
2 1740673 259302
2 1991690 8285
2 211267 1788708
2 568558 1431417
2 528213 1471762
2 1363772 636203
1 1622967 377058
2 1497582 502393
2 271443 1728532
1 270540 1729485
2 894352 1105623
2 1183755 816220
2 1527635 472340
2 743783 1256192
2 1309135 690840
2 220716 1779259
2 601223 1398752
2 199848 1800127
2 1320044 679931
2 1723835 276140
2 1342160 657815
2 134256 1865719
2 835394 1164581
2 503298 1496677
2 1680452 319523
2 593235 1406740
1 776741 1223284
2 1300343 699632
2 1402405 597570
2 1888867 111108
2 900866 1099109
2 585593 1414382
2 183409 1816566
2 1309810 690165
2 705950 1294025
2 1652271 347704
2 936873 1063102
2 333600 1666375
1 546249 1453776
2 1275111 724864
2 460727 1539248
1 631606 1368419
2 276944 1723031
2 1808252 191723
2 881899 1118076
2 768921 1231054
2 1937722 62253
2 383858 1616117
2 1719697 280278
2 454597 1545378
2 615498 1384477
2 944650 1055325
2 1229182 770793
2 376147 1623828
2 1941231 58744
2 577826 1422149
2 1801280 198695
2 286064 1713911
2 1839419 160556
2 1068967 931008
2 1223477 776498
2 1066977 932998
1 1173860 826165
2 1193549 806426
2 982640 1017335
2 107554 1892421
2 213779 1786196
2 1678018 321957
2 1709814 290161
2 767299 1232676
2 718477 1281498
2 624619 1375356
2 1712353 287622
2 1050562 949413
2 752100 1247875
2 1427057 572918
2 1866609 133366
2 1435814 564161
2 1164549 835426
2 698392 1301583
2 373885 1626090
2 1527259 472716
2 1356516 643459
2 1934503 65472
2 936210 1063765
2 1701663 298312
2 1496947 503028
2 54286 1945689
2 667001 1332974
2 1399248 600727
2 1908558 91417
2 761012 1238963
2 959590 1040385
2 1830152 169823
2 603380 1396595
2 1842435 157540
2 724106 1275869
2 8669 1991306
2 331485 1668490
2 1303721 696254
2 149746 1850229
2 1853266 146709
2 1190530 809445
2 325458 1674517
2 1143284 856691
2 1872832 127143
2 1910818 89157
2 1434600 565375
2 430348 1569627
2 560113 1439862
2 1114816 885159
2 280286 1719689
2 1905693 94282
2 811138 1188837
2 201 1999774
2 1076464 923511
1 500058 1499967
2 228138 1771837
2 1535796 464179
2 1020761 979214
2 1522033 477942
2 289804 1710171
2 591009 1408966
2 1534349 465626
2 604267 1395708
2 1715424 284551
2 48385 1951590
1 1714420 285605
2 106797 1893178
2 215488 1784487
2 1519746 480229
2 1287713 712262
2 1055794 944181
2 751207 1248768
2 1382986 616989
2 1106099 893876
2 767528 1232447
2 1332349 667626
2 1993990 5985
2 941289 1058686
2 326559 1673416
2 449328 1550647
2 312228 1687747
1 1686037 313988
2 1401446 598529
2 1125059 874916
2 1854016 145959
2 1360151 639824
2 1264428 735547
2 941546 1058429
2 1319470 680505
2 1596171 403804
2 212570 1787405
2 47495 1952480
2 1114813 885162
2 878203 1121772
2 1773444 226531
2 110059 1889916
2 177107 1822868
2 676594 1323381
2 877345 1122630
2 1123858 876117
2 946074 1053901
2 946190 1053785
2 1420493 579482
1 1767061 232964
2 1495633 504342
2 456525 1543450
2 26296 1973679
2 1070724 929251
1 462995 1537030
2 565385 1434590
2 1638760 361215
2 134648 1865327
1 1899809 100216
2 1486509 513466
2 1398824 601151
2 933718 1066257
2 1389964 610011
2 769600 1230375
2 33734 1966241
2 414302 1585673
2 1603294 396681
2 1508970 491005
1 104165 1895860
2 700928 1299047
2 723206 1276769
2 195550 1804425
2 682324 1317651
2 163647 1836328
1 322364 1677661
2 557074 1442901
2 99731 1900244
2 813412 1186563
2 1648095 351880
2 96402 1903573
1 174714 1825311
2 1160313 839662
2 919325 1080650
1 1985389 14636
2 1700907 299068
2 1970805 29170
2 131820 1868155
2 775954 1224021
2 1054220 945755
1 1375475 624550
2 1838842 161133
2 1708611 291364
2 1829709 170266
2 114002 1885973
2 1096462 903513
2 1362644 637331
2 1635042 364933
2 1809735 190240
2 36748 1963227
2 1064580 935395
2 1283619 716356
1 1670173 329852
2 1219437 780538
2 767545 1232430
2 1209159 790816
1 493232 1506793
2 299138 1700837
2 483553 1516422
2 1761534 238441
1 856196 1143829
2 1956662 43313
2 370665 1629310
2 1269389 730586
2 788720 1211255
2 371502 1628473
1 1832204 167821
2 1555708 444267
2 1173697 826278
2 1987717 12258
2 437784 1562191
2 1155357 844618
2 678972 1321003
2 753796 1246179
2 1966636 33339
2 300039 1699936
2 1730320 269655
2 343430 1656545
2 1198206 801769
1 572277 1427748
1 1239667 760358
2 521199 1478776
2 1230864 769111
2 678432 1321543
1 1165280 834745
1 484909 1515116
2 216710 1783265
2 371748 1628227
2 1712358 287617
2 1037213 962762
2 1598179 401796
1 415169 1584856
2 1121689 878286
2 818470 1181505
2 210149 1789826
2 1502987 496988
2 424740 1575235
2 1539723 460252
2 1835229 164746
2 1720820 279155
2 942918 1057057
2 1643732 356243
2 1169776 830199
1 900014 1100011
2 1454915 545060
2 1563426 436549
2 144290 1855685
2 1603099 396876
2 1912330 87645
2 1560999 438976
2 813141 1186834
2 153229 1846746
2 170351 1829624
2 879827 1120148
2 390784 1609191
2 168265 1831710
1 106127 1893898
2 484339 1515636
2 449073 1550902
1 723439 1276586
2 825708 1174267
2 373724 1626251
2 1404375 595600
2 1133679 866296
2 306178 1693797
2 992056 1007919
1 135680 1864345
2 1800517 199458
2 1067560 932415
2 552376 1447599
2 1817569 182406
2 1403939 596036
2 1067424 932551
2 582070 1417905
1 1747023 253002
2 1631980 367995
2 1786625 213350
1 2015 1998010
2 436808 1563167
2 1157455 842520
2 1213808 786167
2 811919 1188056
1 1548350 451675
1 981716 1018309
2 602585 1397390
2 435632 1564343
2 163322 1836653
2 1048414 951561
2 1612395 387580
2 1711265 288710
2 872069 1127906
2 1865680 134295
2 594547 1405428
2 1119229 880746
2 129127 1870848
2 31611 1968364
2 1012072 987903
2 1368955 631020
1 226489 1773536
1 1821021 179004
2 860588 1139387
1 1110503 889522
2 1752942 247033
2 1000192 999783
2 1031079 968896
2 1571687 428288
2 1507338 492637
2 1242224 757751
2 297625 1702350
2 1738855 261120
2 292560 1707415
2 151258 1848717
2 77606 1922369
2 1984914 15061
2 1824651 175324
2 178779 1821196
1 508599 1491426
2 1399456 600519
2 64234 1935741
1 1247680 752345
2 1814289 185686
1 280761 1719264
2 454766 1545209
2 440708 1559267
2 1154355 845620
2 180279 1819696
2 989796 1010179
2 1883818 116157
2 125265 1874710
2 224118 1775857
2 1032662 967313
2 841149 1158826
2 1871549 128426
2 1094853 905122
2 141042 1858933
2 1569276 430699
2 1109870 890105
2 1229710 770265
2 1974832 25143
2 941280 1058695
2 789682 1210293
2 1714579 285396
2 919147 1080828
2 1725219 274756
2 934958 1065017
2 1926848 73127
2 129960 1870015
2 981531 1018444
2 1298552 701423
2 617102 1382873
2 1970438 29537
2 1459757 540218
2 1122277 877698
2 735267 1264708
2 835109 1164866
2 1124667 875308
2 1497545 502430
2 1106925 893050
2 1492073 507902
2 416980 1582995
1 467858 1532167
2 1550885 449090
2 713952 1286023
2 996899 1003076
2 183183 1816792
2 1130021 869954
2 1063464 936511
2 234631 1765344
2 1374391 625584
1 14878 1985147
2 1965203 34772
2 990234 1009741
2 1577428 422547
2 1165484 834491
2 646632 1353343
2 295469 1704506
2 866189 1133786
2 353608 1646367
2 1389256 610719
2 1987230 12745
2 403178 1596797
2 1468130 531845
2 136204 1863771
2 213565 1786410
2 1531949 468026
2 227811 1772164
2 405451 1594524
2 764372 1235603
2 306106 1693869
2 242100 1757875
2 1161355 838620
2 292976 1706999
2 1802514 197461
2 1802298 197677
2 1576155 423820
2 1337443 662532
2 678225 1321750
2 570117 1429858
1 725233 1274792
2 1205528 794447
1 376382 1623643
2 1059651 940324
2 309734 1690241
2 1453267 546708
2 965033 1034942
2 788790 1211185
2 1964481 35494
2 1350352 649623
2 1860237 139738
2 792273 1207702
2 1958795 41180
2 1215023 784952
2 95974 1904001
2 256149 1743826
2 963954 1036021
2 556949 1443026
2 740118 1259857
2 203195 1796780
2 1262643 737332
2 806617 1193358
2 720595 1279380
2 1736756 263219
2 993093 1006882
2 1430937 569038
2 187474 1812501
2 935917 1064058
2 1168950 831025
2 1109892 890083
2 336334 1663641
2 804850 1195125
2 1954818 45157
2 181723 1818252
1 838749 1161276
2 213842 1786133
2 1154049 845926
2 544144 1455831
1 1256760 743265
2 563622 1436353
2 206257 1793718
2 429137 1570838
2 1999083 892
1 970245 1029780
2 299004 1700971
2 1964066 35909
2 801851 1198124
2 1735702 264273
2 542347 1457628
2 652521 1347454
2 647735 1352240
2 1500632 499343
2 613333 1386642
2 1044628 955347
2 1430087 569888
2 1900168 99807
1 944097 1055928
2 54548 1945427
2 1161568 838407
2 1879553 120422
2 521353 1478622
2 683566 1316409
2 1039047 960928
2 304604 1695371
2 429810 1570165
2 1722263 277712
2 1127974 872001
2 1334929 665046
2 1648503 351472
2 734438 1265537
2 93077 1906898
2 693664 1306311
2 659674 1340301
2 828532 1171443
2 1118725 881250
2 1062364 937611
2 853814 1146161
1 1108174 891851
2 1359957 640018
2 650224 1349751
2 1336960 663015
2 1615201 384774
2 98652 1901323
2 1550265 449710
2 272963 1727012
2 859860 1140115
2 998426 1001549
2 1967806 32169
2 524651 1475324
2 109411 1890564
2 793923 1206052
2 797051 1202924
2 938556 1061419
2 998541 1001434
2 1163622 836353
2 439965 1560010
2 51549 1948426
2 1189646 810329
2 1642507 357468
2 1399346 600629
2 1729358 270617
2 1756574 243401
2 1345331 654644
2 609868 1390107
2 1350171 649804
2 1462523 537452
2 352735 1647240
2 1526388 473587
2 662216 1337759
2 623264 1376711
2 389479 1610496
2 1696752 303223
1 1142941 857084
2 1116237 883738
2 441045 1558930
2 463385 1536590
2 382748 1617227
1 381626 1618399
2 648332 1351643
2 1414791 585184
2 626093 1373882
2 271092 1728883
2 1893712 106263
2 467680 1532295
2 889932 1110043
2 905078 1094897
2 1320155 679820
2 205656 1794319
2 1836158 163817
2 799838 1200137
2 844462 1155513
1 86099 1913926
2 701950 1298025
2 628681 1371294
2 710366 1289609
2 1597238 402737
2 288161 1711814
2 1252716 747259
2 1542043 457932
2 988135 1011840
2 1061944 938031
2 683418 1316557
2 93845 1906130
2 1203268 796707
2 444081 1555894
2 276802 1723173
2 1018954 981021
1 1585603 414422
2 232415 1767560
2 866938 1133037
2 845118 1154857
2 163771 1836204
2 1383027 616948
2 141973 1858002
2 690400 1309575
2 1016561 983414
2 1954168 45807
2 668733 1331242
2 1169100 830875
2 1707848 292127
2 900041 1099934
2 1737405 262570
2 895867 1104108
2 1056471 943504
2 138742 1861233
1 1240201 759824
2 1572095 427880
1 635196 1364829
2 1699498 300477
2 1677464 322511
2 817265 1182710
2 1315678 684297
2 1049601 950374
2 1856732 143243
2 666997 1332978
2 1167696 832279
2 76005 1923970
2 699464 1300511
2 1068963 931012
2 398305 1601670
2 1058564 941411
2 1949911 50064
2 713370 1286605
1 1077915 922110
2 166304 1833671
2 942653 1057322
2 881481 1118494
2 493127 1506848
2 606084 1393891
2 1282932 717043
2 959012 1040963
2 342350 1657625
2 162585 1837390
2 1381975 618000
1 471979 1528046
2 1200430 799545
2 838859 1161116
2 932265 1067710
2 1139695 860280
2 1925775 74200
2 473079 1526896
2 173851 1826124
2 1549130 450845
2 1344797 655178
2 150671 1849304
1 147278 1852747
2 1150056 849919
2 1148379 851596
2 784975 1215000
2 1248069 751906
2 1582463 417512
2 1613080 386895
2 731983 1267992
2 169881 1830094
1 595685 1404340
2 841105 1158870
2 1000290 999685
2 21826 1978149
1 1601870 398155
2 1927492 72483
2 1092949 907026
2 144477 1855498
2 670130 1329845
2 1961600 38375
2 1669405 330570
2 966222 1033753
2 319475 1680500
2 1760967 239008
2 457976 1541999
1 100978 1899047
2 559959 1440016
2 1144172 855803
2 1112598 887377
2 706777 1293198
2 1820403 179572
2 1875744 124231
1 212465 1787560
2 938196 1061779
2 1844284 155691
2 1964541 35434
2 307005 1692970
2 202888 1797087
2 1122793 877182
2 1759703 240272
2 1061859 938116
2 39281 1960694
2 417690 1582285
2 1341814 658161
2 81878 1918097
2 484946 1515029
1 1675401 324624
1 845948 1154077
2 1407838 592137
1 1190855 809170
2 1630812 369163
2 1071497 928478
2 1962669 37306
2 321932 1678043
2 1415894 584081
2 878898 1121077
2 633219 1366756
2 1285512 714463
2 1253774 746201
2 906972 1093003
2 964711 1035264
2 772608 1227367
2 1454306 545669
2 1053642 946333
2 1880163 119812
2 1545914 454061
2 1579818 420157
2 659080 1340895
2 741650 1258325
2 1843498 156477
2 970456 1029519
2 1291811 708164
2 838211 1161764
2 1729778 270197
2 1558444 441531
2 104782 1895193
2 799546 1200429
2 1058278 941697
2 586428 1413547
2 1883195 116780
2 1562620 437355
2 1216639 783336
2 1504868 495107
2 575877 1424098
2 1805013 194962
2 1368346 631629
2 1415805 584170
2 224475 1775500
2 738455 1261520
2 517789 1482186
1 13480 1986545
2 854556 1145419
2 430308 1569667
2 978676 1021299
1 1681914 318111
1 726273 1273752
2 1093253 906722
2 449948 1550027
2 1990338 9637
2 356175 1643800
2 1274896 725079
1 1590937 409088
2 1031167 968808
2 792904 1207071
2 1130390 869585
2 1108465 891510
1 1881917 118108
2 1064780 935195
2 1341844 658131
1 1634695 365330
2 484381 1515594
2 1589688 410287
2 1467615 532360
2 227189 1772786
2 578739 1421236
2 1759263 240712
2 1742920 257055
2 1969678 30297
2 1335683 664292
2 1656367 343608
2 1724648 275327
2 1693338 306637
2 74579 1925396
2 44592 1955383
2 1495488 504487
2 589451 1410524
2 1019023 980952
2 1993489 6486
2 1756476 243499
2 1239530 760445
1 1512015 488010
1 671582 1328443
1 1592363 407662
2 163600 1836375
2 492268 1507707
2 1549411 450564
2 1602948 397027
2 1840823 159152
2 961939 1038036
2 302405 1697570
2 735000 1264975
2 1648647 351328
2 112701 1887274
2 1702918 297057
2 1233619 766356
2 1101564 898411
1 275307 1724718
2 277387 1722588
2 1706493 293482
2 972760 1027215
2 1307086 692889
2 1483720 516255
2 468076 1531899
2 1371585 628390
2 120670 1879305
2 1706129 293846
2 1705564 294411
2 233069 1766906
2 180983 1818992
2 1183882 816093
2 721168 1278807
1 1156986 843039
1 1527009 473016
2 1566655 433320
2 379122 1620853
1 321663 1678362
2 1648207 351768
1 1441427 558598
2 866173 1133802
2 1137173 862802
2 1796576 203399
2 717402 1282573
2 843996 1155979
2 730602 1269373
2 61256 1938719
2 1969599 30376
2 824582 1175393
2 226901 1773074
2 1608561 391414
1 1828667 171358
2 934715 1065260
2 1481140 518835
2 1349105 650870
2 785837 1214138
2 1600695 399280
2 419937 1580038
2 1278235 721740
2 1603624 396351
1 1770601 229424
2 1711223 288752
2 335922 1664053
2 1442159 557816
2 1431730 568245
2 1958167 41808
2 1946134 53841
2 851353 1148622
2 168261 1831714
1 454130 1545895
2 1366792 633183
2 597691 1402284
2 1247306 752669
2 1785264 214711
2 1977702 22273
2 892856 1107119
2 852399 1147576
2 345189 1654786
2 1706543 293432
2 1984243 15732
2 44220 1955755
2 1800107 199868
2 1300038 699937
2 1636798 363177
2 1407086 592889
2 1720769 279206
2 1942578 57397
2 1762277 237698
2 1436219 563756
2 1288224 711751
2 1238456 761519
2 47233 1952742
2 687166 1312809
2 1754185 245790
2 649108 1350867
2 908299 1091676
2 1029171 970804
2 931258 1068717
2 1262769 737206
2 1908931 91044
2 424942 1575033
1 1082003 918022
2 1667926 332049
2 504369 1495606
2 133295 1866680
2 1523837 476138
2 1281773 718202
1 1885256 114769
2 1632911 367064
2 651811 1348164
2 1561960 438015
2 317369 1682606
2 1428607 571368
2 1615718 384257
2 195939 1804036
2 518137 1481838
1 401495 1598530
2 444426 1555549
2 17504 1982471
2 498592 1501383
2 549355 1450620
2 611251 1388724
2 1403174 596801
2 1575634 424341
2 749048 1250927
2 662031 1337944
2 1281583 718392
2 688242 1311733
2 68381 1931594
2 1686838 313137
2 496013 1503962
2 556240 1443735
2 1991409 8566
2 239684 1760291
1 1515765 484260
2 1307885 692090
2 1936637 63338
2 706486 1293489
2 188414 1811561
2 1327199 672776
2 717777 1282198
2 408199 1591776
2 429694 1570281
2 1313479 686496
1 1352481 647544
2 28885 1971090
2 933285 1066690
2 1995237 4738
2 1263210 736765
1 1705156 294869
2 1330997 668978
2 1747166 252809
1 452187 1547838
2 1331445 668530
2 1301970 698005
2 827353 1172622
2 315068 1684907
2 1440576 559399
1 1554880 445145
2 1647879 352096
2 51336 1948639
2 352960 1647015
2 654317 1345658
2 206588 1793387
2 760441 1239534
2 1092218 907757
1 529727 1470298
2 1728095 271880
1 1998562 1463
2 1868066 131909
2 903013 1096962
2 1013749 986226
1 1326775 673250
2 1546746 453229
1991380 499879 1567958 1272548
740576 1660186 1642527 206997
1096093 274357 1383373 1188364
905690 1878192 302468 772269
654954 378086 1077292 1242855
1826812 1367064 521406 113553
110732 783963 28492 1927859
229653 1178003 1089100 1114190
1316041 170470 169181 1747220
373298 1455690 1944418 1611389
1345986 1438333 879623 347022
749400 115640 494669 1383553
379974 864592 876596 1997268
859529 377124 1800273 179402
1024509 1502845 700023 775512
1048459 1397311 654310 297187
474165 1757992 350885 1345640
1095296 1034524 1540949 1444156
278843 1765368 744159 748948
336455 1093031 1320284 598977
922271 963141 1164601 329150
1899639 1858261 410188 1486757
1571150 889701 482702 680032
1770944 512995 531307 1559900
1266854 231129 118825 420587
1845336 58171 944126 298748
916013 528770 946754 1712653
73749 1886030 1534372 989442
1474595 314473 1145709 1636430
1475589 932162 1377 1650146
666045 452600 1649981 780574
941627 1314811 624491 970491
567605 743324 1175457 7214
1397471 405384 572580 1531289
1891171 1913808 1151713 1532214
981774 32259 385357 1526312
1724619 757763 241807 305051
1213112 1915754 560683 785679
739768 740930 256930 1801610
1944139 666536 1283073 691513
440382 1399988 1986645 798311
322627 1964622 543325 705475
1761442 229173 581204 1995251
1911845 1305793 609087 1090224
1511928 1703148 956078 171642
617328 387424 1939436 1098959
1785042 1719238 1849261 1119110
1578376 1909455 1352933 1295551
496441 504648 1881011 1571215
174918 425729 1153907 980908
885552 274133 1965621 236595
500482 113909 818020 1940957
1675728 315783 819834 849414
1319647 458962 1169543 1542641
1744787 1627434 1351621 345375
596676 334633 1891268 1628868
15144 1573462 429545 184660
966991 1057689 729400 417715
765749 807964 1152452 1907518
580163 1644475 479766 437592
836130 237666 716180 1066377
1373981 1720340 1186842 1176421
1873916 1488951 609627 1867848
616846 1175824 536901 1056379
917930 861200 839184 1921558
412652 116697 517835 220413
1970267 1018180 953058 537596
1254524 278982 1876848 782786
1463255 1332905 1361378 28419
1080217 1653885 635213 862688
857442 768827 238108 156475
1200060 948816 757400 314429
908549 1934789 1256679 1385282
1339875 1846998 921954 217820
1830200 1820906 146732 403752
739277 1921051 1994165 1911194
277639 534712 899842 1492999
1084438 1248948 955189 1904363
729568 1900029 1603653 126452
1412561 163046 1446535 509085
922623 1012316 2463 1427365
914188 1342504 1518614 1309655
1661202 566402 1103426 869679
840914 323218 1176548 1620867
1054327 368942 1050769 1967633
1121603 21409 1375730 1030493
1016138 1778090 1844958 1628502
1766365 1787728 1651890 1065650
1276389 1044203 87371 1814614
1903459 1317541 1631875 1912111
201843 1151869 780375 1429517
1347805 1457499 656427 1660420
1032189 115649 954083 256538
355858 581254 1836278 1835564
128130 1898830 1778455 884411
536707 655357 727836 597448
46557 889302 1657025 426158
1251028 1229963 1804370 1786653
754853 1178502 1830003 448541
1496596 1175243 65169 17207
333145 1268868 1112200 1205761
197773 339920 1936393 434133
990411 950524 238765 987747
1073569 979421 914967 1655279
732077 89413 86531 1326211
640903 1411411 1196081 1363169
68218 1070174 98078 1707813
1562133 1476527 1534824 388644
461212 441665 627350 838050
1154091 166027 485967 1733777
1002811 1264565 797553 591037
1897408 1665996 1938590 1735865
1574201 607307 1114091 1846883
1080691 54106 1132210 857029
656467 678507 460473 1367631
150031 1352587 1782346 1239205
1762656 499231 1569218 503483
1766158 543754 122498 788871
1567681 1079834 884734 704049
1980732 1901542 1292926 1971726
1520642 413275 1732766 91893
540067 424348 538595 1332994
1930552 157312 1471771 1297703
517087 297049 379281 304064
51238 255520 581869 945261
361893 1808127 1716306 1297121
1022415 1168293 1091530 107290
1197907 1236826 1814441 925618
165834 1665706 320191 274791
1302571 671039 1908396 1261892
1238889 1314519 956458 605847
1440281 1975787 608964 1139942
202937 417996 1016116 1347891
376260 1477958 1859470 420335
1396923 313516 1268850 903799
1848510 543468 1421981 341343
813731 422686 1593852 174841
1367667 821260 508707 73433
352325 1618900 1655025 1522386
1362785 259017 685955 579614
1191113 686228 1297411 1983236
774621 1800256 1655602 1945132
1718571 1124062 1901079 1117610
664457 1720937 662872 1014654
1081612 810743 1556498 1742725
1816031 1204755 1224275 108112
910051 181949 478477 1160962
1081325 615265 256699 1369938
1275211 1264705 1927477 1106534
500910 155397 752445 816590
243622 389078 1262592 1567121
1675975 1595836 1152937 1626530
1756866 1719631 1129556 276826
1760717 171668 674941 236441
1111392 614643 523402 1716417
1793714 483504 1004674 1829297
745449 935753 1102952 1060113
1588988 1898516 1532940 858379
1325524 450123 1370842 909172
1579975 1226474 1166427 1636916
38227 239599 1806000 1486509
853800 724069 450079 1770040
1511862 1865589 59396 105749
1146373 92316 1214631 1567997
1837044 389337 1549203 285849
1371056 873575 1429452 973338
201731 1164633 1111364 1455094
1708080 394566 1243481 1230856
1169268 624639 1316420 127849
1370798 658285 1692951 33499
185634 1545901 797186 1505991
145048 937881 1645859 1693645
194382 95427 1081669 1942239
1607551 1017565 1083641 811325
86038 1556051 762400 1446107
1554693 1999577 183001 1857487
133804 1843820 1121649 1628550
643821 1218352 760103 1275680
780052 1285678 560734 526733
609699 828737 1785258 903125
1267139 1780035 226961 898493
687473 932559 1528334 589519
1057731 1307447 878797 856703
1723748 1814088 1241970 1795199
1505383 202850 151046 140438
1572939 1768224 292758 1305080
1619564 1915269 822641 1226632
1066650 1873395 1952602 259342
932077 161871 205794 487355
1228062 427915 888701 3976
1132985 1711923 30952 1030177
1105432 848319 722974 1319062
945993 1686296 457114 400180
1932220 1720017 1821231 46517
1686465 1188201 1566979 188361
1040931 277657 1136940 1220615
1132787 1650519 86745 1587236
1042011 1047510 410631 1114709
1589009 7917 1627188 1221649
273859 1041295 1648695 1292187
1717833 1992975 489897 1445412
118075 56662 1031578 1800838
1065348 1360816 988332 479422
139546 1476224 1414211 1285736
1299222 701991 833561 1027981
280755 1931743 606476 173660
1075137 1049168 765254 1399421
227477 318845 156902 580825
225353 1262766 1606627 1834150
1992147 1038771 1169047 1699124
1219135 1525047 1923793 35292
908881 1318271 1746964 1543082
1955430 1065054 362245 1564977
1640092 177358 1627139 1878851
1526080 571692 1792919 1577038
1327556 1394060 1982715 1095200
267056 104639 167419 538085
1725184 1707457 1014593 1111075
485573 1650153 868055 812494
1592829 404427 1555214 1462064
848520 1787547 1352942 562329
821427 289831 855338 1667830
295258 1415599 67331 168224
1424300 977781 1576431 890738
449189 1998542 1590987 199626
420049 137524 402879 1652022
504357 702379 951122 782546
1081313 952061 1223021 366438
239609 250019 693340 905946
1548207 1750883 916868 429909
438071 227972 1835915 971367
995846 813742 1455131 1339757
1791480 84933 801046 967614
580410 1171193 1020522 285383
1983696 952638 254777 726900
1725103 1981222 831162 320294
1559696 1668363 248839 1381830
1895197 1926234 675357 1622029
1270496 801970 1855582 585839
535839 73142 1985324 240105
1329958 1051657 950185 575713
1452347 1405435 309080 347319
478481 1352808 114245 1678301
1587374 697028 1758232 935648
97123 1257245 628921 1804342
51061 1004617 1881164 1143329
127109 1247990 544489 495677
514011 621062 134723 638997
1668711 1629800 1941705 140875
1627172 388575 1770545 466431
11561 1615255 606043 462192
1082161 809826 782816 526420
957269 201428 1355644 282569
853762 1939121 33692 1956286
58199 1535005 635242 1522697
866264 627920 1089252 831866
57169 345363 1260713 1124925
1741415 1736006 729258 570893
1961084 1554335 826875 1348221
1496304 1040269 1556393 1054594
1072681 238937 1543842 157894
345549 1338766 841331 119604
694339 978359 387029 645907
1239091 889765 564383 1795873
1486486 557738 690064 313303
401716 1392263 1760324 456179
919408 1583197 263117 81538
551013 984812 824290 1859181
131951 1513141 52009 1403396
1476393 1697117 649540 456327
783053 1635282 882442 1368585
1806005 31144 1743232 451710
115099 220757 1199460 1707979
1540567 1563070 128198 805958
1085175 269167 1860368 94316
8454 1299123 15746 1768863
1861330 1663658 1095307 61014
118516 771145 516342 848304
689268 163443 631977 410505
795628 1236349 334123 923861
293231 887524 1071979 1129727
1435772 1139141 221638 405264
1858924 1979281 1819958 792837
1292342 237546 291932 155570
1247253 646682 770786 952027
497319 1321876 1135856 1688189
43569 1360761 664994 164675
127056 1763232 897364 1545420
649943 1350700 689965 396499
243529 1612630 879234 680189
945232 1660540 1868631 1027730
1601062 1068940 823267 381968
1780896 326605 1526278 867442
660885 286681 1802901 851062
1065210 702033 739888 179100
1628450 101211 289444 348417
1319649 1906133 634860 725518
1127736 962885 295427 1298528
1321834 315500 776406 606148
1638000 21984 88331 1908560
1228893 1987621 38521 1676735
1747138 118575 317803 1525912
911495 85356 572204 894616
914940 1763070 615521 529090
1398982 572940 757105 1543953
17916 276802 1126082 1004547
455874 1154862 1887772 966876
470971 492942 496334 1574340
556404 1447505 379271 1450651
781100 1398357 1019559 462501
1741717 883258 318822 613011
1313421 1332681 1579784 1700116
502086 207042 32234 1231572
1772836 1513927 419579 1630026
1757762 559739 232748 464771
1261359 1222104 905543 238184
1207774 1220204 878122 405524
458012 1760635 594082 205428
1818734 1770965 1866071 1402370
1011660 1089883 79861 63488
1704869 1758981 948153 952130
287882 974934 251701 32315
1978729 1593976 443938 203935
1807971 1004969 990809 603740
508928 199626 383271 1692023
945559 1513676 1301850 941771
397328 1346124 584023 493680
1713626 1436597 1188716 542576
593015 880778 736420 1588745
1429117 775279 362418 1272915
655826 1868088 326742 386491
1280764 334859 1511763 220950
1538053 1202951 1943795 1646460
1084713 537512 1803957 1599081
1305402 1737296 274566 68125
1487779 1915726 1496674 1186794
948454 678373 1887623 1049150
1580725 899673 1977557 1353608
1302297 796114 1957703 276289
1169108 1252949 730981 483664
23097 482191 490243 1903906
1308326 672457 2462 107187
874297 248602 633698 1234531
1424169 1830414 663871 473170
1463886 1477464 1972354 714269
706300 955617 1605116 137844
443367 588660 180151 139193
816261 457254 1092440 266509
1748007 989134 1485471 922580
323833 1417963 1186911 1642700
190964 1259672 1852253 593938
600207 1139424 1693419 1662777
1318437 297733 826099 1511325
1468790 632425 1607811 1114931
664394 1700960 1909868 85717
1574155 1307192 1143443 915772
585397 1516959 833049 659539
1057080 709829 1481008 546811
609203 348776 1658618 612821
956728 1529342 1811846 1345013
613938 802621 1622606 1261309
1337517 516741 1691022 1593098
36287 739139 1929805 1095159
374935 706169 621190 928984
504634 1935138 1481882 785743
1346157 1491767 245849 1783614
1346706 1267077 136388 947815
1498292 529679 327791 324613
1452535 1316989 1796910 1352184
920105 1817086 314999 583220
1695387 663306 543648 1956174
1432507 356527 482686 547698
421249 1599451 867636 14928
903066 519403 1291977 228923
1165410 226031 1081377 1132666
191267 501888 1478426 147913
1486911 500310 992928 1073258
1945968 88887 287595 1204530
306065 817426 1899433 406299
1765007 1144202 551483 281188
1995746 561284 1136332 665167
131041 1310876 96004 1906998
469393 803275 1705659 91172
1335361 230252 1399876 1214782
1803489 1206075 72321 1614204
1235643 1547539 474048 19097
1655652 1815309 642396 1591412
1032740 1607420 1199177 1380671
1698163 607706 1370978 1654314
916362 356525 1871249 66084
572744 1006175 1133535 421944
1039606 945898 858061 1216440
536691 335827 1452230 25003
355434 1875724 1114255 749564
1480601 391915 1137467 284839
984857 614199 1680616 296523
1651222 1576070 1788361 832229
1064869 1011421 967964 469112
247144 1937673 234554 319111
1023933 1300230 262459 1454845
908167 1862807 1191973 1016228
1934590 1765910 507176 234887
27162 1921617 192155 1416134
1524300 1831146 1299130 803461
45280 1878312 1038377 781353
797772 918874 1997099 960301
525381 1051753 134356 737901
14315 1171838 126149 1814422
1383842 1949869 794651 542679
803699 1338749 1508943 1367907
1464501 1209992 1009899 11460
560077 395816 1635105 1819581
1413997 756492 1397962 436109
119993 1326662 517811 330005
1842409 1589860 817994 185452
790861 833909 1288741 1891803
433170 621114 1973031 1298340
1343119 347825 765952 552508
275667 273980 1214919 1217029
1902809 1670174 1574819 1357026
1078677 833759 528690 170630
1651289 514237 396313 1453393
175134 1563051 336466 1886931
142969 116585 717328 1894231
633065 144806 1520222 1888789
796127 213596 1766986 1228284
670430 1078101 469277 948372
1157498 287677 1092458 1404512
1530943 1924194 1400488 1160880
323995 718518 316336 544790
1859296 1785670 1517480 1920596
397631 1196498 289477 560604
657050 1084377 919471 706951
1242178 1859269 1974360 885408
564585 526030 375796 1082694
860448 1509993 673258 1627024
1228445 1815823 403660 971098
1033554 244744 1249257 529349
769590 99373 1064469 1575289
679186 1516643 1657908 1200918
1339239 633283 248057 60623
50968 1529737 1776496 1362422
404481 1924014 233093 1059931
1058339 1909645 1003266 569135
1848166 891193 1540619 507533
904782 375007 393509 1323309
1513047 155670 1913141 662762
1100552 831987 1195653 1371278
1746874 692908 594537 254156
924341 1723820 332097 721891
164078 1870490 1265868 1169660
1103294 787751 1042057 552424
197926 75450 1313327 1579310
497320 219865 1992091 822606
1857791 726045 1237841 371930
269520 310886 556127 1450300
987295 629765 816953 1393966
1104756 1165316 443488 550393
1685120 566254 1062431 997970
3714 1063954 1975296 1475322
641108 650394 1544288 621827
421679 1209905 1865593 1041817
840426 1671021 1085664 1646298
940681 1224075 271863 167491
1729237 164243 756009 1219445
165573 819321 1103233 769962
933385 1939463 636717 1599632
450540 132229 1822408 1414768
137761 612007 123619 1475149
1085606 437428 1808369 690713
1434256 219073 495669 591173
1769846 553063 141571 514276
1644803 1612476 168275 1959178
1563091 1589542 1461488 1579873
1994958 1878356 715530 406995
1407214 524012 809061 1987301
1309 626217 1657078 247483
1822884 1801544 1537280 1797478
136655 46507 747362 1683108
525932 75574 48019 1971356
103063 1004273 1155386 1643563
560835 514097 1231321 1946721
90901 1722403 1708210 30723
1206654 418527 1193644 1253363
35502 525393 262372 854154
1853383 177066 1084305 1129599
891171 1536038 743910 791377
1189941 380583 1079819 881798
1273004 1970883 1188820 877828
1934715 749189 2642 1214806
1606193 1539114 495417 1547028
319785 1924848 1421493 1689485
227413 1240559 1296684 1825774
588502 302137 147588 310141
399500 28706 1540740 1457056
53114 875673 1461646 436068
1089229 1631041 926783 159262
838097 534734 1495907 1854345
1266696 768304 1231787 200317
1709485 1611847 844483 577599
129875 1675342 550143 358413
709802 471095 1476471 599116
1805721 1062275 1109729 1481359
1322790 1914511 442369 47190
169698 339797 555232 524950
135143 1520805 716668 841861
10538 1587114 556388 1960600
1777748 855347 1981156 1154286
1867641 287974 1746009 1417616
1742936 739572 487505 859295
1804878 1278691 1825855 1166652
906564 1984084 1382930 365476
141452 1284428 1990313 727806
841687 606664 875973 993955
580622 542840 109487 1673678
1445651 1562402 930745 533768
1794942 1717869 1096319 1311769
93701 1655428 914267 379306
1479306 1722959 1288790 1499999
1462303 351488 1988580 1134281
1953081 507349 1518000 1045864
1220457 881329 354938 303291
1931998 1670636 1531957 1031820
1387802 145318 463652 1982083
257562 214196 1596514 197275
1470521 453696 686148 1404483
1281836 212390 313919 170332
1469846 1529366 1999157 346782
165848 1951116 201733 1426531
1092182 1050108 616450 138423
302086 708861 1104438 1903452
1807742 736156 1420381 1022863
1719666 1408492 610834 254707
1386022 1904111 428721 1272428
814248 1079139 261818 1480271
244344 1624791 1524805 1538677
1657629 1817503 296648 159506
1372751 224866 358833 953302
68325 369392 786695 705286
414559 811961 981548 1968829
467486 882475 47063 395981
1707477 1967706 1745291 1667801
1042823 1961574 979825 786648
1653583 193724 1767080 1117747
1151201 844449 154132 1462747
404554 235754 1455572 319720
1606314 637265 208289 528416
1369321 1248678 1244612 590006
243249 1882326 255310 1795054
1072222 1520890 1531990 1059791
486790 1398784 676386 104819
1612602 77684 1749497 1974780
392498 1988923 512522 44599
1620665 529874 1303367 64132
1306514 781652 1696518 354109
652149 136056 230029 251077
1019915 699574 904220 1650471
1988204 1406618 23273 176758
765930 495768 1659486 1502850
1531760 762850 176141 1595573
1734253 1501972 49978 874900
1948955 975758 1453323 1041727
1734044 458737 1836502 1546964
1187689 1919243 180288 785608
1811228 1247778 77967 1773354
1055299 805254 1901280 479120
1430687 1904218 305331 988168
1675323 1437043 1981200 1905123
748944 309146 174977 56339
1822550 904557 15836 253000
1586909 690002 1152716 1054272
1511990 108464 1958171 908910
1342598 320268 1767284 1603541
1743351 1649712 1761128 1416409
1201900 472500 1703131 931521
1155242 1254777 603301 585362
1899551 689473 1550524 1496025
878515 693202 127237 1718966
607464 80153 244930 283601
292192 1908762 1174709 1423452
1259259 1934046 1967110 1974667
1770590 540512 583712 174724
915329 908432 808696 275286
1390706 1465081 203967 1362465
578295 1158275 1307623 1067828
684975 1458651 320280 1901426
672941 852308 1382425 1775730
1990940 1234091 1666604 290926
852262 1461695 273777 1017825
1659681 1784220 496598 957309
558924 506327 1076658 1008859
1854320 1645234 518403 1479429
1943863 1328429 1168342 567901
753648 1526366 1314273 1385771
1931366 995912 1650079 1391458
1344265 1332223 703138 1829668
1581063 1128617 931767 1751224
392600 782999 1719046 372697
1138570 1020648 1076668 490317
731904 995273 642060 1634531
361050 1476388 1311375 777016
1516524 1815271 760220 519393
1208162 1611689 1137582 791733
314760 1414370 1033786 1709545
1032148 1395999 1261774 297524
1749477 71820 1738277 1933441
108499 673488 869715 1124349
979796 939684 923642 603829
1415105 1524918 846695 1737525
480494 1894810 708472 1611978
873147 1817215 1824091 230125
536854 690525 1877588 269645
1362442 1277699 1477871 1750758
402286 1937565 1694633 1617266
1256314 485760 848213 342721
1126381 287643 1216133 485432
452363 1835271 1877112 1863693
196980 579783 740535 1093970
1852232 1313998 1830241 346410
1883376 207955 1865378 527808
1821298 1036035 397443 1574793
479689 1328453 120628 728393
401472 73282 830446 1441067
1527083 797401 1079070 214690
559488 1558483 636218 396292
784729 510874 1758081 547262
1094954 1780934 1600786 1512414
722421 1529388 660890 1592265
1695209 188417 1786609 660276
622181 490104 1391082 848601
1249970 491813 373136 937035
1851958 695739 1010174 1618719
1947498 381373 505152 445559
876587 695187 979734 1392158
1070462 1694788 350029 1553774
1960723 619566 1848908 1750786
912519 1219058 28750 1482867
212804 1823241 600558 752157
265348 398234 70061 1940935
782248 436161 212464 1759582
1869950 769517 1084577 1852474
1899264 358294 616702 1680989
1825693 983865 1913519 1257655
394162 581655 1689712 683825
1616481 840413 1527459 769383
1394173 1188772 1472714 1647469
1746940 76573 1111752 406892
204069 839251 1485860 1383948
1353133 1090452 646416 1850302
1470571 1258763 1948121 1214150
115463 1374259 1992368 1354510
1059456 1554721 630020 1196643
1313846 1355949 1595901 1211504
748012 1378636 340189 1087354
332238 1550076 1769202 471335
626719 1042426 635799 179649
1097720 1656314 1700953 747634
804017 1620495 1603547 468773
1555364 1346259 1688301 602007
1462105 1049983 1239517 676594
1885179 1603657 1269165 1895572
300607 1837905 255842 931650
1923313 904771 43960 1913685
627607 689344 341904 1695324
1591655 408305 1946269 1565194
1582706 1851557 1548593 1992213
605143 1438866 576392 989228
1825677 1872340 1119948 1053883
1456173 1705934 635556 1426164
1338357 887014 1380245 1386670
1810604 1973021 1126405 862098
266311 1763687 1316671 1508053
1727617 92537 1209024 242596
126047 1251801 1064679 472801
640726 530998 1231511 33683
1212653 91557 5791 1079885
1084648 1839257 1179830 1449325
521443 1732238 710135 1081657
1095831 1760630 235727 1942569
1513835 342821 767984 1627281
1191302 886211 564002 1287276
860224 1554846 1554418 472370
426609 1633164 6891 1429179
1977754 814489 1824089 747691
649855 170890 265571 241807
369358 993728 241415 1082020
553802 1665959 897230 1794784
1371814 1754817 1425345 1493595
1878335 1112553 772361 1771805
1585452 1247882 419259 551539
1741795 459602 31738 263941
1359675 788441 647184 1406551
301491 1183502 407527 875299
1666925 1266543 1328160 1319052
61961 1490582 1221553 1988857
1889384 970084 186363 1094267
321767 243942 1998968 271756
1328658 1575003 1303754 1807629
307093 1325698 1792434 731884
636692 506403 66739 1096952
127023 53107 1587492 708999
677465 392516 1989515 368155
108209 1530676 238035 1183214
1137551 484554 883391 1659582
1686967 1447187 301993 993088
895484 1979477 924120 1292936
1614860 186310 1896277 118830
1083228 1152196 456819 1004346
402887 508958 1470710 1861657
1944740 1953091 399473 684477
631164 583395 503151 997585
1177783 181311 459793 1270258
505924 405332 796149 991815
1676519 1710510 1980330 1826261
96371 1727748 367406 675064
1158065 1357917 1770842 1384329
367202 1015999 667239 1014584
1243552 1362009 1571252 716447
1395099 1298296 1560239 1442297
1754502 1632919 1696456 947355
834364 1797601 398342 1083934
936093 952511 1359464 1814805
1128236 914645 772084 51976
1410468 746130 188121 331736
1035196 1158296 1462953 286800
134228 1293035 461794 1564114
883079 1940790 1469035 1776475
1135424 1272655 644190 1745432
821594 1400479 109290 1576711
1977965 1188261 1312389 762393
1050927 1461321 180282 1658400
878075 783793 761402 452945
436558 1306721 52565 797616
1342999 1449687 564722 12909
1445805 1803815 1220574 1471308
1232085 1567237 1764852 834348
356231 1483337 842964 1899388
10037 1582503 178663 758464
1850059 1980802 465329 528759
1485460 1799735 914561 220146
1103569 32266 1959196 1812635
589998 561294 1008849 750249
1604183 541931 1141971 1049509
306503 1288052 1216908 1997411
1973905 1218823 643856 1562559
576659 967436 1662250 1037757
1537596 113272 1885207 353398
92818 1445896 1370483 1706243
1900884 215607 623729 559690
1676387 812036 1614112 1538759
871695 1579038 90150 1603526
63032 598474 1112315 1534552
14335 1180407 890075 1120214
1108757 699459 1879525 897791
798314 1114330 884325 650159
1200751 1551695 1748694 1415366
891630 1939546 1349501 483452
471020 1283851 371435 1220163
466358 1170006 765728 871654
1630840 1565202 1930603 289569
1808149 1968077 1281877 524060
603034 1624825 915637 1549010
1030215 950400 1749793 496158
10109 898104 1196237 1287070
271920 639820 506660 1028883
1977115 619624 1424265 965560
88318 743262 630578 395624
1402266 1862680 1042267 1755961
263933 747216 733816 161898
239496 1751701 1586443 1654515
898118 1241212 850065 1681345
724542 690794 1943269 526558
990529 539034 1739219 969262
1421613 569663 1690463 1068870
750908 802479 61028 1665083
1913082 515657 1997401 900629
571993 674829 1714307 1562003
1320094 1966874 396198 195143
96122 251089 1814841 1923708
1496868 1977336 774654 1071725
367494 1948396 1565226 216205
1773154 1974198 1265506 350264
17288 1606970 1018112 223510
1550099 1314894 481657 329206
896845 342827 1308898 1863349
971858 763768 1509079 1641953
865518 831765 155964 1393758
1413096 1781435 991179 567030
377422 581717 120370 263534
1428469 1515188 1828966 1661818
1488736 282072 1635017 101290
706077 721178 1058878 10995
25717 1297075 1500250 1106280
1401029 721348 1370899 968609
1620736 1426656 1863686 258490
416535 399470 214766 534091
1273496 1443651 183118 780651
566022 89216 1827258 981959
611363 1057396 234298 1178935
358692 906276 248588 1201144
119659 1748219 859175 45713
1150664 1810447 1055837 1234435
1091713 1629406 790536 1587011
1959425 902247 358392 599394
32675 1371983 1973066 1918878
362999 461149 1974248 1014614
1182207 1503479 1705736 1157469
246945 761046 1130942 1977279
1788377 772912 1320853 13075
271458 30031 1641518 842435
1154989 1005981 297369 997551
681836 1450750 595376 620678
147273 474082 145476 241641
227289 1304998 1484539 924794
1449756 154256 345718 1536862
518722 776138 1959855 1890916
832086 1720349 1692479 1234613
981949 164578 1485741 1946413
565476 1173177 14782 1649147
1105886 1470932 299375 610482
1572683 1645404 135929 1236976
1270914 1448576 1886855 502672
1239708 231632 1229169 267740
242710 1174254 577552 1221060
1016114 1927098 989201 1550174
149448 968775 1796306 1491735
1052970 1354485 122919 36999
16979 1769920 1135572 1506914
625924 165923 673028 1761886
1589344 1906769 1051030 337537
632499 450737 1257422 194570
855826 1838644 1717256 266357
1981185 1150337 254236 1185294
1354504 1797690 216951 1157206
480386 1913566 647312 1744042
412743 1759247 1035399 1292780
1318295 1868331 925721 269837
238300 1369382 911539 1727500
918377 10786 88747 995151
1251062 1485008 743342 1138725
518446 1332556 322220 1601047
1139523 612860 543942 1963574
1235609 1766376 1392678 607664
1455753 1730900 132305 1298934
1863323 1072330 964228 1664280
618080 20332 707380 1258007
65117 610145 877507 29394
1094947 298516 1024763 1584902
954366 1826744 334842 1652717
1494493 1103860 1184292 1794859
1669724 999416 1555182 929879
322684 774234 343244 1034517
304465 55521 1415265 1754099
540110 1501950 1217480 1441724
561408 1410316 1997547 41784
615805 855810 1772183 398582
1081716 101050 1182291 883491
836523 187946 1165023 1273031
1878861 629022 1155501 1181905
1529199 915275 301124 1011405
1474258 1647372 1922103 1935202
511311 1942195 1888428 63344
1363268 946382 748019 443008
1879713 1062628 435790 1833307
924512 1263782 1461442 388514
1443239 987116 252686 1690032
1123810 462267 768341 1823702
1618899 394044 1643915 918523
199430 1306500 1653901 404836
898450 1276121 1784776 1777183
366962 1026455 1866744 3252
1385534 781343 1675620 1244596
680058 335621 1691761 1422213
1189518 664716 1515928 45777
607710 240474 1153941 919507
1094261 78060 236641 1640015
1629236 43873 130429 682303
43957 1152013 647651 1065551
19077 1021187 517763 1955835
38665 127750 1957737 1405484
1512738 295876 1619088 233514
1423413 805487 889017 429478
499723 844512 1811101 193583
1485265 1922364 809154 920073
1908511 500717 500316 32777
1596042 617137 1088998 1410117
1626549 5073 391624 1390139
1523130 1598245 1496291 1727009
929753 1033313 1171781 1277309
1627841 58423 512302 1235353
60152 339874 1035984 1129654
1246191 1697442 1989212 1170539
1150239 1605105 632162 1557545
1895067 629033 1467984 1609452
1814401 1253622 1568199 1199484
1557625 15439 1119040 113426
1239412 1507217 1381187 1565146
573651 698290 1441337 42029
1903743 1663440 1542239 923495
277037 1341635 421888 103270
172224 376392 742003 1338778
446395 690527 629802 1632390
270923 1385622 1116250 321508
490303 1707036 1752081 535990
1714999 325931 333481 284605
848382 1569135 1206526 1116056
416482 1660242 1318283 1629532
997715 850063 1486574 1917033
1818634 986263 935417 747626
26000 1874217 20476 1334078
1915500 148538 1353680 1249280
809654 361524 936127 1031704
926993 956622 688390 1514494
322986 490370 436996 1353621
1985354 507063 1841598 353048
228731 1914184 332161 1670877
121763 1333357 1322226 1260689
592247 1510987 52838 137809
211827 1658010 39429 1362737
643468 373038 1711017 514057
100872 431489 1644370 4907
1667323 51862 1076020 1662676
379057 1021949 1678482 449052
532139 962971 1168467 1848216
278130 1968130 156217 400838
497830 1016071 255768 978366
754348 1523026 1132448 475442
1107601 888756 451182 1219786
1224584 1404598 1662863 157151
500716 540624 1032159 1343498
814353 313603 1029527 1895360
882362 971428 1369868 829957
959463 143028 642522 1558965
354470 272987 1840928 1917635
659906 1396893 278364 924032
1348284 843135 1498935 208355
996289 1608899 1038327 656889
555704 636062 813425 903210
1785299 1221337 1649338 56467
1550193 69991 148050 919639
133793 838676 45237 1934923
1949290 66880 470641 1577392
1105254 481786 652104 553002
1557952 24871 148656 1517962
1431239 1423288 1456633 205161
1068339 1534873 898128 69717
1472151 1797430 651666 352738
717801 653502 770055 190220
1060010 1001525 241176 1868686
884548 1082146 1220371 1894239
539846 521971 201060 1863745
722631 947679 572013 832693
1791301 1305680 1529426 250306
357155 322183 1655131 401971
510371 503906 746453 258126
286194 1285346 1922478 1375785
375711 788455 886684 803640
898977 1237275 99559 1501459
1408637 439146 1391954 250493
221587 1209333 721561 986780
147812 1943445 433524 734815
1058053 1580757 835421 1228743
1719601 1148256 613021 1229580
701427 518143 1099924 630080
793963 1994602 443687 870585
899768 1140538 62038 968123
846451 113544 742033 1508229
1974190 836042 1002049 1060377
1533119 1934337 15054 1441380
459988 521106 96626 1946352
384025 553061 1963188 1542255
825537 1603782 1227324 1893268
1146008 437246 448134 1321591
1726695 1102555 1544113 984821
580092 1661964 1485771 633756
281816 575172 1303995 576504
1663009 690290 1081772 27686
30031 1144884 594735 791764
1822145 288219 736651 314411
1695555 227351 1414232 391406
304917 963665 1130238 294127
1075984 44424 1781731 7889
1282572 1873013 242731 1477415
1841707 870890 1572667 1112375
504939 481059 1816428 863335
323896 1586981 121773 574197
415927 926232 392193 1057990
1871443 1493998 1648760 352096
1886708 77939 1556499 1267382
398300 1260822 1914855 243092
716495 535656 1693116 1841757
670035 1759442 1759896 1661122
1520193 1557036 446103 591875
454309 1014644 1275315 960837
477512 1008333 501811 1329568
858693 65006 962700 215381
307725 639275 199752 1170558
974727 1939672 821183 845195
1371505 790040 763410 1259108
877043 1252561 1953646 1101050
623608 1300207 954365 1589136
577932 1446279 1102075 317463
525580 1702348 914022 559068
1942594 1965298 1527562 595674
1601912 1790289 1162565 1311918
538490 55528 1846234 31515
799772 649107 566339 53278
1363735 909804 1685067 423271
1617686 125617 1776168 1288484
40130 797161 880884 1194482
479556 1994749 351475 1959267
1441890 262693 1920638 1815267
713335 1985989 57077 1935393
628702 770047 144296 1515250
600866 1940499 493055 700481
419809 1972686 1844508 1421111
842236 1211541 103766 1594933
1390208 889525 851897 274687
518049 1794298 298794 1451938
219717 1554522 1195301 388029
1385711 746266 968986 1057698
757174 1610059 526643 1081518
1721344 660247 1747965 1169462
89042 939216 830897 1259292
1454372 1301576 430200 459249
1165701 1964224 1274549 95625
1487102 1578291 901830 1619747
1559471 656148 1679515 657786
1134560 1941140 453396 1666377
644561 231961 976128 1519234
1094643 1070916 35890 403829
623766 186450 28878 463552
829188 1574277 207444 1745087
1495686 669260 1637866 618565
544743 1286663 467482 295153
1659248 1899173 1816928 401479
42668 1643961 1236537 1749577
1616791 1059328 1381212 324494
135132 686347 591371 1396622
1548014 970410 1058027 850621
119971 123570 1313677 1115018
152351 717569 920767 229367
624051 1721989 806580 416136
1890743 1249493 328180 454674
979056 1806145 631446 1906849
518171 1483894 595938 1456053
477273 835533 950075 505940
62289 316521 1962420 1987221
1889592 235721 112239 1136911
1014722 962561 379748 1986708
256678 1815294 963626 573447
1744578 1331252 638532 1502697
1322791 1161706 580282 865577
205170 1052672 251717 747002
1462053 1144439 1162170 1715896
678555 1455137 778704 1680493
1088297 349564 40197 1774700
508054 1352256 633340 1247163
1554256 1736987 393093 862684
1143962 1000947 1618809 640321
1470130 165975 1822249 1702624
1034319 225514 1859371 1629499
29751 1638986 369912 988924
1289344 1842806 482998 929314
200259 1679949 355545 280825
1968635 1808094 1686223 1757575
374039 1865010 559341 1589283
216311 1125928 1614030 1488881
1377380 485227 624078 7346
1206919 1859604 363669 965863
1672522 925975 1026571 1827463
133870 1118511 1452819 1416290
207925 1133458 954233 1670172
397851 1592388 367411 1120033
1719969 1066506 543822 1516742
939973 48971 1965682 1286476
107270 1487139 1864950 899894
401718 1774207 864226 531345
1684839 1012243 1194768 1994672
1473939 134569 1005916 1151382
577311 194012 73039 1464104
269567 816730 476892 494497
716470 1535828 633634 53688
1851118 1819049 1035420 845978
393596 163672 1218586 1834007
1663704 1616267 409936 1170505
203348 230496 1294582 478148
1416582 1290893 1937420 1240064
1238521 1820775 901929 1369367
1502729 549773 1683947 1678083
1928896 1363708 1352832 1950496
154373 98026 1517167 389267
1907238 1539839 976916 1843188
1853503 1006557 184276 1671059
1195164 200740 1826074 1389972
1622827 1514377 1234626 128392
730982 1815297 948787 112950
1672728 71484 842195 837887
81586 62398 237636 592485
1785601 1657996 1323780 1101150
1356971 1817764 407575 621063
374213 1325492 240479 1295569
1225016 769855 668525 1137392
1185638 1015672 1853989 834546
1572200 1930228 664036 1702930
167922 1038475 1028610 964517
1274079 321881 1064911 190417
85259 855789 572322 938425
928602 503274 255020 1986790
1554222 1474501 565394 814563
27422 1636338 1944081 452076
773555 1149858 1353171 1430134
96791 1195826 465355 906429
400889 685865 956633 1758048
1515809 1410775 1973176 1054386
923427 349398 880634 539787
1771701 1310305 1318579 85599
515813 857225 1459002 754233
857449 638444 670016 1662882
1510530 267393 618211 1865894
1186834 430982 723119 956702
48930 1175511 143891 626829
111870 773759 1251891 248543
489485 256702 1098681 1080405
1017684 1461893 809719 192838
448325 1887526 1170113 1167030
789494 402175 761900 1068922
1307424 1233923 1426313 1293145
1801512 1986493 154615 649978
1462169 1294816 105794 1096575
1919198 526195 505889 1048436
1653595 1790949 244414 277024
1995279 1011010 769901 309507
1965768 1936349 47246 1499022
269908 1628015 799354 1441843
49008 1517838 111239 110945
1462766 1670925 356723 1669658
164182 1145168 417809 1754739
502366 1530482 853291 1020151
1500541 1496014 1173152 429410
1220489 1741957 667545 1275399
911496 1248376 1756242 361008
916714 30703 550446 1174373
1076174 1897748 1156157 1127769
1473915 1698931 1500489 1629477
1505486 1514100 1644966 1359665
276186 1251891 782229 148096
1036564 676564 836619 1829962
1145119 1832931 843117 1242094
213851 50379 250430 103342
1125945 709524 1507073 702089
494904 780009 429849 1584464
1663443 672935 1757834 116240
734250 1601030 1420705 787130
1666116 917938 1981588 1471367
802821 1962235 284091 1169347
935754 1071311 1707302 194305
1289277 1930663 450434 1757540
1339955 1043722 531134 1848398
1009514 1466018 261059 955196
1438617 505770 187929 114266
472691 1136615 15814 273761
1115524 1047171 502067 1253221
393357 1033471 302993 129273
1337877 595342 1707022 1849454
1661972 1600739 1289194 828116
229974 1469439 416602 742163
475529 1022162 1687169 694372
746447 1178422 523882 422804
222157 1112529 584690 407610
650606 1842189 1382348 1647390
1727191 1788900 569754 1282212
150695 1873034 1548276 1074468
299464 641771 996891 277903
1889033 1550000 219700 270239
1654661 1600821 727221 58694
740738 137244 1585400 1509448
244927 1070345 55229 1950628
279893 1796847 342415 1015695
1100817 599592 327000 1111197
815121 105697 1408583 88010
1682467 1384929 444168 1381351
511446 461807 300862 1276953
1807142 225243 15179 1636899
516321 1002541 801045 1332138
1636813 1810868 1224989 116089
1153004 394915 1542475 1030789
1523978 1559494 1530802 261967
1771522 1424669 1589926 793187
1145339 40342 1832670 1657305
892279 785983 492976 697954
1978619 1989494 1018987 1347303
512026 119712 348948 553275
1050774 1803344 410058 1975554
902846 953569 1628198 354015
767976 440749 1253646 24067
1157730 871196 750806 475953
1384943 500947 1668186 995415
1833102 1525048 410849 1276974
1938404 224494 1149564 1898086
905178 1501265 1445182 1009862
1328616 1319484 483859 1497200
495609 1567611 1260280 259459
499287 644748 1080204 1703217
1946512 829355 571226 841556
1937138 769445 824458 1909005
375677 1628688 333303 1435662
313429 246139 1150686 740930
1633982 236730 1983216 1290505
820799 105703 572909 83971
575757 104533 374405 207605
410990 931266 674465 278342
696155 1719190 1555333 933584
28867 1543967 1886195 1378313
710414 1247860 1427980 1241177
1577711 1792480 1686366 578465
1696008 480223 916954 841136
479061 474282 961081 1926568
1480475 1903674 878463 1513633
1689387 960410 41727 1826721
1756052 835903 652349 607793
938839 1271716 633830 1829924
1421941 1658281 920255 1133351
219437 1132312 825899 524177
579409 912729 499465 830798
1698720 462721 1351314 1314489
1665861 945293 398245 524876
783337 1235004 281468 910418
260355 643351 808660 1277589
1152830 316509 1240983 646007
267732 433184 587760 1807969
1873613 483889 579212 940091
262976 1901962 223521 1215828
1856816 495317 1354080 1274500
768521 526160 1735167 990968
773841 211234 1538557 1051385
1620609 4743 785790 1825158
1706301 55433 354429 867165
1341974 821074 87293 404078
1965037 757447 635604 1018322
1983564 868901 67978 878290
179759 180069 155888 610360
604720 1228987 1774956 1056012
935996 1475328 535681 1872088
669154 97914 1541255 1066453
1183593 1634866 413453 756013
1382842 1319483 1876076 1353215
706216 688919 1699253 208080
1496503 184319 298967 1694045
1357603 485191 1198542 1088856
1107862 179651 117697 1771314
1052012 1828190 1989456 1131122
1454027 533796 55846 629213
534037 1284259 1378611 1573820
505605 1367861 1282161 1159038
1089267 650662 1832482 1547486
548342 1159465 1536946 436694
1817979 1381155 1892674 1931086
698905 175963 1878822 202039
1248766 1556125 1862626 215336
1416350 859761 1032967 1619739
719266 607762 467702 388195
638349 1679008 1162697 1748652
1367666 155036 1891293 1505034
1436573 1124979 1206218 839857
1485365 1388152 660734 1711671
1790464 1969583 1254109 400674
1090701 214483 486022 862164
923487 1056608 222228 1208211
189023 1658128 197820 863308
337529 1898177 805997 685934
1896470 1664106 1544903 1133898
437264 1155091 722584 1146692
1547371 412994 1392585 1934479
533861 1003789 1741533 1906019
739649 353029 710910 1708663
1149929 786141 1341409 1235152
226505 1571183 467200 1561398
1867856 434943 765460 1038314
1640438 538664 1171402 966651
963678 1768988 6795 1322021
78134 659200 152740 1964416
1409421 1412999 1179462 1453208
34903 119673 1677580 455171
1599170 1605512 446498 797150
595976 262007 373227 1134741
519595 1342126 354043 939841
46995 370664 1667052 1896870
635362 725984 1768929 477230
1294063 142770 122042 288833
1424706 1193681 1318760 1792035
1712483 314703 555783 734453
1548142 1971731 1926880 1424688
151461 400426 1324585 942590
361169 720659 630344 311670
1181958 644243 1294959 432835
144697 1161795 1145313 989197
586801 631226 781922 432901
279702 744634 586601 527943
1730129 1611368 1230707 928472
478066 1355234 656836 878987
59757 941365 339888 791332
137116 1516679 601718 837268
83846 836359 1138496 1134169
544994 1115996 909946 383950
1207887 1672327 407622 1820744
667171 233799 1981721 1264121
1294752 764726 539276 312512
1490641 1456644 276696 762631
1286889 760414 469661 1164252
1282644 1229301 662050 686417
1854859 318234 954433 544896
806197 1092580 1944130 1696419
1946430 1674750 15056 1178345
246012 1860843 733182 496846
458285 937344 697378 1462220
451664 972777 1718834 771882
40641 1501511 1827170 820739
74646 1739290 1410753 1705759
1391240 1182816 558122 1001120
1858822 624115 647257 318482
1068021 1165563 1971399 556299
856549 1276666 186142 881362
526130 1180650 1963009 454302
723864 717383 1337466 1354719
1379400 1560528 534988 644917
586978 1829019 118126 1161398
883479 151626 778690 1393426
586958 328574 1768580 80025
713859 486303 513721 434967
1838218 522705 160327 1181919
1354800 460396 1827772 126573
248619 943339 2638 938591
169041 1232190 1866916 1376337
979349 1380824 1157871 752496
1754332 623523 1983455 1951289
357891 1489364 802691 1813640
1917928 1496412 450783 574536
329291 124591 744034 419424
1888570 1195370 561381 1289362
1290206 152720 1534184 759345
1068740 795158 1645933 135522
1884719 1278143 116162 917712
833279 1411488 400976 1349633
943562 987893 1200552 193633
1518793 1313756 826274 1185367
679474 400879 535345 1670320
337351 673941 40615 1974742
1244829 62649 574762 14109
37024 1230585 1615407 1793053
1432621 468574 38660 734510
1251197 1799598 695745 1358687
596381 1504294 476281 1564159
1937883 1068721 1229785 1567519
1416894 1224245 4954 1286637
266437 1246705 222413 689878
1890285 603076 1222322 290735
548519 523738 855488 328968
68550 1174140 501764 1452187
1637138 1526486 1284507 1981415
124482 1423906 263462 1018738
1464452 951878 126505 1913350
666187 1022101 1754740 404548
1517646 233940 35751 618295
892303 427451 600159 1049498
1280542 855767 1619976 2561
1561659 283827 1604825 1812030
481291 1897082 123113 1987572
1615971 1922553 199152 519770
1665567 753717 1158805 775329
769362 1485572 187418 354688
1771594 1655386 1063586 1081195
682969 1031488 1257887 592665
911510 269023 515386 111243
1039588 265678 476875 1753997
271785 1783379 602803 379502
1034562 349442 1155893 1868120
519780 1177145 1957662 1271337
787678 401574 1747801 281924
1041968 933187 1658855 1520916
1788614 1117062 1018027 988121
1201445 110077 96652 538679
734408 307322 807372 1541811
458651 1975883 751434 993693
957815 1926561 1767717 396851
797484 833092 1221169 951256
1335218 523971 618589 974963
797275 850255 636096 868128
596229 487171 1473571 1350329
475660 47603 439758 785832
1997489 58425 144862 564829
838079 127484 984143 1282231
1999713 665212 1992643 345786
1224398 75379 1683451 1027991
918143 1730097 71660 261531
1230296 60317 482838 860842
1384975 1277919 1624857 1809427
272459 1528549 1221435 1930647
178265 511433 558925 427918
637565 837686 722834 1067211
63365 1565513 1055393 415410
1612504 610834 91571 237102
1906772 57262 994834 522115
9009 1984629 1241068 117972
648228 1163309 1097391 223514
1368159 441582 1280544 93909
1672109 1726197 134715 1869524
459894 582002 786430 599134
631272 1011668 1721884 1572024
1278969 1911439 1530471 31725
889316 1302508 1723221 245307
1947806 151286 1163873 1027278
1692056 1507841 162568 277382
1160472 1245246 200166 218685
548096 143053 1035087 1054364
1062463 1037762 1133176 9389
1748764 1386180 1600594 1362680
1221810 1919601 1521698 308580
1222553 965704 1905127 498285
1375315 809781 1729887 1819542
414703 945328 18434 760974
1314335 143660 366108 1674359
1537427 1889825 978380 1420055
1595637 1712584 863164 1193171
1230772 758935 1874674 1109900
251064 985912 481254 204273
1458409 1142504 1365955 1311752
1774123 1160129 968582 965994
1417830 1137995 16728 583203
417012 127254 909516 1449806
1568345 1087031 1636045 1939065
963680 1725941 14168 1973234
1184079 1566225 657442 1869336
1799550 1273646 1417477 1298372
1204639 1420312 208027 302682
588199 1728400 1679681 1912056
212043 1815447 537990 180015
916185 433094 1420901 1494864
1584619 622109 1028957 804412
882842 1310828 405959 468563
1396821 1732930 53975 219033
226304 495602 429679 1442671
1080226 792239 1264311 641236
42637 1456295 328434 1881563
1134964 1993019 103118 1746180
1775318 841772 1707791 1732623
552598 63568 689236 433579
765337 1911942 1204417 1759913
1544330 1826294 1441359 1724743
1911269 355097 182179 1341411
1348748 534802 423469 1886085
911612 1285316 1136495 502456
351272 790243 561722 1630859
1893161 77537 569953 249674
643280 1628976 219123 911547
1583933 1536281 1104839 642834
252913 439278 7942 1877933
839595 354519 99817 883812
1182559 1548156 1247675 988996
365831 1477313 982542 1895506
788461 1985043 44040 942421
613050 1740692 972529 1125277
245860 180607 1408644 1835477
612791 446078 421595 1244526
693380 1916937 1720664 1466184
1553755 190212 602143 1917422
587950 915919 712855 471904
821474 734925 1806073 507739
337595 1880685 1714701 837913
1685339 260322 549178 677182
787442 947930 797535 427907
265021 1909350 203142 143017
847125 1900761 205717 1070854
1648903 830050 1144728 162891
1756529 117982 1830001 1541192
1830260 1591639 1629995 241707
874994 622998 994961 398450
738188 1250931 1863587 1572986
189916 90875 1412132 606595
1638870 400982 517020 1614062
428974 1274737 152325 1820827
677253 31520 1374644 1051221
871357 1264830 1055539 1126901
449164 1676759 125142 376532
179755 1890471 1730683 372242
136300 1426704 1157946 305318
406219 1837976 1007266 1195351
1306954 1520848 625211 1731145
42167 1118949 1551755 1968288
928590 1140101 1549038 145348
1715055 1870054 304069 1961028
1891953 836104 1748873 1056143
1417373 618007 645549 1803199
386000 1882152 524229 310642
1087928 1844665 1933513 302056
254165 721175 897679 231485
1380911 1874482 955080 1348075
495171 1778169 1480498 1157880
166577 1804676 988648 1378915
1542236 430906 803562 1608390
1286750 496445 1673485 1240687
571256 1439410 1743710 692646
808300 1206010 1091550 1082082
86582 270927 1676105 1297253
1106165 1288058 143279 37656
1058916 1564660 226998 299776
1611431 1335185 715877 1527005
924044 1667422 1229666 1179936
814142 1539587 1344789 579568
827852 162789 342894 1938725
1149251 741010 34479 1943616
1802195 1426303 302564 489261
1253450 1654586 328233 382724
321600 1251005 37452 230500
1092703 40959 1545138 1875909
1218109 970767 315569 369724
934943 1635360 144277 397949
279433 781576 683584 376188
815046 709831 1000583 1018348
1318334 1119979 1322967 339281
1343067 85967 814257 164216
1103249 435493 820354 1290297
500317 932238 716928 257078
1242816 1979192 939845 1631394
1383157 868922 50750 77066
1284741 1329781 1256819 1981042
371814 1458484 1021985 907906
1110542 634141 1262942 1141968
523163 605011 647973 1987443
1673726 243483 855571 809787
426396 1656920 1536573 1690020
113299 1358670 1045374 508479
813584 794951 401519 1574771
1402078 1824878 141148 1998461
1953228 72235 673237 1539352
267472 1069624 1803042 272281
518213 554784 645879 958484
75590 74465 208294 1871008
1739628 616463 483261 276824
276596 749630 1784156 1563431
1985376 52485 62306 300152
528188 707247 1505757 922996
1261958 1553476 760773 1854628
1519272 1212708 981314 244727
830334 676335 1205255 488573
765995 1429026 712787 301123
535886 1089448 1196472 1114997
488215 351795 1903499 1321007
1916889 196688 961075 1697770
851003 929861 1234349 1742347
1146114 723865 1167666 1780590
945534 296218 699217 1497480
773477 1413165 1536080 328990
435640 580733 708811 1409796
1002949 1991000 1323880 1001572
1111390 1902498 887112 1341523
695549 187065 482803 1524744
1304155 94560 158293 528464
710384 306523 343169 158419
1957117 696299 1024573 1846309
1554184 1660556 1286428 899792
407674 1199293 1497858 157746
961665 1024542 799119 1912513
1675695 539370 612756 578248
144831 1309556 1456322 1716232
520439 617704 65335 425487
947621 64285 608325 1667229
1802528 1327130 1449610 1317712
46209 888133 1521463 618048
1083542 1796827 1648443 355657
1237892 483761 1879384 664085
1038435 1766715 880347 1456494
1320245 984269 253038 715500
1223716 505472 1163489 1969851
1801029 1682630 1968321 813589
409092 1161611 1400953 244473
727812 1556719 1931731 568853
1382722 361228 417767 966866
1263489 726886 1761715 1315656
1730313 1762170 1193117 144421
1682599 1271377 1399907 218398
682288 29683 781681 1664669
54478 1888126 735423 183850
185891 1162280 566027 230259
1853748 1056049 1951567 1090085
579431 1477409 82628 229170
511191 1613471 292760 9738
1586387 641845 1297447 1110157
1547021 1177736 663832 1152849
1438056 1005004 1322032 1512513
1592288 44869 1653990 1668562
1048000 725724 624275 1731136
1450393 500380 1874281 294489
1900490 1424901 1304516 1685439
362189 1213975 150030 743742
1696616 1458375 1837805 1096121
1655002 860202 1800442 1827707
1653614 547126 1403013 1118294
1070980 1881054 1745482 1205704
71391 1151130 983147 671224
988923 1367196 1862286 1694044
590561 1743559 1294391 1640849
1947253 992746 1977607 316284
1325190 1033221 190287 1169055
822808 1144296 89369 483152
461129 1342990 1888723 1079855
1948498 1497977 12758 1918094
788161 177256 1937376 46366
806660 1625088 390857 1568991
752190 52335 366288 174829
1182187 207034 73613 1712191
1488795 1929439 1921875 1374592
1931860 1810107 265137 1187134
603640 235388 1092850 1136716
1961233 1386878 784980 372256
789335 1840181 1346009 1549928
1397915 1162965 887389 1097771
1334144 1946797 1024439 471462
322546 1039071 490313 7748
165051 1073783 1413736 783719
930436 613059 895755 259922
1728395 1537359 89967 646148
1056633 482271 1662707 588620
553676 1218694 754141 343023
473254 612010 978428 181354
33898 916606 462262 1818148
726047 872824 355721 1358104
1736657 307638 133107 48498
806506 1359734 253435 769258
1732813 1863242 1960696 79735
329834 1106086 21601 1988673
59518 326933 1429694 101843
918793 1028815 1944303 892896
989286 20406 31721 962837
1263239 1687879 9866 523754
1641783 365091 369344 154043
225418 320077 994772 759897
247533 1858320 650482 1786917
1989002 885842 1439619 1078995
1796796 267790 870114 380933
800219 1691743 475733 1489801
1853181 1379683 1804762 1268167
709662 1038500 605055 426056
1030351 500268 766006 815582
419067 1310696 654137 908480
74368 726848 1078620 1948597
1042052 911205 1999881 1568563
1222346 1515640 10239 762523
726041 850928 1309746 1737971
1980664 159590 568429 1068390
1974879 892618 1935956 1947533
1595923 1311864 774392 332676
1190720 1053370 1535186 280738
737442 1530233 654824 814730
1234034 1093597 1734109 639198
501588 212247 1459758 617911
858504 646661 495026 804903
758450 358550 466773 336184
1007600 936343 396727 1347993
142732 955306 1077312 1509244
1004372 879285 1417203 650193
24405 1182153 872350 366714
1944541 40757 985296 1802820
241282 540873 421139 776952
230386 1835864 235866 66136
1285324 1218606 1805441 461881
1257913 854155 1566323 167526
993952 511552 1208787 1517740
525984 867721 1620956 53016
132366 297045 141280 418704
1576633 308095 1661328 957196
457128 1205094 1495961 1116489
430379 1066259 441618 884007
1947391 791695 1883855 609670
805103 1809113 720128 1567529
1046536 433004 252398 910115
229920 774062 1159295 145082
1356249 503127 96177 1727067
1828060 387195 1179195 953462
995223 34161 758349 1831280
214120 1850731 1505455 1687485
1021197 415736 65931 1987349
327161 831528 1994658 960900
1165053 957263 1684958 1580923
771998 791318 594185 766697
999760 487236 1863940 381463
178845 575892 1015241 973229
1737075 720342 428159 421879
259313 831815 243031 118811
430491 1053482 1782667 160949
1272242 289954 1007826 1335319
76807 403684 472021 1133675
1272938 1229865 412684 1279602
1981226 213201 111301 988631
40381 1973362 1294597 1518945
1374463 1649695 981581 456734
71067 1691890 752531 68304
199269 753196 132655 1109213
767457 1675584 1777193 1128786
153546 731076 1365563 552917
908900 538050 687652 103465
89074 1594810 185878 704385
43838 842402 818702 1154536
169215 1044671 1795728 1097739
155138 642693 1052333 1715599
1088702 1087577 971587 887152
1313837 410214 1715578 1404604
380715 1375017 675096 417299
1984610 1558249 269489 1667218
1148099 1531526 91938 563166
1685793 652684 1763184 660439
23538 1345127 866 1637209
1718970 323102 1037573 177334
1611242 915005 1015808 1591368
1278806 14858 534808 1677411
1071590 1238056 1527883 1843172
1381322 533798 1230701 279288
381247 1279909 604242 1021708
1212304 1035918 504001 600826
1818377 1995901 1106621 327966
1269351 1499217 1405813 599244
230236 1157322 564483 1682391
1091236 1494687 1243864 1085819
1639135 388757 1513362 524685
738986 1680814 169248 1795541
372580 1159654 756477 1743257
1578710 252090 509491 1138282
203252 1616951 1465424 1871155
1139502 1425710 1470108 1747718
875419 3311 1406934 1857703
934519 296994 4953 1069710
1292241 800073 1970388 1709845
34024 591211 510942 581731
1546264 416806 345358 79117
1060575 1143990 1537382 1697961
1247493 1585024 528419 1689503
1039939 994954 640294 753444
1050795 59161 1110814 1990977
549567 1658697 898712 1218094
1811372 202711 1153631 1494513
1420547 1584206 1765867 675696
1260251 938223 1329753 1050919
284191 1546928 1390588 53865
750438 627769 1115907 597639
1374759 1488644 647009 573984
1070624 1928739 1392445 1432238
454571 992794 64044 714664
473735 167612 629675 569303
1448924 517185 1164626 537730
238660 305608 165139 388097
545047 1125011 694027 1572130
1026262 1610511 732589 1428723
1612294 1795495 1587961 1608567
736948 1529736 474754 1219432
1850720 395866 865819 662434
3199 592970 905005 1176819
778896 1113012 1136446 1023160
1282346 1949610 1145718 87795
838156 1444281 746664 1059030
1838406 709593 1655772 1621077
1827146 331975 693322 14812
1823879 1816280 1790739 1109048
502101 603473 15982 1600585
1014605 406754 1490320 1759851
523559 1589961 79500 47387
1048755 1419165 1571049 1809140
720555 1627943 1193390 884850
847299 336750 1775916 773410
273694 1725152 1851166 102793
1632789 121060 23966 361489
1600875 54649 1955231 10891
257829 1678811 741279 1467020
1577192 340830 1149282 232610
757610 1598635 818081 1610044
563650 1419990 1425861 1143362
1067296 1893889 1913920 948133
1880433 81422 1855113 1320813
1152289 1737393 536319 855883
1118221 889874 705208 1652547
853454 839517 604210 1458585
1045434 415155 1144053 1137486
1476646 807470 1634961 1383125
790532 1638391 900901 590382
58347 1209430 923680 1056218
240682 575308 792590 889721
1156369 1019141 1792319 1955476
1316393 483528 139440 1123122
1118866 1164167 1874631 787484
117019 1338498 1043978 1759633
994541 40765 105451 498159
1535362 234803 498994 238280
295348 1584503 1317103 832517
809183 1909337 1342741 1658490
1058265 1131727 641726 86362
1877026 1356424 1688576 527881
506975 1649472 1736997 1157487
232006 1112783 5628 823139
1318734 1367427 52089 33310
45900 1168718 787750 1168750
1149453 575635 512457 1260328
578258 1390992 583986 1773724
1773806 1197236 1807668 1771676
147521 404908 210264 1482221
1746175 719818 1287514 1908323
1569151 922206 1266236 1232848
1919740 1350391 913502 345745
267266 742992 771344 285227
1783415 1018899 1455365 1737917
258298 807852 1124111 1492477
1478942 68035 1736362 1151609
443132 1083514 61311 1717631
118550 1064922 959969 741209
1685080 672162 487302 1313168
1512253 1165537 57022 1128791
524556 1015013 266212 159293
1787283 1793297 1678642 1379978
614605 566152 1779381 485728
850273 1722007 1860204 1499582
1437045 1131829 539317 1881653
633500 856381 1007756 1754166
1666797 1881096 1795380 1647159
540761 585460 434872 711714
822605 1093258 458237 1146552
1208990 1748831 1627910 413764
1210921 253661 1906871 1938909
1967250 1512032 1583944 507242
1998527 1450954 861562 87787
917935 562695 627470 1557540
505738 1550597 1627264 1774702
590070 639939 1541881 1510158
1505220 1227385 1145040 620869
763204 1664386 1668574 111377
1119315 440866 730980 255022
365836 572848 1483173 176774
939607 1128482 669306 1389043
1508180 1148890 166973 601472
409140 635415 1190329 226432
184587 1306864 567768 1257610
13869 1256467 523982 1474324
798965 1644207 1249566 1918757
485482 1412936 203178 587533
142216 313963 1554364 1140263
267052 1438716 1136556 1658855
1845870 641286 1349017 720697
166016 150575 294747 82962
536414 1623226 348214 981340
1146073 1974495 881625 777724
1205832 1806820 1185126 1188366
592701 12662 901803 80597
1793474 553696 1416694 1422213
41549 1559515 433810 745956
1885910 986819 1662570 365023
350447 948208 121377 901765
851748 151940 188664 1398752
1103490 736731 477659 526648
1399374 85365 772813 1475583
681345 8057 1609922 176665
1119133 374530 1430946 1266658
1527077 1107368 1518995 1693673
1432760 1230950 280983 1746544
1057656 1495960 837551 1652882
142339 556375 881006 1082772
651781 581902 624060 239129
1405474 1041720 358438 643638
1895782 537890 303271 776353
1295119 1700707 297906 196653
1132183 1815576 1012875 129881
1580689 1920796 1263650 106188
1015648 1689401 996954 1619143
391917 191343 1312809 1651478
370904 1306589 477057 142892
1707541 1703093 669406 1455680
919994 446012 1222900 1896771
1441443 968184 724096 1843479
374600 181702 1421650 1677963
1646923 1334513 486258 1464482
1819302 201259 1322451 1472058
1647770 1023145 1103813 1359967
1454559 533382 1346353 82150
611933 1497712 1983205 463720
1501177 788497 796828 267381
1218705 1091045 1612492 72692
852752 236691 1723816 349845
1266342 1652529 1857087 786594
254709 499293 856421 83562
1788578 1434432 1775427 1217015
632388 646600 570140 1533131
1241382 636026 502941 776422
1263298 606148 1216425 1494283
1543566 1095560 1130676 208177
746751 89624 1830814 738556
329787 1012880 108174 53685
394164 1597086 1048393 1648623
111312 536356 1442890 900379
1282045 1440827 1716936 1838002
1485994 278732 568848 952880
1264040 1503889 633786 1490131
707662 235611 125235 1285120
163161 214957 1107558 481522
1497412 1034598 1804398 1243790
947705 1783658 866942 1211130
1127678 1446426 1302628 1644397
202193 1046079 1345436 1237320
372624 866545 1162199 8217
1067741 1210320 1238534 1595709
1694622 1167540 603698 725504
1423093 1804255 1362610 1264241
420143 528530 1729693 243834
1854575 80430 870070 684237
1248787 1215577 1023832 1063311
268933 1647199 1871412 1856649
1834428 170168 278352 868095
1239383 1229503 1596896 1810047
1642101 1803027 957601 1185505
238027 736176 1095063 1190632
720113 1087482 1918354 657901
1366571 1103425 1313863 1550963
1573948 65616 1091784 359310
904144 1066822 1811079 1395045
445852 320091 1849682 1528588
1708265 107127 1013977 796683
1966828 580978 750681 1850062
1665418 1675253 889347 487656
30550 1549973 1297551 1620490
632415 590052 415402 851872
1287324 252259 673616 573311
802232 1152053 913571 1202314
723244 936190 1429379 1585161
1480632 1431795 561844 314696
537491 813373 679810 487042
1667835 1432148 451481 981478
1828525 380081 36610 1532134
106906 1065783 1885508 809957
245072 1410536 1342501 209636
1334417 704584 1123523 1086784
40545 1896235 236199 458453
1501117 225727 1342612 18092
471897 334287 826118 1828224
1959003 602745 1349480 731729
1775279 1524690 1535302 1327655
1405680 1641420 1077332 199667
1084251 362606 417586 461745
1447291 595535 173477 1293301
530614 1470933 1379235 1395858
531280 1551796 1459588 1955363
430125 1203038 1347332 360820
458172 1375670 462219 420225
743933 222897 215331 1668086
499847 892948 1061334 1949071
1245460 1789455 480395 1935514
742170 1583933 563604 353659
1701931 602364 1359911 1681792
1388628 1333243 313360 1841741
1096506 40466 1131186 1850702
172955 252658 417255 1434203
1451146 1012473 751218 1641366
1325300 150322 899539 679464
1485773 888966 756090 1709200
1380626 1551258 752797 823851
1636764 1300375 89723 1387868
665686 1112541 435631 443194
1901825 124892 1187098 101655
37235 1198277 1924056 1390887
526581 592854 1875335 1734762
1655936 1267405 142893 172057
1338427 1048898 1106196 1639901
1642021 929189 862594 1391218
997631 1665833 1400406 165154
695089 1047450 1916607 1111905
1986942 537620 1674884 1152934
332008 1215800 1399792 1854437
1179156 776482 599346 1010891
1352387 1162590 1513344 1511184
684329 1490668 287415 1938954
1035650 1587602 765027 589103
784488 1457257 430590 1700496
1581866 1607779 1551499 982113
254917 1580297 1963855 341407
315279 1647555 205404 1136684
1985097 660841 1225493 1512021
1415583 1392463 1492218 1553010
1599647 158586 1991892 558401
1526459 1957159 1067213 297539
1085996 1680606 627814 414150
851828 224033 1998492 118750
992944 1887891 1720170 1454180
969566 991492 192949 1528236
195012 434439 1579249 1827110
327259 1833859 180254 12781
553412 492454 833899 1836436
1330626 1327437 1576549 828710
493566 1792289 1048607 653078
1535734 1553550 652094 141149
663702 38974 1101360 346845
1941489 1919814 1588738 1900307
1681491 1527104 696182 641776
1294531 865786 672685 4807
727006 667938 1691126 493613
23422 216948 8787 938196
629049 798715 929512 1569425
