2176721
2355230
1762431
2877117
2123499
5150105
1302042
2470356
2879882
4861973
2450386
1755472
2610716
2586280
1649819
2274565
729126
2005189
1481736
2539197
1061923
4828791
3467041
2851822
4242107
2604003
1218910
3482715
1650905
3697398
3267298
1281436
2712882
1950886
3963388
2234906
4885028
3064198
1543518
1921235
4013672
1479845
2946468
4108217
3165958
4649311
2599845
2585355
5211599
3475316
3175133
2772740
2050381
1233845
2458863
5134815
2587903
1310975
2237105
1495040
1369079
1827138
4366954
762250
1139104
2937785
3496995
2364258
1597897
2080033
3194508
1921861
2179435
2838305
6466622
5075399
2813240
1446236
2647752
511665
2453663
2290613
1360033
2289179
1602249
1726273
3924182
2499341
2767063
3306338
1990388
2500099
1765479
5654534
3980656
1852832
4349822
3178440
2451377
5430715
2183096
5279709
2313851
940402
3028016
1718694
1101621
1142512
1960483
2235902
1243540
3318537
2058602
976456
1223916
4760603
720818
4675825
2394092
4518288
654704
910118
1772222
2773923
3219474
3890649
1130118
2407686
1864482
2362252
1528353
3308916
3345742
3389877
718356
1471808
2542278
3312111
3762582
2391461
1517110
3937063
2224884
707868
2354468
2837823
2118895
2298393
2877313
2271764
4215843
3094422
3297605
3306261
1689792
2687173
1187969
1987943
590773
2436686
6514535
1449692
6081190
1674435
955053
762573
2995076
1505785
1047012
946939
1740914
5249673
4469637
1764390
1917168
4335910
2743431
364666
1392847
3575623
3952560
2106403
944580
3535721
4695185
4297699
3175838
2923485
3652177
2109452
3979691
853201
2747611
1985569
1319412
1178421
3171707
1816139
1323923
4372598
4224137
4465767
1040396
3611975
1059467
2083804
908438
2854951
4712056
3544633
2194493
3190526
4250470
1714446
2000811
3101633
3107535
2979003
1220141
1095252
1729730
1471088
2493946
1173010
2940804
1531668
1944692
727403
2798242
3158907
4907575
1846808
2297633
1802734
5381271
4327301
4214994
4558657
1681039
4501070
1572617
4460579
1078831
1316794
2134401
5618967
2419417
2847919
1926957
537579
2490219
1394701
1974028
2439377
1683779
965112
4351302
4159734
3959189
1266418
1918640
2284698
1880104
1838036
2561609
3111844
3455620
1640132
1053029
3696113
867104
483339
4715533
4979027
2231528
912396
3886353
2524081
2213001
1612081
2574039
4365385
2527936
4017428
1324398
2275336
2985613
2092422
994223
1843362
3348003
3016313
1006199
3968513
1945105
4299512
3234142
2104278
2070438
3436429
3837958
3141724
2214815
2130817
1612980
4018423
4101092
1154929
523747
1174315
4531414
2458216
2962862
4039828
4633808
1969946
1757420
1691277
2952082
3820842
3029349
2487902
5977812
2785957
1618054
1415404
1543951
2462341
1133758
2673703
2366651
1072558
3142931
3207171
4757097
2102735
3144720
2599973
1641329
2046606
2799987
4499494
1487124
3618676
2643745
2358617
3168869
1912010
1668694
2707261
4269487
3771433
1706020
1100861
2860869
1797978
1105072
1085954
3398782
3349715
3479626
2106456
5997678
1858388
2660549
3066491
3925876
3619365
2606812
3035632
3160959
3075918
2030910
1752531
990696
4212568
1067021
3840642
4337089
4458310
2460431
631253
3398001
1143095
4779573
3787629
3730671
1552774
1984061
2644286
1951898
452087
3469307
1885009
1380610
1736665
2121288
828384
1631152
2110657
1545835
5810497
758866
1907501
2223056
3591108
2330061
1095962
3122169
2426716
2532004
4624513
336418
2486855
4470265
2491956
5256397
2123492
3748883
3160292
2486194
2814668
791436
3485453
4401026
3876719
1230772
1181903
2274797
2101075
3764996
1761096
1154507
3425701
1827351
1043977
3286298
1307308
2344341
3011659
3897842
4994927
1342353
1463727
1399605
2010017
1701570
818278
3892359
2681395
2672304
586670
4819089
5081112
2208375
1991831
934543
2577057
1551155
6306084
2642253
4102110
1733855
3052000
2036260
2998999
1702383
5393703
1672690
2412420
3128365
4911846
4335786
2396308
5292227
2061532
4778273
3528156
3447488
2373789
3794125
3420538
3662367
847846
2736947
1782477
1173560
683857
1476269
5308848
3409244
3558743
3748122
3512682
4847506
3986505
1920327
3291383
653904
3624766
2115203
2392918
2849826
4485360
3171409
1947549
2005050
2170193
1562230
3635336
2116760
2095064
4977635
741821
2000321
2545768
3313593
2583926
2358440
2318786
1894410
3129839
2960923
2761005
4386541
1735250
3942009
2403821
560470
2307989
3558857
1759704
4467715
3456326
1451990
3742637
5691078
3083126
3493534
2856681
3031591
3161871
1356788
1228712
2373947
3665346
4294320
1026031
198267
2104487
1699579
2282887
2064348
1369820
918583
3535463
1066592
7102135
3664476
3215760
5667533
2405581
1780525
4146702
4669261
2187913
4258444
3605257
3841988
6033515
1351855
2139177
2534535
2605882
1887118
2298196
2332559
2067800
3499256
2562473
4550032
3911154
1282509
3644543
2072391
1091954
3050498
1908077
2174547
4307198
2028740
4168814
3076175
2100520
2527083
2487478
2690957
3550250
710877
729102
2117999
3531882
1015854
2436299
1328191
1872821
2709083
624497
2660575
1151008
2644302
3586052
2088852
4233994
1876178
1030889
4875403
2444922
1381059
520201
3723673
2047919
2653199
1920244
1238921
2945798
3000710
625570
723637
2644304
2695362
2855054
4253566
959430
2248413
2402989
2375002
1458838
1738082
1949161
3143698
3119969
2155148
3971258
931720
1859748
1925525
4369188
2351865
2842927
5587622
1641530
2030862
1441787
3137087
1523843
2409135
2095526
1457591
1040401
3885557
1010118
4606265
1291683
2220577
3042859
506171
3282516
2862685
1073272
3139532
2953596
1704256
2959734
2709590
4008676
1738218
839273
2753059
2030401
1462913
1828564
1446821
1671383
3430557
1552671
1598393
2146101
3742022
4128840
5318890
1626409
1403959
2253168
3946705
4931894
5058071
2064786
3828715
2816440
5037155
3895277
1161640
1429216
4569613
1140985
760257
2019901
4526634
5898809
1539249
2345963
1875930
3797796
1666317
2894285
1516740
1544776
2025603
2146802
2013521
2116447
1921415
4027677
1299343
1248839
3239621
1779873
1918766
2572130
2408246
1326503
2169280
3755011
2390654
2460556
1834188
1800843
5599919
3229924
4342136
1926506
1261012
3409888
4055065
3299176
1261401
4076102
3470766
1762026
2292473
4055065
2565849
2505190
681116
3009466
1914055
842857
1322044
2012960
2983595
1315804
1702424
3937214
2015473
2087894
3201468
2782806
3019739
3925081
764832
3490227
2608594
1297723
2072160
1491213
4310126
4532915
6818212
3065803
2930013
3071478
3101968
4184344
2750395
2483650
2168077
2410164
3157505
3235217
768095
2173800
4212980
519049
1655044
2832244
3930330
4663371
1641210
1503160
2691288
1440605
1700638
5069048
6362544
5355634
2595673
3861564
2153067
4912686
2531562
1083206
234238
3345102
2660296
5414383
3198441
3204745
1698758
3235421
4695006
2337503
1031883
1440004
1531733
5445044
4097581
3057763
1722835
3148244
2709364
2433869
5108266
4051045
1117848
1744355
2734420
2353835
3621787
1851197
617945
1946323
1315799
4394074
3362427
1547799
4022693
1356570
2006941
2193134
1382697
280843
4995824
2054444
2913863
3009820
1080368
2065313
2291333
3544079
3865149
3256120
2344967
4099166
1412288
2831505
1716932
625097
3433955
3497254
3717513
1664981
4109823
1234275
2300958
2640021
4501411
2275754
2398880
7000040
545480
1956563
3280625
3005576
4684159
1715742
3036863
2398039
940758
2791943
3685126
3586650
1980917
2455224
2327998
2023950
1975712
2946655
2753541
2138474
2666509
1479530
2587661
3004292
4099428
1454513
2823071
2480525
2869050
545663
1785502
1092839
796475
1517305
973829
351511
3515441
2985681
1041275
3311868
4905286
2202207
3320142
2771551
1928075
1706595
1425712
1643581
1685744
2390011
2214917
1286937
1732878
6060240
1612585
785431
994048
1573945
1571125
4096649
1204581
3015475
2101776
3550599
1243521
1973937
3884991
1761704
1808397
1788822
1680560
1225742
1800973
3934160
2444140
4971587
2166164
2127550
205336
1850933
1494342
1145124
3230354
1803446
2157865
2654209
1499103
2812194
5006684
1788702
5691041
2345913
2034741
1722716
2168979
3280637
2404669
2559680
3203838
812388
2924281
2497806
3500643
1934063
4309073
1786649
1236572
1805021
1519714
3521839
4218980
4030033
4175155
2399527
716630
2025530
1873260
1544053
1397239
3336420
1264480
1652959
1531722
2861272
2743056
4135361
2386544
1018559
1622801
2887403
1036787
2972542
2001134
1904603
1562369
4507266
1830916
2220875
953967
2580177
990075
1207310
1350712
2521733
3870927
1977509
2756468
790272
2556117
2252588
3802020
3876510
1683168
703651
1559779
2090698
3661841
1440627
2101960
1570122
4557956
3505526
1488382
5382604
2018006
206858
2161561
7344159
4399803
1659121
1948795
3428635
2499778
1821993
2083970
787749
2813460
508719
4339680
1353101
2566384
3811649
1643875
3326658
1769632
3783889
754929
4551008
2997657
3395455
2739417
4250344
2766098
565305
3199203
4305762
4643177
1705370
2861156
1484926
2695998
2355068
1722588
3353189
4129605
4194026
3957800
2925181
2003768
1773226
3745364
4559637
4124937
4286579
2991378
2539048
1920152
2229406
3329113
2791607
4028981
1013149
1306202
2225231
3685652
2508318
1562568
2520795
2157098
3611416
4551889
2010854
2064403
2734495
2866072
1355518
2570212
2694809
1211871
2490910
1629275
2182245
3863513
2639563
1869786
2115974
1003065
1498619
6270240
4266192
3708740
5729610
4364209
6176165
1400964
2323072
3372136
1349250
861256
2043869
2115384
1962702
2016688
1416292
2352510
2300759
2544584
1353343
1665449
3446894
1100787
869510
651148
1915741
2661991
2327190
1648644
3103634
2380291
2737089
4205862
2978125
1629333
2284344
2331481
2125609
1475502
3287898
1561935
2389466
2985411
3972469
3439821
3134477
6274102
4279593
3888410
1070075
843674
2310314
2759439
3701795
1828548
3925345
1154643
2900983
1795621
1304351
1941980
3669884
1928952
4253733
2737377
2520788
1529714
2467512
1563723
1263435
4505915
2787038
1941503
2354613
2072913
2799738
4111135
3664606
235400
3206940
2090883
2877414
3136500
2223579
2622434
5393702
2118763
1850842
1919737
2883768
2978755
4047451
3523799
1283811
2136020
2497045
1336351
1519472
4213991
1803035
2256743
811759
2327849
3403263
793799
1986129
3344584
3123167
2655324
3676650
4153835
3681340
5713343
2917488
3312403
1619615
3578382
3180013
2917532
2649300
2707352
762744
2784932
3875902
4085104
2805807
2114271
3122853
2248031
3164720
3516239
2107967
1694811
2319941
2275222
2911913
1067697
2892034
3172168
2541618
1983512
803617
1680711
2941439
1079213
1676271
4505958
1384373
1008605
664330
2681289
1255109
3300962
1523722
1911910
5223035
4254874
2073287
1130871
6364785
3099805
4486212
1935820
3017302
3628965
4041276
2484132
662177
2821934
1950192
2472850
2498948
974781
2397276
1816149
3454830
1772558
2704514
4959062
2711718
4327200
2040646
2385092
2441558
3989234
6251957
1851167
1239691
3598997
4649277
3968234
2650378
3917616
2567136
2349993
3576751
2475548
3432321
2055083
1346589
3592373
2248958
4342823
1170859
2337235
5226064
806878
2761087
1620114
5319517
3118014
3863907
1311919
1490823
5642530
1356240
1187392
2225670
1413570
1597631
3412579
5261017
4080591
2210015
377697
3219912
4154660
1654513
2278884
2309759
1656729
3134178
1442040
3130507
2636458
4519374
1583247
1192640
1607511
1197522
5626298
1496140
2825840
2987207
1579297
2956454
2051032
1734895
1816409
4386280
2757715
2388260
2451710
4254203
1421653
1274973
2664892
1340439
1954623
1126210
3453608
2298143
5042477
1589049
1016284
2296551
3999317
2856603
2576914
3239506
3074815
863786
2860947
4917689
2284251
3102714
1745754
949492
4473143
2224870
3831416
2131216
1891258
1855023
5793655
3882691
2323470
1099114
2391474
1910927
1954547
2443563
2621591
2479016
2940659
2819672
2261377
2498975
1460636
2606326
4719446
2727380
2364226
2596535
2330084
2547355
4097662
4088322
1961379
2519468
1477025
2254340
5535427
1812174
586744
1253857
3340365
2188922
2494987
2519235
2738144
4198120
2276652
1007771
1418628
3851645
1975126
2326871
1900944
3299541
1097596
2245302
3251561
1166724
5133946
1596268
3850659
2678912
1556280
2717657
3525002
3054243
1056964
1924470
2737759
2171210
1622078
1941273
1300429
3676354
4135360
2414554
865131
3094456
684487
2268149
3274483
2995146
1639534
2546074
5350461
1615291
4671366
1813111
2024958
1709739
2850822
3149824
2410034
2880812
2023754
1916248
1874307
2790552
754386
5762989
4131058
3714456
2980380
1611466
1490756
2260894
2319798
5397743
3949937
2692267
3171883
3293707
3603051
2684915
854278
785331
2638311
1137699
2019511
2398127
4780081
1906217
1531067
959555
1743358
2052633
3528849
2810630
1212055
3888435
2797784
3802427
1554994
2183807
4104376
5317513
5495359
3143790
2427643
2576585
1532637
1263077
1989579
5203274
2676226
1959660
1114767
1447579
1846868
1614152
1955445
1688161
1550425
4173550
3149559
3388762
1935168
2902947
1050517
3141159
4333631
3261755
1942240
2602900
4136489
2013939
2099534
1456795
3435396
1524650
2599257
2755579
3188007
2732627
2063948
3135347
1849645
1921909
2498593
2562717
2146885
2730516
2253216
1212770
2658594
1507153
1806657
1429137
1056789
3507080
1938488
2369119
2433675
1221959
3252350
2939244
3657339
2674644
1289098
3223755
2904085
4013733
5381361
3348453
1282244
3406024
3039263
3571841
5607182
2343076
4536007
2637585
1566690
2389934
2368234
3431547
1363610
5784125
1902815
1494244
2742042
2183034
1386684
5062986
2212267
2091682
1190914
4791332
2889315
3905946
4917242
4011559
3236452
1348684
2489850
2608803
1156386
2394929
1408103
1395063
1111570
4228821
3479247
4377404
2636662
3316235
2828872
3428731
1117116
954897
1699360
3275704
1911848
2661277
1523597
3346990
967205
3230702
2721544
2362508
1775208
1810742
995039
1583739
3114921
3021855
879820
3023604
193491
1357303
1071367
2909989
3510735
2828062
1643346
2033993
3839427
2526973
5032421
2422305
1429978
2436983
2920781
4176845
2566132
3233573
1309871
2699189
2523675
4797503
3333023
2371383
2771112
1932895
3361196
3612160
2132905
1595703
2667550
4921383
3758487
541950
2176885
1739295
5033894
4118629
916700
1036356
2129819
2321539
2406641
2592931
858269
1158608
2548051
3798705
1043723
1487086
1217704
317221
1582893
1722428
2649027
4020996
2440406
3396707
3536046
3127617
3235600
3952359
2390490
2488335
1403153
2077305
1020158
1975179
2136710
715894
2915738
1638979
3074746
2462866
2532911
2449257
898935
3030438
891029
1382839
2651675
1076092
2619055
3268305
971938
2265613
648497
2186738
3658055
2604334
2213685
2761064
2869353
2889291
1368622
3208835
3199983
5057988
1085272
1210915
1540610
905088
2285327
3514600
1264711
2716268
1187986
868312
973842
1616470
1158378
2449527
2587355
3191003
3275887
2453254
3176044
4137962
3563309
2257989
2785845
2258310
1824355
3510771
2263640
5121882
2294006
1771151
388460
2616036
1859660
2577802
1591329
3957560
2934829
2642400
3257202
1846596
1430518
2780992
2934600
4360861
2543008
2855278
3410028
3948524
2784912
2006859
3242080
1904391
1206524
1837195
3713430
2336048
4697816
1285310
3700751
3722084
1679014
2458469
2193391
3615091
664988
4554063
3089126
1393827
1749710
2509843
1856955
5051096
2821251
1549810
3545816
1148532
1951551
1426998
3026023
1937931
1976414
1345496
2124801
2687512
2392684
2016869
3372387
1780095
1862509
2993115
1481939
2805014
1943528
3501294
4501326
4447511
2020829
2688701
1354786
4202795
1903958
3611930
2304517
2411636
4633299
3337204
1808374
2222273
787762
3290008
2586463
1412158
2716604
2743444
3477827
2240386
948779
2318281
935026
2098639
3894417
2900752
1994256
4326203
3144618
2541120
2150834
2807400
3898568
2193856
967981
1869825
3600406
3162127
1453856
3687828
1973137
3633014
2421900
1000121
5007233
3962553
2590563
2953818
3001724
3156652
1434690
1852278
2989044
5406815
1742106
3580745
3494476
3864194
1870765
2416670
344612
2765632
3850819
1756412
4091598
4183382
5038884
2977823
669528
1730590
1209774
2555716
1861783
2639322
2423211
2937990
3119898
2473202
3349483
2449115
1290118
2201655
2738564
2978574
1748518
2029552
3025058
1900724
2208061
2251599
1796087
2295429
2559594
4528162
1769996
2158690
5816911
5177124
5624579
1596028
2380620
1903544
3665099
1975932
3752759
1560561
1861379
1193718
1785362
1080033
1781989
3855866
900756
2902508
2006304
1571946
3037524
2632774
3324813
3509551
1832009
5507024
2254757
2146737
1554430
1694252
4048353
2708725
4055446
3784853
2722733
2672307
2832581
1659653
