1761960
1803658
2744670
3780050
3335863
5369639
3574763
3410768
2599198
3364995
4939703
2718421
4645428
3247007
872393
1243466
2286789
2106640
2271499
737475
1365968
1423358
2550667
1818171
2076990
2461872
3647531
3612799
1128532
2614227
4448052
2665237
5636944
2326729
1567508
51116
2515779
3495224
3193665
3157215
3984304
2598711
2202904
1962196
2697340
3997267
1770863
1577719
3220127
2433746
3052984
4478406
5697877
2762556
4272009
2666688
993266
1311302
3740532
4767023
2653942
782720
4795290
1825265
3424562
611898
4191379
1987642
3689379
814047
3346356
844390
3840462
3414504
2876410
3742045
2414496
2175262
1657295
1943019
1433619
3462593
155824
3199831
2994697
3239222
1498500
2473097
1814639
5053498
904193
1669011
4377625
2482286
1576824
1778220
1380635
1614066
1888704
1108528
646422
1170519
2070309
3428459
1700142
3798731
2372328
3682225
1787170
445855
4246514
2178868
1737321
2516002
2742814
4039401
1567145
1043622
2506979
950339
3778406
2423832
1063972
1788272
2502991
3439665
4726841
2057602
3004301
3237180
1939314
5495801
2237051
1911185
3203148
4546842
4059602
3377004
5428209
4034476
2675327
3794786
4020743
3750806
5553293
4536749
1769532
3498920
1004047
2243676
2123515
5063220
5444229
1564636
3462798
911517
4718207
1673070
1164650
2789185
3345305
3796992
2113842
1003464
1288038
2559737
3164655
2755677
3660490
1754263
2150085
1493845
1719805
838387
1538928
2858669
5008780
2789658
3893159
1825316
2306408
1611507
1832358
3804665
2718908
3402783
3814788
3382231
4663644
2543426
3313473
1787572
3686270
4905910
2878825
732494
3183175
2412794
1538067
2241578
5180110
3807342
2393381
4932515
1573671
3558813
2960805
1693143
3688936
5275881
1693703
2815835
3921683
2148186
4079118
2930092
2838054
3839317
3163816
3041675
3482360
1940301
1371621
3368070
1631839
1300936
3950437
938810
1889047
705005
1354714
3913781
3359101
2376146
2792425
3425433
1955322
2743385
2819199
4266488
1259727
2934755
3424205
3624485
1304471
3118915
2170060
5202491
2271303
3471655
4247869
817719
4001754
6686793
3514072
4975757
2323043
771511
3715704
5774817
4015815
383101
2076607
2361692
1581661
3612538
912139
1672247
1288353
1954235
475642
3087594
4898694
1760107
5646184
2555213
2706660
3174559
3485579
1805052
1523832
2894715
1700121
3095699
2732461
2412987
3104612
4427425
2079699
2064336
1325392
4384978
2581276
5438365
2553775
5187013
1987619
2785379
2070151
2000075
2911976
3466687
2861314
1653298
1600559
4856848
1417787
393425
1286216
3891867
1974233
876083
5959379
1632151
1634796
1629488
5765250
4190481
2774512
1960545
4624484
1924014
3025943
2473688
2445964
1742360
2262911
2433556
3074718
3159296
2711069
2274667
2452590
1499666
1796312
3052693
888395
3177048
643097
2309385
1214170
3240929
2206866
2199322
2516271
3676303
1280020
1656157
1284231
1982259
974914
4210083
836835
2471464
2536358
3957356
4574532
3165313
1357488
2769048
2433683
1665856
3367158
2515440
1982941
1256074
1037473
4979078
1704456
3042156
2719426
3788524
2668836
661172
2147665
1297012
2530132
1745945
1824465
2513326
2897603
2851372
2452417
1942577
2618131
1283786
3251337
3844707
4874942
2620512
2174311
2075466
1949752
2388484
2061031
2042248
2531315
3129720
3708020
6102330
3813059
4734328
1642762
2192754
3344810
2164388
1641572
4275756
1661293
1284179
1624922
4854826
2313203
2099628
2880743
3646121
2095284
5879951
2496620
2900533
2310096
5177115
3674937
3449964
3455141
3002011
2019613
2428582
3367786
3540334
5531167
2384583
2770912
5154189
6097861
4140561
2433775
4039499
2187136
2791130
5216981
1026590
627664
3487413
1245260
461652
3397672
4028356
976125
4221924
1978026
1694060
2558738
4025327
4916881
2139136
2238905
4256637
3497339
2012842
3778654
3572835
4262859
4848920
1954235
3311965
2214565
2630661
2931698
3087896
2708589
5125786
4101591
2268154
1546254
2969536
2416979
3519640
1578133
1980366
5765643
2583522
3552633
3977041
4176528
2706360
3142676
1914344
3964336
2156887
2317034
2281083
2893928
1846443
6041600
2490670
4738805
1939955
5320586
3047896
3488143
4992702
1337965
1440025
1947744
2174420
460838
2717128
3013328
2778674
1545809
6690709
5199285
4652374
2928512
1910218
1375278
3801376
1188893
3957233
3537441
1513811
954691
5042026
2934027
4450517
1659328
1822169
2417601
2386767
1794334
5809058
3826730
1917589
2313665
2094403
4262075
1680168
1963030
2124848
2013768
2698267
1521170
1977802
3592078
2842419
1951562
2644329
2644624
1938398
1601737
4768099
1752681
2306284
5013748
1261187
3983060
2162514
2790079
1571138
2806960
2131197
1866713
2130807
4853591
992739
2661885
2711070
1168163
2211270
1474890
2032669
2469915
1967017
1151559
2720131
1889451
4303305
1699955
2940885
5498125
2287168
1510860
2445212
1023054
2589526
2833280
2908885
1271343
2438175
1678015
4757854
2264333
2589296
2846462
3114806
1545609
2669447
2283582
1698329
3442219
2979447
3191825
5005488
2576671
3942014
1967294
1849894
2707220
4058419
4041496
2542324
4572756
4949930
3258566
5599507
5123133
4816402
5066579
2533081
1546374
2957767
758602
2674727
709725
3017077
2844575
3491927
1816073
3091349
2316491
1676898
4982266
4884184
3430927
2279305
4285067
2304512
1726663
2280764
1888892
2830542
2612693
1871243
1345148
1246301
2562405
910957
948672
3108017
1707030
3916240
3230656
2348482
1306189
1033353
1540989
1843907
2545949
1957507
2714008
3080361
3498979
4689211
1825821
1671822
3052010
1289559
5997444
2140352
3336521
2035950
3295856
5029115
2968127
1659962
2269424
3887459
1428641
1440337
2696531
3867440
2672315
5061560
4969214
2364218
2278598
1513328
5399279
1902964
897322
1321003
3810262
3851877
3969390
1325395
2378855
319965
797344
765816
1203132
1901906
2953139
1444825
4975921
4252220
1617951
663190
3084124
1624060
3670398
2378359
2325890
1035870
3101399
5937706
1539973
2569603
3155477
2832792
1039448
2107903
2318497
725591
3387834
1371668
3271475
1018532
3278499
1984581
2036135
2483938
1827949
2133679
3777851
1178549
1103362
2539470
1387837
2336937
3557064
4421889
3391198
5120599
2084896
1543522
2541100
1222403
580054
2532465
1933991
2621993
1767228
1803269
2680122
2823030
4057926
6413043
3241175
640614
2709975
4274287
2132173
3325508
3678128
3037706
4171898
5177053
2188271
1724021
1992956
2567200
2248854
2974676
3671586
2304717
1623287
2607111
2129029
1754670
2605704
2265648
1030990
2575286
2334881
2635437
1931142
3661309
1080645
2311199
2067147
1277713
3803585
1942330
933152
1517154
2503417
1893302
4851645
2413204
2014160
3339980
1883250
1918034
4298041
5213795
2534064
2804808
936330
2713825
2983838
1161241
1784026
2204321
4550819
4575178
3436025
1126630
1200274
3999543
2607324
419208
954703
3347801
2926901
2070691
833837
1843160
2714335
2277342
2148815
3794835
1809180
208621
3764805
3096756
3399680
2321186
3385651
477114
2459187
2447831
5552237
2341154
1647143
4302635
2640807
3263641
1128439
2605266
3763231
6601403
3138703
1683864
1289016
968372
3465941
3503190
2998162
2597587
2224755
2178247
4220097
2000418
2587596
2352564
2787873
675967
3832324
2568386
1290144
3446692
3452975
5137018
668914
2810500
2746622
3414237
1391401
2055746
1538636
2045103
1885781
1788444
2457566
924117
1325328
3566061
3130038
3672721
1192346
1607389
5288165
2691136
2250905
4384185
3750823
4888360
2359512
565490
2738929
583741
2027367
2309956
3367422
3380142
2792019
3313220
1391935
4995257
3189532
4291864
1518086
993353
2813620
936527
5034589
2983971
549628
2396191
5199262
4174025
2494269
2232346
4144964
3486017
3872927
3054143
2998960
1836002
3672191
2082019
1526134
612180
2959188
2890908
4827644
828722
1192361
1036993
1823543
2662234
3118512
5530690
3409361
1582200
1638545
2560543
3023410
1958562
2806377
4353290
1766863
2467182
2845515
2904588
2813110
887620
1208084
1687477
2880936
3134160
2252641
2891572
2100881
4346366
3042326
1163826
2130689
2684587
1814017
1564165
2336942
2865674
1753268
5311698
2937305
805265
2247459
2645138
5387654
790188
1513229
1434432
2837436
3292700
3500678
2016287
4231167
3938016
2566624
3282809
1949504
3315875
1477788
1733579
3252119
2510706
1780122
4467368
3623543
2518398
6611398
1630234
3553296
2428392
1547181
2523529
3590366
3048558
2428334
2217621
2488506
3125358
1523883
1522185
2365915
3220967
3493702
2016626
3814007
3327845
6070970
5414634
919432
3400770
2005681
4047822
2581458
2196494
4120720
4461540
3700292
420082
2727902
2677341
2485856
1817810
3169930
2903194
4321928
1863612
1865172
132660
1970215
2852616
2293250
2100456
2750780
3723224
3686996
3200350
1781754
1153348
2333708
3417288
3511895
2679070
1294745
3171347
2180404
2583411
5003730
2743320
2311339
1523619
2795106
1797812
2057395
3950804
1616191
1518555
1528137
1166119
2319981
3678332
1249491
2290304
3535067
3462591
2577422
3499658
2152232
1028408
818564
4575072
3348228
2420964
3017929
1913664
932186
1497485
1421633
3088397
3296537
2701476
1931625
3019582
3045437
4861679
1947138
2201899
3222325
2311112
5553087
1491087
1418330
2719779
944428
3364544
4919262
2295259
2388577
3691800
2419131
4767150
1403490
1928867
4922852
1734507
3413949
2163766
1763909
1341388
3331891
1668012
2523331
2076120
2163232
3100544
2023371
1133443
1458365
2119877
3256313
4448441
1394704
4423071
2002118
2089705
629269
1765571
1608630
1538722
2948932
999152
1400565
3902183
997249
1060389
1071897
5127429
2519545
1967858
1711139
2154685
2794666
5592927
2951953
3553044
4958008
1261660
2404843
2597907
1511609
3758563
3509655
3044213
3218779
5035260
2114478
2851123
2919384
4255762
3676511
2919924
2518424
1821719
1159875
950491
3559982
2436310
731689
3007246
2193451
1788771
2701628
4380884
2553672
708679
3609697
3335681
1167438
2050946
1572647
1320485
5517305
369222
644014
3421153
1543027
872825
4045612
3201980
4570323
4308828
1163828
1789828
1290707
2127098
1470468
1574357
2973078
2646930
2771469
4273117
3290774
3822946
970864
2078304
846246
4890606
5154855
1464147
2402018
2963639
3952579
4712871
1605404
3290431
1312844
1542729
3692078
1892964
1403076
1919746
1586600
3701777
2035156
4720965
1571757
1456298
1109701
2614206
1442587
2335918
2526445
2210044
5142400
1733311
1550862
2269142
926246
1637370
3233135
3372790
3515889
1507291
3411128
2388462
5365241
1596127
3946953
3757702
1345781
1943268
1701406
2538213
1522451
7026005
1834745
3934993
2612088
2273502
2069887
3670176
2979148
1846760
4119453
4007041
1856688
2670961
940933
2384955
1859758
2290331
1942278
3212336
3833305
2999004
3004811
808690
2922162
4300767
5407449
1399579
3165626
4948104
2840408
2548312
1573060
2134271
3608545
3225517
1528941
2435338
4931100
3186079
3856060
4034295
4906583
5048232
2719791
2680555
5090202
2129694
1673824
650771
3042280
1830592
2132084
1711558
3204203
4262840
2011464
1477173
3741743
1962381
5221994
3108381
1306570
3265104
1373835
1547286
2678998
1038160
2722660
1753466
3657827
3196722
4478560
2488213
2146413
3166060
1090828
752132
2645062
2128960
1605327
3643070
2818683
2420091
2095400
3421280
1213332
1857857
560873
2752895
2709018
601891
2213477
1344080
2018384
1669236
3060267
1466761
4784307
1588251
3131616
3120947
4498749
2199957
2751625
1344931
4592016
1295042
2689433
2953135
1201439
3103348
3093578
3704021
1627219
2462807
2808715
2399117
1895072
2761315
2871313
1291406
1877748
1312820
4125844
1231997
3437681
2893066
3062028
2364342
2020044
2033546
3036806
1486859
3697274
3561806
3739482
2736296
1147467
2366317
2949742
1396370
2230169
2735602
2106174
3115560
2320694
1260961
2712166
2263594
2294319
2649554
3656894
2321062
1344388
1766237
1535837
1050075
976926
2403200
1003943
1098793
1816755
2471560
3398175
2149731
4821385
2866660
1441016
4655063
2401058
2501212
3394992
6027297
3428564
2926727
168049
671914
4129100
3723769
2054013
5596852
4276650
2343871
2074547
1160093
917454
3595891
1183735
3158675
6541916
517040
2214492
3385646
2243126
2988423
4168074
679408
1532017
2646294
4755616
2595512
4021927
1086351
2688168
1937418
1639887
2928493
2221372
1566641
1788302
3808478
2428626
748218
4022756
2521348
2844111
1968338
19040
3781578
3717518
3998349
4090905
3555168
2177326
1810512
4584925
2467500
4394095
2426026
3601859
3576874
2994849
2841092
5405951
1140377
3052666
2018934
1685500
2302673
4094449
2248882
1824652
2177968
1636610
4735642
1770690
3171524
1243498
1345388
2944117
4356419
3483263
4056947
1909070
2910287
4654230
962479
5103156
961794
4081428
3110673
4616918
3447817
926110
2394979
1707513
1361046
4743826
4153141
2532258
725084
2743187
4358699
3112741
2575343
4321654
4327401
4269788
3205601
5895406
2924155
1799311
4514161
2904688
1597316
2311969
2271348
3947786
3279394
4163600
3115812
1888311
2782563
879668
2792999
2096408
2971365
1979769
572573
1488707
1933282
2601181
5821576
6139669
2015429
2117230
5548284
5765213
2337273
2965759
4658050
1483033
2689796
4592624
3837252
3337130
4479061
5388466
2081642
1808595
2215981
2176354
1019653
3012409
2770939
3030163
1407739
1707773
1744394
941667
1789699
4110932
4040024
1556469
1861979
2955039
738111
1565632
1411688
1505273
2085334
2626550
5717696
4259829
1171091
3314024
1832212
1939413
2145774
4154075
2138929
3518817
3663982
915404
1762953
1351933
3395747
3910694
3327615
1037519
2738252
4090483
3394788
1612059
463694
2527989
2755006
1533079
2129339
1938124
3833281
1285401
1124884
5322682
2832989
3024120
1089752
2591577
2833382
2195498
2799362
4040462
5406272
3514787
1732212
1617981
4669542
2501949
4077603
1946835
4081713
1725258
3248102
3130230
1703729
1775525
4132322
4070692
3967217
3399848
2106949
3433689
3940714
3944263
2244442
2366180
3592491
1181614
1913266
1799121
3299174
1438970
1109151
2309686
3386281
3600661
711907
922149
2028805
1320275
4125452
3092553
2711180
2342313
4606195
1926866
794188
678043
3414815
2986598
1845668
757316
6925530
3915641
1570753
3502236
1228667
5324195
3387069
3880228
2247957
2888182
3288899
3540253
3188150
4408727
2754698
1495813
1398414
2065195
4400841
3843223
3331879
4643666
1075104
3917902
2829779
991252
3708887
3493841
3579270
4149738
3351327
2601424
1532484
2006982
3667717
3518955
2682540
2714622
366689
3666555
2696830
4878725
1940853
1450951
1453924
2019097
1967669
3994273
1146174
1470109
2441217
2060996
1644844
2213889
1819973
2769223
2308094
3300112
1243189
4903569
2583661
3634073
630907
1517187
4900137
2290558
1893470
3871727
1141611
2391368
4594545
1769257
2329400
3230041
923680
705591
4154451
1348094
2273568
2481625
3867965
4246309
2228067
3240414
4382079
3533082
991090
2477716
1455538
992545
3008822
4993649
2110653
3301434
1972083
2521568
1286861
1614135
6868370
3848953
4312355
2587189
5568767
2329310
1414577
2500245
1425523
3237391
2470321
3261331
4337455
537554
783645
1454358
1993789
1531124
2718749
5660700
4845692
2733437
3407154
5165641
5254646
3231198
3907458
640745
1334157
1303128
2065306
1012712
1875648
1210612
4342217
2324037
1558404
4251346
1900070
1728945
2073740
1233045
4409891
3634408
1309475
4159371
2299698
1749469
2505413
2635810
3464122
707826
1939234
3834802
3467921
3507176
1648532
6124247
3049755
2716558
3061332
2024828
5264074
2106811
905258
4221466
1048484
3482560
2177654
5517336
455000
4587518
735879
2882462
4009930
3755568
3363913
5047676
6093518
2461450
809701
2248687
1899033
4036671
2158145
5404557
3239401
1683610
2691600
3280861
2366930
2433666
5408922
1031676
2752906
2380879
2870553
823315
2468609
1967678
627365
1714010
3569199
2380937
2813741
3124801
3230986
1027843
2313616
1634549
2500694
3347022
1504385
1727345
2011992
1306708
3438535
1717850
1887027
3959698
1956107
2036947
2021122
2095760
3204894
1863669
3791201
1602717
1203781
3962157
2366164
5276603
2188249
1965235
2837172
3248697
3875865
2618675
3766991
5162898
2075154
1211071
4752197
2267358
1756958
2966352
2919152
3071779
1213819
2456066
1961287
2156162
4475291
1640640
2954633
2309758
2842238
1157777
2937915
2530191
1874952
1557345
2793022
2427245
1381731
2549078
5429186
2995551
4889673
2194137
2362636
2160232
1408750
1096064
3934429
3942326
3162961
1586575
2773740
2960582
1065310
2047819
3845514
4726336
2401374
1969427
2562713
2676071
3370091
2014933
2084586
1748283
3994664
3865862
2522288
3913796
3104227
3342268
2753319
1744484
2596707
