2000 2000 2000000 2000000
1 1071099 1071100
1 188804 188805
1 514025 514026
1 1623893 1623894
2 1661973 1661972
1 1607859 1607860
2 632663 632662
2 734415 734414
2 944733 944732
1 1166573 1166574
2 1593960 1593959
1 1086650 1086651
1 522173 522174
2 11659 11658
1 788577 788578
1 1376879 1376880
2 1836974 1836973
1 1860281 1860282
1 89848 89849
1 519940 519941
2 1720989 1720988
1 650397 650398
2 1577584 1577583
1 1025993 1025994
2 668695 668694
2 1193677 1193676
2 1180007 1180006
1 7015 7016
2 1952380 1952379
1 1477233 1477234
1 1701261 1701262
2 1709134 1709133
1 313709 313710
1 1780890 1780891
2 1042178 1042177
1 335082 335083
1 1389749 1389750
1 846214 846215
1 1705196 1705197
2 1116318 1116317
1 1287994 1287995
1 303584 303585
2 1219121 1219120
1 1442525 1442526
1 1165953 1165954
2 883074 883073
2 1729876 1729875
1 194152 194153
1 129760 129761
1 520650 520651
2 1417707 1417706
2 628406 628405
2 457588 457587
2 580762 580761
2 646108 646107
2 1513674 1513673
1 519338 519339
2 665270 665269
2 606422 606421
2 1853541 1853540
2 843878 843877
2 1082568 1082567
1 1319923 1319924
1 135983 135984
2 677731 677730
2 1138972 1138971
2 683770 683769
2 56306 56305
2 1258645 1258644
2 480254 480253
1 1951628 1951629
1 1406779 1406780
1 1114404 1114405
1 930664 930665
1 1214531 1214532
2 1885605 1885604
1 1238482 1238483
2 272465 272464
1 1043782 1043783
2 353057 353056
1 1455354 1455355
2 1150350 1150349
1 652527 652528
1 268193 268194
1 1214955 1214956
2 681527 681526
1 1350319 1350320
2 583547 583546
1 1159263 1159264
1 790314 790315
2 360882 360881
2 291228 291227
2 1606637 1606636
1 1447852 1447853
2 227742 227741
1 1558890 1558891
1 566021 566022
2 1859299 1859298
2 1914888 1914887
1 229778 229779
1 161081 161082
1 1344783 1344784
1 1874804 1874805
2 1627820 1627819
1 79606 79607
2 249028 249027
2 19423 19422
2 1742838 1742837
2 1212439 1212438
1 352032 352033
2 1569017 1569016
2 1557282 1557281
2 1050179 1050178
2 1138954 1138953
1 113265 113266
1 842727 842728
1 1549507 1549508
1 573348 573349
2 378121 378120
2 1315217 1315216
2 262474 262473
1 1830534 1830535
2 186433 186432
1 653369 653370
1 1969473 1969474
1 390390 390391
1 56702 56703
1 791250 791251
1 202032 202033
2 340981 340980
2 1866449 1866448
1 1140474 1140475
2 1631027 1631026
1 759117 759118
1 65960 65961
1 596103 596104
2 1520070 1520069
1 1172463 1172464
2 1171695 1171694
1 1171885 1171886
1 1130646 1130647
1 1080427 1080428
1 1260800 1260801
2 969198 969197
1 1943158 1943159
2 63559 63558
2 1001058 1001057
1 1690353 1690354
2 1029930 1029929
2 845979 845978
1 783136 783137
1 481215 481216
1 1468180 1468181
1 1724535 1724536
2 239643 239642
2 1439100 1439099
1 865025 865026
1 1061609 1061610
1 1738530 1738531
2 545750 545749
2 741301 741300
2 679264 679263
1 290224 290225
1 1886277 1886278
2 1894480 1894479
2 1241202 1241201
1 97082 97083
2 1063779 1063778
2 1706634 1706633
2 1035708 1035707
1 157963 157964
2 915728 915727
1 1569358 1569359
1 443191 443192
2 177452 177451
2 1645374 1645373
2 283593 283592
1 23291 23292
1 1914137 1914138
1 965004 965005
2 1968507 1968506
2 1975479 1975478
1 1684078 1684079
2 1749934 1749933
1 1067359 1067360
1 1249814 1249815
1 470956 470957
1 1105659 1105660
1 292611 292612
2 30274 30273
2 634383 634382
2 378526 378525
2 971978 971977
2 1419658 1419657
1 1476004 1476005
1 135478 135479
1 674029 674030
1 863988 863989
1 1931167 1931168
2 789929 789928
2 1045000 1044999
1 14447 14448
2 503424 503423
1 1882367 1882368
1 4486 4487
2 226880 226879
1 473946 473947
1 931683 931684
2 1727419 1727418
2 1360285 1360284
2 1414332 1414331
2 1601605 1601604
2 1725464 1725463
2 1136621 1136620
1 1635119 1635120
1 1746699 1746700
2 908255 908254
1 409870 409871
1 725198 725199
2 751698 751697
1 503944 503945
1 668021 668022
1 963234 963235
2 98227 98226
2 1826164 1826163
1 1865009 1865010
2 395553 395552
1 352130 352131
2 1513606 1513605
2 294517 294516
1 321717 321718
1 874855 874856
2 1548544 1548543
2 129466 129465
2 1840930 1840929
2 1932571 1932570
2 531371 531370
1 885212 885213
1 1923406 1923407
1 1011798 1011799
2 1596222 1596221
1 995064 995065
2 794469 794468
1 1321766 1321767
2 1891279 1891278
1 362568 362569
1 1256040 1256041
2 1900799 1900798
1 985302 985303
1 1173042 1173043
1 1160746 1160747
2 1615393 1615392
2 828419 828418
2 1292371 1292370
2 679013 679012
2 1791643 1791642
2 580391 580390
1 772683 772684
1 1314352 1314353
1 904670 904671
1 1591269 1591270
1 1033383 1033384
1 980372 980373
2 1222829 1222828
2 1170491 1170490
1 1363551 1363552
1 466005 466006
2 89279 89278
2 1929456 1929455
2 1770601 1770600
1 1403830 1403831
2 624431 624430
2 502989 502988
2 1474635 1474634
1 1612307 1612308
1 879355 879356
1 1067628 1067629
2 1501109 1501108
2 1278551 1278550
1 1662150 1662151
1 1100606 1100607
1 235261 235262
2 13983 13982
2 681748 681747
2 873440 873439
2 1841401 1841400
2 1826386 1826385
1 1348186 1348187
1 1034438 1034439
2 1913308 1913307
2 1045731 1045730
1 526893 526894
2 1185079 1185078
2 1008883 1008882
1 40838 40839
1 441373 441374
1 1493111 1493112
1 373938 373939
1 1704582 1704583
2 763157 763156
2 1853867 1853866
2 1963027 1963026
1 402152 402153
1 815961 815962
2 907359 907358
2 1858536 1858535
2 440570 440569
1 826611 826612
2 151947 151946
2 520575 520574
1 1633380 1633381
1 895974 895975
2 469523 469522
2 1912827 1912826
1 815679 815680
1 436229 436230
1 1717230 1717231
2 1180276 1180275
2 781595 781594
2 761368 761367
2 500978 500977
2 314497 314496
2 960278 960277
2 1761755 1761754
2 1187222 1187221
1 1948122 1948123
2 954522 954521
1 1215834 1215835
2 695450 695449
1 1633881 1633882
1 1759907 1759908
1 409507 409508
2 21302 21301
2 691724 691723
2 1549001 1549000
2 1027939 1027938
1 456421 456422
1 1684250 1684251
1 550769 550770
1 158555 158556
2 1938600 1938599
1 810879 810880
1 566533 566534
1 320384 320385
1 1459439 1459440
2 1284375 1284374
1 1633659 1633660
2 1558706 1558705
2 205035 205034
1 275557 275558
1 1884251 1884252
2 562069 562068
1 327246 327247
1 754249 754250
2 1635952 1635951
1 518458 518459
1 944302 944303
1 624278 624279
2 2402 2401
1 1023023 1023024
2 366948 366947
1 1795296 1795297
2 153519 153518
1 1421657 1421658
1 1975651 1975652
2 165508 165507
1 1416308 1416309
2 1817550 1817549
1 948719 948720
2 35901 35900
1 1373022 1373023
2 1296993 1296992
2 336041 336040
2 692459 692458
2 1875434 1875433
2 537364 537363
1 1466364 1466365
1 514361 514362
1 1602951 1602952
2 1252689 1252688
2 1707360 1707359
2 1007683 1007682
2 478723 478722
2 329731 329730
1 851252 851253
1 493324 493325
2 607391 607390
1 1503892 1503893
1 409606 409607
2 1706879 1706878
2 196836 196835
2 1127302 1127301
1 1260055 1260056
2 286343 286342
1 577574 577575
1 974006 974007
1 1390916 1390917
1 1015214 1015215
2 682194 682193
1 1627152 1627153
2 603355 603354
1 347518 347519
2 1869429 1869428
2 1266907 1266906
1 392803 392804
2 576600 576599
2 710044 710043
1 941804 941805
2 679901 679900
1 211383 211384
1 1013409 1013410
1 156288 156289
1 317470 317471
2 280187 280186
1 151007 151008
2 1949089 1949088
2 1456651 1456650
1 709830 709831
1 812769 812770
2 1963558 1963557
1 821625 821626
2 1839598 1839597
1 588943 588944
1 818675 818676
2 1756496 1756495
2 1000263 1000262
2 62184 62183
1 569916 569917
1 38610 38611
1 1862241 1862242
1 541759 541760
1 992470 992471
2 1629789 1629788
1 1808255 1808256
2 998327 998326
2 313587 313586
1 1016881 1016882
2 1483700 1483699
2 98367 98366
2 1846928 1846927
2 41246 41245
1 1006214 1006215
2 1803469 1803468
1 922291 922292
2 1629397 1629396
1 1665150 1665151
2 1320077 1320076
2 796490 796489
2 1696353 1696352
1 927722 927723
2 999713 999712
1 829126 829127
2 598058 598057
1 1464610 1464611
2 1624064 1624063
2 1336665 1336664
2 1984097 1984096
2 1091262 1091261
1 624451 624452
2 1027654 1027653
1 1267942 1267943
2 510204 510203
1 871801 871802
1 924866 924867
2 583378 583377
1 1123873 1123874
1 955821 955822
2 1290479 1290478
2 538257 538256
2 1518969 1518968
1 1102509 1102510
1 712393 712394
2 1068738 1068737
1 458796 458797
2 1449225 1449224
1 378525 378526
1 417385 417386
2 1304841 1304840
2 123642 123641
2 1033729 1033728
1 526442 526443
1 1574217 1574218
1 1024796 1024797
1 1091227 1091228
1 428265 428266
2 1459564 1459563
2 1800934 1800933
1 1576712 1576713
2 477545 477544
1 521812 521813
2 324270 324269
1 199973 199974
2 1845701 1845700
1 723165 723166
1 614976 614977
1 557805 557806
2 1575100 1575099
1 1915098 1915099
1 1566796 1566797
1 29278 29279
2 641810 641809
1 1127312 1127313
1 935752 935753
1 495924 495925
1 300310 300311
2 570287 570286
2 1568 1567
2 1809044 1809043
1 1850411 1850412
2 518939 518938
1 1259342 1259343
2 712879 712878
1 1781848 1781849
1 1092418 1092419
1 171804 171805
2 243760 243759
1 1760838 1760839
2 1586563 1586562
2 852313 852312
1 83023 83024
1 1467617 1467618
1 1209873 1209874
2 79127 79126
1 1334406 1334407
1 53479 53480
2 1799755 1799754
1 1534823 1534824
1 1189154 1189155
2 1300298 1300297
2 847391 847390
2 169633 169632
2 1757981 1757980
1 1126908 1126909
2 1544420 1544419
1 1556601 1556602
1 1278534 1278535
2 262840 262839
1 1472685 1472686
1 294053 294054
1 1254919 1254920
2 1597496 1597495
1 1013227 1013228
2 1219955 1219954
2 1811140 1811139
1 1936106 1936107
1 1581361 1581362
1 196552 196553
2 828337 828336
2 675085 675084
2 666751 666750
1 1468143 1468144
2 1016309 1016308
1 1326555 1326556
2 1851026 1851025
1 1950243 1950244
1 1578814 1578815
2 360281 360280
2 19084 19083
1 1390786 1390787
2 1653733 1653732
1 1925060 1925061
2 1639737 1639736
1 1969546 1969547
2 664881 664880
2 1653326 1653325
1 1951142 1951143
2 770574 770573
1 965733 965734
2 429579 429578
2 1937586 1937585
2 731052 731051
2 1580659 1580658
2 622404 622403
2 1094343 1094342
2 1524834 1524833
2 71694 71693
1 1032355 1032356
1 1885928 1885929
2 87450 87449
1 301435 301436
1 559269 559270
1 1606795 1606796
2 614157 614156
2 105204 105203
1 276357 276358
1 726408 726409
1 694471 694472
1 1744836 1744837
1 7808 7809
1 531112 531113
2 274509 274508
1 801514 801515
1 202677 202678
1 1905664 1905665
1 762896 762897
2 1526778 1526777
1 942322 942323
2 1797054 1797053
2 167451 167450
1 1864287 1864288
2 236722 236721
2 517085 517084
1 616940 616941
2 998455 998454
2 14471 14470
2 298322 298321
2 1760377 1760376
2 1294914 1294913
1 1675733 1675734
1 1408891 1408892
1 46658 46659
1 842750 842751
2 269711 269710
2 1422505 1422504
2 1658286 1658285
1 1801912 1801913
1 270930 270931
2 333011 333010
1 1693112 1693113
1 935076 935077
1 931039 931040
2 303720 303719
1 1275326 1275327
1 29361 29362
2 543380 543379
1 524335 524336
2 889924 889923
1 1889169 1889170
2 509543 509542
2 1263995 1263994
1 1072299 1072300
1 983472 983473
1 1800770 1800771
1 1106175 1106176
2 1497474 1497473
2 390967 390966
1 1634988 1634989
1 1785071 1785072
2 1452013 1452012
2 420858 420857
1 420118 420119
2 522131 522130
2 1922903 1922902
1 902243 902244
1 209397 209398
1 1310585 1310586
1 1836597 1836598
2 1251885 1251884
1 607277 607278
2 522233 522232
1 310604 310605
2 1727352 1727351
2 1487632 1487631
1 803721 803722
2 374093 374092
2 49301 49300
1 1523795 1523796
2 725623 725622
1 905839 905840
1 619285 619286
1 77258 77259
1 1693189 1693190
1 899761 899762
1 1315724 1315725
1 342453 342454
2 877239 877238
2 104236 104235
1 1453414 1453415
2 1306567 1306566
2 1053140 1053139
2 72925 72924
1 891019 891020
2 1147387 1147386
2 979079 979078
2 1999122 1999121
1 275918 275919
2 1497107 1497106
2 1200777 1200776
2 334008 334007
2 732290 732289
2 217102 217101
2 903795 903794
2 158298 158297
2 1400562 1400561
2 272995 272994
1 1293940 1293941
2 309021 309020
2 1971616 1971615
1 1897509 1897510
2 1209399 1209398
1 1545566 1545567
2 1367895 1367894
2 1956771 1956770
1 492687 492688
2 525524 525523
1 1792680 1792681
1 1537570 1537571
2 304677 304676
1 1090228 1090229
2 1054545 1054544
1 231035 231036
2 174974 174973
2 1075703 1075702
2 1938767 1938766
2 842105 842104
2 1052561 1052560
1 1341041 1341042
1 1872536 1872537
1 1255619 1255620
2 1198553 1198552
1 137808 137809
2 1778751 1778750
1 900443 900444
2 1972317 1972316
2 1803026 1803025
2 1731090 1731089
2 571167 571166
1 421678 421679
1 1686092 1686093
1 1937247 1937248
1 852222 852223
1 1916253 1916254
2 512384 512383
2 1225750 1225749
2 420035 420034
1 1496703 1496704
2 669398 669397
1 990826 990827
1 1467571 1467572
2 1630441 1630440
2 1133022 1133021
1 1191125 1191126
1 319125 319126
2 317475 317474
2 1080807 1080806
1 650855 650856
2 391928 391927
2 982531 982530
2 473238 473237
2 1116980 1116979
2 481067 481066
2 66 65
2 588646 588645
1 1441999 1442000
2 717639 717638
2 1329090 1329089
2 89604 89603
2 411289 411288
1 539078 539079
2 542775 542774
2 1729754 1729753
2 267042 267041
1 262982 262983
1 472037 472038
2 787102 787101
1 229368 229369
2 699816 699815
2 53562 53561
2 615071 615070
2 1741341 1741340
1 549129 549130
2 1848540 1848539
2 860813 860812
1 921238 921239
1 1663357 1663358
2 1417367 1417366
2 119157 119156
1 240482 240483
2 233796 233795
2 854923 854922
2 1184471 1184470
1 1501031 1501032
2 1442081 1442080
1 1563075 1563076
1 1397090 1397091
2 1997024 1997023
2 715645 715644
1 794828 794829
1 1288048 1288049
1 1707744 1707745
1 448770 448771
2 170684 170683
2 782885 782884
2 866611 866610
2 1348237 1348236
2 358792 358791
1 491777 491778
1 1754900 1754901
2 334472 334471
1 532884 532885
2 933856 933855
2 1257249 1257248
1 132849 132850
2 1455805 1455804
1 1721476 1721477
2 189434 189433
1 975866 975867
2 1384368 1384367
2 561665 561664
1 1995543 1995544
2 1365845 1365844
1 145982 145983
1 1958588 1958589
2 1355688 1355687
1 1090266 1090267
2 250419 250418
2 885507 885506
2 1509054 1509053
1 1827180 1827181
1 1310464 1310465
1 1272573 1272574
1 45075 45076
1 1037957 1037958
2 1964647 1964646
2 645875 645874
1 1015129 1015130
1 1523585 1523586
2 934200 934199
1 495225 495226
2 473674 473673
1 1954484 1954485
2 1890429 1890428
2 781436 781435
2 327908 327907
1 1438663 1438664
1 1977914 1977915
1 94404 94405
2 1098776 1098775
2 661550 661549
2 1279263 1279262
2 1987058 1987057
1 229318 229319
2 464166 464165
1 1913518 1913519
2 1908713 1908712
1 457274 457275
1 638155 638156
1 84281 84282
2 692495 692494
2 90394 90393
2 1453399 1453398
1 478434 478435
2 978892 978891
1 1929339 1929340
1 1275343 1275344
1 354207 354208
1 64637 64638
1 55861 55862
1 728980 728981
1 744110 744111
2 1282359 1282358
1 1963638 1963639
2 1613865 1613864
1 1255073 1255074
1 469487 469488
1 843527 843528
2 628548 628547
2 719356 719355
2 599842 599841
1 1766325 1766326
1 1142824 1142825
2 264321 264320
2 583427 583426
2 1404220 1404219
2 1696596 1696595
1 790392 790393
2 1615529 1615528
2 1817851 1817850
1 256442 256443
1 932190 932191
2 803993 803992
1 1434478 1434479
2 1684420 1684419
1 1263688 1263689
2 39946 39945
1 1404154 1404155
1 1349831 1349832
2 1011671 1011670
1 840105 840106
1 221301 221302
2 1293332 1293331
1 1575606 1575607
2 831654 831653
1 685676 685677
1 920093 920094
1 1557578 1557579
1 580509 580510
1 815687 815688
1 959012 959013
1 259563 259564
1 763793 763794
2 560788 560787
2 393242 393241
1 770386 770387
2 496231 496230
2 833926 833925
2 845638 845637
1 1472049 1472050
1 906317 906318
1 975603 975604
1 466529 466530
2 430443 430442
2 894951 894950
1 898847 898848
2 1788178 1788177
2 782293 782292
1 1292713 1292714
1 1446634 1446635
1 490450 490451
1 346278 346279
1 1561055 1561056
1 121331 121332
2 1849991 1849990
1 1113246 1113247
1 1149916 1149917
1 125508 125509
1 1185218 1185219
2 870659 870658
1 280256 280257
2 1453412 1453411
2 1738198 1738197
2 1472085 1472084
1 1894633 1894634
2 1070753 1070752
1 74162 74163
2 444945 444944
1 1295693 1295694
1 782756 782757
2 1562542 1562541
1 1069651 1069652
1 825199 825200
2 1678994 1678993
2 1621418 1621417
1 653753 653754
1 185530 185531
2 1979497 1979496
2 939778 939777
1 795707 795708
2 1303771 1303770
1 1173637 1173638
2 415294 415293
1 1173704 1173705
2 861716 861715
1 399686 399687
1 1717823 1717824
1 619216 619217
1 1117374 1117375
1 1027467 1027468
2 1478373 1478372
1 1879226 1879227
2 196219 196218
2 7709 7708
1 1176864 1176865
2 819353 819352
2 56180 56179
1 1547122 1547123
2 819182 819181
2 1355689 1355688
2 551480 551479
2 425368 425367
1 995238 995239
2 1419941 1419940
2 236985 236984
2 568467 568466
1 588755 588756
2 1175493 1175492
1 1450776 1450777
2 1835467 1835466
1 1008706 1008707
1 1333512 1333513
1 93199 93200
1 913970 913971
1 1014441 1014442
1 596247 596248
1 369813 369814
2 349841 349840
1 1154979 1154980
2 1514942 1514941
2 1372830 1372829
1 1125817 1125818
2 802295 802294
1 1668056 1668057
1 1821437 1821438
2 1066697 1066696
1 1945092 1945093
1 428347 428348
2 807363 807362
1 726395 726396
2 361910 361909
1 1136711 1136712
1 608330 608331
2 1797352 1797351
2 589905 589904
2 292220 292219
1 880277 880278
2 146615 146614
2 1879565 1879564
1 1489118 1489119
1 886412 886413
1 1710154 1710155
2 136504 136503
2 555745 555744
2 464200 464199
2 976155 976154
2 369913 369912
2 247460 247459
1 1213986 1213987
1 1948128 1948129
2 464016 464015
2 233912 233911
1 789970 789971
1 505840 505841
1 1246741 1246742
1 1781285 1781286
2 1750547 1750546
1 887210 887211
1 1232819 1232820
1 1924110 1924111
2 530821 530820
2 944454 944453
2 493658 493657
1 868578 868579
1 1064345 1064346
1 1696946 1696947
2 492245 492244
1 1106764 1106765
2 206316 206315
2 921152 921151
1 509951 509952
1 400120 400121
2 1180778 1180777
1 1695105 1695106
1 349882 349883
1 291264 291265
1 1533113 1533114
1 1429208 1429209
1 2004 2005
1 1703518 1703519
1 1513927 1513928
2 1996604 1996603
1 1771645 1771646
1 726440 726441
1 1009834 1009835
2 65021 65020
2 1899832 1899831
1 547484 547485
2 133091 133090
1 768357 768358
2 600991 600990
2 1197578 1197577
1 1388458 1388459
2 555160 555159
1 1660875 1660876
1 205891 205892
2 332945 332944
1 1615182 1615183
2 687606 687605
1 1379530 1379531
2 892662 892661
1 1665518 1665519
2 1605455 1605454
2 42296 42295
2 942786 942785
1 164928 164929
1 1237222 1237223
2 231637 231636
2 406686 406685
2 116104 116103
1 214871 214872
2 1579031 1579030
1 309048 309049
2 1742724 1742723
1 844602 844603
2 409239 409238
2 207425 207424
2 1997137 1997136
1 1476837 1476838
2 1745807 1745806
2 539281 539280
1 1068942 1068943
1 1563458 1563459
1 539531 539532
2 349595 349594
2 1722499 1722498
2 40204 40203
1 1537920 1537921
1 1933778 1933779
2 1066643 1066642
2 1587798 1587797
2 158816 158815
1 1175459 1175460
1 1241247 1241248
1 813385 813386
2 1537775 1537774
1 1914893 1914894
1 1147575 1147576
1 1352218 1352219
2 517004 517003
2 401395 401394
2 1570063 1570062
2 1894033 1894032
2 655982 655981
2 1838811 1838810
1 1494272 1494273
1 100306 100307
2 1916183 1916182
1 163875 163876
1 59830 59831
1 1104738 1104739
1 935296 935297
2 604093 604092
2 1123313 1123312
2 577156 577155
1 993758 993759
2 50160 50159
2 106487 106486
1 1589946 1589947
2 629960 629959
1 366942 366943
1 173046 173047
1 1831143 1831144
1 538334 538335
2 1745244 1745243
1 1798614 1798615
2 1678122 1678121
1 93531 93532
1 1139482 1139483
2 629838 629837
1 1781395 1781396
1 1991406 1991407
1 1029489 1029490
1 621755 621756
1 1058589 1058590
2 1399362 1399361
1 1935231 1935232
1 1293475 1293476
2 1963003 1963002
1 270614 270615
1 748302 748303
2 599398 599397
2 855999 855998
2 790457 790456
1 1180091 1180092
1 1781376 1781377
1 995988 995989
1 1146950 1146951
1 464005 464006
1 1883801 1883802
1 1950505 1950506
1 280512 280513
2 740401 740400
2 576902 576901
1 390729 390730
2 656456 656455
1 987640 987641
2 1492270 1492269
2 293383 293382
1 144072 144073
1 1080362 1080363
1 1218674 1218675
2 548904 548903
2 762016 762015
1 1813103 1813104
2 1714508 1714507
2 1434193 1434192
1 1074578 1074579
2 1870661 1870660
2 136385 136384
1 549727 549728
2 42304 42303
2 1695015 1695014
2 1291085 1291084
2 1520345 1520344
2 1314900 1314899
1 1117680 1117681
2 1523357 1523356
2 1713269 1713268
1 1740307 1740308
1 672650 672651
2 190651 190650
1 375465 375466
1 383483 383484
1 120618 120619
2 1978082 1978081
1 756495 756496
1 338558 338559
2 1433653 1433652
2 1361366 1361365
1 202668 202669
1 1145678 1145679
1 1579227 1579228
1 1536790 1536791
1 492431 492432
2 242395 242394
1 720629 720630
1 1684753 1684754
2 115430 115429
2 1191896 1191895
2 1987505 1987504
2 1684231 1684230
2 803625 803624
2 1481438 1481437
2 1747132 1747131
1 1570080 1570081
2 895127 895126
1 197753 197754
1 937362 937363
2 1669451 1669450
1 187488 187489
2 1902764 1902763
2 1434613 1434612
2 1074464 1074463
1 339419 339420
1 1742520 1742521
1 1106097 1106098
2 431796 431795
1 117422 117423
1 1219355 1219356
2 1114310 1114309
2 55620 55619
2 386441 386440
2 1201889 1201888
2 64021 64020
1 800275 800276
1 1162571 1162572
1 1960910 1960911
2 1583014 1583013
2 590107 590106
2 953834 953833
1 919043 919044
2 642447 642446
2 786302 786301
1 1656461 1656462
2 1692602 1692601
1 1029186 1029187
1 1056589 1056590
1 816576 816577
2 1403941 1403940
2 13452 13451
1 680393 680394
1 1200429 1200430
2 1112075 1112074
1 222809 222810
1 34217 34218
2 1267883 1267882
1 834375 834376
2 1486623 1486622
1 1153356 1153357
2 1026430 1026429
1 1363600 1363601
1 660336 660337
1 1910578 1910579
2 865132 865131
2 1357698 1357697
1 85066 85067
2 88320 88319
1 1158105 1158106
1 1847896 1847897
1 1902938 1902939
2 1816446 1816445
2 318738 318737
2 904645 904644
1 419383 419384
2 230255 230254
1 157427 157428
2 1548732 1548731
2 1125873 1125872
1 81219 81220
1 522891 522892
1 1298016 1298017
1 1930550 1930551
1 1159303 1159304
1 462692 462693
2 1863357 1863356
2 1152067 1152066
2 1328882 1328881
2 142064 142063
2 752525 752524
2 341325 341324
2 1358213 1358212
2 1764636 1764635
1 442333 442334
2 1176605 1176604
1 1917970 1917971
1 1337499 1337500
1 958752 958753
2 464967 464966
2 1424824 1424823
2 170078 170077
1 647203 647204
1 504253 504254
2 559908 559907
2 1752942 1752941
2 72870 72869
1 1191990 1191991
1 406015 406016
2 800865 800864
2 579523 579522
2 720569 720568
2 888861 888860
2 900320 900319
1 134881 134882
2 275339 275338
2 1186333 1186332
2 1301601 1301600
2 697507 697506
1 397596 397597
1 352617 352618
2 179952 179951
2 875072 875071
2 615934 615933
2 60738 60737
1 1829887 1829888
2 888800 888799
2 1460737 1460736
1 1420446 1420447
1 1834204 1834205
2 653708 653707
1 1904190 1904191
2 1224563 1224562
2 918234 918233
2 1717069 1717068
1 1176503 1176504
2 1511780 1511779
2 485123 485122
2 267655 267654
2 1990174 1990173
1 638543 638544
1 886591 886592
2 1828127 1828126
2 437957 437956
1 1475416 1475417
2 1283823 1283822
1 555513 555514
2 1577508 1577507
2 271572 271571
1 341735 341736
1 1503516 1503517
1 1116404 1116405
1 1898551 1898552
2 181065 181064
1 1197580 1197581
1 101234 101235
2 1605949 1605948
2 1836239 1836238
2 633665 633664
2 433929 433928
1 990230 990231
1 1215079 1215080
2 1782850 1782849
2 1879409 1879408
1 1419277 1419278
2 45020 45019
2 1194350 1194349
2 1110557 1110556
1 427374 427375
2 1603253 1603252
1 1152608 1152609
2 80471 80470
1 145362 145363
1 1606357 1606358
2 1698070 1698069
1 341610 341611
2 1261879 1261878
2 1410242 1410241
1 1432993 1432994
2 902233 902232
1 1544617 1544618
1 1244825 1244826
1 1180898 1180899
1 1548991 1548992
1 1309265 1309266
1 1218439 1218440
1 264892 264893
1 1992148 1992149
2 19896 19895
1 62283 62284
1 277631 277632
1 1106068 1106069
1 1949771 1949772
1 1109648 1109649
2 596634 596633
2 805545 805544
1 1563252 1563253
1 701171 701172
2 641646 641645
2 673347 673346
2 1799503 1799502
1 1621401 1621402
2 486974 486973
2 859360 859359
1 461897 461898
2 1780181 1780180
1 596267 596268
1 143763 143764
1 837241 837242
2 1194037 1194036
2 218783 218782
2 1806666 1806665
1 1837225 1837226
2 1013905 1013904
1 1941223 1941224
2 1597743 1597742
1 69974 69975
2 1687200 1687199
2 990099 990098
2 1936023 1936022
2 534301 534300
2 838979 838978
2 9895 9894
2 884170 884169
2 352955 352954
1 1127235 1127236
1 899743 899744
2 1861630 1861629
2 1537106 1537105
2 8291 8290
1 1041299 1041300
1 229553 229554
2 1315845 1315844
1 1286194 1286195
2 170737 170736
2 270374 270373
1 1624963 1624964
2 1638295 1638294
1 1463785 1463786
2 1583277 1583276
2 218846 218845
1 1276748 1276749
2 483729 483728
2 729503 729502
1 56316 56317
2 1278618 1278617
2 1386360 1386359
1 142140 142141
1 1828849 1828850
1 1364712 1364713
2 13905 13904
2 612458 612457
1 917689 917690
2 734054 734053
1 1358717 1358718
2 1126373 1126372
1 216477 216478
2 619005 619004
1 1701969 1701970
1 717218 717219
1 44157 44158
1 958858 958859
1 1859049 1859050
2 1623125 1623124
1 49693 49694
1 1853211 1853212
2 981666 981665
2 701893 701892
2 1032555 1032554
2 251207 251206
1 528895 528896
1 50824 50825
2 1382030 1382029
2 98068 98067
1 940163 940164
1 210985 210986
2 390147 390146
2 163060 163059
2 754356 754355
2 399875 399874
1 689123 689124
1 503290 503291
1 1933322 1933323
2 1841981 1841980
2 1417662 1417661
1 1130616 1130617
2 1968525 1968524
1 1805691 1805692
1 1825081 1825082
1 277492 277493
1 1501662 1501663
2 1721511 1721510
1 473860 473861
1 1337911 1337912
1 710414 710415
2 700995 700994
2 1476078 1476077
2 267177 267176
1 468389 468390
2 182841 182840
1 1869617 1869618
2 138766 138765
1 236135 236136
1 170596 170597
2 168137 168136
2 177222 177221
2 1580100 1580099
2 990004 990003
1 1124377 1124378
2 1363939 1363938
2 673092 673091
1 659052 659053
2 1633021 1633020
1 1702644 1702645
2 626017 626016
1 1614745 1614746
1 700166 700167
1 1298229 1298230
1 742057 742058
2 937763 937762
1 509820 509821
1 317954 317955
2 1333204 1333203
2 1214654 1214653
2 1750219 1750218
1 1608013 1608014
1 1930802 1930803
2 304848 304847
2 1815352 1815351
2 1131843 1131842
1 1299552 1299553
1 771988 771989
1 1182158 1182159
2 1245527 1245526
1 1824358 1824359
2 981548 981547
1 1545294 1545295
1 163111 163112
2 1082514 1082513
1 605512 605513
2 488568 488567
1 1250360 1250361
1 1145335 1145336
1 1641198 1641199
2 930779 930778
2 1050591 1050590
1 779977 779978
1 891618 891619
1 312163 312164
1 145575 145576
1 302968 302969
2 719429 719428
1 1973773 1973774
1 1565643 1565644
1 1743089 1743090
2 951792 951791
1 1356626 1356627
2 1294190 1294189
1 622071 622072
1 1820526 1820527
1 361140 361141
2 110235 110234
1 1967723 1967724
1 792804 792805
2 848615 848614
1 1214893 1214894
2 351180 351179
2 1331212 1331211
2 1904802 1904801
2 929731 929730
1 1331217 1331218
1 559651 559652
2 524782 524781
1 1528534 1528535
2 1451270 1451269
2 554091 554090
2 1800192 1800191
1 1637694 1637695
1 1859135 1859136
1 1826448 1826449
1 1758654 1758655
2 1136048 1136047
2 1086409 1086408
2 713025 713024
2 354182 354181
1 1665297 1665298
2 1338669 1338668
1 309357 309358
1 196943 196944
2 871235 871234
1 1890745 1890746
2 1970923 1970922
2 1653050 1653049
1 1286595 1286596
1 1381229 1381230
1 1321403 1321404
2 615833 615832
1 270775 270776
1 1195763 1195764
1 1041004 1041005
1 542508 542509
2 613074 613073
1 27099 27100
1 1026635 1026636
1 485465 485466
1 1683885 1683886
1 1467920 1467921
1 1460222 1460223
2 1963583 1963582
2 89067 89066
1 93144 93145
2 323250 323249
2 219733 219732
2 1846983 1846982
1 1552115 1552116
1 578436 578437
2 920264 920263
2 1711277 1711276
2 1186802 1186801
1 459216 459217
2 867176 867175
1 907600 907601
1 184002 184003
1 1996616 1996617
1 1641367 1641368
2 715805 715804
1 128032 128033
1 1526030 1526031
1 1769528 1769529
1 1008007 1008008
2 1107221 1107220
2 1886181 1886180
1 1978538 1978539
2 369003 369002
1 1738449 1738450
2 1952968 1952967
1 827849 827850
2 1628353 1628352
1 554357 554358
2 1514199 1514198
1 584055 584056
2 1536969 1536968
2 353088 353087
2 713922 713921
1 220888 220889
2 1224885 1224884
1 935061 935062
1 1410723 1410724
2 305053 305052
2 1600756 1600755
2 775136 775135
2 1656254 1656253
1 1767933 1767934
1 543905 543906
2 1244746 1244745
2 923889 923888
1 997637 997638
1 1895357 1895358
2 592907 592906
1 867277 867278
1 1202387 1202388
2 1394028 1394027
1 1693620 1693621
2 914842 914841
2 1162333 1162332
2 1991375 1991374
2 115330 115329
2 1909508 1909507
1 238276 238277
2 1428613 1428612
1 12560 12561
2 833563 833562
2 596961 596960
1 80869 80870
1 1045293 1045294
1 1782864 1782865
1 1594415 1594416
2 1980577 1980576
2 280010 280009
1 877435 877436
1 186780 186781
1 669736 669737
2 1662576 1662575
2 1804107 1804106
2 1288824 1288823
2 70212 70211
2 1633942 1633941
2 1094058 1094057
2 1863309 1863308
2 1672748 1672747
1 307980 307981
2 1816873 1816872
1 1428956 1428957
1 857548 857549
2 1970616 1970615
2 491246 491245
1 1761343 1761344
1 106285 106286
1 155774 155775
2 49525 49524
2 1393543 1393542
1 1470088 1470089
1 1716791 1716792
1 1467337 1467338
2 579825 579824
2 350331 350330
1 354802 354803
2 1642751 1642750
2 323991 323990
2 1485913 1485912
2 35173 35172
1 1442945 1442946
2 487427 487426
1 711369 711370
2 336650 336649
2 806632 806631
1 575046 575047
1 1990089 1990090
1 1344633 1344634
1 1981780 1981781
1 250353 250354
2 1184738 1184737
1 612479 612480
1 419629 419630
1 237820 237821
1 63799 63800
2 128302 128301
2 108428 108427
2 909380 909379
2 246856 246855
2 1445907 1445906
2 191182 191181
1 998923 998924
1 1380164 1380165
1 1810925 1810926
1 284434 284435
1 441381 441382
1 741241 741242
2 1537552 1537551
1 1518215 1518216
1 1862938 1862939
1 913313 913314
1 123493 123494
2 562984 562983
2 1990101 1990100
1 889226 889227
2 1774330 1774329
2 1947416 1947415
2 1312833 1312832
2 1036948 1036947
1 147031 147032
1 1194509 1194510
1 1556824 1556825
1 1534745 1534746
2 99807 99806
1 411241 411242
1 1995548 1995549
2 876176 876175
1 1980384 1980385
1 833554 833555
1 132138 132139
1 1368019 1368020
2 249348 249347
1 753178 753179
1 1998456 1998457
2 1880970 1880969
2 267038 267037
1 1641030 1641031
1 1466265 1466266
2 542296 542295
1 779630 779631
2 1430964 1430963
1 380321 380322
1 560494 560495
2 703062 703061
1 1994016 1994017
2 1353997 1353996
1 663900 663901
1 1497108 1497109
2 1356949 1356948
2 905743 905742
1 1770512 1770513
2 1579311 1579310
1 1913780 1913781
1 1928569 1928570
2 1281896 1281895
2 629160 629159
2 779964 779963
1 7257 7258
1 86794 86795
1 1789567 1789568
2 763547 763546
2 424156 424155
2 1963192 1963191
2 599796 599795
1 52122 52123
2 1555068 1555067
1 328284 328285
1 1324716 1324717
1 1833215 1833216
1 1732851 1732852
1 166811 166812
2 1548046 1548045
2 1884339 1884338
1 1177639 1177640
2 1031884 1031883
2 865397 865396
2 1984354 1984353
1 415043 415044
2 970530 970529
1 1767947 1767948
2 100508 100507
1 658062 658063
2 1649469 1649468
2 1493119 1493118
1 373992 373993
1 1689639 1689640
2 167047 167046
2 131109 131108
2 22158 22157
1 595764 595765
2 545088 545087
1 1512664 1512665
1 1019212 1019213
1 162474 162475
1 561686 561687
1 1219188 1219189
2 1625079 1625078
1 410241 410242
2 1687767 1687766
1 1209874 1209875
2 523543 523542
1 1987578 1987579
2 1443621 1443620
1 1889443 1889444
1 879840 879841
2 162769 162768
1 711782 711783
1 1910219 1910220
1 1820212 1820213
2 1769137 1769136
1 1401885 1401886
1 380734 380735
2 473455 473454
2 1342216 1342215
1 1201606 1201607
2 1273947 1273946
2 1504049 1504048
2 201530 201529
1 759796 759797
2 730254 730253
1 1888368 1888369
2 209290 209289
1 1402688 1402689
1 192188 192189
1 723276 723277
2 1513445 1513444
1 1536972 1536973
1 691386 691387
1 883663 883664
2 1765407 1765406
2 211236 211235
1 1346772 1346773
1 55069 55070
1 626643 626644
2 140860 140859
1 1630786 1630787
2 573604 573603
1 459820 459821
2 1435014 1435013
2 809268 809267
1 234217 234218
1 1700389 1700390
2 890502 890501
1 1655916 1655917
1 1534329 1534330
1 1244229 1244230
1 376025 376026
1 489670 489671
1 737522 737523
2 780426 780425
2 127037 127036
2 1038349 1038348
1 142602 142603
2 86574 86573
2 30535 30534
1 1454747 1454748
2 1316109 1316108
1 590854 590855
2 1540950 1540949
1 1987819 1987820
2 1177116 1177115
2 157477 157476
1 1612336 1612337
1 1121532 1121533
1 40786 40787
2 1472884 1472883
2 1164501 1164500
2 173560 173559
1 1180068 1180069
2 932011 932010
1 12612 12613
1 1371969 1371970
2 1583849 1583848
1 325085 325086
1 1503602 1503603
1 588153 588154
1 185774 185775
1 100527 100528
2 40689 40688
1 1937809 1937810
1 669109 669110
2 1922327 1922326
1 604045 604046
2 1435825 1435824
2 1142243 1142242
2 1969749 1969748
1 1276391 1276392
1 1178484 1178485
2 1007382 1007381
1 1919488 1919489
1 81313 81314
1 1838618 1838619
1 1032327 1032328
1 1379367 1379368
2 104521 104520
1 986886 986887
1 1399341 1399342
1 444139 444140
1 841579 841580
1 1138722 1138723
1 232364 232365
1 1999899 1999900
2 1422761 1422760
2 1855422 1855421
1 548553 548554
2 466088 466087
2 1843817 1843816
1 583236 583237
1 1704833 1704834
2 153066 153065
2 632920 632919
2 1156730 1156729
2 144198 144197
1 189817 189818
1 598235 598236
1 198923 198924
2 1009616 1009615
1 1633017 1633018
2 1897808 1897807
2 1124982 1124981
1 1544699 1544700
2 1214924 1214923
2 921776 921775
1 1596211 1596212
1 792568 792569
1 75148 75149
2 588346 588345
1 171170 171171
1 1349182 1349183
1 1095649 1095650
1 785505 785506
1 792603 792604
1 216565 216566
2 577970 577969
2 1649359 1649358
1 1578505 1578506
2 383160 383159
1 1676985 1676986
1 486300 486301
2 1435507 1435506
1 1295686 1295687
2 1011055 1011054
1 1980849 1980850
2 1703851 1703850
1 1838676 1838677
1 259882 259883
1 168076 168077
2 1725342 1725341
1 998448 998449
2 30665 30664
2 1336987 1336986
2 484211 484210
1 440199 440200
1 72557 72558
2 228307 228306
2 9538 9537
1 1965198 1965199
2 1072842 1072841
1 302175 302176
2 1491501 1491500
1 980737 980738
1 921546 921547
1 1884625 1884626
1 404961 404962
1 557154 557155
2 190338 190337
2 1681590 1681589
2 594745 594744
2 96881 96880
2 300299 300298
2 1781760 1781759
1 269681 269682
1 392517 392518
1 149098 149099
1 284455 284456
1 997267 997268
1 1690428 1690429
1 829480 829481
1 706906 706907
1 686278 686279
1 964300 964301
1 469379 469380
601077 1063546 1146389 931548
1209966 224012 1416187 999999
77448 1377589 589366 164475
1371523 626813 289414 1171166
628957 1751377 1714201 1662750
1561849 563626 57818 1428594
1752405 1870828 431373 1246493
16063 1674863 667612 1122520
1810898 519513 1729219 579480
434280 766614 1476574 520011
298598 889252 1658926 22207
1894454 883123 1782540 291862
1997757 182945 739968 1058150
1238921 946238 267755 1284531
257031 148377 213504 898559
1493587 1218461 1813092 1479430
1477152 343305 1947524 1730464
819102 77326 1247631 738047
1110053 1025528 1521887 151239
1483544 1809925 1478572 1885452
201599 1299531 176565 395845
1175104 893400 763752 1099142
1269160 1609606 1949314 1087459
108736 815756 369344 962275
1036304 572428 1734766 1950956
1325781 1655669 569674 1190668
101619 1737831 791835 1427952
566467 113211 1516592 251971
918094 74231 1048074 1017805
1206154 362374 388750 534713
1784366 1983403 203131 1293480
186833 1643027 20980 898959
275314 1708504 1922306 1006856
1295684 1884486 800550 1548837
766432 1562848 848212 1464026
1315350 1595456 1315431 1544421
289048 1018936 1041270 754937
1045017 7448 1872795 1070180
218402 857543 1280746 1711340
187075 1382993 1161758 1143091
1920567 30977 1376483 367781
1074981 1628392 1868122 1401438
815159 1334293 1487384 1834748
1575652 649641 1285537 829492
764923 517909 1877677 1647115
137317 693807 1841566 1876739
64891 254875 128661 1582258
1337657 728622 1294366 411950
983213 424978 1997818 1362734
1284126 238846 986888 181716
1097638 1832798 1685507 539641
311634 1306635 1678999 922396
1921452 206656 517990 1699969
1251471 176051 1523805 381319
64336 1983849 938697 330889
1469671 1494509 230492 67002
1277854 1999903 1387635 1321778
1232379 1996116 1012552 1123167
107073 432525 1466389 767187
727100 1533562 1981251 523386
385076 953201 1382308 1286071
1938587 1848216 1670076 1513195
1988015 751550 583748 1343623
1851178 1240796 1536841 949100
1787876 1147612 540426 839170
234967 411516 186984 531265
1851899 266259 711208 383877
657378 566225 1253206 542683
1460854 131387 608594 1272974
811005 768700 464570 385448
1636858 947431 444765 721342
260297 960174 237855 341058
1923791 992456 678108 259579
638230 1181087 1490339 313640
1899323 1226314 1257338 336365
725218 935097 1866326 612936
623032 1620696 722348 1943344
1847073 1967408 1961486 131303
1538662 1208495 1154832 1719576
1800225 1652848 1182925 1750277
698173 1687572 806658 570252
1708656 457282 705162 920977
1273830 1278312 1290055 1409179
940808 1460719 85391 1056839
700271 1228056 9985 1099669
1403862 352769 1818117 448472
1164132 98930 1139630 752216
584014 1398101 448805 1854961
1341243 1145841 943202 119645
86861 1014486 1655745 637712
769328 977285 575091 885869
526568 1450891 855033 753151
341240 1337832 1657631 906876
1905406 1315143 1275076 1915817
353200 1498627 282187 574368
1122798 837731 630020 1145431
1572941 1884356 1823462 1246920
1104527 1476112 951326 1888335
950756 1541621 595169 8504
1282640 395471 1316086 1160897
970453 713954 1018008 1312821
1333308 1918903 1604859 1653393
441361 1755964 620225 1025369
1196329 460483 319944 1267525
964761 324340 1167727 1821516
1097749 16541 1927921 865022
1758057 1797342 842185 1346868
1655526 1181618 382360 1074259
899957 183539 579607 1010483
1615007 1685391 1626550 1270223
1359501 1728956 173997 1681998
1482599 570452 1468806 218941
1755707 915009 1873324 1210361
1372137 1329400 187141 295330
1097510 1810401 1760763 1053106
121503 836697 1784954 1786533
31624 693744 467767 507600
1448132 1583133 1836220 1970849
1705077 1459236 591929 556601
1104636 1758618 1174884 1335913
313036 777302 1870920 1668846
1429787 1837277 574734 268498
1872454 1779134 1436556 1332028
1208489 1254748 471533 743042
1016946 1623640 1662128 1034725
846009 1632925 1869051 1251542
5490 1916377 1329579 1151323
1190166 539953 1473798 631449
1359068 475280 1734283 361338
1908665 1286322 1048450 1952313
1052817 227884 1306336 1913679
362391 1839994 1774093 565295
597023 1978575 704710 1346903
1475440 1868589 1195406 237438
458909 457868 1817497 1323780
120596 1406197 1648049 1422264
1279464 228803 238812 1169965
1503243 51984 786826 290755
1941589 1487312 86422 1351050
27709 1446481 993756 1682492
743341 391397 1872489 1801660
1974161 811667 1029089 1773691
234210 1765473 1134234 432608
1926187 1324262 689757 11484
1463132 392441 68597 1771173
1732595 526049 679780 1920711
1195229 1897047 1498405 1029755
783308 918211 1822151 528408
1164855 1413883 1295177 787060
682496 847244 1533882 1912584
418613 1848913 102016 41997
118685 1671331 1756304 1992580
1712594 233533 4805 565077
1054687 536280 860687 1537952
198387 1962190 345860 1756193
728837 982875 762348 165459
340049 1950305 1763325 1496104
687085 629258 1204933 1784480
545920 76116 672820 231436
1788738 1132608 956931 480158
1518857 49692 832415 1339247
160853 1158349 1133562 1991468
1533574 418718 1507021 560221
1856172 1674641 1515379 1369112
1685226 670062 1772992 1870334
1587567 563713 894586 732255
954948 178296 430760 1784913
1862725 1500778 897606 433148
417353 1924996 1323043 973662
686337 704845 144591 800898
1327823 23667 1429136 785475
1344112 512843 1599320 1751480
743787 1965055 843993 529118
790236 1212659 706594 962172
635839 33757 1096921 1079697
1039269 1457349 409231 1589758
1679025 1822666 71502 1721975
664428 1318618 121437 1175329
960866 300535 142088 1745282
1404818 893905 1783239 1224930
1071519 204224 1612305 1969846
721319 494539 1254987 937462
626448 752870 1333493 1629253
334556 1963367 1246534 888254
1891225 1321785 1428725 203299
1319074 1590674 34047 597424
179135 1948775 713110 1691938
1454016 176952 547701 253962
1871614 340620 536812 69774
1429428 408309 1535602 224087
268632 1593891 1166327 1361305
1161597 1556610 1250074 32481
989587 339154 1969899 893982
1742403 144540 340814 850203
369657 1725556 681692 1581056
461954 186581 245926 272959
949162 1571777 353132 1723728
579779 1681444 610898 1859879
946106 844772 1602848 1466327
659373 1197316 1309733 901532
276642 1138467 1770155 430912
1674397 1120327 88763 184051
1412003 233442 1015577 1441565
452159 1307212 1865430 602814
1548961 945189 1126939 997408
44821 1072918 1140707 800905
1547807 1558717 172841 374238
1526491 1300852 1059068 525490
1317688 580734 1975917 339863
1545160 557826 132764 1598089
770682 242797 1165887 1541295
1643596 42921 1323315 1913501
1840134 1486208 253158 668505
246119 1070869 746063 1071081
78571 1582861 1329770 1249804
501894 1519850 1093211 359937
1947438 1300147 854890 844533
553313 1340311 1855923 1401848
80687 916881 913490 1587276
737379 1335224 284442 1826196
1297592 1288767 341333 1922666
472091 360524 1269184 1503732
507701 241849 1009982 1111189
858912 1887938 115580 969004
1460096 1347554 845881 553702
778155 1237158 366858 347521
611011 1306251 1706538 636821
1213189 1016766 1034614 1428665
304714 1309517 597995 296595
1453909 1751597 1393475 1680058
1765590 843596 1796563 1423257
1867001 632249 581896 469095
188419 707756 1359646 1858982
1963682 1754668 1154654 1707966
1748903 696589 1334356 418933
1979701 698482 1143597 1625505
45090 390418 666618 1041974
1890584 240293 1755808 929986
533901 79701 1298903 462562
849270 309915 1873036 192437
557689 864273 692270 2087
1948683 123028 1457411 1329747
272317 1234637 1190511 1816300
245469 1677562 1285455 1400645
39554 92186 21417 1238462
58169 1226503 767544 223079
388628 1026941 956471 556076
1829630 1493175 219790 1881882
301384 1515869 753826 595930
793831 933157 8342 1772081
860242 1335731 1970906 415996
694366 91518 625567 542336
489404 1281077 1594378 584347
42921 1838997 1861108 600919
735923 1185438 1760714 735173
236312 405928 1902597 420120
703419 489391 1331523 478106
1357012 987723 1481446 1634800
1440468 1561348 388670 1882850
324723 1827256 1695524 157640
367864 1626072 1268964 309241
1029419 817651 1016371 1182188
1572564 1505543 970933 159643
1545396 1839393 985295 1942204
456168 268772 1098359 983058
1296095 56311 1901027 733187
634819 191410 439735 536315
766918 1169786 1008229 213720
1896807 1347885 1655974 1917195
412724 788338 950059 438292
885983 817909 1054601 1124933
908627 1928369 1845592 1636336
174394 1016876 1679448 627264
471198 143935 1004629 1370611
115332 1775830 1713394 917162
1618614 1970682 764853 269230
564175 1674743 900247 1832777
331382 1131515 1341180 982952
84997 731886 1305325 892597
570447 1936855 750822 666452
571583 345080 822709 25466
948126 211899 1816397 1387865
528598 1250828 661137 1378394
16798 333097 1292284 1050818
1634973 466891 1414938 288447
1300844 320644 1085991 80328
1080633 348269 1663403 456605
1847899 247714 623469 1003775
743777 449833 175470 831549
1758707 756580 1780780 744449
1437847 862540 1808833 1799566
487945 1569553 1758847 995653
123654 1139783 798309 570508
1914871 1721978 129570 1808980
521539 1322124 1069289 409725
1965769 93025 392160 223969
1835392 1735032 1084013 1475678
123272 1198724 917956 1039251
432892 254474 941277 1816240
832957 1181018 1508031 1811107
1745165 567839 938825 1063355
407315 857631 1873431 1961416
332605 268320 1254689 293174
164496 951346 551511 455591
89213 1270461 1088 245107
421921 1597369 1841018 988662
352942 746761 821628 908246
485431 503756 336871 258893
720543 181692 366586 413405
532310 424950 1851635 703332
1920162 1381699 1431339 1895435
693223 636224 787818 1417712
64941 1424605 1783831 619808
1715205 619302 1774678 1351312
1332829 1830849 942650 1299338
606381 1233071 1012705 1202935
1594221 371837 35141 1465809
1811584 1907791 356205 1544891
1241618 1612599 70339 134018
586653 182192 981032 1748358
150927 1927092 1522470 1406693
1815326 1849418 1297488 443242
1752157 1965189 627454 1192861
1401325 1152401 312239 365489
149298 259470 1024794 431160
421314 598308 1165488 1076956
964007 1955608 511678 879740
1864720 1755533 883330 520877
1989694 834940 1360580 695096
766698 1168140 18343 1280965
1094363 1922196 1840175 1436743
1268264 1349918 627686 1540981
183110 176304 938785 1873217
1729004 509596 1598257 1570557
1427292 611514 1121191 741591
476157 1462723 1405910 1615305
1093135 546795 1221549 1131936
1413771 876431 666287 1818047
1019553 1521860 1032701 903765
1511164 4024 1873450 1793951
958408 235319 764172 656391
805641 756459 33751 1688396
654492 931105 131237 1018684
749341 1918761 268463 339101
1728881 519014 1352720 1918044
140851 954675 1207770 1936425
631864 145361 619426 1404461
1151968 1230823 1768351 1422813
1469781 879495 1585637 1114854
1152560 904567 362686 202884
1860031 1365679 1811803 1425907
659379 1960894 1970209 1677637
616770 797809 816778 556128
1583855 847722 757404 852745
1209973 298832 655997 1174374
987186 243001 68948 1448765
75408 1793060 1469317 1390549
285638 1959641 686958 1377034
425610 351584 980873 807667
1816323 1079088 1170593 423802
243817 1674258 714007 641845
1698165 1267796 1190221 1415604
1733669 936293 952408 1964152
1252777 1511181 604586 1568910
239644 1018463 364214 1324696
1996804 1185632 1821095 1925089
1166603 846696 1186127 505793
35324 477856 1815170 833034
717030 1477480 1139520 1039204
1371606 1320731 401562 1470173
1170077 96728 1489663 481670
1726375 1452590 462072 1455769
926680 956102 1856317 1063867
1489143 1934026 1559511 1639778
883441 1321902 1484532 1993010
1440084 1116201 1406470 497729
378386 606431 1456296 1307869
1529254 741396 1119224 1266865
965348 656307 1585805 1302409
1172652 677619 439818 994321
155378 1809964 640823 917144
1847421 1637391 736024 1180812
1708106 1934214 915657 1557208
1298061 406448 882849 662221
1590996 825495 934318 1482578
862977 1393611 667676 1032262
1106183 1001175 1929637 429622
308732 136061 1697083 801479
238293 1958481 1623308 1232076
1523240 918098 997444 23618
17823 77735 820731 1331832
1916438 1064478 1437167 1706363
1063628 1676244 906051 1930647
1687003 1604627 966217 1838533
311571 338397 675115 1986260
1335340 1441004 1635906 296234
1887028 956729 1175120 996420
1825221 1671785 800908 1731616
1178332 1963771 245890 1305515
42895 1582468 1687881 407274
855871 1961270 286027 1854627
77537 1908998 1263311 723796
326451 1068137 571001 985887
1349067 617561 993910 241216
935077 910196 90587 1734120
849974 820218 149624 895716
89257 344963 583991 186045
8191 1423884 1045716 259663
1133827 356903 1151320 299131
1121944 1261796 1689504 1701447
1725488 1930332 1258674 772224
730189 1838810 1774032 110613
400762 962851 948440 283144
1769587 1715321 815805 960471
508131 1402115 1461883 1376486
1909237 1028999 703144 1077783
1225618 1619931 621267 128998
1982756 28999 239666 687084
1186723 1556169 520653 1318641
538782 1067996 1177808 83209
83732 1852233 128963 585778
287018 1326244 1837601 791712
689758 1728828 1966512 1877597
368951 1932977 13468 1189312
1259043 964750 50253 806139
413236 844146 1293013 476754
673624 517252 1514748 1332115
1964705 1639588 922921 900892
1501784 360262 575939 952075
1941949 898939 1220093 165031
86103 1576502 1475921 212843
1270428 1652771 306304 385726
1126766 1309157 1719391 311916
1865610 1304721 370341 1981803
1840032 512104 8522 1120173
254013 776513 1427942 128253
873493 1747832 1436273 1873305
1055246 222511 139178 1537070
1784678 1859716 1112370 344888
566613 1976881 858372 55676
1543725 15175 13580 653975
823950 1458772 794719 1131565
1403058 1346303 1359635 1845734
928754 1737180 1794801 841716
394418 726655 341556 1164929
1250717 1231676 1408595 1278110
1067690 153422 42910 481092
965055 1749456 225478 1993079
1164809 974688 1388487 1049783
614313 1650837 1572727 297349
522106 426672 1302367 1624437
934215 340923 792558 1617880
1876774 1567807 978605 521234
1678739 571098 234365 201923
634698 1957748 1792101 494116
838425 1734341 330230 562486
826387 178423 1515248 1299389
1939872 730901 583928 244026
72118 937241 1263348 1514604
1648555 845006 1257930 815513
1396233 44561 678488 1681660
1944665 1055987 778476 423685
40331 1822070 1283174 1277750
288827 1412700 1533147 291876
1686288 1665841 971327 1476883
848158 1330111 76762 1368708
836923 1961732 1189065 1578647
1246913 683637 1825423 914376
437813 1498174 965599 148360
840200 1219210 102659 1339613
1438352 1328691 521809 1296039
1892246 194118 298951 545711
1691673 1889018 334501 1527479
375561 902666 1134208 1363079
1767284 1394363 1390939 1818704
540746 587693 1449101 337628
1704450 1418416 1110773 165320
414109 1721259 1161104 439522
1393807 1219188 1852114 1361810
1191135 1062867 701842 1575472
1676078 1145651 8063 1908389
886423 33401 1403744 705776
1548839 140223 939456 1868781
1893344 1886588 297922 1083355
284051 914481 1995805 1868123
218656 1528911 251500 1582169
672124 1305016 250740 1918686
11372 1696489 110277 142266
621924 674064 1923327 605303
499214 1235125 402237 1638155
1472785 64515 1298886 737722
1726346 1100554 1134072 659709
22049 822340 952325 1185624
942898 1469502 1189706 359271
136638 1609860 1685923 209525
724345 1180595 430027 1876641
1894648 1261638 366301 1416720
149264 369306 282531 1741274
1403480 416465 125742 1908005
790726 219709 1933540 1741855
838311 1098338 1944954 925200
86427 1462058 1746340 1445799
764415 269244 836170 1535454
1765345 1254551 1416920 1658195
107493 51762 445810 1661187
361853 1259608 966079 897066
329647 448685 282762 532452
1134947 1366636 389860 1385697
1285530 755782 131858 324546
179229 1413700 650838 47531
957914 1835438 849055 1306136
275378 1863978 1997371 328480
43010 886287 1721776 718686
1582727 236954 111573 486106
1209259 1530651 1909494 694908
1115369 382388 1000151 1949102
883761 1232591 596579 144495
600653 1854385 1553015 907623
40622 279319 168136 863436
87290 1048371 1436194 1734854
512515 1815846 84215 1466439
633801 244881 632892 1757783
1290472 1716627 1406642 1702850
12684 1958934 1057790 48294
1824272 811422 1068440 653259
1837148 1825577 44314 900100
195727 563537 67796 1108282
611333 542735 1334696 1641541
838467 1799350 1418557 1116501
633437 1108641 147026 1095605
1307412 1639155 941571 210662
1999468 40236 318893 818301
1383962 1609794 74606 1065830
426981 1224876 59614 446818
1825637 1367761 1934203 294698
554907 498159 1326616 1820853
1748294 411479 683211 1482609
1960250 1233062 1530738 1433460
61122 399142 93303 1656073
1289728 168634 1091812 480532
1746161 467212 1786246 1129249
36798 1672227 78655 1064073
904793 296931 1187423 834967
195620 479276 232715 1853867
851261 419816 151199 1913216
1179194 1530393 350871 1186059
918409 1731858 1296795 1681844
376324 1773254 764593 1239044
608680 1071891 1682509 1723818
990187 1484799 581962 1212128
1427519 1878549 979980 724351
1105627 302228 70225 1968831
269745 719067 900572 857357
1137196 450354 820628 1823318
56481 593549 1887061 1061465
786588 959843 1297504 1364630
1446571 51295 522468 1271444
1605858 448582 1358588 1878490
1294619 18311 1851842 1449657
466597 1764396 450375 705694
1772499 107185 1264222 1137424
1440659 847148 1699380 674270
823687 326511 1355485 1043012
1764220 1466874 866676 822551
397591 1629052 1698484 670500
1168125 933591 1000256 574687
61063 1166572 694457 986283
1649703 1162127 1991248 448528
720137 1131673 746986 1450777
509255 1169120 605165 1965324
1121802 1865740 1147997 1829579
670683 779889 1606618 1549689
234166 991437 722064 1464020
1783049 1749293 1863240 89759
1522131 1687047 1279160 1780065
1881004 1244836 1973768 66891
1983790 1622196 1764393 671312
1753672 1991308 243477 1289318
713584 859609 1276829 1704943
1492538 1766483 650108 1639386
1995907 367624 463246 1270020
1247467 1763890 402963 492144
858030 177628 1252553 1206757
253356 793522 550563 1879427
1436340 1010394 1322731 949119
1469482 1221162 670285 1421311
1441070 1803713 1907685 364218
76935 1741966 605912 414834
145677 462508 468138 779600
574626 642795 1380047 615905
1069658 784533 476938 685612
356178 1392844 1761318 844228
1092126 83824 1591473 1848810
722832 1928684 148164 389834
406018 1420427 907427 1737996
1460547 1411333 586220 1908056
420794 1716423 445093 646601
968438 1506620 1404819 143470
304586 432301 1192831 811596
1218443 1410881 1705403 1171666
1968711 796340 1500621 164979
1163040 203770 1636369 560352
1631460 1421941 467861 1127637
245992 1183884 1581581 183001
184321 1623338 53413 929547
158567 1807429 1021118 1589662
511382 1594264 901959 793669
1941258 1571308 1624019 778485
556184 1263973 133856 1293685
595234 783402 1739403 152948
727888 187828 1740778 264182
250659 1370261 845473 609547
1554028 1788180 122077 1599905
1947444 1075994 241739 914819
354493 800676 1222068 130817
38141 1149425 1587264 181877
1558142 472145 5313 942705
18421 843559 1394953 147359
456 1294715 1749018 1466966
840026 98527 1206097 139239
880756 782952 452605 1055793
418093 849561 1254513 388868
796783 770965 918197 1408153
1902428 1798930 623778 602097
1439477 1683212 1416440 996524
341538 1773339 867670 1416792
1469649 459902 621685 479849
373073 1487637 1402575 1722970
1141369 1626901 570414 760549
1274592 1345995 1963776 314008
827359 1863620 1386317 1211875
1404633 1306288 725295 946782
566089 1628062 1942360 767583
399896 431829 1975820 272085
249762 1827283 1060779 1293461
619003 1434895 542566 1853521
123279 1878163 804506 1972957
1768620 364900 1456285 1178819
765438 1209239 685047 1812243
1351521 1111000 607181 1161564
426498 1851994 299717 89885
1826951 365229 1763262 520816
1226215 613976 1815650 988974
601425 816732 1335102 1527542
1602727 976809 1658725 1046965
158869 23236 244530 1183876
645353 1726659 191383 774210
1217380 927735 1240317 661211
1017837 788304 1093228 523253
1971056 289093 1963991 549049
683989 1328057 526159 1282783
338330 118246 1673685 636985
328705 1882667 1077603 890609
1845959 1689074 1070478 415279
1917427 806502 1901106 1736138
1566387 1776945 1593676 815389
1225475 1078815 733030 311353
1428090 1973209 1027278 1525192
1661965 999179 865793 1160424
364553 1304490 684316 293642
1408635 969657 386784 151746
1208012 1456711 513940 1963584
553120 1544758 1737030 1878491
501514 1745237 1956339 1413845
896087 73315 619604 1075509
543985 225116 1083174 1357749
1883713 1698657 917375 1856059
133924 413232 536255 746762
1735508 7744 26140 890660
1097006 1043116 221432 570350
1255431 487265 1829327 407810
985790 264316 1592184 1693872
1137111 1835987 1992840 1102252
1882896 181597 678862 1599966
1648701 1965045 382115 263504
678174 539773 1075283 346532
691117 226512 1228962 1958091
716191 987916 1725338 123400
195365 467506 15186 819122
1063807 867735 1571239 1800640
1724916 1764382 781085 1551188
376526 1904366 1208692 1887146
662784 1267167 329196 1731018
607647 1512115 1903277 327149
1953018 1902181 187449 1581432
1993240 1922868 1650210 40242
390856 368421 1156527 1881348
666856 495799 446226 1375869
1927389 569504 474061 1620421
1070369 201573 811524 293612
1238369 1698791 1332725 1586577
832832 689231 437861 832213
580815 1733773 1900216 1873262
1569447 55209 1969145 428060
756364 1771324 173648 1965294
1566797 387351 1575328 1444221
269104 1523617 626766 1036994
1363516 1362108 1464594 1346577
1390468 980109 1251506 1141009
1818036 1626235 1866600 1386533
1004282 567557 1232709 896450
1096362 1181575 1758155 1253714
918281 347242 1440575 99241
1548173 1578978 1936722 1297830
1816935 86193 203296 232333
1728008 1077555 396551 1348994
132035 1023259 398946 593959
355243 645384 463471 627158
1575902 735562 521552 658382
966480 668569 532331 995612
333170 1886502 1303764 1117792
383477 969134 963221 1602361
267836 70916 939516 1725124
807132 553005 615318 1021281
1396441 1192691 594002 1899305
1514159 52479 145629 1887025
769651 1948547 909864 992359
60244 867547 128020 1755754
454633 1554263 1218732 685061
1606200 366738 1102061 510513
1029174 642603 1014400 387659
849622 1921899 1138067 1602183
567624 1665536 704285 1653232
847349 1167844 1016973 950861
575337 1452773 62587 1549425
344051 384490 980879 911940
822902 462150 124302 1645843
1022806 476817 976640 589243
211324 950472 1046447 1927104
1618913 863001 1031543 970154
1991018 1235370 1382692 1451733
1473669 1943808 493699 552620
1341850 331840 1753773 1747866
1970478 1210422 1428035 1719788
87448 808705 1371912 876462
1278628 1344464 1766628 1904609
1692751 1612597 1205201 1152449
1139122 936914 450201 1425191
669453 386012 601171 1574055
272058 930459 980143 708415
470641 1696698 1566013 1711468
601730 1338819 1999945 1108237
1775406 1324503 577623 25374
382494 930556 1994327 643506
1815476 1317703 1573941 465144
1664824 1409806 1920442 1141268
1687742 1825678 665028 1023246
724835 235942 880410 457786
426639 635221 567262 663366
1970193 1595548 1736811 44463
1216754 709127 1481710 576306
1596825 82792 1454674 629790
107095 1275452 18614 441461
1545770 1829675 1875015 1009171
765257 789649 61850 1311430
1007063 192977 366762 1097168
101911 1205008 1295516 1867781
55741 1144144 1879668 201126
548920 788118 1708701 1019256
45224 429209 31904 268429
289752 377670 1419400 1785109
533353 218210 1868887 573057
1820147 937341 1411408 965433
1531960 221549 651509 916950
1023719 1608316 1760250 133677
663616 1823686 1443676 1763720
1603215 1403588 337080 1785405
1568642 1998569 102499 1920809
1488375 1238021 647761 368790
1549927 556873 1540653 827396
352439 306104 201489 1846906
1471666 1789464 525626 893336
653314 293041 1333182 1862027
91549 1284619 246006 1729360
1783574 1098995 708398 1549761
1498846 542957 980006 1297710
976044 1324613 483436 193934
821942 499472 347852 1688427
1300570 605098 740725 424824
1133998 1887922 1636721 1634121
872042 1675387 480870 1501277
1081148 1689310 328683 176129
1515832 798977 1465210 1695657
749439 1675424 199244 752723
1637493 258925 1438463 875464
1973678 1289478 1004503 1031408
566949 611428 179308 1291973
106769 1420986 828838 1735106
1448887 1795853 1142474 1021621
987853 689366 559800 1717044
785360 1825910 1094487 680126
214111 1023280 435108 389060
122410 955199 1357885 1860191
1242126 228300 1121340 432652
1285006 781478 1409566 1227714
1666606 1438682 1386646 655162
1238230 1595326 707395 1797342
1523507 1865475 846950 648730
1617223 403281 192735 992506
1033474 675614 343567 1031329
780825 1689165 1239269 1429421
14736 1215446 730950 11478
976876 464873 1333884 1991115
457216 1319383 820281 486592
1661560 1022460 105881 656040
1792161 743636 168119 1090523
1532404 378920 957667 1201731
14621 552330 417587 1887676
805672 1030621 530798 692475
147911 1170383 87703 1659872
134450 1242730 1274 1611066
1477078 857209 1311295 1101009
1944280 1873245 1303642 869685
829648 1198344 2969 194712
453268 1650141 1634533 633177
115506 939961 1714835 1152218
859031 799271 1705793 21860
802319 1075390 968976 1491831
1147031 1199027 606553 675549
1118500 30406 166347 1176524
1288332 1254610 529787 1588931
1529487 1563700 1609656 1849275
533534 980460 461484 97807
724314 1783235 1518937 815245
843940 1497656 100803 894576
940623 8192 1234141 680275
381985 183333 682568 644201
904164 287512 352832 480758
1965615 1837359 1011838 1695327
1567751 890310 1022846 510847
1384664 169772 1290665 537872
588008 1827473 1341864 291888
937365 715260 293890 595269
523137 580636 594887 603319
1141056 131006 240969 1199560
1441681 1220770 1938563 54976
629060 1346954 1355521 119855
896523 304594 50103 12592
105762 995702 878066 1830615
1731302 1684755 1568607 1688134
187944 342366 867959 1815670
1431373 155771 1310119 376070
1776418 94900 172456 846999
1743065 895426 1240629 1731504
866537 1652785 436619 440352
1784731 1046158 513035 1545373
1108275 1173619 1840865 721644
1303044 929925 26249 378209
122670 38611 180428 1109292
593661 1567048 1020798 237857
95438 1895449 199878 1957102
1941620 41633 186078 1377908
485678 1027473 1584683 1176553
1603251 1560904 1362360 202027
1458622 1390826 992563 1299725
869827 1241395 912795 1425325
1958330 201366 1950910 249083
870189 1461171 1870504 956216
207780 287442 1619975 1513265
1162114 188239 375073 322711
1501304 803091 972115 1448901
1121214 1237219 1863939 1280951
1765954 1529310 171793 979674
1000658 101731 1545229 1531822
1886268 392362 1583714 1094454
1563036 1028691 1727960 232741
1544573 672080 1069800 90662
962410 1030770 1171535 958682
1848201 1569672 493799 1344260
1564950 737284 1796677 516651
660853 9462 469165 212756
1056614 1937399 111785 795120
1485763 1851235 601164 1923849
345112 1437001 1787699 613528
1265579 1244754 990907 888382
904796 1628834 247999 1022921
491666 1680833 1052481 1489462
1782567 888182 741288 1180042
1299872 430658 1077839 1162532
1858822 1495915 1161552 1472631
110795 193485 693417 993185
1010013 1774360 1500538 1191892
370090 1350067 405234 1248752
1522037 738582 1596388 739749
1398832 725542 703740 1113920
1438741 1300663 1325074 1891547
132502 505753 487262 241609
3540 994974 1081046 651861
106433 1997410 162245 1289788
1262468 1451997 251975 1735175
1764967 1385158 1953295 1514082
147086 196344 7036 1286411
194527 1127590 1687228 311878
492700 705397 1499775 1965978
1394010 968569 506826 569540
1550488 1961338 262058 1659361
1713862 426041 523832 433476
69725 1011297 1587421 662937
706371 874152 332496 1777371
552076 141901 557604 412447
1818455 1151973 852440 701321
960361 674858 1039423 896379
1706364 732950 1741002 754937
1994411 1712635 1352121 607733
705013 275509 1578009 383491
96438 1407332 519652 1743354
1315997 1804929 1767648 364997
761040 38358 1571618 599162
1039041 1570866 1390310 1554154
93704 1802879 1654209 1825631
1881007 739494 1099391 611044
1856930 563079 670795 1308566
1230204 1120036 1801983 1537483
1031385 397456 1122687 943559
1859640 1209170 940478 614644
1225589 1053787 893891 780096
550529 1558404 1740538 91482
1101663 1656181 1634444 258315
771457 826785 725043 1127673
411912 1510883 761151 152939
128734 1796930 1550074 859096
446092 1752777 1369891 323417
784229 1967461 730706 1935387
1222020 1087085 372637 779518
1612325 45067 453254 721518
1629650 1525647 462250 1517988
1846054 976590 659501 1308708
1823361 1323489 701577 387028
1300049 911520 1846680 313505
1103067 316426 1263764 1991731
32066 1363994 962593 1448012
1685115 260356 1547663 1164585
846478 1322516 815890 1811392
1583629 1438622 1369419 1419526
1858461 197436 1250237 1345744
503859 1574148 968184 1871519
1876762 217949 812878 1870461
797145 675032 1101443 1199456
1005052 334527 1052203 1479737
1733276 1204714 1686052 1271221
1009556 1345855 1543435 1112803
256957 1416444 816356 420589
1193416 1964138 190311 531941
1499159 748779 34919 1891353
17150 1700222 601331 1163122
316137 263811 910779 1251367
1024131 1908746 1276061 1530727
1609050 628406 950669 1218122
850020 1743231 1341460 188721
214571 696110 881844 731177
1244630 335085 542062 1035024
1321500 480427 160860 1355803
1159224 1673023 1535353 1027273
136562 982515 289795 1608964
1792335 1760284 913965 1977975
1627490 1273760 1996755 184151
1273742 645661 202773 157348
1153031 1238597 1529577 1585935
722550 1211824 834561 333259
1421320 675024 966637 1005318
864854 1374606 39338 760702
714177 23032 48817 1165642
1529673 449461 1070503 1327366
1251878 1317430 211018 955750
327062 750299 570591 1762865
1747056 1399986 80909 759949
1580978 390682 1774871 304177
1627128 1395012 1689258 875478
1135369 1505973 1657378 938123
1077508 1715697 102771 202621
1462924 793087 1633738 831030
1506423 1984518 1235545 1791171
1779634 498826 1971771 1295463
1567707 1147818 564801 1013924
1333864 597958 1424252 582478
1767404 555757 161326 1054259
93840 650208 967556 324329
874648 991031 945418 1493606
1421387 840406 903842 270574
1979529 40950 1755671 1494848
1680373 336593 47205 835705
850770 936230 1003609 1405743
1240536 1036537 937736 1645524
721342 1201095 256874 293813
1329967 1818839 241162 70210
1409674 1912345 521829 1536770
1778331 50551 930761 1021923
1337720 1861372 743236 439569
1885780 1647945 42914 357030
294852 860453 1740684 1252245
1174950 1597715 219771 467486
1652697 702434 946716 1900108
386749 6585 1034243 1308595
1979481 716803 1129471 1489274
1297771 1144956 797550 1132863
85365 194505 807766 989817
309003 1170786 1132873 1875501
609548 1813572 627604 1903992
1297176 1943273 1551675 916072
1949501 451442 809318 1520731
1300452 1920349 31982 505066
1480212 748749 682684 484849
29667 1731617 1767792 330452
938792 1452230 728343 1426559
1349908 909515 1957240 53491
610670 66435 58907 847874
1629493 1906590 1913216 1204714
921440 12418 1649614 1807773
26637 1139042 786357 1752148
1606601 459200 864505 1283208
1093028 728465 287506 748891
1166465 1257719 1942194 1357295
375379 1434721 804539 1380863
56850 1561348 834017 758795
1175698 1568570 880556 1426317
1036838 702562 896391 1816060
1000503 1546828 146741 34677
939201 272394 1747241 808079
1500665 1976840 657128 1996423
1333471 776883 1394582 49436
956707 1684263 35457 1280292
348980 564639 1561880 872620
164512 1311050 1943116 570120
1739574 1217273 71341 1629996
20232 11216 475663 472679
654482 29597 137053 1882958
356009 825440 392635 1861195
125692 1488850 1439754 1378348
1621162 780792 1781596 360976
1200560 1891752 1387498 243104
937864 1346124 1931952 202274
1877151 1395236 498993 1730962
1880572 363872 1494963 79899
608363 635180 485101 631884
1451917 210723 804581 610265
1399992 194216 805818 1091961
1204695 1990812 1846557 1405376
1043520 824783 549059 1168490
1418840 662143 478751 1019872
1131086 577825 1588027 138646
1710438 801628 659984 1975890
901741 560055 1526765 1798643
364050 1985850 256174 296392
1408702 1486727 1390230 1414545
1495873 1288995 630331 670446
1225560 1356569 398081 1468316
1942853 1878212 918243 735596
611887 59334 1370295 1334658
267860 1386492 550188 1621378
1043969 1657836 1909886 521861
1316805 467593 1850091 74491
741130 974888 1820982 1012844
867916 1305234 341812 49586
1655807 1598255 1902657 1292351
1098471 1886488 648991 1305154
682772 171120 1660360 702104
218063 204049 1713279 1199584
1112547 817399 450839 1530637
1535645 1092899 1507612 710037
1145168 1570828 1889204 627085
1039375 1147508 1803545 1250746
127270 1729466 360798 877019
522825 754902 1994905 164202
926595 1368736 485311 1907246
1983588 789668 1621745 1224398
844368 1256866 1089654 1712741
295111 954328 824779 1907750
1539608 259061 1516846 1041731
1658894 64259 1504594 1345570
244945 1815570 1104186 435319
652257 1614347 383099 267314
759312 207426 507207 44360
1086035 1627651 904758 280791
1025834 1810043 1197380 1237388
1983403 1401218 1940237 285529
1918327 158525 1920409 4203
1905149 1781396 1465377 1726901
1291134 126303 1000171 1550070
1837599 1949925 187523 64936
1668898 1936120 678725 1894322
1314142 293419 981580 82893
1020683 1910859 108731 897313
1425848 620685 860076 636171
1155619 865727 1167751 1882003
1104809 1537155 1130546 1470112
1302829 1956239 56488 1493964
1292930 643583 160089 599076
1722224 820229 1044127 1210140
696904 1520718 1392936 585643
1783261 1786215 905636 1061308
930614 1061157 1118560 690723
1215402 189131 1077972 1280638
824899 45617 1057346 1234803
131219 1746358 833459 905977
358367 425252 1506426 566980
1352528 275034 1684999 725469
718300 1477128 399797 935742
792151 1744107 1643018 1269192
1296412 235077 507088 100198
146585 1233672 1473172 350726
805805 998734 298474 1041667
933596 823989 384368 1385158
250722 901488 1110780 256109
1119330 1916506 1562025 923577
262563 928728 1994570 570006
1222366 1397214 720318 1032961
1182359 1152899 1282333 85815
74670 454310 924913 276258
765079 1191032 864278 532635
24416 1393149 137544 1918813
1786975 204608 178302 54949
1557741 1616686 581906 869492
1832659 25777 1551700 1581241
1744546 378126 710413 450387
788159 577168 10425 670867
154034 1722192 1571074 1942868
1770389 1593437 1254116 1058404
43047 718632 652878 690440
695030 1654822 1985614 595218
1723535 1619950 1250777 561255
1168134 1735779 4376 529826
1831663 1577214 1633656 119315
433721 956435 384849 1531482
1342997 1527541 1489057 590209
70451 1434564 150699 1960465
1097166 703914 945828 1932870
1609340 507628 1894483 1035676
1477329 896100 1047810 411767
1201897 174915 1756422 1783622
747397 82956 53916 1113033
818128 1817330 1212568 1449963
439184 600098 812971 584844
1016441 944744 1555774 1863776
1160178 1884235 535394 389142
1955248 34736 1487104 1086065
290191 540149 1657465 189454
422617 573580 726103 84450
348541 215281 1996352 1000559
1340650 1417423 1622641 255670
807821 1751605 1114436 578791
975162 957703 1008210 462092
531157 1760020 674042 925406
103160 173411 241047 1505802
850301 546375 1186342 621382
755734 618847 1541560 293889
1295289 1013676 967494 902849
1849987 1433237 1642722 1069257
423679 1352518 1780624 1502262
1109462 896558 1092256 1851185
1329968 970490 1433451 938592
400383 79537 714092 837725
1884094 1920848 208838 1949901
1210495 810918 403357 916945
432065 354117 945191 79757
311100 951584 605875 1091950
715167 547145 289354 1433681
102613 445494 756200 1904053
1867785 1641741 2279 1643942
726053 1790293 82866 691617
817907 982812 61769 1938458
1738161 304291 492285 1538033
1049839 1042862 1604524 1749837
33682 553482 709672 168101
814141 849325 1709791 924196
1884404 1205676 1827128 1108495
1851921 730266 885125 178791
1399202 995226 79283 551718
69663 1421450 479691 1353155
5811 489790 1187533 807757
1972443 1897706 26629 1108602
1340608 772573 1943378 1602037
1419908 1437815 449136 1357710
1492611 420753 960796 169916
276514 100321 1839794 884553
1784287 278888 1369136 25482
908741 1726862 1720954 1236041
1699965 936307 1121877 1729373
1068984 869134 1764079 1526930
1189633 1481488 1067519 1693747
1396093 1417638 1322794 540446
1623183 1591688 192392 870509
1668217 93878 1280865 1370512
1496621 1700800 1273495 1192237
1537321 444263 1683236 48378
323173 1635473 370594 1157055
1017532 323386 1187698 428447
1573272 182544 1737352 745612
1481947 756270 423457 1972506
994111 1606853 95453 241919
1971577 1518266 1870721 1813005
1493585 1281736 42385 544045
644757 1174945 1566558 600605
909132 1314835 973637 1606856
830767 162338 705326 1848967
1677462 269508 1678540 1841077
78043 844295 253120 41343
79039 1282358 1545603 164501
1352993 1299872 1312517 1075820
145955 590760 249783 242654
72691 1140281 1061172 1438127
1252856 151514 1268910 857399
1408865 1294605 1587173 1173602
1557164 544239 689925 1992408
1513141 675205 655906 1306582
74262 498400 1824591 1168874
1970028 272066 894686 1356358
1324910 1340647 1102097 399632
658901 1362514 697411 1711902
915556 1229718 707911 146656
1403274 613314 1388995 79245
1091323 757937 1613720 1518666
624224 875561 917973 181473
1392597 1126224 406168 1144409
1318838 1034910 1678986 32280
478108 1977001 494273 1735747
1229418 1264156 34716 1884601
1021383 719508 1928809 754284
289207 998501 1822436 1873668
816231 1050263 743483 152147
359856 853315 463118 1842285
1495673 1182508 1300510 1154955
438342 1730907 1524865 93278
615177 1951481 1776102 269179
1507199 514739 1489492 1936393
992028 236982 342884 707388
705491 1285261 1806207 1997748
440737 1562267 1522873 838368
1293781 373061 195027 1792660
848363 1093617 1110971 1946407
1554633 1076043 434878 1018399
1340749 1623715 1754813 1959495
950208 915825 1273998 410384
839498 1353260 1678221 169669
922579 1569154 1268206 1825959
1862794 810678 1739016 1634508
1622702 478683 1790352 1348357
1465816 776775 1407408 624255
50315 774559 1360431 1724222
1644671 1033957 1222522 635772
1815935 1014532 532183 1894137
1654484 1180720 1245334 939409
602142 83346 998869 853981
984332 1316119 1118836 596278
854310 1806215 1612255 1456138
1547720 1771175 1227959 648349
127668 1135456 702704 520318
812488 121562 89894 484437
1463574 276993 1776268 1368949
1890609 3890 459917 63290
842812 1985030 935545 1343302
1144744 937733 1575683 1093558
1218783 254542 1760677 1981790
825569 744727 1126728 1369814
651985 791538 292029 1070312
1883883 1262339 1005608 150405
1317844 1189288 316411 1564141
136797 1989583 521694 1418937
1950264 1696668 1345037 1394716
1304556 681031 450962 1554633
1844251 1235029 1788928 109186
18810 1468913 1393238 221770
396570 889940 431786 1470719
9612 227185 1695219 1336265
823380 1751992 1610454 340720
768251 846409 1164461 680836
801403 803500 1511236 973263
1651739 1858004 1957894 1065625
327643 1092431 139219 1539076
855949 695822 380046 804242
1944078 537806 56034 1901805
1872289 1104267 1419274 1253239
1930661 1270832 684569 1473841
1679536 707203 1771656 316121
531219 1878475 772854 329236
1341276 921076 764878 267519
682161 1112149 1617442 243234
1084055 886086 304604 1534277
1879300 1680248 1260762 1673772
1538414 952090 337661 1476906
1811617 448444 819108 158876
595671 1595125 171471 162639
1606096 370563 1640671 268441
1269957 988904 1160835 715171
769516 755341 1791880 1461204
287784 461291 613367 1655336
1113467 593910 1371888 110220
621563 1398853 71159 136405
847810 1678017 1718767 1075058
593463 649098 1877666 660118
1733152 387054 1257772 555026
239115 1333845 785432 1603931
1544318 1710132 1237568 1274210
1050452 1888940 1640341 730877
1943606 1505779 577506 1710066
260436 1336192 1816931 586502
168556 1337128 199169 26746
770151 829315 1865417 947829
1431564 832273 6358 1512167
1424247 322633 1994763 1395509
226602 34135 1057527 1751520
1265370 939458 1525399 795103
908821 196976 1080766 1554
1836669 915976 794899 1402533
1737881 5749 1432219 540100
1345238 1135350 1163465 207050
522961 952795 1274738 1777850
506325 1853255 1827032 876676
609382 1951722 1203074 539197
1751320 1278884 252659 667827
764143 1989572 201171 1884807
1847688 1484613 229909 1556569
1891160 71880 501954 955390
244335 340243 1049171 22168
692350 1554605 1257832 566698
72327 1744549 1642775 1920941
932872 1648379 1344618 744805
915523 1454159 642417 53441
712527 1061066 827633 752869
93564 426448 1013453 137119
1685663 1988936 1234168 1872563
1777533 1476194 1552070 160477
1161778 1993783 1594275 1609942
874069 1316325 273020 1835843
1904762 284092 1107111 59101
1142713 1611899 755880 1535466
672188 1691931 450778 479006
507552 861738 1674177 603650
398964 503963 743619 1913511
1668632 349805 147076 1018019
1580840 515479 915038 200398
1026004 1124159 1522266 1297425
1731556 1324762 599914 1211132
755018 1052842 1215450 1046865
623225 924831 874906 130078
1627738 430726 1524500 247820
655904 407010 444119 74123
1302887 451099 1787301 880799
1520622 810719 1095252 897617
312567 945444 1593565 1123985
501629 954697 1685848 1305726
1516094 346780 56409 459271
1458012 393325 1938436 1474506
303012 288611 1309364 1428670
1436905 286207 697931 155665
1828473 1856287 1947526 1103766
1279423 789845 1346326 1214494
61027 478490 761111 1590852
15906 1880025 23201 279806
922134 77473 548972 533456
1890550 309007 1096437 1576626
927480 925792 1933188 1123569
589217 1431713 1094698 1662705
682424 1175486 1413170 1264742
1768970 608399 752282 522905
23751 132532 339979 825118
1432046 1412042 1868714 896789
663533 860651 679461 334006
839145 105463 1753635 1549532
1259419 290379 1856145 1303753
1587069 1366329 1493189 1705828
1182053 107021 1553993 1155674
1650377 724748 1745035 1515504
613835 1625376 233192 479953
1891531 1201348 1580203 1222236
162597 1853306 345129 1349965
1776855 1782514 1380997 711611
480931 1828637 1612456 438397
203515 353145 785946 508271
1232548 326090 611837 1623197
1313191 1993399 589111 1583276
1576698 957864 308085 1654824
546555 1409564 884837 1549917
1313684 1301176 164824 613781
228467 524555 732650 681263
1679720 713677 95909 561668
192544 1019834 354717 505471
406476 1031241 1350902 1173504
1268380 418142 331877 564774
907891 1338460 779441 265471
880581 638713 1976899 1305561
1925399 422224 1646115 613604
1344505 269648 1991872 656512
1545102 1934277 1282270 1994826
1391799 247540 1198677 264609
855757 1446257 150511 961102
288982 1593422 780114 897015
438285 1541592 51785 33022
1907623 947209 1225880 784549
44391 1627484 108816 1269442
1526220 1354809 1681770 863307
151699 841132 695220 796985
1499958 1415736 1123246 642374
1535469 1951259 190354 1210768
1493380 408220 1465521 1373866
1842014 431331 1001049 1352807
850861 1638352 1799456 1586487
459583 821200 1732737 1553368
1316695 1805441 502917 254877
1145578 960445 1485036 313437
1343990 1484146 453370 573954
825546 246445 250452 1560167
1104773 1518918 939982 196850
311069 310522 1518242 235811
12797 675658 1324129 1041818
262138 1626726 1071152 1828686
1563529 721598 761579 1053056
1488874 1475374 1895202 1572755
1572160 1566548 701497 77960
509653 1864141 86200 835292
384110 268385 118336 870323
599096 1645542 621519 1760998
480813 753737 1179685 111845
859371 1246896 509497 1528488
424647 1759468 202974 1544485
728553 1828168 860855 1819228
1402617 633849 1366394 1790603
1660592 1348481 837299 1602386
818070 1737691 206766 85403
853796 1266378 467504 1580693
1327878 1494721 102483 70564
1995723 267557 1070438 991932
595965 1207206 1314686 1588401
761822 473179 587631 1300472
921671 99942 1278404 1509446
541795 1072718 456190 1292688
716080 128721 632044 935296
626931 1084275 810407 965985
1339893 1021071 1724284 403074
1211301 1986500 1216044 994094
1091036 1742633 920210 814666
660978 268384 540489 1728566
1765041 647880 1678912 489377
1458621 381009 761567 1695450
1894334 1939558 879350 961335
116298 909887 1527332 313288
482453 1591183 223653 1470433
1930747 1391618 1700434 1258781
679151 1543498 1795279 231399
1974830 246167 1719681 1886504
548119 549664 1619611 1977862
298288 132493 1298669 69358
21883 1791449 1765782 986427
1744328 1171884 626509 1253259
1712067 1851526 544769 92097
174666 180540 201370 310751
1045177 751351 1160087 1308355
1036565 1912552 1905017 386392
1913624 1798632 117665 100598
741654 1873257 1186079 1239725
333025 1354013 1817918 200250
1640405 598365 556947 1635981
1578488 1515306 917539 1881268
1564124 1121525 888753 1171381
1474692 900546 1528775 1050514
1218427 812086 1054119 1242650
9605 1788336 788778 528988
1163927 1732092 936335 775949
549701 1873958 1302932 964662
192294 1597222 1903827 180283
996360 1186095 929927 735488
660985 849040 1627902 1721633
1874837 1873241 198550 167012
130448 265613 9160 1875299
22726 921999 1025867 925767
1700720 1741316 85233 984415
1057362 880337 806921 810848
1677693 1669529 1017436 1240175
450410 1757369 807270 160205
1925824 1750621 136119 1139176
1445863 361426 940763 434054
1763767 1110923 358785 922760
519202 695866 726637 1224198
1172893 1054972 1994415 1066416
1896591 1686744 1642492 420653
1466620 1514128 791636 1039711
359078 1343828 220845 1900190
897314 1833052 381552 638876
1202671 1308879 851996 1611711
519972 186485 396171 1610852
1950195 32166 1195721 813374
1704996 487537 1276830 921671
1176575 1050817 1180780 565354
508070 1733397 1532848 773405
1639182 851905 1071545 1675908
1074730 544661 1872971 1154543
1008217 1560871 372652 228100
964647 1208543 966668 1225562
1613884 354866 610782 91332
961609 1685664 188182 1637291
1865303 1813829 370893 1335930
791210 744071 1984555 321931
647857 1568097 63322 1529650
1839698 211567 1852123 1324356
157215 277327 665171 1340179
208281 753146 1737882 744950
349407 1218357 1120167 1177569
201559 993113 1750953 1231746
1795115 237950 1964624 1432811
1992312 658023 1253033 463695
924845 1948711 1955003 1451505
120585 733952 818628 1810134
1352561 302376 730957 1279528
104252 1139616 1849820 965989
708486 1480951 620658 816404
1068461 207587 71363 271281
1374297 1914973 1996980 1747898
617792 1928421 448709 412004
1248942 1929552 785346 90475
11152 1799795 1132047 1197073
893265 89328 1581781 1513030
54840 377004 181860 1431866
1316498 1462796 1644960 255874
66812 1261025 155595 427224
1635466 196048 589445 1795237
775339 484005 1035301 1994733
508700 1998568 1045384 1655356
605336 1774825 624985 587038
1014061 440029 1153476 1646002
1409361 900021 767157 1925296
1921455 1560716 19135 214679
1530169 777670 1973199 121191
1980750 537097 1312766 34710
931757 680518 1353137 536230
320144 390624 1608294 1878009
592818 620859 1960493 65670
612511 647261 753161 95892
5882 131874 1888779 672939
406947 879431 587077 720709
1607849 1047257 116472 662026
27388 203004 1178276 1817325
1824725 1824388 217011 1619016
1430577 1787077 387382 1397837
920951 976809 749803 221847
1116429 608679 532112 1255131
1484563 1650327 1535414 91489
1123745 1369297 820911 1345587
1942277 24915 1042725 13259
531207 1837361 1499787 584278
499672 235985 1615493 1577944
1062525 934925 1349652 1372882
414933 608694 1144888 50526
253518 312118 1631364 67895
893660 1391118 98364 1123057
1611329 796300 742681 790361
1888396 365727 700785 276968
1201302 1848894 8753 1305030
1914791 1717816 146127 683890
621602 1961559 1434602 1675848
1881527 1021795 176591 1808251
1244232 709583 599770 1700406
582708 473771 199262 1131672
302678 1111643 1597360 477152
730913 261012 179852 1516577
574169 1258386 947853 1118444
1758649 1290553 927362 1120893
986718 1187708 1963266 1834724
1453993 128513 433524 1016856
1676076 395098 895320 1342906
1419405 1992562 8717 779422
633911 1751758 1342724 1924005
1507850 993777 1132061 501487
301165 448215 1587452 1655497
1449786 1528753 1595724 1081317
808121 1117116 1533826 497516
1571611 88374 1348395 1178596
1153586 1067804 101061 888398
921158 1481189 445732 938328
1119162 1115145 1029222 637584
1534061 1864245 1738020 971265
732507 333483 592050 1854158
342049 859859 950100 64983
1424480 197534 8242 1776134
232590 1382586 1908411 262480
444149 233553 217943 1572058
194252 663731 225786 1814401
212916 1327888 1849012 677294
232879 1899863 1720087 589918
1566138 621023 1715893 611769
616116 380954 1649918 969825
579797 1405374 1740568 229063
970634 686727 679906 1310616
434667 974406 1401488 1174203
331795 1810724 1285861 63350
275604 1548505 1451921 1229108
905064 1635515 177914 1334365
445940 1715173 1928848 1660986
1500754 227179 137822 1536023
1718421 1775690 1384554 27915
338718 217766 1125189 1008868
127340 484155 803934 1311832
1507641 1757144 706571 1038226
1418070 1538108 995255 1055382
113753 574986 1207659 1574173
862536 866483 1660322 475992
1267515 1669256 1805256 244896
1154949 1617018 695356 722026
1041615 1636896 515156 455582
1480193 505002 1381500 803765
1154411 1652844 1180920 786026
1233746 1854710 1329939 331914
187035 12637 1622308 554510
1655522 582310 369357 793255
1765607 1154666 1990666 1494104
10987 654818 551841 411919
1069969 1536779 320771 1315558
1577532 1416460 1627629 1149832
1344572 1233016 1799495 1253505
898274 987480 1520331 1433643
1786581 1169499 1819531 984386
364557 1628222 734305 636706
1529286 155767 1070309 733730
198641 1882706 1673879 573306
1543925 523243 426887 1449348
901274 1392480 636927 797554
481377 1294161 1211360 162414
535057 1043591 716778 1681626
1009240 1739714 1534570 1693599
843976 1579925 1516319 1584780
134483 1961208 1049068 1551048
1441948 1341680 622906 215761
939851 287742 1838464 766506
838798 913800 1905649 447095
844583 962285 648730 1064680
466723 523132 682882 1962706
827723 1492338 730277 1224251
18303 168982 1320589 1962643
967930 59839 1768316 365749
1079379 1410606 66878 1044928
781919 1358598 684307 418691
222929 1413178 905204 1096555
601229 426503 1931223 675344
1565531 427495 444674 464396
652731 50224 526924 1293060
1329854 1376038 1412131 1667801
339954 754599 1307883 1487419
251832 1164428 962965 1404389
673331 925015 1187982 1440105
653545 1716149 185966 318473
836968 1328416 170089 57173
1234248 1948073 174282 1175186
537814 380130 376167 1194352
1186914 1366668 1484030 1835542
1527472 304991 138745 1464412
504141 1191644 1243116 1921454
248116 80028 1471233 1059149
453112 922704 245606 453250
812881 866304 352306 1970604
1210864 489475 1881178 1105911
1807697 1124574 1530654 568355
1052748 1495149 1691411 609030
1731394 1561693 238005 1138976
354462 1327458 1901236 547484
1699199 790161 403058 428283
352303 1423149 367176 1000098
1340646 1732914 1203700 251879
1914228 1652744 458463 1966275
1166524 621602 207865 251560
214173 1846457 1356772 1190507
939194 343308 1480866 1748471
372662 987119 1559924 462268
620651 686703 1020198 1883814
1999711 1705481 572381 470661
902811 1645154 209231 1210072
240072 1016937 507200 107232
1443949 1278308 1785020 852968
23777 144500 1919952 1686787
522352 1031680 1729150 569774
1595656 1164552 302069 1256786
1882059 1508113 699363 33189
1004745 1777944 373769 446211
213569 635690 1638022 1467644
10235 1661712 819494 1493057
69484 1475621 1017843 1660703
707258 1478216 99254 357832
1940750 1083819 1341061 1659120
148552 1701351 1112215 1231367
844777 548867 1096580 712622
282471 1173204 704266 516895
634298 1430732 273641 556746
920086 851478 1989366 894268
16179 171397 460954 860962
196348 102929 687540 651672
1118198 403857 1856119 1975622
166869 176427 1849947 1834928
579692 958293 1914620 1361188
285904 472369 407055 691069
589315 57500 408002 379552
1503488 1941777 1330826 85634
240235 205758 191811 1393491
377780 1716931 1347107 498114
962404 1406123 184278 1281166
730083 1854107 229375 816871
1787458 763042 1315505 936742
244866 1314611 1879308 1607604
981045 58667 847087 109901
493687 385737 605612 143026
1233567 1605361 1293810 1494841
123970 760014 1432201 1600640
1353444 1296920 177946 763482
626187 979612 274012 1062895
1893087 1920731 1791599 1264903
1929959 262345 59824 1580532
1021132 894963 54257 1916539
1528846 708339 1600173 984659
1011856 231152 91993 983685
968914 276981 1014579 568901
182936 1159725 1861050 861346
1342265 1987707 474887 1487072
1284273 1053772 141335 1518116
1736804 812709 1664891 476951
31099 864692 759102 1365829
134786 680845 1269565 1746041
1061772 683745 146799 1489695
1569646 1788565 144850 25213
1106603 254056 140420 1765964
1436841 762682 852982 1774407
234338 128509 851871 695719
1056406 1952019 1037043 1503728
1394755 945500 619662 698574
482533 1790052 1408402 161184
1814537 1336390 201355 59779
1488954 1395456 294729 1175282
1765723 1277098 258412 1415709
1173561 740368 1480453 1445888
144731 1163615 1435810 1756434
924666 762179 321145 1790349
1872468 1719647 1856433 1044372
1316924 555738 214375 964826
1511359 415028 540467 69809
1554987 438522 507235 884892
28496 1687229 916645 193038
279068 1696109 1192709 1301593
115273 493389 805067 1648897
1437481 1331737 1850763 1249885
795288 1659849 1292270 1443129
1416488 413725 481185 1280977
1818628 263278 896020 1034055
842993 499973 59024 834514
1414940 1494781 1954829 394286
476796 455707 458306 784042
1163105 407177 375001 1716722
1844799 1114727 1053679 656917
162905 898305 1897212 1218487
1046424 655945 702654 1568562
1688540 1445928 1206815 957032
269684 1455032 240441 454437
846528 1204650 1647063 1574044
1860560 1035159 1395612 1616038
251673 825458 1378029 186357
38156 129858 268422 865940
1066528 152718 1254932 1434423
1499216 615044 1699958 538375
623914 879346 325416 1538964
1804811 1039082 1413546 1517497
1336318 1822415 662595 1047511
358008 1540887 301317 829833
1894814 812647 1804126 298086
1079234 2176 588952 329170
935281 1938929 1837952 1340416
1055658 864504 776039 262514
411841 1395647 1816864 692723
1388935 772213 693308 1274227
1937589 587596 1145525 444891
639068 400760 650494 280555
1356230 527786 1427600 869713
1580621 517086 126743 1058959
1869489 1325437 1571504 412010
943773 1084356 107914 190107
1647781 519265 355394 533449
1130182 1166654 1437233 1931590
1096046 865763 111972 312413
1954457 325739 809308 1510239
1701032 1028217 1340104 964234
1022686 140531 527451 63730
192416 1339269 1036871 1438751
1091631 1721786 1107530 1374109
652346 662916 835541 1166894
1723885 193633 643714 175041
376939 272347 302564 1401452
465006 651805 1030390 1988553
1248126 1429281 1848824 740380
97972 1450914 1305662 1405493
1061551 410592 79107 1715527
620903 1670767 668007 1755002
869935 480988 1663596 398975
1908101 374950 494629 524687
500546 1408018 1638520 1286346
1505760 1366548 1494196 661712
1074451 1978550 616936 1279659
610219 1058724 799612 159081
834840 596584 837783 88298
118750 1258872 429895 1677115
203924 1538680 1950813 1782866
1425556 34164 1642048 1928325
551782 894222 1383669 78955
1515842 1931124 888498 586385
693232 443346 1269320 147060
1642177 1650451 1257907 1769428
957737 73375 1159970 833331
87994 1756422 1979056 559556
216532 1287970 1445120 1119297
734175 984066 1886347 127611
919395 1999737 1508172 1168585
1869899 152878 496066 1601036
1166763 1770627 366385 241697
1654930 1783384 1757172 668345
384753 1001826 1205994 1450058
1620596 1502359 1331928 591152
398659 646957 1474406 630937
1123052 1877813 536647 1080829
1314589 1780247 282425 1016102
162216 1436981 1344981 646325
1163305 1221307 1397799 1410753
982988 1262068 946999 1389170
1506604 1997472 1469017 580701
1042117 9702 649234 835422
944951 873516 687431 1633724
1134811 1587581 1596787 251138
1793461 44170 166701 826838
655233 1534562 1902684 421463
1290511 962675 1992363 990038
806851 1821539 38611 897263
1936121 581089 191094 511849
1848167 747113 260061 1242803
1213733 1609282 1885509 389806
454023 1305283 1552137 684997
1699018 1701485 1901008 1656864
1234310 463910 1165338 1604435
285902 404201 14488 665679
413105 1471362 604493 1233142
710966 97423 725587 1095514
1401182 1993939 933868 1282793
799400 390774 659863 1193531
444514 203307 1950990 861964
322195 159072 1093646 473182
1729738 1613560 1388309 618537
1764251 1330142 145193 732968
844172 836045 344895 1248968
1180933 899597 1741285 1412426
950050 1934916 1452212 1361310
1379693 1952435 1580964 1315059
387004 577101 1685114 54536
1780122 1566479 368381 983856
1296200 297920 1190463 1294060
1233886 285339 283621 1601487
670994 1678630 977659 291149
230516 1466457 475936 500862
635777 1286214 1521716 1616550
1131255 1360572 354479 1216042
724766 1239858 1645675 528137
883222 1437348 854967 757777
860905 996763 500108 1583628
628130 1507189 1813800 1227455
423469 794304 1361617 133657
418972 1176462 1634791 1954963
1123723 886406 1659576 1313839
1914398 21466 194738 990211
1843797 357955 1647575 465866
1074790 45788 658076 1519572
746797 596437 1724526 762914
1034977 422577 389057 267393
1650729 377190 155180 1177929
557200 381445 1323049 921127
1588222 966798 1696427 1626361
1453978 1280908 89852 1412202
1105714 1240927 1389782 1041571
1639796 209044 1125214 98368
1583193 1127060 956043 1435394
529825 1940187 1806330 249100
767963 664041 706578 469932
1522610 810280 232339 1538683
393467 645234 280036 537584
1889068 1166594 1067520 1588244
1296482 1832524 295841 1773405
391804 687067 1584449 503014
592803 1770773 1568884 1802871
1283812 283806 13971 1532533
210159 1841269 1969009 1019581
367055 946066 1088215 641076
1080353 1292716 1138846 1620104
792746 1492357 126363 344017
168314 219951 852976 1333682
448900 1252243 1978637 1787213
1174163 1405484 696603 1670113
1749428 77857 140404 661706
1829279 137181 1564052 546345
1100128 65571 963785 578462
1253431 174962 471668 415923
818060 1747169 1916398 1758792
893085 1941674 1264830 683967
1299185 528422 554644 378913
1609134 410272 96182 1283972
1081701 1245733 1437825 1594845
1848937 1754148 851208 1518155
1336192 227456 948118 448553
1962244 252626 1930112 830775
1980098 1949565 1690466 1911372
794700 1992022 315313 2802
1628819 1178299 898213 961703
596765 1078307 565432 654657
828176 330515 1354459 1518242
233356 48773 1678557 1181203
1278461 1492138 412891 853815
1697572 1070019 1182149 25557
961886 863743 1870585 659391
1505926 1265918 548869 1629867
955111 869633 1138717 559554
622782 52854 1126460 1862792
692692 1450397 901879 1365863
53669 993823 363315 1308463
286166 1232076 1326924 1646870
1039915 1458293 1137965 241028
420614 510463 1154197 981701
1028266 709122 330143 633941
539715 956499 880262 665430
384483 1800250 1290006 1505642
1687018 1063456 1936258 1340148
441237 624594 679822 1913736
1300318 781346 223326 1518702
204028 1223808 587014 759379
1205855 1808194 1637046 1053882
1494896 14229 1444141 1887862
1751743 1402658 1131632 615093
491767 805860 1933401 1924758
704024 943158 1298022 1746599
139861 984507 1572483 1655788
772372 1301667 795098 1828594
1425321 634732 1440167 1053661
147538 1186721 1358816 1868048
1485491 1391888 652219 29688
34852 1540176 1867945 1756344
1883963 794256 1820469 848593
1042637 442602 1227887 216125
691211 1220232 257699 1708372
784046 428714 21069 1390760
1270472 1305214 13259 1340338
1600764 1358579 465702 581942
145820 1131948 1306829 1767260
253410 1597826 1532985 246629
537467 1798332 292569 618686
1715641 1796232 1158362 1142440
627467 1844117 1728617 385332
1055566 1277246 1864634 1419976
1332118 985318 936643 315635
489281 583954 1315327 89864
435565 1656978 1056805 596334
1884904 46566 1420931 1114880
1965322 1538209 1874656 1269036
398498 1837080 556609 1260623
552993 1325742 395484 1269140
893241 570592 1435992 684955
1543626 1046102 353924 1964209
581809 472577 368972 1477362
1615141 352293 778595 800814
897374 1205212 1356905 267601
1893740 1202636 1567409 62949
912109 187089 777550 604895
1534468 1432934 144338 87943
174327 785452 838022 243496
170331 640083 432181 1314383
933505 1957885 687382 728547
1712783 114975 1339521 885575
1083104 506883 563057 1390157
1475373 1190004 1227258 1860650
1527158 1268309 737810 1456777
221544 1022073 1804829 326242
1982651 1792241 775993 382428
180805 1534220 1916054 1982330
986322 790586 1365085 123466
1147735 340541 799586 1661604
1547401 25366 1669308 1272423
1191440 1797853 1444911 1144676
1403614 1396127 1942113 1928756
1628821 189644 774644 1565860
1791367 1011293 497917 1082987
246495 1631039 812086 1460039
525787 825533 1172300 1167603
1405586 1324910 472194 1303422
450676 1900581 823233 1602618
107397 1009455 33733 17809
1323323 934556 1913460 1428920
1835098 1179533 314876 471361
783943 1709745 1796410 13868
958680 1650646 1554491 1028761
1351154 921166 1893364 1433109
44424 181982 675601 1839590
1306001 148506 774222 1243962
924667 1452844 127218 1376398
1781327 1202958 1587829 538179
1500686 1140528 1804993 683019
629383 770499 1402264 1464577
6170 1197403 1324810 1494035
1902060 1198019 532868 102415
664377 1555966 457114 1674233
292975 1449802 1466354 1055155
363776 1949332 542836 1709727
117235 372828 1322979 641528
865407 1951299 1566779 1297420
1546721 1275485 1185105 1939883
327308 667476 1129895 472170
