3000 5
37432 22559 2840 27256 98814
5 4 1 3 4 2
14 5 3 1 5 2 4
44 5 5 4 1 3 2
49 2 4 2
51 5 2 3 1 4 5
59 3 4 1 2
95 1 2
122 4 4 2 3 5
127 1 1
188 4 3 2 4 5
256 5 1 2 4 5 3
262 3 4 3 2
319 3 4 2 1
337 4 1 5 2 4
357 5 5 2 3 4 1
394 5 2 3 1 4 5
437 4 2 4 1 5
489 5 1 3 5 2 4
498 3 1 4 5
510 1 3
536 2 1 4
641 5 1 3 2 4 5
686 2 2 3
699 5 2 1 5 3 4
717 5 1 5 2 3 4
731 4 2 4 1 5
781 2 4 3
853 4 4 3 1 2
873 4 5 1 3 4
900 5 3 4 1 2 5
949 5 3 5 2 4 1
954 5 4 1 5 2 3
1022 5 3 5 1 2 4
1029 5 5 1 4 3 2
1066 4 1 2 5 3
1081 5 2 5 1 3 4
1127 5 2 3 4 5 1
1225 5 5 1 4 2 3
1226 5 2 1 4 5 3
1274 4 5 4 3 2
1341 5 5 2 3 1 4
1352 3 5 1 2
1361 3 4 3 1
1417 4 2 1 4 5
1421 5 3 5 4 2 1
1488 4 1 5 3 2
1504 1 4
1568 4 4 5 3 1
1572 3 1 3 2
1688 1 4
1764 5 1 3 4 5 2
1834 4 5 3 2 1
1838 4 5 3 1 2
1843 5 4 5 1 2 3
1967 5 5 2 3 4 1
2007 3 4 2 3
2024 4 2 1 4 3
2068 1 3
2083 5 4 5 1 2 3
2093 5 2 3 1 5 4
2105 5 5 4 2 1 3
2131 5 2 3 4 1 5
2149 3 2 1 3
2170 5 4 3 5 2 1
2220 5 2 4 1 5 3
2249 2 3 4
2258 4 1 4 2 5
2274 5 4 5 2 1 3
2287 5 1 5 2 3 4
2303 5 2 3 5 1 4
2382 5 4 3 5 2 1
2506 5 2 4 1 5 3
2553 1 4
2571 1 3
2580 4 1 4 2 5
2585 5 3 2 5 4 1
2610 5 1 2 4 5 3
2638 5 4 3 1 5 2
2698 3 4 2 3
2731 3 4 1 3
2755 4 3 2 1 4
2760 5 3 2 1 4 5
2799 2 1 5
2821 4 2 5 1 4
2880 5 4 3 1 2 5
2902 5 4 5 1 2 3
2947 3 4 1 5
2964 4 2 3 4 5
2968 3 4 3 2
3037 5 3 1 5 2 4
3043 5 5 2 3 1 4
3245 4 4 5 1 3
3252 3 1 2 3
3268 5 5 1 2 4 3
3317 5 3 4 1 2 5
3331 4 1 5 2 4
3360 4 1 4 5 2
3372 5 2 1 4 5 3
3415 3 4 1 5
3436 5 1 3 4 5 2
3442 5 4 5 1 2 3
3479 5 1 4 2 5 3
3507 5 1 2 4 5 3
3533 2 1 2
3540 5 4 3 2 5 1
3634 3 1 3 4
3640 1 5
3693 5 4 2 3 1 5
3709 5 3 1 4 2 5
3787 5 3 5 4 1 2
3846 3 4 2 1
3896 4 5 2 4 1
3923 5 4 3 1 5 2
3934 4 4 1 3 5
3967 5 4 3 1 5 2
4013 3 5 4 1
4025 2 5 4
4060 4 3 1 2 5
4071 5 2 1 4 3 5
4077 5 1 5 2 4 3
4109 3 1 4 2
4162 5 3 4 5 2 1
4212 5 4 5 3 2 1
4231 5 5 4 3 2 1
4299 2 2 5
4331 5 2 3 5 4 1
4346 2 3 4
4384 4 1 4 3 5
4427 5 1 3 4 5 2
4514 5 1 3 5 4 2
4529 5 1 5 3 4 2
4546 5 1 4 2 3 5
4617 4 4 2 1 5
4741 5 5 3 4 1 2
4768 3 1 4 3
4806 5 1 5 4 2 3
4823 5 3 2 5 4 1
4831 4 3 2 4 5
4835 3 1 3 2
4872 5 1 3 4 2 5
4899 2 2 5
4947 5 4 2 3 1 5
4983 5 2 1 5 3 4
5059 4 3 4 1 2
5066 5 5 4 1 3 2
5096 5 4 2 1 3 5
5104 4 5 2 4 1
5209 4 3 5 2 4
5298 3 2 5 3
5341 5 1 4 2 5 3
5343 5 2 3 4 5 1
5394 2 5 3
5440 5 1 4 3 5 2
5475 5 1 4 3 5 2
5491 3 5 4 3
5502 5 1 3 2 4 5
5566 3 1 5 2
5583 5 1 4 2 3 5
5594 4 3 5 4 2
5627 2 3 1
5753 2 1 2
5770 3 4 3 1
5777 5 1 5 4 2 3
5811 5 4 1 2 3 5
5819 3 2 1 3
5835 3 4 2 5
5875 2 1 4
5916 5 4 5 3 2 1
5931 5 3 1 2 5 4
5957 4 2 4 5 1
5998 5 4 5 1 3 2
6001 5 1 3 2 5 4
6018 4 5 2 3 1
6197 5 3 1 5 4 2
6235 3 4 5 1
6297 3 1 2 4
6327 5 2 4 5 1 3
6334 5 3 4 2 1 5
6418 4 3 5 4 1
6423 3 4 3 2
6443 5 1 3 5 4 2
6448 5 3 4 1 2 5
6557 5 3 4 1 5 2
6587 1 3
6623 4 2 1 5 4
6682 2 1 4
6702 3 4 1 5
6704 3 5 1 3
6714 5 5 4 1 3 2
6773 4 3 4 5 1
6774 5 3 2 5 1 4
6912 2 4 2
6918 3 3 5 2
6966 5 5 4 3 2 1
6988 4 5 3 2 1
7010 3 4 5 1
7057 4 3 4 2 5
7143 5 1 5 4 3 2
7166 4 2 5 1 3
7243 3 1 2 3
7244 5 2 5 3 1 4
7252 4 4 2 3 5
7271 4 5 3 2 4
7277 3 1 3 5
7287 5 2 5 3 1 4
7299 3 5 3 1
7326 3 5 3 2
7430 3 2 4 5
7470 5 4 3 2 1 5
7481 4 5 2 4 1
7494 5 1 3 2 4 5
7550 3 4 2 1
7576 4 5 4 1 3
7597 5 1 4 2 5 3
7635 3 3 4 2
7644 4 2 1 5 4
7645 4 5 1 2 3
7649 2 1 3
7662 4 4 1 5 2
7665 5 5 4 1 2 3
7684 3 1 4 3
7690 5 2 4 1 3 5
7724 5 5 1 4 3 2
7731 5 4 5 1 3 2
7906 2 4 1
7980 5 1 2 5 3 4
8051 5 3 4 5 1 2
8077 5 3 1 2 4 5
8125 4 3 1 5 2
8162 4 4 1 3 5
8197 3 5 3 1
8243 3 4 3 2
8297 5 1 2 3 5 4
8312 4 4 5 2 3
8326 5 2 4 3 5 1
8351 3 2 1 3
8362 5 4 2 3 1 5
8366 4 2 5 3 1
8371 3 5 3 4
8418 5 4 5 1 2 3
8452 4 2 5 1 4
8479 4 4 3 5 1
8485 5 1 2 4 3 5
8502 5 3 5 1 4 2
8512 3 2 4 1
8547 3 4 5 2
8552 3 5 4 2
8591 5 4 2 3 1 5
8602 5 4 1 3 5 2
8644 5 5 3 2 1 4
8671 3 1 3 4
8676 4 4 2 1 5
8740 5 3 1 4 2 5
8766 2 2 3
8805 5 4 3 5 1 2
8858 2 5 1
8870 5 5 4 3 1 2
8971 4 5 3 2 4
8982 4 2 1 4 5
9041 5 5 4 1 2 3
9049 2 4 1
9075 4 3 2 4 5
9076 3 1 2 5
9078 5 3 5 1 4 2
9092 5 5 3 1 2 4
9093 2 4 1
9197 4 2 4 1 5
9252 2 4 3
9269 2 2 4
9292 5 1 4 5 3 2
9309 5 4 2 1 3 5
9372 5 1 2 5 4 3
9383 1 2
9440 4 2 5 3 4
9466 3 1 3 2
9485 4 3 4 5 2
9554 4 3 4 1 2
9572 3 2 5 4
9616 3 1 2 5
9697 3 3 2 4
9735 3 3 2 4
9769 5 5 3 1 2 4
9799 3 4 1 2
9814 3 5 3 2
9844 2 3 5
9863 4 2 1 3 5
9923 1 4
9947 3 2 4 3
10026 5 3 2 5 4 1
10049 5 1 5 2 4 3
10139 5 1 3 2 5 4
10153 4 3 4 5 1
10169 4 3 1 4 5
10179 2 2 1
10186 4 4 2 5 3
10218 4 1 3 5 2
10225 3 1 5 3
10229 1 3
10241 4 4 2 3 5
10297 5 5 3 1 2 4
10336 5 1 4 5 2 3
10354 5 2 4 1 3 5
10365 5 1 4 2 5 3
10368 5 2 4 1 3 5
10372 2 2 1
10381 5 3 4 2 5 1
10426 4 1 2 3 4
10461 5 4 1 2 3 5
10481 5 4 3 1 5 2
10525 2 4 3
10633 2 1 5
10639 1 5
10667 4 5 3 2 4
10689 4 3 4 5 2
10702 5 2 1 5 3 4
10728 5 3 2 5 4 1
10774 3 1 2 5
10799 5 5 2 3 1 4
10810 4 2 5 4 1
10849 4 1 2 3 5
10861 5 2 4 3 5 1
10940 4 4 1 2 3
11013 5 4 3 1 5 2
11020 5 4 1 5 3 2
11021 5 3 2 1 5 4
11055 3 2 4 1
11058 5 2 5 4 1 3
11150 2 1 3
11151 5 1 2 4 3 5
11154 3 2 5 3
11195 3 3 5 4
11244 5 3 5 2 1 4
11273 2 4 5
11320 3 5 2 1
11322 5 2 3 4 5 1
11340 4 1 3 5 4
11353 5 2 4 5 1 3
11403 5 5 2 1 3 4
11421 2 2 3
11437 5 1 3 2 5 4
11462 3 4 2 5
11468 5 3 4 2 5 1
11534 5 5 2 4 3 1
11535 5 5 2 3 1 4
11563 3 4 5 3
11604 5 2 4 5 3 1
11611 5 5 4 2 1 3
11629 2 5 4
11643 3 4 2 1
11644 2 1 2
11649 3 5 1 4
11650 5 4 2 5 1 3
11678 3 2 3 1
11718 5 3 1 4 2 5
11764 4 5 2 3 1
11781 5 2 5 4 1 3
11808 5 1 4 3 2 5
11853 5 1 4 5 2 3
11910 4 2 1 5 4
11926 5 1 4 2 3 5
11991 4 5 1 4 3
11996 3 3 1 2
12065 5 2 1 5 3 4
12070 5 2 5 4 3 1
12156 4 2 3 4 5
12189 5 4 3 5 2 1
12224 4 5 3 1 2
12323 5 1 4 3 2 5
12340 3 3 5 1
12359 2 2 5
12429 4 2 1 5 4
12441 5 3 2 5 4 1
12561 5 2 5 3 4 1
12563 5 4 3 2 5 1
12590 4 3 5 1 2
12642 5 5 1 2 4 3
12662 5 1 3 4 5 2
12683 3 3 5 1
12727 2 4 2
12774 3 2 3 1
12793 5 2 1 4 5 3
12795 4 3 5 4 1
12900 4 2 5 1 4
12918 5 2 3 1 5 4
12952 4 5 3 4 2
13040 2 3 4
13045 3 3 5 2
13059 5 3 5 4 1 2
13141 5 3 2 4 5 1
13152 2 2 5
13221 3 2 3 4
13283 3 5 1 2
13323 5 1 5 2 4 3
13339 4 5 3 2 1
13348 4 1 2 4 5
13349 5 3 5 4 2 1
13372 3 5 1 3
13410 2 4 3
13424 5 4 5 2 1 3
13430 5 3 2 1 5 4
13464 3 4 2 1
13504 3 2 5 1
13537 2 3 5
13605 3 3 1 2
13611 5 2 1 5 3 4
13616 4 5 1 4 2
13645 2 5 3
13695 5 1 4 2 3 5
13708 2 5 3
13709 5 5 2 4 3 1
13835 2 5 4
13848 4 1 2 3 4
13979 5 4 5 3 1 2
13985 4 3 2 1 4
13996 3 4 3 5
14105 4 3 4 1 2
14131 1 2
14149 5 4 1 2 5 3
14208 5 5 1 4 3 2
14238 3 5 3 2
14240 5 5 3 4 1 2
14315 3 3 2 5
14436 1 5
14452 5 2 4 1 3 5
14474 5 3 5 2 4 1
14489 4 2 4 3 1
14530 5 1 3 5 4 2
14537 3 1 2 4
14566 3 1 5 4
14734 5 4 3 2 5 1
14809 5 1 4 3 2 5
14861 3 4 1 5
14896 5 4 1 3 2 5
14906 5 1 4 2 3 5
14915 5 4 2 3 5 1
14925 5 3 4 1 2 5
14938 2 5 1
14957 2 1 4
14986 1 1
14990 3 2 4 3
15002 4 1 5 4 2
15017 3 5 1 3
15020 5 2 3 4 5 1
15113 4 4 1 2 5
15148 5 1 4 5 2 3
15188 4 2 1 5 4
15192 5 1 4 3 5 2
15193 5 5 4 2 1 3
15198 4 5 2 1 3
15216 3 3 2 5
15227 5 5 4 1 2 3
15285 5 4 3 5 1 2
15298 5 2 3 4 1 5
15355 3 2 4 1
15410 5 5 2 3 1 4
15417 2 2 5
15445 2 5 2
15533 4 3 5 2 1
15542 3 4 1 3
15548 3 4 2 5
15573 5 5 2 1 3 4
15588 4 2 4 3 5
15636 2 4 3
15696 5 5 4 1 3 2
15709 4 3 1 2 4
15751 2 4 1
15781 4 4 5 3 1
15798 3 4 1 5
15867 5 5 1 3 2 4
15889 5 4 5 2 3 1
15985 3 3 5 2
16023 3 1 3 4
16040 3 2 5 1
16053 2 3 5
16086 5 2 5 1 4 3
16150 5 5 4 2 3 1
16187 5 3 4 5 1 2
16223 3 1 3 4
16256 5 1 2 3 4 5
16290 3 2 3 4
16307 4 3 5 2 1
16328 3 1 2 4
16340 5 1 4 2 5 3
16344 5 2 4 3 1 5
16387 5 4 1 5 3 2
16426 3 5 3 2
16485 5 2 5 4 3 1
16514 5 2 4 5 1 3
16547 5 1 4 2 5 3
16560 4 4 5 1 3
16566 5 5 3 2 1 4
16622 5 5 3 4 1 2
16629 5 1 5 4 3 2
16638 5 4 5 1 3 2
16717 2 2 5
16721 5 1 5 3 4 2
16762 2 2 4
16785 4 5 4 1 3
16835 4 4 3 1 5
16941 5 4 5 1 3 2
16942 4 3 5 2 1
16949 1 4
17047 5 2 4 5 3 1
17053 5 5 1 2 3 4
17085 1 3
17087 5 3 4 5 2 1
17104 5 4 3 5 1 2
17111 3 2 4 3
17170 5 2 4 1 3 5
17190 5 5 1 2 3 4
17223 2 3 2
17244 5 1 4 2 3 5
17286 5 4 5 3 1 2
17298 3 2 1 4
17338 2 4 1
17392 4 3 2 4 1
17398 3 2 1 3
17422 4 3 1 4 2
17503 5 4 2 5 1 3
17577 2 4 2
17595 5 3 5 4 2 1
17618 4 3 4 1 5
17620 5 1 5 4 3 2
17676 3 3 4 5
17696 2 3 1
17741 4 1 2 3 5
17756 2 1 4
17773 5 5 3 4 1 2
17792 3 4 2 3
17815 3 4 2 3
17846 5 3 1 5 4 2
17878 5 1 5 3 2 4
18008 5 1 5 4 3 2
18057 3 1 4 2
18067 5 1 5 4 3 2
18077 3 4 5 1
18083 3 1 3 4
18088 5 2 1 3 4 5
18093 5 5 1 2 4 3
18188 3 1 5 2
18193 5 3 2 5 4 1
18224 4 5 1 3 4
18229 5 4 1 5 2 3
18230 5 3 2 4 1 5
18239 5 4 2 1 3 5
18293 4 3 5 1 4
18315 5 2 3 5 4 1
18324 2 1 5
18328 3 2 3 4
18363 5 5 1 2 4 3
18418 5 1 2 3 5 4
18438 4 4 3 5 2
18560 5 5 4 1 2 3
18625 4 3 2 1 5
18684 4 3 4 5 2
18721 5 5 2 4 1 3
18786 5 3 2 4 5 1
18855 3 2 3 4
18875 5 1 5 3 4 2
18887 5 2 1 5 3 4
18907 5 4 2 5 3 1
18945 3 2 4 5
18961 5 2 1 4 3 5
18977 5 1 3 2 4 5
19004 4 2 3 5 1
19007 5 4 3 2 5 1
19016 5 1 4 5 3 2
19021 5 1 3 2 5 4
19062 5 3 2 1 5 4
19084 4 3 4 2 1
19091 5 5 2 1 3 4
19101 1 2
19105 5 3 2 5 1 4
19164 5 4 2 1 3 5
19171 5 3 5 1 4 2
19183 3 2 1 4
19187 5 5 3 1 2 4
19208 5 4 3 2 1 5
19244 2 1 5
19263 5 3 2 1 4 5
19308 5 1 5 4 3 2
19366 5 2 4 1 3 5
19374 5 4 2 1 5 3
19384 5 1 4 2 5 3
19438 4 4 1 2 3
19470 3 4 1 5
19474 3 4 5 1
19480 4 2 4 3 5
19498 5 1 5 4 3 2
19608 5 4 3 5 2 1
19615 5 2 4 3 5 1
19619 3 3 5 1
19653 5 1 3 4 2 5
19706 3 3 2 1
19715 5 1 3 2 5 4
19728 2 5 2
19764 5 5 4 1 2 3
19777 5 2 1 4 3 5
19796 5 5 3 4 2 1
19820 3 3 2 4
19826 4 4 2 1 3
19889 4 5 2 1 3
19897 4 4 3 1 2
19909 5 1 5 2 4 3
19957 4 1 2 4 5
20066 5 3 4 5 1 2
20135 5 2 4 5 3 1
20146 3 4 2 5
20167 2 2 3
20175 3 5 2 3
20239 4 5 1 2 4
20244 3 2 3 4
20315 4 4 3 2 5
20375 5 1 3 4 5 2
20432 4 5 1 4 3
20487 2 5 4
20586 3 5 1 3
20606 5 3 5 2 1 4
20619 5 3 1 2 5 4
20671 3 5 4 2
20674 2 2 5
20677 3 5 1 4
20713 3 3 5 2
20837 2 1 4
20853 3 4 3 2
20854 4 3 4 5 2
20878 4 5 4 2 3
20941 5 2 1 3 5 4
20946 5 5 2 1 4 3
20958 5 3 4 1 5 2
20994 5 3 2 4 1 5
21047 4 4 1 2 5
21099 5 4 5 1 2 3
21120 5 5 4 3 2 1
21128 4 1 2 3 4
21145 5 4 3 2 5 1
21150 3 4 1 3
21212 4 5 1 2 3
21227 5 4 2 3 1 5
21246 4 3 5 4 1
21254 4 2 3 4 5
21394 5 5 1 3 2 4
21405 5 4 3 2 1 5
21414 2 3 2
21439 2 2 5
21475 5 4 5 1 3 2
21484 5 3 4 2 5 1
21489 2 3 4
21509 2 4 5
21557 5 2 3 1 4 5
21571 3 5 1 4
21593 5 1 2 4 3 5
21602 5 2 5 3 1 4
21631 5 2 5 1 3 4
21639 3 1 5 3
21658 4 1 5 3 2
21691 5 3 4 2 1 5
21701 5 3 5 2 1 4
21719 5 3 1 5 4 2
21797 2 2 5
21855 5 4 5 3 2 1
21891 4 4 1 5 2
21932 4 5 4 1 2
21940 5 4 1 3 2 5
21954 5 1 5 3 4 2
21989 5 3 4 2 1 5
21991 2 5 3
22063 5 2 5 1 3 4
22064 5 4 5 2 3 1
22097 5 5 3 2 4 1
22147 4 1 4 2 3
22155 3 5 2 3
22186 5 5 2 4 1 3
22194 5 3 1 2 4 5
22198 5 3 5 4 2 1
22252 5 4 3 5 2 1
22307 4 1 2 3 4
22337 4 5 2 3 4
22343 5 4 1 5 2 3
22357 4 3 2 5 1
22358 3 3 1 2
22431 3 3 1 2
22519 5 3 5 4 2 1
22556 4 5 2 3 4
22622 3 4 5 2
22681 5 5 2 4 1 3
22689 5 3 1 5 4 2
22715 5 5 3 4 2 1
22762 5 2 3 4 1 5
22783 5 4 5 3 2 1
22793 5 2 4 1 3 5
22818 5 3 2 1 5 4
22862 5 5 2 1 4 3
22952 5 3 5 1 2 4
22980 3 2 5 3
23058 4 4 1 5 3
23138 5 4 5 3 2 1
23147 4 5 4 1 2
23152 4 1 2 4 3
23195 4 4 5 2 3
23197 5 4 2 3 1 5
23217 2 5 1
23243 2 3 5
23301 4 1 2 3 4
23308 5 2 3 5 1 4
23323 5 3 2 4 1 5
23377 1 4
23396 5 1 3 2 4 5
23471 4 5 1 3 2
23474 5 5 2 1 4 3
23597 5 1 3 4 2 5
23605 3 3 2 1
23606 5 5 2 4 3 1
23686 3 1 2 3
23754 4 1 5 4 2
23793 5 3 5 2 1 4
23800 5 2 3 1 4 5
23829 3 4 5 1
23866 3 4 2 3
23922 5 3 2 1 4 5
23944 5 4 2 5 1 3
23969 4 2 5 4 1
24004 3 3 2 5
24042 5 3 2 4 1 5
24055 5 3 5 1 4 2
24072 1 4
24075 1 3
24097 5 3 4 5 2 1
24118 3 2 3 5
24124 5 2 3 1 4 5
24219 3 5 2 3
24232 3 4 3 1
24240 3 1 3 2
24241 4 5 3 1 2
24245 5 1 2 3 4 5
24286 5 1 2 5 4 3
24385 4 3 5 2 1
24394 5 3 1 5 4 2
24455 5 3 1 5 4 2
24590 5 2 5 1 3 4
24613 2 2 5
24617 5 1 3 2 4 5
24647 5 3 4 1 2 5
24665 2 1 4
24701 5 2 3 1 4 5
24763 3 2 1 4
24772 5 5 2 3 1 4
24773 4 1 5 2 3
24812 3 1 3 5
24859 2 4 1
24949 5 1 2 3 4 5
24961 3 4 3 2
25055 4 2 3 4 1
25094 1 2
25116 5 2 1 3 5 4
25166 4 3 1 4 2
25167 5 3 4 1 5 2
25188 5 4 3 1 5 2
25203 4 5 1 2 3
25222 2 1 2
25226 5 1 4 5 3 2
25232 4 3 4 5 2
25255 5 1 3 4 2 5
25323 2 1 2
25325 4 4 5 1 3
25434 5 2 5 3 4 1
25505 4 2 5 1 4
25506 5 4 3 2 1 5
25531 5 1 3 4 5 2
25535 5 5 2 1 3 4
25537 5 4 5 1 3 2
25570 4 5 4 2 3
25633 4 5 3 2 4
25665 5 5 1 3 4 2
25740 4 2 4 3 5
25751 5 1 5 3 4 2
25772 4 2 1 3 5
25825 5 1 4 5 2 3
25868 5 3 1 4 2 5
25870 5 2 1 4 5 3
25893 5 3 5 1 4 2
25899 1 2
25902 3 1 2 5
25906 4 1 2 5 4
25938 5 2 3 1 4 5
26009 5 2 4 5 3 1
26072 3 3 1 4
26074 5 3 4 5 2 1
26089 4 1 4 5 2
26186 4 4 1 3 2
26231 3 4 3 1
26251 5 1 4 3 5 2
26286 5 2 4 1 5 3
26336 2 2 5
26348 2 4 3
26351 5 2 4 5 3 1
26370 4 1 4 3 5
26379 4 4 1 3 5
26406 5 2 5 3 1 4
26408 5 2 1 3 4 5
26410 5 5 4 2 1 3
26426 5 5 3 1 4 2
26434 5 1 4 2 5 3
26479 2 2 5
26494 4 1 2 5 3
26528 3 5 1 4
26637 5 1 5 3 4 2
26659 5 4 5 3 1 2
26665 5 5 3 2 1 4
26703 2 1 3
26719 4 5 3 4 2
26832 3 1 2 4
26882 2 2 4
26906 2 5 4
26925 3 2 3 1
26959 5 3 4 1 5 2
26964 3 4 5 3
27004 3 1 4 3
27007 5 1 4 5 3 2
27008 4 2 1 4 5
27010 3 3 4 5
27033 4 5 2 3 4
27047 4 4 3 5 2
27081 3 4 3 2
27094 5 5 1 3 4 2
27107 5 4 2 1 5 3
27172 5 3 2 4 1 5
27174 5 4 3 5 2 1
27200 2 1 2
27259 5 4 3 5 2 1
27274 4 5 3 4 2
27276 5 4 2 5 3 1
27324 5 4 5 3 1 2
27375 2 2 4
27384 5 3 1 2 5 4
27444 3 5 3 4
27460 2 5 1
27466 3 2 4 5
27470 5 1 2 3 5 4
27476 5 1 3 5 4 2
27503 4 1 5 2 3
27541 5 3 5 1 4 2
27562 5 3 4 5 1 2
27592 4 1 5 2 3
27597 3 1 3 2
27637 2 2 5
27641 3 5 1 2
27669 5 2 4 1 3 5
27678 2 5 1
27710 5 1 4 5 2 3
27729 4 3 4 1 2
27753 5 3 1 5 2 4
27756 2 2 5
27834 5 3 1 4 5 2
27847 5 3 2 1 4 5
27903 5 1 3 4 5 2
27914 2 5 2
27926 5 5 3 1 2 4
27967 5 5 4 3 2 1
28008 5 3 4 1 5 2
28053 5 4 5 1 3 2
28086 5 2 4 1 5 3
28118 4 1 2 4 3
28199 5 3 4 5 1 2
28220 3 1 2 5
28276 4 2 1 5 4
28286 5 2 1 4 3 5
28310 3 3 1 2
28311 3 3 5 4
28395 3 5 2 1
28396 4 4 5 3 1
28458 3 4 1 5
28460 3 5 2 4
28469 5 4 3 5 1 2
28480 2 4 1
28491 3 2 1 5
28512 4 5 3 4 2
28553 5 4 3 2 1 5
28596 1 1
28616 5 2 5 3 4 1
28619 5 1 3 2 5 4
28671 5 3 1 2 5 4
28690 5 1 3 2 4 5
28746 3 5 3 4
28776 4 4 2 3 1
28830 3 4 5 3
28870 5 4 2 1 3 5
28925 5 5 1 2 4 3
28931 4 1 2 4 5
28954 5 2 4 1 3 5
28977 3 2 5 3
29030 4 2 3 1 5
29060 5 5 3 2 1 4
29070 2 2 5
29086 5 2 1 3 5 4
29097 5 5 4 3 1 2
29135 4 3 4 1 5
29162 5 3 1 2 5 4
29245 4 1 4 3 2
29264 5 1 4 3 5 2
29290 4 4 5 3 2
29314 4 4 5 3 2
29356 4 1 4 3 5
29394 5 5 2 3 4 1
29487 4 4 5 2 1
29570 2 1 5
29617 4 5 4 1 3
29672 5 3 4 1 2 5
29676 5 4 1 2 3 5
29691 5 5 1 2 3 4
29693 4 4 5 1 2
29723 5 2 5 4 3 1
29743 3 1 3 4
29744 5 1 4 5 3 2
29761 3 4 1 3
29764 5 1 3 4 2 5
29774 4 4 2 3 5
29873 3 5 1 2
29925 5 3 2 4 5 1
29965 2 1 5
29976 3 3 1 5
29977 4 3 1 2 4
30020 3 1 4 2
30049 3 3 1 4
30066 5 5 2 3 4 1
30212 4 3 2 1 4
30218 2 4 2
30312 5 2 1 5 3 4
30343 1 4
30410 5 2 3 4 5 1
30421 5 1 5 2 4 3
30438 5 4 5 2 1 3
30459 3 2 4 5
30628 3 1 3 4
30629 5 3 1 4 5 2
30658 5 4 5 1 3 2
30799 5 3 2 1 4 5
30804 3 3 4 2
30806 5 5 1 2 3 4
30811 4 3 2 4 5
30919 3 4 1 3
30934 3 2 1 5
30993 5 2 4 5 1 3
31064 5 5 4 1 2 3
31070 5 1 5 3 2 4
31223 5 4 2 1 3 5
31253 5 2 4 3 1 5
31277 3 2 4 1
31380 4 3 1 2 4
31409 5 2 4 1 3 5
31412 3 3 2 4
31527 5 2 3 1 5 4
31572 5 2 4 1 3 5
31584 5 4 1 3 5 2
31642 5 1 2 5 3 4
31723 5 4 3 1 2 5
31806 5 1 4 5 2 3
31861 5 2 1 4 5 3
31896 3 3 1 4
31953 5 4 3 2 1 5
31959 5 1 4 3 2 5
31982 2 2 3
32012 4 5 2 1 3
32016 4 4 5 3 1
32040 5 1 5 2 3 4
32041 5 3 1 4 5 2
32110 4 5 1 3 2
32124 5 3 4 5 2 1
32128 5 1 5 4 2 3
32148 3 5 4 2
32164 5 1 2 5 3 4
32165 4 4 3 2 1
32307 5 3 4 1 5 2
32364 5 5 3 4 1 2
32398 2 2 4
32402 5 2 1 4 5 3
32423 5 1 2 3 5 4
32449 5 2 5 1 3 4
32454 3 3 2 4
32493 2 3 2
32540 5 3 5 4 2 1
32561 3 2 1 3
32562 4 3 4 5 2
32629 5 5 4 1 2 3
32690 5 2 4 1 5 3
32756 5 3 4 1 5 2
32768 5 2 3 5 1 4
32796 3 3 2 5
32813 4 1 2 3 5
32836 5 1 3 2 5 4
32842 5 1 3 2 4 5
32863 5 5 3 2 4 1
32888 5 4 3 1 5 2
32914 5 1 4 3 5 2
33004 3 2 1 5
33015 5 3 5 2 1 4
33087 4 3 4 2 5
33107 5 2 1 3 5 4
33131 2 1 3
33189 4 4 1 3 2
33253 5 2 1 4 5 3
33303 4 5 4 3 1
33306 5 3 1 5 2 4
33315 4 4 2 1 3
33373 5 4 1 5 3 2
33393 5 3 2 4 1 5
33399 3 3 4 2
33482 5 1 4 2 3 5
33498 5 5 2 1 3 4
33549 4 4 5 1 3
33562 5 1 4 2 3 5
33570 5 3 1 5 4 2
33586 4 2 1 5 4
33626 5 1 5 4 2 3
33695 5 2 5 4 3 1
33705 4 2 3 1 5
33711 5 2 1 4 3 5
33761 4 3 4 2 5
33774 3 3 5 4
33778 2 5 1
33805 5 5 1 3 2 4
33826 5 3 5 1 2 4
33835 5 1 4 2 3 5
33846 3 3 2 5
33849 2 1 2
33925 4 2 3 5 1
33953 2 5 4
33973 5 1 3 5 4 2
33990 5 4 1 2 3 5
34006 5 5 1 4 3 2
34015 5 2 1 4 5 3
34046 5 5 3 4 2 1
34115 5 4 2 1 3 5
34124 3 1 5 3
34172 2 5 2
34183 5 5 2 3 4 1
34186 4 3 5 1 4
34204 5 1 4 3 5 2
34219 5 5 1 4 3 2
34233 5 5 1 2 3 4
34240 4 5 4 1 2
34261 3 5 2 4
34262 5 2 1 4 3 5
34283 5 3 4 1 2 5
34289 4 3 4 1 2
34327 2 1 2
34338 3 3 1 4
34356 2 1 2
34410 4 3 4 1 5
34453 3 2 5 3
34457 4 3 2 5 1
34482 4 2 1 4 5
34496 4 5 1 3 2
34497 4 1 4 5 2
34569 5 4 1 5 2 3
34617 5 3 4 2 5 1
34683 5 1 4 3 2 5
34711 5 3 2 4 1 5
34795 5 5 4 2 1 3
34823 4 5 3 2 1
34838 5 1 3 2 5 4
34946 3 3 1 2
34981 5 3 5 4 2 1
35020 5 1 4 3 2 5
35041 2 4 1
35098 5 5 3 4 2 1
35136 5 1 3 2 5 4
35138 3 2 3 5
35155 3 4 3 1
35160 5 1 3 4 2 5
35161 3 1 2 4
35188 4 2 1 3 5
35189 5 2 3 4 1 5
35201 5 2 5 4 1 3
35336 5 4 2 1 3 5
35375 5 2 4 3 5 1
35492 5 2 1 3 5 4
35532 5 3 4 5 2 1
35540 2 1 2
35563 4 4 2 3 5
35567 4 5 3 4 2
35571 4 4 3 2 1
35578 3 5 4 3
35682 1 3
35719 5 5 4 3 2 1
35754 3 5 3 4
35826 3 3 1 5
35829 1 2
35882 3 4 2 3
35892 5 5 1 3 2 4
35907 5 1 2 4 5 3
35923 4 1 4 2 3
35963 5 4 3 2 1 5
35972 5 1 5 3 2 4
35976 4 2 1 4 5
35980 2 5 4
36017 2 4 3
36083 5 2 5 4 3 1
36102 2 1 3
36257 5 4 5 1 2 3
36331 4 5 2 4 1
36347 5 4 3 2 5 1
36365 4 2 3 5 4
36400 4 4 1 5 3
36416 4 5 1 2 4
36427 5 2 1 3 4 5
36428 4 2 5 1 4
36434 3 3 2 5
36467 4 2 1 3 4
36485 2 1 4
36494 5 3 4 1 5 2
36515 2 4 1
36525 5 4 5 3 1 2
36542 5 3 4 1 5 2
36570 5 4 3 1 5 2
36576 5 2 1 3 4 5
36596 4 2 5 4 3
36609 5 2 3 1 5 4
36645 5 2 5 3 1 4
36681 5 4 5 2 1 3
36696 2 2 1
36780 5 3 1 2 5 4
36784 5 1 4 5 2 3
36789 5 4 2 1 3 5
36818 5 2 4 1 5 3
36840 3 2 1 3
36878 1 5
36919 5 5 1 3 4 2
36984 1 4
37021 5 2 4 1 3 5
37059 3 4 3 1
37078 4 1 3 5 2
37112 1 4
37137 5 3 2 1 4 5
37147 5 3 2 4 1 5
37151 4 3 1 5 2
37163 4 4 1 5 2
37187 5 1 2 3 4 5
37196 5 3 1 2 4 5
37236 5 5 4 3 1 2
37276 5 5 3 4 2 1
37329 4 1 2 5 4
37352 5 1 4 5 2 3
37372 5 2 1 5 4 3
37403 5 2 5 1 4 3
37410 5 4 3 2 5 1
37413 5 2 4 5 1 3
37617 4 2 4 5 3
37636 4 3 5 1 4
37700 3 1 5 3
37723 4 2 5 1 3
37790 5 5 4 3 2 1
37879 5 1 5 3 4 2
37929 5 4 1 3 2 5
37941 5 1 2 3 4 5
37947 5 1 3 4 5 2
38037 1 3
38086 4 2 3 1 5
38133 3 1 2 5
38163 2 3 4
38195 3 2 3 1
38216 5 1 4 2 3 5
38263 5 5 1 4 2 3
38322 3 4 3 5
38354 3 2 1 3
38368 3 4 5 2
38386 5 2 3 1 5 4
38413 1 4
38471 5 4 1 5 3 2
38496 3 5 4 1
38541 2 4 5
38572 4 5 2 4 3
38592 4 1 5 2 3
38597 5 4 5 1 2 3
38599 2 4 2
38605 5 2 3 1 5 4
38618 4 1 2 4 3
38679 5 3 5 2 4 1
38700 3 3 1 2
38777 3 2 3 1
38813 5 4 5 1 3 2
38831 4 5 4 1 3
38873 3 5 2 3
38918 4 3 4 1 2
39012 5 2 5 3 4 1
39016 5 5 2 3 1 4
39047 3 5 2 4
39054 3 3 5 2
39096 5 1 3 5 4 2
39145 5 4 5 2 1 3
39173 3 1 4 5
39243 3 3 2 1
39264 4 5 4 3 1
39299 3 1 2 4
39351 5 5 2 1 4 3
39358 3 5 4 1
39393 5 4 5 3 2 1
39412 2 5 4
39488 3 4 3 5
39512 5 3 4 1 5 2
39546 3 2 4 5
39561 3 5 2 3
39622 5 4 5 2 3 1
39627 5 1 3 5 4 2
39686 2 3 4
39776 4 2 5 1 3
39883 4 4 5 3 2
39895 4 1 3 5 4
39948 2 2 1
39956 5 5 1 3 2 4
39983 2 1 3
39990 5 4 1 2 5 3
40039 5 5 1 4 3 2
40067 5 3 2 5 1 4
40154 3 4 5 3
40163 5 5 4 1 3 2
40195 5 4 5 3 1 2
40204 5 3 1 4 2 5
40205 2 1 5
40212 4 4 2 1 3
40239 5 2 5 4 1 3
40316 5 2 5 3 4 1
40317 5 1 2 4 3 5
40404 4 5 4 3 2
40424 3 5 4 1
40446 4 4 5 1 2
40479 5 1 2 3 5 4
40516 5 5 3 2 4 1
40520 2 2 1
40564 4 5 3 2 4
40580 5 1 5 3 2 4
40589 5 1 2 4 3 5
40595 5 4 1 3 5 2
40654 5 4 3 5 2 1
40688 5 4 1 5 3 2
40720 3 1 5 2
40776 5 1 2 5 3 4
40793 4 4 1 2 3
40832 5 4 3 2 1 5
40837 2 2 5
40856 3 4 3 5
40862 5 2 4 3 1 5
40878 5 2 1 5 4 3
40885 4 1 2 5 3
41014 5 1 2 3 4 5
41047 2 3 1
41053 5 5 4 1 2 3
41078 4 4 1 2 5
41272 4 4 5 1 2
41360 2 5 3
41442 5 1 2 4 5 3
41470 2 1 2
41487 5 1 4 2 5 3
41491 4 3 4 5 2
41545 4 2 4 1 3
41562 1 5
41564 5 4 1 5 3 2
41600 5 5 3 1 2 4
41642 4 4 3 2 1
41655 5 5 2 1 4 3
41700 2 3 2
41762 5 3 5 2 1 4
41771 4 4 2 3 1
41818 5 4 3 5 1 2
41826 5 1 4 5 3 2
41841 2 5 4
41868 5 4 5 1 3 2
41876 5 5 3 4 1 2
41943 3 5 4 1
41944 2 1 5
42034 5 5 4 1 3 2
42070 5 2 3 1 4 5
42106 4 5 4 1 3
42143 5 1 3 2 5 4
42182 3 5 3 4
42240 4 4 5 3 1
42253 5 3 4 5 1 2
42261 5 2 1 4 3 5
42264 5 4 2 1 5 3
42282 5 1 3 5 2 4
42321 5 5 3 4 1 2
42341 5 2 5 3 4 1
42369 5 5 1 2 3 4
42372 5 3 4 2 1 5
42430 3 2 3 1
42473 5 1 5 4 2 3
42492 3 2 4 1
42513 3 4 2 1
42517 4 2 4 1 3
42596 4 5 1 3 2
42608 4 5 1 3 2
42615 5 1 4 3 2 5
42632 5 4 3 1 2 5
42661 2 4 2
42670 3 4 1 5
42740 5 1 2 3 4 5
42746 4 1 4 5 2
42809 2 3 4
42829 5 3 4 5 2 1
42887 4 5 3 4 2
42929 5 4 2 5 3 1
42956 5 5 4 3 1 2
43037 5 5 2 4 3 1
43039 5 1 5 4 2 3
43049 4 4 2 3 5
43052 3 4 3 5
43118 3 2 3 5
43155 5 4 3 2 5 1
43183 5 3 4 2 1 5
43215 5 2 3 5 4 1
43281 4 5 2 3 4
43307 5 3 1 5 2 4
43326 5 2 1 4 5 3
43340 2 1 2
43450 5 1 5 2 3 4
43470 4 5 2 4 3
43522 5 4 2 1 3 5
43550 5 4 2 3 5 1
43741 5 3 1 4 5 2
43756 5 1 4 2 5 3
43757 5 3 4 2 1 5
43830 5 5 4 3 2 1
43848 3 5 2 4
43864 5 5 4 1 2 3
43870 5 3 1 5 2 4
43941 5 3 2 4 1 5
44008 5 4 3 1 2 5
44031 2 4 5
44035 5 5 3 1 4 2
44074 3 2 4 3
44077 5 5 1 2 4 3
44085 5 3 4 1 5 2
44110 5 1 5 4 2 3
44130 3 3 1 5
44140 5 3 1 4 5 2
44146 5 2 3 4 1 5
44231 5 2 4 1 5 3
44255 4 4 1 5 2
44267 2 3 4
44274 5 2 4 3 1 5
44339 3 5 3 1
44354 5 2 1 4 5 3
44383 4 3 1 5 4
44478 3 1 5 2
44502 3 3 2 5
44596 3 3 4 5
44608 4 3 5 1 4
44752 3 4 3 1
44753 3 4 3 5
44867 4 4 5 3 2
44884 5 1 4 2 3 5
44888 2 2 3
44892 3 2 3 4
44941 3 5 1 4
44985 5 2 3 5 1 4
45028 4 3 1 4 2
45065 4 2 1 3 5
45081 4 3 4 5 2
45109 5 5 4 1 3 2
45133 3 2 4 1
45186 5 5 4 2 3 1
45189 5 5 1 4 3 2
45205 3 3 2 1
45219 5 1 3 5 2 4
45262 2 4 3
45263 5 1 2 3 5 4
45318 5 1 4 2 3 5
45356 3 1 4 3
45397 4 4 5 1 2
45416 5 2 3 5 1 4
45438 5 2 3 4 5 1
45448 5 5 4 3 1 2
45511 4 4 5 1 3
45580 5 2 4 3 5 1
45690 2 2 3
45815 5 3 1 4 5 2
45840 5 5 4 2 3 1
45843 5 5 4 1 2 3
45869 3 2 3 1
45888 5 3 5 2 1 4
45918 2 4 3
45972 5 2 5 1 4 3
46011 1 3
46043 4 2 4 1 5
46081 5 3 5 4 2 1
46096 1 2
46099 4 4 1 2 5
46113 2 2 4
46199 2 5 3
46257 2 5 1
46347 5 4 1 5 3 2
46351 4 2 5 1 4
46413 5 5 2 1 3 4
46430 2 4 2
46475 5 3 2 1 5 4
46503 2 5 3
46517 5 4 3 5 1 2
46521 3 2 3 4
46546 5 1 5 2 4 3
46562 5 5 2 4 3 1
46657 2 4 1
46665 5 2 3 5 1 4
46691 5 1 5 2 4 3
46713 4 2 3 4 1
46717 4 4 1 2 5
46743 5 1 3 2 4 5
46778 5 1 5 4 3 2
46796 5 2 3 1 5 4
46821 5 2 4 3 5 1
46822 4 4 2 5 3
46868 4 3 1 2 5
46892 5 4 5 3 2 1
46953 5 1 3 4 5 2
47026 5 5 3 4 2 1
47040 4 3 2 1 4
47067 5 3 4 1 5 2
47068 5 1 2 3 4 5
47069 5 5 2 4 3 1
47118 4 1 5 2 4
47132 5 3 1 4 2 5
47163 5 5 1 3 4 2
47201 5 3 1 5 4 2
47240 5 4 2 1 3 5
47266 5 5 1 4 2 3
47277 4 3 2 5 1
47343 4 5 3 1 4
47384 5 3 2 5 1 4
47451 5 1 3 4 5 2
47489 5 2 4 1 5 3
47496 5 3 1 4 2 5
47525 5 2 1 4 3 5
47557 5 4 1 3 5 2
47589 2 5 3
47600 5 2 4 1 3 5
47625 5 3 4 5 2 1
47691 3 1 5 2
47692 5 1 3 5 4 2
47712 5 1 5 4 3 2
47762 4 2 1 4 3
47797 5 5 1 3 4 2
47904 5 4 3 1 5 2
47912 3 3 2 4
47921 1 5
47932 4 3 1 2 5
47993 5 3 4 1 5 2
48040 4 2 4 5 3
48128 5 2 1 5 4 3
48153 5 3 1 2 5 4
48158 5 1 4 5 2 3
48219 5 4 3 2 5 1
48245 5 5 4 2 1 3
48417 4 4 3 1 2
48420 5 3 5 1 4 2
48434 5 3 2 5 4 1
48480 5 3 2 4 5 1
48547 4 5 3 2 4
48580 3 5 4 2
48588 5 2 3 5 4 1
48645 5 5 2 3 4 1
48668 4 4 5 2 1
48706 2 5 1
48764 4 5 4 2 3
48807 5 4 1 5 3 2
48975 5 1 4 2 5 3
49017 1 2
49029 5 3 4 1 2 5
49034 2 2 3
49084 3 4 2 3
49105 5 5 2 3 4 1
49158 3 4 2 3
49219 4 4 3 5 1
49251 5 4 5 1 2 3
49276 3 4 2 3
49284 5 1 5 4 2 3
49384 5 4 1 3 2 5
49385 3 3 2 1
49401 5 5 1 2 3 4
49414 2 1 5
49455 5 1 2 3 5 4
49480 4 2 3 4 5
49496 5 5 2 3 4 1
49501 5 4 2 5 1 3
49503 3 5 3 1
49558 2 5 1
49587 4 4 3 2 1
49608 3 2 1 3
49611 5 2 3 5 4 1
49640 5 4 1 2 3 5
49761 3 3 2 5
49780 5 1 3 2 4 5
49781 3 5 1 4
49825 2 4 5
49965 1 4
50006 3 4 1 5
50061 3 3 1 2
50065 5 1 2 3 5 4
50084 4 2 1 3 4
50085 5 5 3 2 1 4
50129 4 5 2 4 1
50263 4 2 5 3 1
50281 2 3 4
50354 3 4 2 3
50362 3 3 2 1
50364 2 4 5
50366 5 1 4 3 5 2
50368 5 4 1 3 2 5
50391 5 3 5 4 2 1
50453 3 4 1 3
50474 5 4 5 2 3 1
50490 5 5 1 2 4 3
50495 5 5 1 2 3 4
50505 4 2 3 5 1
50552 4 5 4 2 3
50592 5 3 5 2 4 1
50596 5 3 2 5 4 1
50610 2 3 5
50612 5 4 5 1 2 3
50628 2 1 2
50650 3 1 2 5
50738 5 5 4 3 1 2
50769 3 5 3 1
50770 3 2 3 4
50771 3 3 1 2
50780 4 1 3 4 2
50786 5 4 2 5 3 1
50837 3 4 2 1
50869 4 1 5 3 4
50880 5 3 2 1 5 4
50911 5 4 5 3 2 1
50940 4 5 2 3 4
50942 5 3 1 4 5 2
50949 3 3 5 1
50950 5 1 4 2 3 5
51013 5 2 4 5 3 1
51014 4 2 3 1 5
51081 3 2 5 1
51102 3 3 1 2
51111 5 3 4 2 1 5
51198 4 4 3 1 5
51220 1 2
51314 3 5 2 3
51372 5 1 3 5 2 4
51378 3 1 5 4
51417 3 4 2 1
51470 5 4 2 1 3 5
51484 5 4 2 5 3 1
51536 3 5 4 2
51550 4 1 3 4 5
51582 3 2 3 5
51614 5 3 1 2 4 5
51742 5 1 2 4 5 3
51767 3 2 1 4
51819 5 4 2 3 1 5
51826 5 2 1 5 4 3
51839 2 3 2
51854 3 1 4 3
51902 1 1
51963 5 1 3 4 5 2
52052 4 1 5 4 2
52100 3 1 3 2
52136 5 5 2 4 1 3
52139 5 2 4 1 3 5
52158 5 5 3 2 1 4
52167 5 4 1 3 5 2
52182 3 1 3 5
52198 2 1 3
52215 4 1 5 2 4
52255 3 3 2 1
52261 1 4
52294 5 2 1 5 4 3
52318 5 3 5 1 2 4
52362 5 3 5 4 1 2
52365 4 3 2 5 4
52490 3 3 4 2
52497 5 3 1 2 4 5
52536 3 4 3 2
52573 5 1 3 5 2 4
52618 2 5 3
52675 4 1 2 3 4
52688 5 3 5 4 2 1
52825 5 4 3 5 2 1
52826 4 5 3 2 1
52833 5 2 4 3 5 1
52843 3 5 1 4
52852 5 4 1 3 2 5
52898 4 4 5 2 1
52965 4 5 2 3 1
52976 5 3 5 4 2 1
53040 3 2 5 1
53045 5 3 4 2 1 5
53115 5 2 1 3 5 4
53127 5 2 5 3 4 1
53166 5 3 4 2 1 5
53183 5 2 5 3 4 1
53215 5 4 1 5 3 2
53254 5 1 2 5 4 3
53319 3 1 5 4
53338 5 3 5 2 1 4
53378 5 1 5 3 4 2
53391 5 2 4 5 1 3
53444 3 2 1 4
53511 4 4 2 1 3
53517 4 3 1 5 2
53570 2 2 5
53584 5 3 2 1 4 5
53612 4 4 1 3 2
53660 2 1 3
53704 4 3 1 2 4
53705 5 3 5 1 2 4
53712 5 4 5 1 3 2
53730 1 1
53743 5 3 4 5 1 2
53822 5 3 5 4 1 2
53823 5 2 4 5 3 1
53853 5 2 1 5 4 3
53864 5 3 5 4 1 2
53878 2 3 2
53882 5 4 1 5 2 3
53897 5 4 3 2 5 1
53911 3 4 5 3
53926 5 1 5 4 2 3
53942 5 5 1 4 3 2
53956 3 4 1 3
54016 5 2 1 3 4 5
54090 5 3 5 2 4 1
54226 3 4 3 1
54261 5 1 4 5 3 2
54280 4 5 1 3 2
54304 3 2 4 3
54305 5 4 3 5 1 2
54347 5 3 2 1 5 4
54446 3 1 2 3
54447 3 2 5 4
54487 3 2 4 5
54516 3 2 1 5
54527 2 1 4
54536 4 1 2 3 4
54573 3 1 4 5
54601 3 2 3 1
54646 5 4 5 3 1 2
54715 4 4 1 3 5
54721 3 2 4 1
54743 5 5 2 1 4 3
54777 5 5 2 1 3 4
54827 3 2 1 5
54828 5 1 4 5 3 2
54831 3 4 1 3
54885 5 3 4 2 5 1
54941 4 3 2 5 4
55001 5 4 3 2 5 1
55036 5 5 2 3 1 4
55106 4 2 3 5 4
55162 5 3 1 4 2 5
55186 5 3 1 5 2 4
55223 5 3 1 5 4 2
55225 1 2
55245 2 1 3
55260 4 2 5 4 1
55275 3 4 2 3
55277 5 1 2 5 3 4
55320 5 4 2 3 1 5
55351 5 5 4 1 2 3
55360 5 3 1 5 2 4
55375 5 4 5 3 1 2
55415 4 4 3 5 1
55556 3 4 5 1
55566 2 3 2
55625 4 3 1 4 2
55695 5 2 1 4 5 3
55709 5 1 5 2 3 4
55738 5 2 1 4 3 5
55773 3 4 3 2
55782 5 5 3 2 1 4
55835 2 1 4
55842 2 3 1
55843 5 1 4 3 2 5
55848 5 2 1 5 4 3
55893 4 3 5 2 4
55923 5 2 3 4 5 1
55976 3 2 1 4
56023 5 5 3 2 4 1
56035 5 1 3 2 4 5
56044 5 2 1 5 3 4
56081 4 1 3 5 4
56094 5 2 5 1 3 4
56113 4 5 1 3 2
56126 4 2 4 3 1
56138 5 1 2 5 4 3
56189 5 3 5 1 4 2
56206 5 5 3 1 4 2
56221 3 3 2 4
56227 5 2 1 3 5 4
56246 3 5 3 1
56262 3 2 4 5
56316 2 5 2
56357 5 1 5 3 4 2
56371 5 2 4 5 1 3
56381 3 5 2 3
56436 3 3 2 5
56447 4 5 4 3 2
56456 4 5 1 2 4
56492 4 3 5 1 2
56498 5 4 1 5 3 2
56542 3 2 5 4
56579 4 3 5 2 1
56595 4 5 3 4 1
56609 5 1 3 2 5 4
56616 4 5 2 3 1
56676 5 5 3 1 2 4
56689 2 4 1
56738 5 4 5 2 1 3
56852 3 2 4 5
56867 3 3 4 5
57024 5 3 1 2 5 4
57028 5 2 3 4 1 5
57055 5 5 1 3 2 4
57068 5 1 4 2 5 3
57139 5 5 1 3 4 2
57153 3 1 5 2
57164 3 2 1 4
57225 5 5 2 4 1 3
57244 4 5 4 1 2
57265 3 3 1 5
57304 5 3 2 5 1 4
57328 4 5 2 1 3
57343 5 1 3 5 2 4
57392 5 4 3 1 5 2
57412 5 2 5 4 3 1
57414 3 1 3 5
57488 3 5 4 1
57495 2 3 4
57500 1 1
57501 3 5 4 3
57557 5 3 1 5 4 2
57599 5 4 5 3 2 1
57656 5 5 4 3 2 1
57692 4 1 3 2 4
57699 2 5 2
57758 2 5 3
57792 1 3
57808 5 4 1 5 3 2
57890 4 4 5 3 2
57897 5 4 3 5 1 2
57975 2 1 5
57976 5 4 5 1 2 3
57983 5 4 1 5 3 2
57995 3 4 3 2
58034 5 2 3 1 5 4
58052 4 3 2 1 4
58067 4 5 2 4 1
58110 4 1 4 2 5
58117 3 3 4 1
58154 1 1
58180 5 4 5 3 2 1
58189 4 5 4 1 2
58244 5 3 1 4 2 5
58252 2 4 5
58365 5 1 5 2 4 3
58386 5 5 3 1 4 2
58411 5 4 3 5 1 2
58449 5 1 3 2 4 5
58456 3 2 1 3
58489 4 2 4 1 5
58527 3 2 3 4
58546 4 2 1 5 3
58552 5 4 3 5 1 2
58617 5 2 5 1 4 3
58620 3 2 4 5
58632 4 3 1 4 2
58638 3 2 1 5
58649 5 3 2 1 5 4
58651 5 3 5 4 2 1
58667 1 1
58704 2 4 5
58744 5 1 5 4 3 2
58747 3 5 2 1
58748 4 3 1 4 2
58756 5 4 2 3 1 5
58772 5 4 1 3 5 2
58816 3 4 5 1
58849 5 1 3 2 4 5
58898 5 3 1 4 2 5
58933 5 3 5 1 2 4
59027 5 5 1 3 2 4
59061 5 5 1 4 3 2
59094 3 2 3 1
59109 5 4 5 1 2 3
59191 3 3 4 2
59247 5 5 4 3 1 2
59253 4 2 1 3 4
59255 2 2 3
59283 5 5 3 1 4 2
59295 5 5 4 3 1 2
59373 2 4 1
59449 2 4 5
59457 3 5 3 1
59459 5 5 4 3 1 2
59543 5 2 4 5 3 1
59544 3 4 1 2
59553 3 4 3 1
59681 5 2 3 1 5 4
59694 5 1 5 3 4 2
59745 5 2 3 4 1 5
59798 4 4 3 5 2
59873 4 4 1 2 5
59951 4 3 2 5 1
59967 5 3 5 4 1 2
59989 5 4 1 3 2 5
60043 3 4 1 5
60047 4 5 1 2 4
60172 2 2 4
60227 5 2 4 1 3 5
60288 4 4 5 2 1
60304 4 5 2 4 3
60353 3 2 3 5
60354 5 5 4 2 1 3
60384 3 5 1 3
60413 3 3 4 5
60423 4 1 5 3 2
60458 3 1 3 2
60469 5 5 2 4 1 3
60483 2 2 5
60485 3 3 5 2
60507 5 1 3 4 5 2
60528 4 5 1 3 4
60549 5 1 4 2 3 5
60615 4 1 4 3 5
60708 5 5 2 3 1 4
60710 3 2 5 1
60712 5 3 2 5 1 4
60864 5 2 5 1 4 3
60878 2 4 5
60885 5 1 2 3 5 4
60944 3 5 2 3
60952 5 5 1 2 3 4
61042 3 2 4 5
61045 4 3 5 2 1
61054 2 3 4
61104 5 3 1 4 5 2
61190 3 2 5 3
61207 2 3 1
61213 2 4 5
61242 4 5 3 4 2
61296 5 2 3 4 1 5
61304 3 2 1 3
61355 5 5 4 1 3 2
61359 3 5 4 3
61362 5 3 5 2 1 4
61389 2 5 4
61407 5 1 2 3 4 5
61420 5 3 5 2 4 1
61428 1 5
61453 5 4 5 2 3 1
61462 5 4 1 2 5 3
61508 5 3 4 1 5 2
61520 5 1 2 5 3 4
61544 3 5 3 1
61582 2 5 2
61589 4 3 4 2 1
61591 4 4 1 3 2
61646 4 5 2 4 1
61783 4 3 1 2 5
61859 5 5 1 3 4 2
61864 4 4 2 5 3
61883 5 1 2 4 3 5
61911 4 4 3 1 2
61946 5 5 2 4 1 3
61965 4 1 4 5 2
61992 2 4 3
62032 4 3 5 4 2
62053 5 2 1 4 3 5
62076 5 2 4 3 1 5
62131 2 4 2
62194 4 4 1 3 5
62195 5 1 3 4 2 5
62207 3 1 3 2
62208 3 5 1 3
62280 5 4 2 5 3 1
62294 3 2 5 3
62373 5 5 2 3 4 1
62392 5 1 2 4 3 5
62407 5 2 3 4 5 1
62434 5 5 3 1 2 4
62447 5 4 3 1 5 2
62453 3 3 2 5
62485 5 5 1 2 4 3
62546 5 3 1 4 2 5
62562 2 4 5
62582 4 5 4 1 2
62647 4 3 1 5 2
62673 2 4 5
62752 5 5 1 4 3 2
62754 5 5 1 4 2 3
62764 3 4 3 2
62812 5 2 5 1 3 4
62821 5 3 4 2 5 1
62894 4 2 3 4 5
62945 5 1 2 5 3 4
62952 4 3 5 2 1
62963 4 1 5 4 3
63094 4 2 5 4 3
63104 3 4 2 5
63128 5 4 1 3 2 5
63137 5 3 5 4 1 2
63215 5 2 5 1 3 4
63234 5 5 2 3 4 1
63260 1 5
63264 5 5 4 2 3 1
63285 5 5 3 4 1 2
63375 5 2 5 1 4 3
63425 5 5 3 2 1 4
63429 3 3 5 4
63473 5 3 5 1 2 4
63488 5 4 1 3 2 5
63625 5 5 2 4 1 3
63814 3 5 2 3
63878 5 5 4 3 1 2
63893 2 2 4
63907 5 2 1 4 3 5
63958 5 4 2 1 3 5
64019 2 5 2
64035 4 4 5 3 1
64064 5 2 5 3 4 1
64088 4 5 2 4 1
64156 3 5 4 2
64184 3 4 5 2
64199 5 2 1 3 5 4
64281 2 3 5
64335 4 1 3 5 4
64351 5 3 4 2 5 1
64354 5 1 5 2 3 4
64362 4 3 2 4 5
64372 5 5 1 4 3 2
64374 5 5 4 2 3 1
64403 4 3 5 2 4
64427 3 4 5 3
64495 5 5 3 4 2 1
64557 4 4 5 3 1
64651 5 5 4 1 3 2
64654 1 1
64743 5 1 2 4 3 5
64785 3 4 1 5
64809 3 3 1 2
64854 3 2 3 1
64962 3 5 1 2
64988 5 2 5 4 1 3
65021 5 5 2 1 3 4
65071 2 1 4
65073 5 2 1 3 5 4
65084 5 1 5 4 2 3
65105 4 5 2 3 1
65157 3 5 4 3
65164 5 3 4 1 5 2
65221 5 5 4 2 1 3
65229 4 1 4 5 3
65261 4 5 2 4 3
65279 2 5 3
65323 4 1 3 2 4
65354 4 4 5 2 1
65366 2 4 1
65392 2 1 3
65402 5 3 5 2 1 4
65460 5 3 1 2 4 5
65509 5 2 5 3 4 1
65533 5 2 1 5 4 3
65556 5 4 1 3 5 2
65563 4 5 3 2 1
65612 4 3 4 5 2
65638 4 5 1 2 4
65640 5 2 5 3 4 1
65663 2 3 4
65703 5 1 5 4 2 3
65716 2 4 1
65778 5 3 1 2 5 4
65788 5 1 3 2 5 4
65789 4 2 5 4 3
65851 4 5 3 4 1
65916 5 5 4 3 1 2
65958 3 1 2 5
66032 5 2 5 3 1 4
66033 4 3 2 5 4
66103 4 5 3 4 1
66146 3 5 4 2
66231 2 5 1
66308 4 4 3 2 5
66410 5 4 5 2 3 1
66471 2 5 2
66496 5 2 4 3 5 1
66517 4 5 3 4 2
66518 5 3 4 5 1 2
66567 5 4 5 2 1 3
66605 2 1 2
66621 5 2 5 4 1 3
66684 5 3 2 5 4 1
66728 5 2 4 3 5 1
66796 5 4 2 5 3 1
66856 5 1 3 4 2 5
66859 4 2 4 5 1
66868 4 4 3 5 1
66876 5 4 1 3 5 2
66920 5 4 1 5 3 2
66978 4 3 4 2 1
67003 3 3 2 5
67057 5 4 2 1 5 3
67081 2 1 2
67163 5 2 4 5 3 1
67165 2 5 4
67271 5 5 1 4 3 2
67280 5 5 3 4 1 2
67341 5 1 4 2 3 5
67365 3 5 4 3
67416 3 3 1 5
67462 3 2 4 3
67510 4 2 5 4 3
67515 5 3 5 1 2 4
67544 4 1 2 4 5
67551 5 3 5 4 2 1
67629 2 3 2
67655 4 5 4 3 1
67719 5 1 3 2 5 4
67729 5 5 1 4 3 2
67815 5 5 1 4 3 2
67866 5 3 5 1 4 2
67888 5 2 4 3 5 1
67899 5 5 3 1 2 4
67924 5 4 2 3 1 5
67944 3 4 3 5
67949 3 2 4 1
67957 5 3 1 5 2 4
68057 3 4 2 1
68065 5 4 5 2 1 3
68079 5 1 4 5 2 3
68083 5 2 5 3 1 4
68085 5 5 1 4 3 2
68092 5 1 4 2 5 3
68117 3 1 2 5
68136 3 3 2 5
68138 5 5 2 4 3 1
68152 4 3 4 2 1
68161 1 3
68249 5 5 1 2 4 3
68251 5 5 1 3 2 4
68349 4 2 1 4 3
68400 5 1 4 2 5 3
68411 5 3 4 2 1 5
68415 2 3 4
68423 2 5 3
68474 2 5 4
68605 3 5 1 2
68634 3 1 5 3
68678 5 3 4 5 1 2
68703 5 5 1 3 4 2
68719 5 2 1 5 4 3
68734 5 5 2 3 1 4
68759 3 5 3 4
68763 5 3 4 5 2 1
68815 4 5 3 2 4
68848 3 3 1 2
68905 4 4 2 1 5
68930 5 3 5 2 1 4
69005 5 4 3 5 2 1
69024 5 4 3 2 1 5
69028 5 4 3 1 5 2
69113 5 2 3 4 5 1
69129 4 3 2 4 1
69194 3 1 3 5
69220 5 3 5 2 1 4
69319 1 1
69351 2 5 1
69361 3 3 4 1
69362 3 2 5 3
69386 3 1 4 5
69387 3 4 3 5
69388 4 4 3 2 1
69394 5 2 4 3 5 1
69399 5 1 5 3 2 4
69403 3 5 2 4
69444 5 5 1 4 3 2
69463 5 5 4 3 1 2
69475 4 2 4 1 3
69487 4 1 4 2 5
69494 2 2 4
69554 3 1 5 2
69561 4 5 4 3 1
69571 5 1 5 3 4 2
69574 4 4 3 2 5
69575 2 3 5
69590 3 5 4 2
69601 5 4 1 3 5 2
69606 5 1 2 4 5 3
69637 5 4 3 5 1 2
69680 4 5 1 3 4
69723 1 1
69757 3 1 2 4
69826 4 5 1 4 2
69856 4 3 2 5 1
69870 3 2 3 1
69874 1 2
69877 4 4 3 5 2
69910 3 4 1 5
69915 4 5 1 4 3
69919 5 2 3 4 1 5
70015 4 2 1 4 3
70027 2 1 5
70031 4 1 4 2 3
70035 2 5 2
70106 1 1
70136 4 2 5 3 1
70166 5 4 1 5 2 3
70213 2 1 4
70250 2 3 4
70265 4 2 3 1 4
70267 4 1 2 4 5
70270 5 2 1 4 3 5
70311 5 5 2 4 1 3
70319 4 2 4 1 3
70402 3 2 1 4
70429 2 2 1
70450 2 4 1
70469 4 4 3 5 2
70480 5 4 2 5 1 3
70483 5 1 5 2 4 3
70533 3 3 5 4
70563 5 5 1 4 3 2
70572 4 5 2 1 3
70576 5 3 4 5 1 2
70651 4 3 2 4 1
70660 1 1
70661 2 4 2
70672 5 3 5 1 2 4
70689 4 5 2 3 1
70694 5 2 4 5 1 3
70696 4 4 5 1 2
70722 4 5 1 4 3
70896 2 3 1
70994 5 1 2 4 3 5
70997 5 5 2 1 4 3
71000 5 2 4 3 1 5
71009 4 1 5 2 4
71245 3 4 1 3
71313 4 5 4 2 3
71328 1 5
71336 5 4 2 5 1 3
71406 5 4 2 3 5 1
71462 2 2 3
71564 5 4 3 1 2 5
71597 5 5 3 1 4 2
71648 5 4 1 3 5 2
71650 4 4 3 5 2
71728 3 5 2 4
71760 3 4 2 5
71848 5 5 2 3 1 4
71880 3 5 4 3
71891 5 2 5 1 3 4
71926 5 5 4 1 2 3
71929 5 4 5 1 2 3
71939 3 3 2 5
71959 5 3 5 1 2 4
71965 3 5 4 2
71991 5 2 1 5 4 3
72017 4 4 3 5 1
72023 2 3 1
72071 2 4 5
72086 3 4 5 2
72094 5 5 1 4 3 2
72121 3 2 1 5
72160 5 1 3 2 4 5
72183 5 1 2 5 4 3
72205 2 2 1
72221 5 2 3 4 5 1
72228 5 4 5 1 3 2
72231 5 4 3 1 5 2
72277 5 5 2 3 1 4
72286 5 2 5 3 1 4
72296 5 1 4 2 3 5
72346 3 3 1 4
72435 2 4 1
72502 5 4 2 5 3 1
72541 4 1 2 5 3
72564 3 1 5 2
72575 5 3 4 1 5 2
72579 5 2 5 4 3 1
72586 5 2 1 5 3 4
72596 5 2 3 4 1 5
72639 5 5 1 2 3 4
72672 4 1 3 2 4
72730 2 3 5
72732 4 3 4 2 1
72743 3 2 4 5
72751 3 3 1 5
72756 5 2 3 5 4 1
72826 5 3 5 4 2 1
72851 5 3 4 2 5 1
72858 2 2 5
72938 5 2 1 5 3 4
72985 5 5 3 2 4 1
73041 5 2 4 3 5 1
73151 4 5 2 1 3
73155 5 1 5 4 3 2
73171 4 2 1 5 3
73180 5 1 3 5 2 4
73192 4 5 4 2 1
73247 2 4 5
73255 4 1 2 5 4
73269 3 5 3 1
73322 4 5 4 3 1
73325 5 2 3 5 4 1
73345 5 2 5 4 1 3
73346 5 3 1 2 5 4
73401 3 5 3 2
73438 5 4 1 5 3 2
73458 5 5 4 3 2 1
73533 5 3 5 4 1 2
73550 3 5 1 3
73569 5 1 5 2 3 4
73604 3 3 4 5
73623 5 4 1 5 3 2
73659 5 1 2 3 4 5
73709 4 4 3 2 5
73712 5 1 4 2 3 5
73797 5 2 5 4 1 3
73804 4 5 3 4 2
73841 3 4 2 3
73848 5 2 4 3 5 1
73929 2 5 2
74011 5 4 5 3 1 2
74039 5 5 4 3 1 2
74046 5 4 5 3 1 2
74054 3 2 1 5
74123 5 5 2 4 3 1
74151 3 5 2 4
74152 4 1 3 5 4
74177 4 1 3 5 4
74181 2 3 4
74186 5 4 3 5 1 2
74216 3 1 2 4
74246 5 1 5 3 2 4
74296 3 2 1 5
74339 5 2 5 4 3 1
74435 5 3 1 4 5 2
74455 3 1 3 2
74570 3 1 5 4
74582 4 4 1 2 5
74665 3 2 1 5
74687 5 3 5 2 1 4
74688 3 4 3 5
74724 5 1 4 5 2 3
74775 5 5 3 4 1 2
74812 4 3 5 2 1
74865 5 1 3 5 4 2
74934 5 5 2 1 3 4
74950 3 4 1 3
74957 3 3 2 4
74981 5 5 3 2 4 1
74990 5 5 3 1 2 4
75063 5 2 5 4 1 3
75114 5 2 3 4 1 5
75122 5 1 3 4 2 5
75138 5 3 2 4 1 5
75191 4 3 2 4 5
75199 4 5 3 1 2
75221 5 3 4 5 2 1
75228 5 3 2 1 4 5
75263 5 3 1 4 2 5
75274 5 2 5 3 1 4
75295 3 2 1 5
75304 4 2 5 3 4
75307 3 4 5 3
75308 3 2 5 3
75386 1 2
75427 5 2 3 4 5 1
75481 4 5 3 2 4
75498 5 5 2 4 3 1
75503 5 3 1 2 5 4
75529 4 5 3 1 4
75534 3 3 5 2
75547 5 4 5 2 3 1
75549 2 5 4
75558 5 5 1 4 2 3
75599 2 4 5
75606 4 1 5 2 3
75631 4 2 4 5 3
75711 3 2 4 1
75731 4 2 5 4 1
75790 3 2 4 5
75847 5 1 3 5 2 4
75851 4 1 2 3 4
75855 4 1 2 3 4
75963 4 3 4 5 2
75976 1 2
75977 5 1 2 4 5 3
76045 5 2 4 3 5 1
76143 2 5 1
76146 5 3 1 4 5 2
76184 2 5 3
76287 5 4 2 1 3 5
76310 3 2 5 3
76339 3 5 4 3
76357 5 5 4 1 3 2
76394 5 3 1 4 5 2
76430 3 2 4 3
76521 5 4 1 5 3 2
76539 4 2 3 5 1
76566 5 3 2 5 4 1
76622 3 5 2 3
76672 5 5 3 2 1 4
76674 4 5 1 2 3
76686 4 2 1 3 5
76721 5 5 4 2 3 1
76734 2 5 3
76764 5 4 3 2 5 1
76785 1 4
76803 5 3 5 4 2 1
76823 5 4 2 1 3 5
76830 5 2 5 3 1 4
76870 2 1 4
76874 3 4 3 1
76891 5 3 2 4 1 5
76910 5 2 5 4 3 1
77029 3 4 3 5
77043 5 1 5 2 4 3
77076 5 5 3 2 1 4
77098 2 3 4
77101 3 5 2 3
77122 3 1 5 2
77149 5 2 4 1 3 5
77165 5 2 4 5 1 3
77204 2 2 5
77365 2 1 2
77393 5 4 3 5 1 2
77485 4 3 1 4 5
77503 5 4 2 3 1 5
77528 4 2 5 3 4
77529 5 5 1 4 2 3
77538 5 5 3 1 4 2
77543 2 5 3
77552 5 4 1 5 2 3
77565 5 5 1 2 3 4
77666 3 4 5 2
77685 5 2 5 4 1 3
77698 5 2 1 3 4 5
77722 2 4 1
77821 5 3 5 1 4 2
77836 5 4 2 5 1 3
77917 5 4 1 5 3 2
77955 3 1 3 5
77958 5 2 4 5 1 3
77976 5 4 5 2 3 1
78031 5 1 3 2 5 4
78105 4 4 3 1 5
78108 3 3 5 2
78243 3 2 3 4
78277 5 3 5 1 4 2
78346 2 3 5
78347 5 2 3 4 5 1
78361 2 5 1
78431 5 5 4 2 3 1
78452 3 4 1 3
78464 4 1 4 2 3
78494 4 5 3 4 1
78521 3 3 4 2
78522 5 1 2 3 5 4
78544 5 2 4 5 3 1
78596 3 3 4 2
78624 4 5 3 1 4
78626 2 5 3
78637 5 3 4 1 2 5
78764 5 3 5 1 4 2
78799 4 1 3 4 2
78804 5 4 2 5 3 1
78831 2 3 2
78925 5 5 2 1 4 3
78967 5 2 5 1 4 3
78976 3 5 3 2
78979 3 1 3 2
78991 1 1
79055 4 3 5 1 2
79113 5 5 1 3 4 2
79147 5 3 5 2 1 4
79152 2 1 2
79240 5 2 3 1 4 5
79250 3 2 4 3
79275 4 1 2 3 5
79279 5 1 2 4 5 3
79293 5 4 1 2 5 3
79304 3 3 5 2
79610 5 5 1 3 2 4
79618 5 4 2 1 5 3
79625 4 2 3 1 4
79638 4 2 5 4 3
79661 2 5 1
79664 5 4 5 3 2 1
79753 3 5 1 4
79757 5 1 2 5 3 4
79785 5 2 4 5 3 1
79807 5 1 5 4 3 2
79841 5 1 4 5 3 2
79867 4 2 1 4 3
79950 5 4 1 5 3 2
80030 5 5 2 4 1 3
80052 3 2 4 3
80121 4 3 4 2 1
80122 5 4 2 1 5 3
80123 5 5 4 3 2 1
80137 5 2 1 5 4 3
80182 5 3 5 2 4 1
80191 2 4 5
80228 3 5 2 4
80248 5 4 5 1 2 3
80257 5 5 3 2 1 4
80264 3 5 4 3
80293 5 5 3 2 4 1
80336 5 1 5 4 3 2
80358 4 2 4 5 3
80363 3 3 5 4
80365 5 5 3 1 4 2
80413 5 5 2 4 3 1
80426 5 1 4 3 5 2
80488 2 2 4
80539 3 4 3 5
80549 3 4 2 1
80594 5 2 3 5 1 4
80632 5 2 4 5 1 3
80634 3 5 4 3
80635 5 4 2 1 3 5
80637 4 4 2 1 3
80640 4 3 1 5 2
80644 5 1 5 3 2 4
80696 3 2 3 5
80713 5 4 1 2 3 5
80738 3 4 1 5
80755 5 3 1 5 4 2
80778 5 3 5 2 1 4
80825 5 5 3 4 1 2
80887 3 4 1 2
80889 3 4 3 5
80908 5 5 2 4 3 1
80942 4 3 2 4 1
80991 5 4 3 2 5 1
81054 5 2 4 3 5 1
81057 5 4 5 1 2 3
81089 5 4 1 5 2 3
81103 3 2 5 4
81210 4 4 5 2 3
81221 5 5 3 4 1 2
81309 2 2 1
81378 1 2
81402 5 4 3 2 1 5
81448 3 5 2 1
81479 2 1 5
81508 2 3 2
81528 4 2 1 3 5
81542 5 2 5 1 4 3
81601 5 4 1 3 2 5
81607 2 1 2
81658 5 5 2 1 3 4
81665 2 2 5
81680 5 3 2 4 1 5
81728 4 2 4 3 1
81838 2 2 1
81839 1 4
81853 3 4 3 5
81862 5 5 4 3 1 2
81896 2 4 3
82019 5 4 5 1 2 3
82058 5 5 4 1 2 3
82096 4 4 1 2 3
82106 5 5 2 1 3 4
82128 5 4 1 2 5 3
82134 5 4 1 5 2 3
82151 5 3 5 1 2 4
82167 5 5 3 2 1 4
82210 4 1 3 5 4
82216 3 4 1 3
82245 4 1 3 2 5
82256 2 4 2
82262 3 1 3 5
82270 5 3 5 4 2 1
82278 2 4 1
82327 5 3 5 2 1 4
82368 4 3 5 4 1
82413 1 5
82414 5 2 4 3 5 1
82418 5 5 3 4 1 2
82511 3 2 3 4
82566 4 4 3 5 2
82594 5 1 4 5 3 2
82597 5 1 5 3 4 2
82642 4 3 2 4 5
82652 4 4 2 3 1
82657 3 5 4 3
82691 5 3 2 1 5 4
82724 5 1 5 4 3 2
82755 4 3 2 5 1
82773 3 4 2 1
82816 1 2
82826 5 2 5 4 3 1
82861 3 4 5 1
82862 4 2 1 5 3
82997 5 2 3 1 4 5
82999 5 5 4 1 3 2
83009 5 3 2 1 5 4
83068 4 1 2 5 4
83106 5 4 5 2 3 1
83116 2 2 4
83165 5 4 5 1 2 3
83195 2 2 4
83314 3 4 5 1
83343 5 1 2 3 4 5
83355 5 3 5 4 2 1
83356 4 1 2 3 4
83383 5 1 3 5 4 2
83386 3 4 5 3
83413 5 2 4 5 1 3
83436 5 1 2 3 4 5
83437 4 1 5 3 2
83519 2 3 2
83556 5 4 2 1 3 5
83577 3 1 3 4
83613 5 5 4 1 2 3
83673 3 2 4 3
83784 4 2 1 5 4
83815 4 1 4 5 3
83877 5 5 2 3 1 4
83881 5 2 5 3 4 1
83938 3 4 3 1
83995 2 3 4
84008 5 1 4 5 2 3
84097 5 5 1 2 3 4
84116 2 5 1
84156 5 4 3 5 2 1
84195 1 3
84230 5 2 4 5 1 3
84262 5 2 3 5 1 4
84280 2 1 4
84320 4 5 1 2 4
84325 3 2 1 3
84362 5 2 3 5 1 4
84396 2 5 1
84417 3 3 5 2
84467 4 4 3 2 1
84543 5 4 3 1 2 5
84567 4 3 4 1 2
84602 2 4 3
84666 5 4 3 2 5 1
84672 3 5 2 4
84744 1 4
84758 5 2 3 5 1 4
84768 3 4 5 1
84775 4 4 1 3 5
84776 5 4 5 3 1 2
84837 3 3 2 1
84854 5 3 5 1 4 2
84861 3 4 2 1
84868 2 3 1
84874 4 4 2 3 5
84887 4 2 3 4 1
84889 4 1 3 4 5
84900 5 4 3 1 5 2
84911 5 2 4 3 5 1
84960 5 2 3 5 1 4
85098 3 3 5 4
85114 5 3 4 5 1 2
85116 3 3 2 4
85154 5 5 2 1 3 4
85227 5 2 4 3 1 5
85248 5 5 1 4 2 3
85251 3 1 4 3
85255 2 2 4
85273 3 2 1 5
85280 2 3 1
85363 4 4 1 2 3
85400 1 2
85427 5 4 3 5 2 1
85507 1 5
85632 2 3 1
85685 5 5 3 1 2 4
85703 2 1 4
85718 4 2 4 5 1
85727 5 2 3 1 4 5
85757 5 1 2 3 5 4
85765 5 3 2 1 4 5
85766 5 1 4 5 3 2
85805 5 3 5 4 2 1
85869 5 3 2 4 5 1
85886 2 5 3
85908 4 4 1 5 3
85917 5 1 4 3 2 5
85957 5 5 2 3 4 1
85988 4 1 3 2 4
86012 5 1 3 2 5 4
86041 5 1 5 2 4 3
86088 5 2 3 4 1 5
86094 4 3 2 4 1
86165 5 2 3 5 1 4
86176 3 4 5 1
86195 4 1 3 5 4
86245 5 5 4 2 1 3
86258 3 3 2 5
86299 3 2 4 3
86342 4 3 4 1 2
86345 4 5 1 4 3
86433 5 1 4 5 3 2
86572 4 5 3 1 4
86591 2 5 4
86654 1 3
86692 5 3 5 2 1 4
86729 5 5 3 1 2 4
86738 5 2 4 1 3 5
86787 5 1 4 5 2 3
86788 5 3 1 4 5 2
86823 5 1 5 4 2 3
86827 4 3 1 2 4
86861 5 2 5 1 3 4
86932 3 4 3 2
86970 5 5 3 4 2 1
87037 3 1 2 4
87060 4 3 5 1 2
87097 5 4 1 5 3 2
87248 5 5 4 3 2 1
87254 5 5 1 4 3 2
87267 5 2 1 3 5 4
87332 4 2 4 5 1
87347 2 4 3
87358 5 3 4 5 1 2
87388 5 2 5 3 4 1
87399 4 3 1 2 5
87431 4 5 2 4 1
87450 4 4 3 2 1
87495 5 1 3 2 5 4
87539 5 4 3 2 1 5
87570 4 5 2 1 4
87591 4 3 2 4 5
87653 5 2 4 1 3 5
87662 4 3 2 5 4
87664 5 3 4 2 5 1
87684 2 2 4
87769 1 2
87773 4 2 1 5 3
87802 4 5 3 1 2
87843 5 5 4 3 1 2
87846 2 5 2
87848 5 3 5 2 4 1
87875 5 4 1 2 3 5
87889 2 1 4
87945 5 3 4 2 1 5
87975 5 1 4 5 2 3
88003 5 4 1 5 3 2
88021 3 1 3 2
88056 3 5 2 1
88094 4 5 1 4 3
88105 4 1 3 4 2
88120 3 2 5 3
88243 4 4 2 3 1
88302 4 1 3 5 2
88317 5 5 3 2 1 4
88324 4 2 5 3 4
88502 3 1 5 3
88507 5 3 2 4 1 5
88512 3 3 2 4
88562 2 3 1
88634 2 5 1
88642 1 3
88643 5 2 1 3 5 4
88646 5 3 2 1 4 5
88721 4 4 2 3 5
88748 3 2 3 4
88778 4 4 1 2 5
88799 4 5 3 4 2
88880 4 4 5 3 1
88929 2 4 2
88957 3 4 5 1
88963 4 5 4 2 1
89017 5 5 1 4 3 2
89054 3 5 2 4
89067 4 1 3 2 4
89113 5 3 1 4 5 2
89115 3 3 1 2
89120 4 3 2 4 1
89159 3 2 5 1
89176 4 2 3 5 4
89190 3 2 5 3
89206 5 4 3 5 1 2
89273 3 5 2 3
89386 1 1
89499 3 2 1 4
89610 3 2 5 1
89615 3 4 1 3
89616 3 3 4 5
89625 5 3 4 1 2 5
89633 2 1 5
89669 5 2 4 5 3 1
89751 5 3 2 5 1 4
89766 5 4 5 1 2 3
89775 3 2 5 4
89790 5 1 5 3 2 4
89793 4 3 5 1 2
89800 5 5 3 4 2 1
89817 5 1 4 2 5 3
89829 5 1 4 2 3 5
89857 3 1 3 5
89907 1 1
89938 3 2 1 3
89993 5 4 5 3 2 1
90015 5 3 1 2 5 4
90074 3 2 5 4
90143 3 5 1 2
90231 4 1 5 2 3
90234 5 5 1 2 3 4
90243 5 2 5 4 3 1
90255 2 4 1
90282 3 4 3 2
90304 5 1 2 5 3 4
90315 4 1 5 3 4
90323 4 4 2 3 1
90339 5 3 5 1 2 4
90358 3 5 1 2
90365 4 1 3 4 2
90388 5 2 1 4 3 5
90390 2 3 4
90413 3 2 4 5
90551 4 3 2 4 1
90556 3 2 1 3
90582 5 4 3 1 5 2
90592 5 3 1 5 2 4
90608 4 3 4 2 5
90617 4 3 4 5 2
90623 3 1 2 5
90636 5 4 1 3 5 2
90641 3 3 2 4
90647 5 2 1 5 4 3
90694 2 3 4
90710 1 3
90768 5 3 1 2 4 5
90961 1 5
90962 2 3 4
90963 5 3 1 4 2 5
90987 4 5 1 3 4
91092 5 4 5 2 3 1
91097 2 1 2
91105 3 3 1 2
91144 5 5 2 3 1 4
91158 5 3 1 5 4 2
91169 5 2 4 5 3 1
91236 2 4 5
91301 2 1 3
91348 5 4 2 1 3 5
91453 4 5 4 2 3
91493 5 2 4 3 5 1
91614 4 4 1 3 5
91676 5 4 1 2 3 5
91684 5 2 3 5 1 4
91710 5 3 4 2 1 5
91715 3 2 4 5
91762 5 4 2 5 1 3
91799 5 2 3 1 4 5
91805 1 2
91862 4 2 4 1 5
91863 1 2
91924 5 5 2 1 4 3
91936 4 5 4 1 3
91956 3 2 4 5
91957 4 1 4 2 3
91959 5 1 5 2 4 3
92036 5 5 1 4 2 3
92073 4 4 2 1 3
92087 4 5 4 1 3
92132 5 5 4 2 1 3
92208 5 5 1 4 2 3
92225 4 4 5 3 2
92254 4 3 1 4 2
92274 3 2 5 1
92288 3 5 4 1
92355 3 5 1 3
92427 5 4 1 3 2 5
92461 5 2 5 1 4 3
92498 5 1 4 3 5 2
92526 4 5 3 2 1
92570 5 2 3 1 4 5
92581 5 3 2 5 4 1
92619 3 2 3 5
92630 5 1 2 4 5 3
92654 4 5 3 4 2
92666 5 5 2 3 1 4
92672 5 4 3 5 2 1
92680 4 5 2 1 3
92698 3 1 2 4
92733 5 5 3 2 1 4
92743 4 2 4 3 5
92745 5 2 4 5 1 3
92746 5 1 5 4 2 3
92800 5 5 2 1 4 3
92828 3 1 3 4
92856 3 4 3 2
92916 4 4 3 2 1
92927 1 1
92942 5 5 4 3 1 2
92944 5 3 1 4 2 5
92950 3 1 5 4
93006 5 3 4 1 5 2
93035 5 1 5 2 4 3
93097 3 2 4 3
93103 4 5 1 4 2
93114 5 3 1 4 5 2
93171 4 2 5 3 4
93183 5 2 3 4 1 5
93187 4 3 1 5 2
93193 5 4 5 3 2 1
93279 5 3 5 4 1 2
93337 5 2 4 3 5 1
93385 4 4 3 5 2
93435 2 3 1
93436 4 1 2 5 3
93442 5 1 3 2 5 4
93539 3 3 2 4
93567 5 4 2 1 5 3
93661 3 3 4 1
93677 4 1 2 3 4
93696 5 3 4 2 1 5
93718 3 5 2 1
93805 5 4 3 1 2 5
93843 2 5 1
93849 4 3 4 2 1
93908 5 5 3 1 2 4
93983 4 1 3 2 4
94001 5 4 2 1 5 3
94005 2 3 2
94015 5 5 1 2 3 4
94022 5 3 2 5 1 4
94075 4 4 2 5 1
94082 4 1 5 2 4
94099 2 3 1
94112 4 4 1 3 2
94118 5 2 5 1 4 3
94168 5 4 2 3 5 1
94218 4 3 1 2 5
94230 3 5 3 2
94259 2 2 1
94296 1 5
94342 5 1 4 2 5 3
94383 3 5 1 2
94386 2 1 5
94395 2 3 1
94495 5 5 3 1 2 4
94523 2 1 4
94573 2 3 5
94611 3 1 4 2
94693 5 2 5 4 3 1
94740 5 4 1 2 3 5
94792 4 5 1 4 2
94845 5 1 2 5 4 3
94888 3 1 2 3
94926 4 2 4 3 5
94981 5 3 2 1 5 4
94983 3 4 3 2
94985 3 4 5 1
95027 5 3 4 1 2 5
95084 5 4 3 5 2 1
95108 5 4 2 3 5 1
95134 3 4 2 5
95140 3 5 1 4
95146 4 2 1 4 5
95147 4 2 5 3 1
95225 4 5 1 2 3
95241 5 4 1 5 3 2
95283 5 4 5 1 2 3
95348 3 1 4 3
95380 5 5 3 1 2 4
95423 5 3 5 4 2 1
95439 5 5 4 2 3 1
95573 4 4 3 1 2
95656 4 4 2 5 3
95669 1 4
95700 5 4 2 3 5 1
95702 5 5 3 1 4 2
95712 5 5 1 2 3 4
95742 4 5 1 3 4
95756 5 2 1 4 3 5
95770 4 1 2 5 4
95798 5 5 4 1 2 3
95828 5 1 3 4 5 2
95869 5 2 4 1 3 5
95887 5 5 4 3 2 1
95947 4 1 3 5 2
95991 2 5 4
96026 4 5 4 3 2
96055 4 5 1 3 2
96069 4 4 1 5 2
96083 5 4 2 1 5 3
96099 4 2 3 1 4
96132 5 5 2 4 3 1
96167 4 5 4 2 3
96169 5 2 1 5 4 3
96182 5 1 3 2 5 4
96199 1 2
96228 5 3 2 1 4 5
96487 5 4 3 2 5 1
96503 5 3 5 4 1 2
96508 3 1 2 4
96537 4 5 2 3 1
96552 3 1 4 2
96663 4 1 2 4 3
96745 3 5 4 2
96750 3 3 5 4
96759 5 5 2 4 1 3
96794 5 3 2 5 4 1
96823 3 4 2 1
96846 3 2 5 1
96868 5 3 1 5 2 4
96900 5 4 2 1 5 3
96902 5 1 4 3 2 5
96968 2 5 4
97033 4 2 4 1 3
97051 1 3
97115 5 2 5 1 3 4
97125 4 2 4 5 1
97230 4 4 3 1 2
97283 2 1 5
97341 5 5 3 2 4 1
97343 4 5 4 1 2
97367 5 4 1 2 5 3
97370 4 1 3 5 4
97412 5 5 1 3 2 4
97433 5 4 5 2 1 3
97444 5 3 2 1 5 4
97466 4 1 4 2 3
97492 4 4 1 5 3
97520 4 4 3 2 1
97530 5 1 2 3 5 4
97580 4 4 2 1 5
97587 3 4 5 2
97675 4 5 3 2 4
97690 3 5 2 3
97722 5 4 2 5 1 3
97745 5 2 1 4 5 3
97760 5 2 5 1 3 4
97865 4 3 1 4 2
97877 3 3 2 4
97879 4 3 4 2 1
97900 5 2 5 3 1 4
97907 5 5 2 3 4 1
97948 5 2 1 5 3 4
98022 5 1 3 2 4 5
98035 5 2 1 3 5 4
98078 5 3 1 2 5 4
98126 4 3 2 4 5
98140 4 4 1 5 3
98158 3 4 2 1
98204 4 5 2 1 3
98210 2 2 3
98256 2 5 4
98264 5 4 2 5 1 3
98279 5 1 2 3 5 4
98301 3 1 4 3
98308 1 3
98381 5 2 1 3 5 4
98411 5 4 5 3 2 1
98415 5 4 3 5 1 2
98446 2 1 3
98470 5 4 3 1 2 5
98474 3 4 5 2
98481 5 4 2 3 5 1
98497 2 4 1
98514 3 1 3 4
98598 4 2 1 4 3
98634 4 3 2 4 5
98646 4 2 1 5 3
98766 2 3 5
98783 5 3 4 1 5 2
98803 5 4 2 3 5 1
98810 5 2 4 5 3 1
98873 5 3 4 2 1 5
98922 3 5 2 4
99018 5 3 2 4 5 1
99021 1 2
99091 4 5 4 3 2
99100 2 2 1
99223 5 2 3 4 5 1
99309 5 5 1 2 3 4
99336 5 4 1 5 2 3
99356 4 4 1 5 3
99374 5 2 3 1 4 5
99376 5 1 4 3 2 5
99399 4 5 4 1 3
99402 3 3 4 5
99416 2 3 2
99441 5 2 5 4 3 1
99508 3 2 1 3
99514 4 2 4 1 3
99648 5 5 4 3 2 1
99707 5 5 2 4 3 1
99708 5 4 2 3 1 5
99783 5 4 5 3 2 1
99831 3 4 1 5
99844 5 4 3 1 5 2
99857 4 1 3 4 5
99873 3 3 2 4
99964 1 5
99970 5 1 5 2 3 4
99976 5 3 5 1 2 4
