200
-220157 319287
-786950 374597
-958637 243603
-341375 -811581
372394 -257276
596247 743766
-39837 -686865
-540561 401286
-7133 130067
-876807 158907
-805712 -816008
493044 -421331
-337736 -677519
-204988 -69905
781208 737822
579170 -89420
-507373 440756
-750664 639374
189715 -453011
256737 -383652
343330 640522
-448350 372067
-173815 -27113
406146 -80395
302859 -360095
-340169 566758
-380216 -519088
-848872 189720
-137116 396979
30744 -406970
217507 345327
-956054 -75926
-414371 702818
885194 -585352
-916354 555995
-258333 179692
661394 -217935
271169 -574858
-122911 -321853
369190 463278
823224 583042
-745209 907052
-347751 -149750
562767 -711641
-617564 685294
419868 -63976
-576500 613311
1896 680087
-380034 -744469
-9848 -603843
4465 -831455
346981 198992
-400900 -421461
-361918 646171
-757559 -712012
239211 -312205
582752 330218
-539528 -822016
868824 -163050
658231 279600
179691 -38314
-447669 -674027
949462 619383
-55825 -493026
337939 -167940
-746040 90442
-828089 665422
-281848 -78762
-908716 -182997
695596 -600872
-416894 224494
-675535 445584
564721 247169
610286 150405
232658 -702237
26353 -622630
362065 -160246
508220 -782763
-402586 198436
-647250 295446
678640 361193
766109 -939925
-657696 309264
-572592 -458864
-957174 21567
744132 -155651
-605139 587026
273608 -51847
290935 36970
-823968 590386
-912185 664265
-988804 -306971
-128908 388057
411070 -981565
-10785 745712
-331095 -492662
989990 -472616
7285 -405953
-813899 738291
469880 -759737
-386501 -489185
-479486 -898400
-670275 -444617
464619 834228
-46745 878128
-647909 -488080
-307036 272418
434680 220452
408890 655350
-959801 162509
-433309 575527
410686 -694225
645476 -89489
-586956 -606640
795805 -898000
-760530 683528
-113843 -655472
178921 175917
-514285 915682
-907337 -441601
-210447 -178464
579819 772436
417413 607704
-483160 486169
41283 92965
914335 436429
516040 -598114
216887 771912
399573 736885
818619 -361655
-897806 306400
-61835 56293
658119 -641859
698924 -639400
51896 290398
647826 248188
53387 -992780
692285 -426850
-551934 760174
-730820 -788384
-312480 -355595
618407 -457603
389761 22140
71546 421457
424540 593086
-993232 -775410
-947107 139636
698564 232954
61400 -632603
-13990 -749288
-470909 -879662
473492 382295
-765981 338125
-800735 -535730
-457165 169854
-684935 -976026
-224815 -178904
-12199 -417808
-373105 885852
460834 811892
560476 467259
-877639 647445
-464307 -139268
166349 149922
-951992 -372591
-45558 93495
-324189 452490
-591182 -948619
885739 890749
160267 -772858
-528885 274365
880558 -720491
330751 -847279
179534 894418
-664669 663026
334589 -352521
-94111 531145
-53231 525397
107187 833041
34720 -381023
929647 299804
-420242 -246971
-631821 -747923
805045 842992
214548 721761
-572256 825061
-490640 705339
-850085 -779287
-611155 892535
370030 -776983
-391712 -165675
-376415 -738895
-643167 204520
-482095 994907
472195 -781015
-487323 -328527
140065 -387709
-821167 -918590
899948 -623691
422635 889938
95921 -897916
303511 287940
-140858 527087
508406 745654
-323277 -733668
482554 658060
451438 -483171
653132 -477837
386680 675410
828139 882400
-139156 530023
-398695 -93430
-978922 206689
-180216 323129
-551484 -215031
-68077 -296308
375276 395252
-247719 -91299
263859 -287734
-496728 137951
407502 -868243
-614225 184931
821091 -656545
949404 530658
-573725 945846
-31891 -703313
877068 -864153
-582360 689750
-804336 333766
315862 -340745
442021 424117
-953596 -720409
-646958 695179
-637750 -567524
-749294 379319
127040 164474
487925 -763185
-139072 -698261
-533200 800856
977375 503944
43932 -575170
246877 373063
-739340 707937
557676 530044
-48027 134810
-617274 -416810
-641064 -725045
908091 -132230
727247 -103989
-89320 -411286
-909000 -767559
-246288 22200
932020 946810
164019 -758206
633056 -582389
15263 -701368
-861917 -43794
-903779 -724428
571920 137642
-651520 403156
618468 355769
672538 -60736
-9862 -324946
110510 -729059
900773 574512
847350 819209
101674 -505258
-431422 -489425
490877 -811107
547445 -768496
-407284 -553662
429450 -257948
-294080 -55799
-296989 515644
-252268 195015
-655416 -520169
-807965 -466184
954289 -674252
-971031 205075
-389869 -810595
118315 802887
375265 4547
219305 -368115
776500 282090
-950789 -229940
-602655 -535647
-653774 74566
-469076 773103
-799068 713216
578099 -657717
317483 650353
216332 -639320
-384861 422627
101752 -24569
121371 -323013
15701 -380471
790357 -949126
-10114 341562
-935512 79000
765281 -336419
-329413 245525
-456239 945437
49196 926058
433944 14008
-676874 301711
-544863 871695
541112 185349
-66384 659756
348124 -460829
-158523 -22611
-297820 915289
-334392 231609
-372978 669970
446454 -624308
308664 649586
839176 -756477
-564567 600685
-302912 -232224
-903259 390634
-396345 386836
332865 12495
-897411 -52663
-399104 -336637
420953 -256223
654083 278131
-548176 -872388
546198 906178
273809 573176
365097 -868674
-831228 619000
-454130 441327
-434467 -665657
-330828 -194801
-424630 200365
628193 -524217
-589507 825353
-829955 -862948
619109 397215
-769170 687203
14182 795305
149636 -989244
314616 -284474
14219 114710
585473 -55645
-633850 -983467
642503 -313564
567182 -860898
-428072 439937
913986 230855
-820967 -217726
473111 821008
-831778 482965
-733458 -990631
202901 138560
269575 852722
-769617 599296
-770841 265653
252850 -112210
-38815 400875
-98304 744687
-209533 -73032
347493 -998218
436821 550629
-560006 568877
-152131 242682
-441315 467580
171553 151796
415639 -71084
-464589 -761380
607675 172851
290643 -279544
-723623 677079
-36032 225472
-294074 -268699
-813576 282912
815171 -364379
-554922 844479
-17409 -587289
-872787 734804
-768893 -635492
37917 -723729
-309996 595118
639643 694640
-750420 -895102
-933860 -377553
-112470 541
282143 -485901
902811 -434282
-361923 -650417
-582159 220280
-323988 -826199
531142 838287
-374244 -552146
-855842 96786
-843853 987678
-432031 -939333
-962951 -346294
470888 204184
606613 -728239
-435350 -337320
