20
-698165 -99171
141001 406246
-438726 539869
-78149 -660015
-160244 838886
-416472 -564984
-911850 848440
-615474 -533133
699467 534636
529718 -591085
562690 178939
204832 -858857
-414648 406531
-89902 -41671
-720371 -594133
145650 -378742
-39384 -168282
82931 602172
152293 -491746
556950 211629
-778709 -502891
24593 693414
498612 302871
146494 -767615
-970188 939682
82663 497488
471380 -499843
-136487 -568773
-218582 930128
-148240 49571
-465366 398412
641129 625878
504352 270181
87312 -287500
93955 -400504
-756503 -7929
-474810 -473742
-97722 -77040
-497064 631111
-673812 -441891
