100
78580 569068
286010 515008
811398 -791560
-589893 -370694
619530 458275
491002 -625274
757872 632835
-917122 187714
-266620 -548040
-136220 704159
-940400 353152
-268721 812184
637405 -62549
894051 -15364
688319 853197
721194 -721787
657573 807751
-250317 860575
188522 210048
836468 -79599
801391 399224
-182613 -964472
509952 355061
618227 405166
-982428 785253
820298 798384
-134003 2148
950437 376414
-956726 -745095
20812 -646353
235050 -952452
117613 408240
14259 -143691
667267 -314374
-180439 202379
879211 -578944
-979775 -813307
476928 503407
-579756 250397
-929422 287183
-341249 -663062
-460232 -353664
-751542 -45285
-766375 829547
151405 -256727
94713 473735
226028 170401
-420770 823722
-867119 -625994
-533492 -327509
225933 -91562
-288402 79239
728987 865876
-896925 -912715
569777 70262
418111 -614304
938529 -298591
757961 -244082
513238 -238192
481973 732283
-314852 -319074
-713985 709316
-159621 597670
375728 -567266
-651498 545516
-999254 -448236
-330966 658306
11612 912140
535336 63034
532975 439351
-230683 299090
-896176 -374446
-546347 -865589
543595 731205
1042 -958353
441240 -185641
-275056 515090
868027 789375
892390 428726
-194557 672337
-790803 71678
-962247 -620003
-92200 -969263
208092 921349
622015 -623311
-63693 -996104
-286503 -634562
43803 -33863
-625787 -583839
-279686 -444630
-331939 -50555
111138 958515
194311 -461162
835206 -132949
-366891 538545
-401372 316777
555782 -548561
9264 908046
57184 -743376
-19142 -689581
487083 558043
520107 409697
228945 840916
822961 -557730
-906967 242350
742047 -802220
904206 39272
-953175 -891501
95155 -235513
836140 449940
-35438 -625139
565937 -493925
-8987 -634945
857321 -160032
115566 393302
-919267 341819
-989099 -393600
-972273 839889
-579738 -316058
434752 -604060
647560 -7913
11197 -903717
-258833 -525063
523393 -183556
-477020 844936
384990 -164427
-148450 -948049
-923369 -604780
169778 191615
755148 -770346
361861 -593090
-286933 320304
553750 785841
61363 429454
-331094 -608426
-525494 -946022
-238863 -943258
764048 819598
-44638 933354
632170 -568675
-604934 -664272
739142 920512
-346038 458112
319478 -546052
768027 687471
-258566 866820
-240162 915211
-123848 56784
-630645 465083
-41991 -122477
88735 623704
-250807 693551
667728 862387
-807792 -24071
628382 459802
745141 420438
-53538 -941468
138061 -439948
-958922 -893740
-371102 -297860
-46986 929260
-331306 536304
-457622 337991
-321784 4081
-245767 -628473
246786 -171995
-886021 -319810
-278247 133875
-126065 758795
-780648 126314
960592 431050
296165 569644
629685 512911
54888 979729
479086 84248
-387216 679520
178800 -931238
948684 -243955
-952092 -565367
-948398 -674436
53958 20773
688120 -394807
513527 91476
67339 -688740
-589742 -306295
709172 772764
811777 810589
845361 -78313
-770235 730530
-342753 -613348
-450077 -299028
-170284 257015
-138768 517237
-930245 407788
-558903 169964
701711 -222868
209375 129615
-756220 884183
425723 753497
553828 358918
