150
-36248 -599386
182664 634392
282760 -956589
-149012 708719
-924846 -589761
49637 560311
-502412 897579
-245739 789871
419001 -893213
822884 354133
-365285 766408
-888095 451877
-598538 -95649
-960764 -498745
-265714 120011
-304020 -229705
-496507 557755
-372026 -123293
-666462 -580641
-966729 -148758
-418577 -2458
-672522 805672
-359611 -240003
803507 684928
-717494 -3298
906778 -836474
445269 854589
-750184 709507
-380883 -152076
733880 -861974
-590496 897232
-173404 -924339
-273715 300625
4461 503657
-951531 363550
-143228 179642
680939 -403718
-752791 -124092
708619 174902
777710 30478
351550 392757
-784907 816139
-809714 -682573
687217 55694
-100683 404676
477919 88266
-499758 -486133
-563721 -572063
-532494 278498
325470 211069
452539 -420405
-253153 637855
-225923 33949
-177747 535006
-889731 323302
-757911 764246
109051 279547
637484 212234
729372 493084
-526601 885151
185482 729741
-984059 -649461
804313 -415147
56958 890850
374076 397063
204993 870593
-438448 31057
-299576 849395
335340 241328
-584096 -59091
223036 -348860
-579902 409563
-330752 -169499
768752 130884
217413 -88177
-444865 931702
73906 -941206
-482574 76645
-681025 -471660
-903736 309393
13478 492673
782755 -170413
-273376 -144790
252248 -407703
-412748 -306333
-361368 354890
-643355 242283
685404 -498827
99403 -584047
257640 -850460
-102469 -217824
423506 840085
-980297 109725
598837 -247878
-789474 202783
288462 239816
-732915 270006
138413 542852
-465030 519862
886187 118027
807082 -758341
-985249 -3577
-539408 -296459
403780 90753
567129 -264142
-571244 251487
-405439 -52033
100830 209176
-141335 871944
-555127 -139232
888626 -963166
-284754 151365
330652 680291
-788867 -884914
52450 -949037
390958 -372186
-129269 -593344
221949 824283
-205832 -190261
206241 709847
826726 143141
-949630 -583708
451331 -305475
-6792 569543
-522835 338048
-463612 -805686
270606 -783683
188377 -2658
797048 -384511
56614 134779
-920520 -880988
-294813 -517474
218353 253727
-405748 598324
718014 -442220
-206069 676484
440811 -853689
-477404 442739
478055 477156
-721070 -324783
-49040 -552846
-257093 401031
-931724 -171161
-355629 -300220
-796422 -519161
-891647 704545
-784800 799249
-543880 578505
733373 -656174
405679 -222314
814438 553207
-274545 -179880
-672845 824369
-699734 859372
-895231 169848
-581396 -520518
-286960 -63170
355672 -723560
-839780 -529638
-437769 398171
-218954 -169582
-417346 957702
420406 301451
525877 -793566
290059 930716
-17403 -157701
141680 194902
-63946 768842
-665118 769630
-804665 383425
-441535 945274
476024 -312063
562985 148389
-494836 469686
652195 -204019
-667725 -63969
490745 -162191
337314 -347580
-270563 -240097
907950 414256
-632428 56825
273443 57465
-188310 -84667
373528 299939
508572 900208
-160673 849994
89527 563780
-188649 360748
302479 -28054
-121003 736607
-587456 865795
267730 694515
-414692 -426010
-875698 -438622
-379964 579985
892148 -698218
867821 -110290
-724648 -622450
-703801 -824791
-56269 932067
793685 235025
-353382 91180
142024 950973
911792 203264
-327682 -246210
-15617 464799
-505430 957355
-595959 -411537
-647849 330129
-458814 638628
683903 -187755
194117 339670
303419 313850
818439 -596051
-881663 -88635
-320373 8090
853818 191007
-333511 57665
-44203 -533221
-295817 -91953
-140857 94072
-359799 991825
78274 629666
415718 740414
-699841 876262
-320682 658447
-92681 595129
308102 -288737
-846658 -111038
-866465 423673
342706 -790337
-806581 764668
882114 -324388
-209747 -457351
134703 620434
137516 -888914
223479 602975
-558289 302406
-397508 136768
367826 -896466
818946 -801851
410536 271192
530335 914712
-636004 -264660
-172027 461154
-245686 -109376
862776 90601
436616 452880
722550 272357
488846 150876
270548 789864
-835454 -820865
-803029 512000
-499030 1032
48818 -539263
537605 -360282
158972 -881083
-214510 909518
-168087 697978
-704408 262906
770470 -438704
-470061 -79109
-280219 826531
-411441 617878
307015 884406
-378546 -745563
-818670 369516
184469 -523924
803080 -382097
-478655 -511940
459142 457186
-900183 56546
-711356 -459038
772283 115817
-58162 239765
536397 -245352
889379 -355024
563121 537279
-276302 415013
504067 -833090
-199688 211488
888573 745051
-454342 -236336
36026 -492723
991844 -776351
766005 -343595
-180648 180134
-486178 311610
-120766 -130138
971253 178150
-864564 -523585
973692 -903043
-447428 338621
291307 769970
-88338 -864216
-513472 -35526
-898993 -589338
98544 552796
-392338 502862
185896 269299
