200
417027 -313131
814497 1474
-934786 362083
824308 127147
-437327 542031
-791763 -641344
-363919 664798
-271153 885115
549812 561932
587557 119672
-917717 117648
-757159 -753404
454294 -739778
727369 844026
-617208 554730
888003 466202
177326 535880
953372 -50537
20270 443882
-579481 -732138
-263859 -707524
217846 -682396
-727472 170709
653742 672511
-90341 951911
462535 -222112
401455 325539
-340640 218762
546403 -553479
-499153 573619
221733 -694375
-592363 -239842
31738 718797
817522 -410452
-137536 266636
-403790 -719063
519937 266229
569735 91337
-449462 941854
405231 -111178
461326 -830159
238278 -465745
-786049 -675746
89201 329731
-283871 627517
878662 -309504
508270 246616
-174602 -791227
-24660 849161
713898 -812016
-724857 748805
-724610 -83753
-651560 813001
721551 -75507
756438 467077
23001 -707057
-57811 -368325
-951792 -759686
-322376 -147670
617213 -657229
-82934 635655
-370288 -905477
-386334 -900678
252602 -221263
-96905 191502
152470 735331
612825 -818468
459125 415286
775476 229715
-649885 -831618
-583842 -884878
-510697 151067
821028 644747
990737 -228792
-10991 -930548
180158 510080
-968847 -17630
-739457 785417
192062 825092
-775087 528664
-385652 -25943
-849969 -602409
933623 377539
191092 -737915
402569 -699879
207738 -979355
-468742 -254047
-658598 37850
784884 843409
-82238 514347
979857 579534
-366815 583141
226657 -213200
181713 -211255
97192 395204
-333657 159943
861277 -532447
-460331 -554564
-896147 -826060
-158731 562015
-318442 -100984
256298 -402716
510001 971068
-192192 52649
-797019 192187
784339 413911
-849701 428119
-133705 -718425
558627 499787
-937186 455708
589936 654699
504008 -645394
-871431 -339068
-321706 535007
178356 495517
-817731 308127
-361128 -53274
-471907 -842260
-572034 666996
-138723 -150770
796408 -304725
-237769 -648201
225101 -128785
-86323 847360
686947 -866682
-443404 239154
940858 298062
-21822 432695
715171 -99945
-400663 725039
291018 -621267
472920 666862
-520028 -982284
343503 13958
-529378 -255731
842778 5064
869228 -785286
-454944 -539606
27807 609832
57409 579932
-942132 -260513
118921 -511499
-679674 -369740
400353 96151
371553 933746
815230 740768
-151002 -137216
857867 -422197
-822585 166386
-972380 651485
484582 -700614
-778810 296828
-825951 -826839
-356820 607876
-414882 238682
145680 -336113
-324808 -324483
-158797 -345950
-357583 48283
-220092 -868123
726989 567590
-135588 210586
-525608 688512
-534476 -78572
-158460 -201775
178363 -111730
-428824 -449987
-555332 426188
448252 -481630
757453 105198
-779841 -371351
-789223 658491
-266890 -112141
143111 732168
-110891 -971741
-547614 176001
-638768 999436
-456611 -452731
-355138 669080
-641496 290981
422088 -755791
-8951 640613
819423 -915271
-808713 -493623
926122 276198
548812 -728486
-865725 -385010
619396 731374
863810 -751033
453212 924306
37285 42590
175202 -920323
-9378 -427075
-317122 -93856
493304 587995
971332 -3186
-195566 669601
310492 -270083
-815604 698064
-112733 818167
841570 -826957
-761688 -572366
-884281 680525
-853609 -868510
-495743 -855838
699331 525919
328958 -20776
150705 -153401
-538355 109396
-382796 627409
530969 458116
659289 -908353
-165194 224965
-312564 754079
326377 -436705
-690711 325868
-644866 513059
-467233 455228
-236709 -295443
830209 -463868
678035 683739
884507 -275685
-52318 807490
-677543 -873289
-49480 391024
-610749 11830
-783332 -310028
-50624 -121730
-666426 957765
-346100 -142655
-553266 646841
459834 963789
-462607 -810276
115906 638872
-291517 -749195
860345 424531
756681 372240
115453 690497
708611 933811
-752268 -125424
240569 764371
-623887 266403
-110592 593984
282834 -311754
-993990 208050
-893383 -426681
729795 63527
149668 494209
-36609 598942
373797 283868
793370 603076
263360 -662938
591738 689703
787537 -660631
194075 -736046
-311529 585846
-186389 520344
163434 -779586
-846687 391123
420594 -523301
465646 546324
-350034 -189341
-182872 915158
61543 288060
-234733 -111373
809650 -46467
-482602 -581277
-484269 -494402
190188 -724067
786839 -40197
-268465 143051
748035 217549
324080 186553
-849087 484748
-49097 -408278
-388786 -94945
-245558 188983
91263 -553170
-850243 124715
699711 802355
863575 258755
-496400 -295718
791765 -956942
-819421 -683015
79989 355095
150698 453846
-113981 805689
-969790 -302184
-394473 541470
-446561 -815075
-431448 -760734
-2242 980951
228640 -444387
903329 769808
-22792 -942701
-229023 -64816
-265427 -689872
728780 425406
789335 -794790
152500 468409
473539 652334
4080 677126
-553397 320021
-471062 197483
-526811 531948
118022 -377784
905621 -381412
-483935 696036
-563461 842041
-385241 6612
197443 -170456
857350 467941
592107 -616354
518745 -595150
-140391 776496
-596301 -891882
-784817 -795075
-368298 177091
480612 204945
930877 34104
-223224 627930
326296 -609477
-349364 493336
963079 -270463
492279 224558
903584 669936
589555 -698900
69534 353533
550634 -193072
-803745 261111
-477120 900183
-456482 -491658
-557036 -297402
585167 -860139
-384478 566205
378021 -649376
394430 -797462
-880748 11410
-38988 132992
-442540 197011
-607139 -773809
-802745 486993
482343 929397
433668 -871830
-816881 616820
521154 -770157
-163246 168915
-862322 -585344
-824677 150516
-247750 -909794
833619 -574118
-4657 -748728
389369 -354802
-109896 472676
803270 -70905
626084 630840
898464 234527
-45606 -689385
-752515 707134
541311 953346
-383808 -813220
396647 757264
-979450 -801357
-620021 -281513
-767115 743746
-807499 -413022
-877359 386448
-464985 500360
117996 849768
966761 -280464
-202260 -832898
-923805 -867731
131465 -888953
-186455 -387621
-707332 -411411
-836371 -535294
456924 -742285
913200 256391
559899 78001
658016 121380
315845 -27713
-843262 656393
943674 -44857
-413310 -67614
-85469 -409996
198999 -254871
-62903 -108176
224944 -262934
29751 538261
-391577 623127
-845389 266456
147544 -961994
-294548 -153812
-372232 -525524
925714 -92208
-124563 149831
105440 -120853
-598879 -50937
547224 444326
-38649 -972219
