200
80081 167225
-112897 -542363
-702822 -279345
-824506 119152
-421840 92658
522840 -588720
-700707 931478
-905900 520223
286134 552007
-914192 351538
-560853 623692
378296 -789559
682928 110869
675252 618552
-951110 345340
490589 -776918
-133865 -93143
-368148 -658610
-797789 235018
-552274 -79348
90875 -616401
796984 -822642
-593414 477899
-501147 788777
-667004 -257454
-304580 -201976
-212927 -559502
143172 -118562
-157665 -906835
834951 -13863
274740 -768792
699025 -164392
-89272 -726703
-480090 814822
-523516 138758
-464978 867180
176390 -322907
320630 -964661
335024 -314324
-175236 -955190
-82950 3417
876337 -14277
-945295 -131577
567084 652365
789423 826129
-213978 -49100
609449 496663
821791 613342
906566 -378090
-481141 -490781
-105126 -192660
-831998 -423208
-836471 282925
-291834 793953
28664 771798
356049 236439
326076 283453
362528 -467318
330838 -138448
498721 -890910
40857 89378
-448700 -269642
769799 775262
-137856 115686
865370 -377417
70829 731476
650624 778225
35173 -415760
41163 -735943
406931 466065
213733 -338040
135677 460178
-527796 877791
16576 -547546
357954 -28342
852483 816993
459162 528985
439579 183854
-486642 -299948
-430917 95216
-955732 -307687
610443 471240
155282 890966
-468913 370266
14401 -103676
940517 -252558
185989 653817
605955 738394
562038 -355000
344389 -368811
841338 328973
-296274 44206
787332 -484943
329073 -267769
-786958 128999
778424 -319135
-716277 154229
3455 -693235
316783 -493446
-430864 521766
-543008 -446302
-910592 -555587
-730334 -875481
-953859 -76509
675010 386640
977610 -546627
52802 -679086
-950736 796397
842665 796736
-845589 186785
673491 643486
-612890 78389
139492 -494984
578646 219030
-982495 -459621
-145096 -908484
-396804 617247
635478 -258136
-266651 -951334
-234918 -848117
26162 -493483
-607093 743940
-215038 138892
871259 597802
817516 28879
792693 -936129
619746 -599820
470026 -250599
-374865 -944604
706731 -104996
873556 -773681
237961 -610332
618171 -401535
470251 608924
-327121 652171
-853430 542234
982628 -603899
-382482 -835703
838504 -483562
678984 -60276
188336 695550
949009 842991
176975 674140
392161 376935
-119615 -35812
-487227 -726622
794898 -659962
687946 -181374
-532869 60269
726985 -80945
-995355 139114
-438314 -516018
460541 -841129
-348885 539658
832584 -919063
439701 -880020
-814942 523374
-742395 794599
705588 764631
-980192 -939954
-326578 -836169
847094 -419313
759704 701845
150392 -171152
413671 -956413
-356721 288009
646596 -130555
372226 101461
669095 -330822
-715028 25363
-342288 734595
-422150 -274185
-282676 409724
658686 -858488
-481051 13425
-897754 -989348
-998542 -871185
725785 99272
367860 897485
-482091 -636622
-912358 -911342
537788 496849
-188015 718516
26669 477724
795065 81180
424620 -521790
840791 -814107
520736 239877
788639 112521
-386370 797318
656157 621516
-972542 -40447
-722289 548114
475007 -620720
210746 768385
208558 -459562
555887 -420340
-546616 525900
877526 714288
196604 824778
-620139 195991
618819 -302850
136325 558863
610097 595348
866018 -278732
176219 208987
470674 -151914
-909944 -456902
562686 -256315
699673 -65707
-157017 -808150
853131 915678
459810 627670
874562 -277373
425211 -226007
874204 -674996
-971894 58238
579294 317715
760352 800530
499369 -792225
356697 335124
331486 -39763
941165 -153873
-859594 -265925
675900 717237
475655 -522035
286782 650692
883470 -443181
841439 -715422
-801616 -947586
197252 923463
-187367 817201
876985 84408
823123 -39183
-390504 -258186
-103734 -791530
392809 475620
378944 -690874
843313 895421
913654 70641
556535 -321655
-303932 -103291
-542360 -347617
275388 -670107
793341 -837444
-278727 -902842
521384 338562
538436 595534
-612242 177074
790071 924814
-468265 468951
841986 427658
-844941 285470
-230440 -794407
425268 -423105
707379 -6311
647244 -31870
-291186 892638
-831350 -324523
-174588 -856505
407579 564750
-341640 833280
-272010 -616848
891036 -618200
491237 -678233
-396156 715932
871907 696487
675658 485325
-857721 -34747
-480403 112110
891203 122942
-234270 -749432
273113 715902
-592766 576584
-290232 839080
-532221 158954
715884 -558058
4103 -594550
-757292 583996
-545968 624585
321278 -865976
631144 388196
17224 -448861
-522868 237443
-913544 450223
304696 -417800
847742 -320628
801726 806393
797632 -723957
-950088 895082
674139 742171
-721641 646799
-430269 193901
368508 996170
-560205 722377
-117840 -7338
878174 812973
-348237 638343
-481443 -537937
26810 -394798
-214390 237577
140140 -396299
358602 70343
211394 867070
523488 -490035
317431 -394761
-835823 381610
833232 -820378
688594 -82689
-950462 444025
-200136 85968
27317 576409
440227 282539
-997894 -772500
-486579 -627937
-133217 5542
363176 -368633
143820 -19877
187013 -574639
461189 -742444
-551626 19337
822439 712027
-82302 102102
131311 -373998
636126 -159451
-618890 67125
-326473 750856
372874 200146
246530 -129390
567732 751050
659334 -759803
-604569 973240
752295 663278
-144448 -809799
-823858 217837
-666356 -158769
949657 941676
345037 -270126
983276 -505214
53450 -580401
41505 188063
865937 817024
789287 211206
470899 707609
-356073 386694
-786310 227684
-112249 -443678
166967 773238
238609 -511647
155930 989651
335672 -215639
186637 752502
775122 -18514
683576 209554
41811 -637258
214381 -239355
606603 837079
835599 84822
188984 794235
-905252 618908
978258 -447942
-430216 620451
326724 382138
-741747 893284
-118967 62873
-282028 508409
907214 -279405
440349 -781335
-816220 -869580
177038 -224222
-527148 976476
-981847 -360936
-479442 913507
839152 -384877
414319 -857728
-104478 -93975
-944647 -32892
-702174 -180660
29312 870483
821923 141034
-116789 -517740
-421502 -175500
15049 -4991
-500499 887462
651272 876910
-421192 191343
-718804 565136
-464330 965865
-437666 -417333
-994707 237799
-137208 214371
-884054 -898192
-266003 -852649
-381834 -737018
-729686 -776796
-480493 -392096
-606445 842625
669743 -232137
-797141 333703
-448052 -170957
