200
370064 282611
-624264 -591153
608845 -465294
777525 451393
981113 -250861
344139 509460
-390886 938145
893701 897209
281174 -91653
-921966 9203
944550 777377
-903805 -753415
-887555 -961040
-597046 196732
-741295 825989
-45241 -510026
86401 828555
422052 947750
-451794 -867571
373291 869816
-472186 341632
-867989 -354920
-683495 803722
566268 686570
-421383 -907052
174860 -467510
-207114 439639
57789 68410
-905368 731703
34 -486506
-266403 855528
-257985 954120
-188433 -474360
-435296 -918331
575458 556441
-874858 -616513
197292 948905
229881 -335100
-99814 -856236
-692421 947505
781498 682901
-795305 -53104
819995 913351
427834 960437
-999262 508132
377182 679050
262878 -241463
-357484 -378363
664260 -504145
697465 -442951
-410954 -821893
663389 918858
-996861 649372
433081 -366864
294960 982617
-227348 -368600
104881 49600
561847 992548
-796821 -210576
312853 756450
19531 -871087
763352 241338
-778510 761654
-269146 270874
479076 770971
-537042 -978540
830007 -939510
303104 -829478
518341 259016
-78520 -711776
191612 -102705
-628937 500923
-57663 800032
-481157 768401
-597196 -573437
9314 -369478
773796 -145650
961333 848332
522870 -454902
143971 -726407
-442228 -15520
695616 434446
-242404 -443992
28154 538042
618856 530085
-456465 -498921
928637 -789292
729963 -381486
489518 -975853
-6619 -413144
767565 -318429
-959208 698653
-115301 149481
-222890 -356928
371521 600320
-18442 -251687
-6135 -487765
73271 405787
-594709 963658
-236301 623596
981701 -480646
619131 -234744
789509 661719
-914355 -118471
431614 -660437
438983 -40107
-947200 682382
95353 731707
767753 -611165
796909 388960
-976922 722649
304652 -36869
-962285 -99799
957237 525468
-297230 705725
401496 -388166
882759 569723
-297263 -221147
-525448 460466
-473107 -528362
120801 545375
-113179 -164501
-467287 -298816
327867 -385695
-853516 675456
246255 -672901
169858 -316235
-450587 108866
509788 610588
-226864 885515
-848776 -165714
-31218 552460
48914 -885408
895965 639640
-538324 375496
398773 194389
473676 -125714
587135 972207
-31592 -942612
-422053 889043
-538106 -916288
979802 818175
463969 -654041
-257004 627390
292443 125419
-961096 277209
-268994 -52872
-124106 755647
-573112 -319922
-752397 -575956
234738 -745420
113783 -476013
632691 -865310
-247867 289664
-351879 320381
-998239 -859427
313151 -108952
999058 -467038
-555589 -519221
64463 -748234
492156 -736555
-173088 -155189
406360 539508
72696 180706
759677 -675612
-580718 -578763
-307877 -609294
-659284 -594792
-193191 166217
579559 866920
-527321 798807
486829 -543583
787334 803609
-746630 207852
-197360 795798
-995879 -382142
109938 605370
520862 -821462
-685868 -887556
-278283 -819880
-610827 32649
449486 -247558
-74186 -669056
-961255 -800918
718821 -688870
-538416 395597
199871 143720
-915752 978287
-915688 -815656
627119 939970
249354 509898
-261460 396854
-849924 -33212
-326032 -199988
-556989 793619
-245236 76811
267462 263280
-264623 241049
-926294 229939
-904630 -267777
-133827 -109970
-941206 -718306
281736 601302
-730888 -481361
764614 -219505
769451 694906
315329 458266
682250 -699234
328222 981265
-897603 -795635
745414 652974
-925924 67384
108671 -466336
-447955 474291
464187 594539
-779699 -266967
637903 -877465
-774278 199384
-618321 415827
217506 809109
-102357 -893683
-963524 652911
728577 863988
395211 -559847
-410494 681942
789532 -103359
-476127 755629
970507 -431430
954258 -789110
3586 454693
-24584 -789882
172735 319410
-617109 -535272
949868 714228
478486 -269308
-334145 -140298
460331 662427
-882759 682063
169126 -764327
-320463 816550
95719 366289
-848008 785920
781624 -492383
6038 701834
947583 483040
-99494 -480182
614414 -451544
-418841 -561177
624899 928142
669200 899698
-947743 735711
363056 -460491
-409428 -543085
-778875 913715
-266428 122014
179051 799698
20738 87185
-158182 928793
585546 452795
800840 556115
-666949 402873
979352 744933
-754957 -35647
-384028 -862927
437121 -658834
-366518 902039
910179 -903124
465270 -632025
76275 -374741
967408 763723
-400686 -317576
-654793 805063
-908586 884583
59376 -229646
-578317 297249
977174 -572838
-910802 416529
-794016 -107921
292761 773971
198116 544249
-396021 -836357
109168 178251
649389 -584821
313684 -685044
-920977 -364867
109463 871770
-312300 233112
259524 30586
309459 -857453
540441 -376387
-928700 670481
490966 -436680
514691 280164
-646653 882595
-931033 -182793
-972414 -602870
-171538 620462
661688 -312467
419215 -986875
356578 -280478
886730 742703
-887533 -931294
490852 -354279
613893 453322
284966 -169752
-691254 -644704
-123578 -699433
-275915 -427929
670952 487295
-779061 -310433
-339575 -890864
-469344 137831
52601 -453165
267341 -408589
-665493 -624329
2737 -664318
-542766 291216
790572 866845
539225 -746656
920047 -211996
483910 171282
-312184 -498321
-97827 -649402
-298867 588514
-104930 88201
-927520 -151645
821960 994930
90781 458578
-323591 227929
-330740 -239353
-438558 -389709
-510311 862718
-50757 -158938
618656 631122
310014 38519
-551869 126526
461463 -84045
-103308 701649
149518 -560984
-669151 -563690
-183183 887618
724222 309100
-496544 830070
-362415 -83961
-214176 199102
94953 -772536
-702744 32990
499282 870361
-179915 -888700
-161615 378064
-288458 -430162
654455 879847
312165 520321
-923832 -81873
-231991 -498219
-624122 -324595
469629 859120
-223792 375317
-823921 749607
764163 -633249
-52373 483232
770096 -745043
-947477 -763725
-681559 -870568
25160 -15943
486611 -135871
28630 -466976
87091 -960884
-985287 739878
506772 948673
142789 -149291
236882 98421
203758 -413624
714819 523741
587559 -175724
271024 -164778
-946040 230547
-266182 405729
25837 -880344
-407346 -575646
-117038 837218
-196799 20708
-994803 -347211
-530562 -426832
34659 -482566
453693 980333
-913583 216872
430730 276155
631693 971710
-75898 95605
-554577 -879034
-444432 -945147
-809418 708566
-346208 696248
-955220 -725509
389485 706668
806275 262830
-153290 837548
350440 -725307
-465179 -850830
