200
-706314 182262
689991 -527955
-636001 -858504
929544 -847660
-217941 -330826
705619 787563
905404 -348212
488961 -605438
814842 -450442
-261695 -35121
-804039 31675
468672 437495
-621657 -815332
-499766 31716
241790 41027
253195 352107
998353 8137
822630 609912
457662 -433386
-925879 -351464
611898 -249797
-474428 633503
390292 496435
832138 256413
946135 -767891
-599343 -434176
-824843 907657
-799542 -335118
748202 -957156
968686 -469267
429866 140507
423760 -372834
187765 908337
-86620 946233
-689897 -751030
758636 -249927
431175 -893055
721661 967770
156632 659927
420825 442148
999177 554223
-708816 103581
726494 281165
130067 373609
269168 452181
828490 977585
693608 234010
344031 987385
-421215 574733
123559 -481371
354503 196671
-913302 -214334
127565 940062
-400905 658234
-84518 -566088
871891 -398546
431848 -548730
464327 -858395
785673 -713052
-238246 -880762
-701628 -635697
-184924 -297043
782023 974844
170870 776296
266779 -309805
682150 -715515
-236753 13021
326390 546425
943004 347293
-761624 -46807
-414770 224045
-264131 -455163
764599 -413273
-147918 729562
-292270 990275
-277811 976992
877006 542479
109563 -664834
247760 -769116
-787055 35107
-40879 759934
330670 -44110
299810 179297
292253 384741
317175 -68305
893408 -360323
-807644 561179
-751991 871622
351568 765555
295422 -168895
-818935 186848
770093 234893
-515440 -4312
39781 877999
-267119 674750
200403 -581995
749568 -249436
-722707 79174
169430 -311322
-145841 -384421
-707337 845825
692498 109535
-939620 -557418
-769395 900151
204966 616409
-855600 195943
459959 592372
885794 -507093
915713 -428759
-829498 -465184
-450270 -370489
-286415 177212
768 741051
-121011 -431979
-111941 427184
367728 -529290
-712020 -847402
-333292 45936
324421 789052
155806 625437
-134953 376653
-699994 142959
47463 -487050
-542627 -268506
378703 -971136
-480620 227081
362432 -709402
648430 277744
726791 -256348
-518910 -798026
423054 -83032
-135283 354985
408867 846989
810059 -973799
-584256 587526
-423512 -654673
-832317 761780
-465249 228399
804710 122712
929168 756924
-705423 41588
-455101 -143917
-288844 631354
-688360 297261
403284 -287949
717444 -766524
197912 -884158
-280370 -821063
-950289 -380657
370645 269332
648848 -373944
-68159 491985
-556264 544702
22130 448534
822868 -251005
845670 -638181
-728150 -246813
790087 748989
-737154 94732
564921 473924
25259 652966
-48247 -451483
-300276 324494
690567 -618100
-739161 -529815
-424183 -477588
-955298 -505787
-80045 -144720
-767582 737938
-811324 -300916
112413 -450293
134905 316623
-44582 -947302
-911008 743815
171946 -98721
-37351 863916
585338 753287
254161 190177
948959 -713984
-537921 175539
-856180 -680741
-604285 -55329
-252311 149722
524505 912584
709120 609114
46906 -763048
-677495 -837919
-282877 937254
687879 619738
505921 26085
68507 518600
959401 -637924
388093 2681
-11971 202629
775956 872393
180510 348493
-306808 -187264
-632102 270645
-46764 -222971
-180047 -203278
784152 631227
479069 106739
-178529 428298
-744469 724504
-514350 133052
-754557 -39631
425561 827243
535 -798889
-269383 931534
-243685 -330253
903754 -735720
42534 734342
-15983 924363
71160 643166
996322 744187
709553 -331772
470778 16372
838900 232120
-68636 -170215
532942 -666056
-85947 -549316
-411531 -679201
349709 460382
-907385 627431
-472706 118398
679149 780929
-474204 129619
-62325 401305
677090 711883
674810 370584
-619266 -808234
-694141 828186
664775 651808
-872801 909317
438711 -852390
335223 -717554
372121 -354024
180528 -490523
-538356 151340
749627 -939892
-669197 117777
954220 467913
-581152 -242254
-853051 -325222
643510 204878
310402 -512424
823720 -693419
-87796 341469
62496 845275
-370940 991950
185893 254321
782054 -444828
446332 90764
980062 -675081
-746732 -712411
327314 467114
259393 96756
-425374 -134705
-299911 964689
852989 706835
255868 856383
-820558 163095
-259249 158628
-682887 772425
856738 263732
127316 666257
717933 777945
101568 222375
-490120 -389615
-871098 -296109
849911 98681
-671286 121047
839905 -457078
345953 422665
-429418 -1454
-347073 -854365
-687757 -412374
-767926 -10337
633631 -227171
-218482 708614
-198807 -446020
-267746 -31245
42105 -607860
-294678 65355
293190 -870878
-322766 -246429
389954 949985
331144 837061
898706 -526910
328025 -681688
849942 -281173
688954 -725704
851648 -759835
-489181 544190
358870 -137740
-40461 243449
-41509 -91537
-169275 58373
324461 -937855
816373 983914
359603 43501
76098 535303
-196278 -173446
-939651 -712676
154150 -21236
836124 -274554
-641897 -810871
336621 -136742
690401 185558
728435 -247922
381600 -521298
-909022 -426522
288882 693061
-101706 959745
737557 -303597
-735743 959458
-111660 -643905
146187 -514398
214842 351257
-473500 -731471
-826352 -376481
-774433 -679779
-776545 -58119
150781 989320
-764647 837716
751935 -618191
-548300 -397050
716994 572565
905151 -793285
572760 558526
-845186 134978
623089 -610431
-24030 433491
-842366 -528644
488783 533978
-537664 495125
958381 14245
32515 -426364
495898 -354600
968580 -415855
757324 -200923
-490562 672531
228386 78483
-794647 235985
882396 -717526
-741960 -829794
-571312 331548
256010 457403
754993 -925437
-381843 598928
626595 -622089
420551 263996
-620549 -135656
-599934 348074
-734804 223082
286867 -338357
-879597 -415683
374116 -101497
377422 395401
392832 479754
334469 105315
517514 -838934
204300 815953
248959 -256394
242613 837989
-791284 -100755
-72161 815907
-282458 672130
803648 297233
-354078 686533
-908350 -452287
371189 367040
-790787 -555544
-713497 40155
710573 716205
-27114 560809
818228 903413
945160 -593416
431351 -305451
200009 -468286
591415 355975
-240802 -504058
578438 -197301
-141115 -425478
-649341 -339115
-267403 147614
-865029 794628
-223458 631213
444929 867072
-164817 -367634
971778 -476888
772854 900399
-394698 339394
-155465 509984
-38062 -855194
-686152 -460718
40376 456497
-494609 231181
-559769 -941480
-246255 -860533
