200
-2838 5622
-2902 5558
-2920 5540
-2969 5491
-3020 5440
-2898 5562
-2964 5496
-2900 5560
-2905 5555
-3009 5451
-2961 5499
-2903 5557
-2974 5486
-2938 5522
-2993 5467
-3005 5455
-3002 5458
-2829 5631
-2991 5469
-2875 5585
-2911 5549
-2828 5632
-3022 5438
-2901 5559
-2945 5515
-3010 5450
-2873 5587
-2892 5568
-2970 5490
-2888 5572
-2968 5492
-2885 5575
-2887 5573
-2830 5630
-2925 5535
-3019 5441
-2963 5497
-2881 5579
-2960 5500
-2847 5613
-2820 5640
-2874 5586
-2931 5529
-2843 5617
-2934 5526
-3000 5460
-2884 5576
-2864 5596
-2883 5577
-2973 5487
-2861 5599
-2990 5470
-3025 5435
-2868 5592
-2957 5503
-3026 5434
-2919 5541
-2924 5536
-2831 5629
-2825 5635
-3013 5447
-2849 5611
-2936 5524
-2988 5472
-3016 5444
-2906 5554
-3018 5442
-2848 5612
-2962 5498
-3003 5457
-2929 5531
-3007 5453
-2852 5608
-2955 5505
-2859 5601
-2863 5597
-2821 5639
-2904 5556
-2981 5479
-2941 5519
-2977 5483
-2979 5481
-2944 5516
-2858 5602
-2842 5618
-2839 5621
-2952 5508
-2950 5510
-2917 5543
-2866 5594
-2942 5518
-2996 5464
-2984 5476
-2834 5626
-2823 5637
-2923 5537
-2908 5552
-2897 5563
-2833 5627
-2878 5582
-2986 5474
-2882 5578
-2855 5605
-2959 5501
-2915 5545
-2946 5514
-2871 5589
-2937 5523
-3027 5433
-2966 5494
-2826 5634
-2895 5565
-2822 5638
-2956 5504
-2972 5488
-2954 5506
-2913 5547
-2851 5609
-3023 5437
-2948 5512
-2983 5477
-3004 5456
-2909 5551
-2939 5521
-2949 5511
-2818 5642
-2967 5493
-2857 5603
-2930 5530
-2865 5595
-2994 5466
-3021 5439
-2860 5600
-2980 5480
-2971 5489
-2953 5507
-3001 5459
-2943 5517
-2836 5624
-2907 5553
-2880 5580
-2891 5569
-2916 5544
-2846 5614
-2837 5623
-2835 5625
-2951 5509
-2844 5616
-3008 5452
-2890 5570
-3017 5443
-3014 5446
-2841 5619
-2918 5542
-2987 5473
-2840 5620
-2870 5590
-2989 5471
-2896 5564
-2889 5571
-2862 5598
-2995 5465
-2940 5520
-2899 5561
-2926 5534
-3012 5448
-2914 5546
-2910 5550
-2958 5502
-2965 5495
-3011 5449
-2819 5641
-2886 5574
-2992 5468
-2854 5606
-2927 5533
-2922 5538
-3024 5436
-2869 5591
-2976 5484
-2982 5478
-2827 5633
-2832 5628
-2824 5636
-2893 5567
-2921 5539
-2999 5461
-2879 5581
-2997 5463
-2867 5593
-2912 5548
-2872 5588
-2876 5584
-2998 5462
-2894 5566
-2933 5527
-2975 5485
-2928 5532
-2932 5528
-2978 5482
-5774 7842
-5891 7725
-5889 7727
-5865 7751
-5860 7756
-5850 7766
-5823 7793
-5759 7857
-5930 7686
-5852 7764
-5907 7709
-5816 7800
-5832 7784
-5788 7828
-5905 7711
-5750 7866
-5724 7892
-5912 7704
-5853 7763
-5800 7816
-5758 7858
-5747 7869
-5764 7852
-5771 7845
-5781 7835
-5854 7762
-5894 7722
-5742 7874
-5801 7815
-5807 7809
-5886 7730
-5866 7750
-5736 7880
-5884 7732
-5849 7767
-5826 7790
-5821 7795
-5877 7739
-5794 7822
-5727 7889
-5862 7754
-5923 7693
-5916 7700
-5828 7788
-5743 7873
-5837 7779
-5887 7729
-5921 7695
-5911 7705
-5806 7810
-5855 7761
-5730 7886
-5867 7749
-5766 7850
-5925 7691
-5737 7879
-5922 7694
-5752 7864
-5858 7758
-5842 7774
-5799 7817
-5723 7893
-5779 7837
-5929 7687
-5878 7738
-5931 7685
-5797 7819
-5861 7755
-5902 7714
-5875 7741
-5739 7877
-5914 7702
-5915 7701
-5917 7699
-5812 7804
-5836 7780
-5803 7813
-5903 7713
-5846 7770
-5928 7688
-5820 7796
-5809 7807
-5882 7734
-5757 7859
-5738 7878
-5890 7726
-5790 7826
-5825 7791
-5818 7798
-5863 7753
-5777 7839
-5900 7716
-5874 7742
-5839 7777
-5819 7797
-5813 7803
-5924 7692
-5768 7848
-5817 7799
-5830 7786
-5873 7743
-5906 7710
-5769 7847
-5810 7806
-5755 7861
-5776 7840
-5913 7703
-5793 7823
-5843 7773
-5868 7748
-5895 7721
-5892 7724
-5870 7746
-5872 7744
-5789 7827
-5879 7737
-5796 7820
-5814 7802
-5798 7818
-5744 7872
-5725 7891
-5829 7787
-5746 7870
-5731 7885
-5920 7696
-5783 7833
-5749 7867
-5792 7824
-5785 7831
-5784 7832
-5767 7849
-5791 7825
-5815 7801
-5748 7868
-5740 7876
-5871 7745
-5808 7808
-5824 7792
-5901 7715
-5754 7862
-5896 7720
-5841 7775
-5751 7865
-5918 7698
-5765 7851
-5805 7811
-5876 7740
-5782 7834
-5845 7771
-5897 7719
-5756 7860
-5910 7706
-5741 7875
-5772 7844
-5761 7855
-5880 7736
-5762 7854
-5733 7883
-5848 7768
-5822 7794
-5844 7772
-5847 7769
-5753 7863
-5780 7836
-5898 7718
-5763 7853
-5786 7830
-5735 7881
-5831 7785
-5908 7708
-5834 7782
-5726 7890
-5833 7783
-5881 7735
-5729 7887
-5859 7757
-5811 7805
-5869 7747
-5919 7697
-5787 7829
-5883 7733
-5856 7760
-5827 7789
-5722 7894
-5904 7712
-5773 7843
-5734 7882
-5802 7814
-5840 7776
-5864 7752
-5885 7731
-5728 7888
-5760 7856
-5893 7723
-5835 7781
-5732 7884
-5909 7707
-5795 7821
-5775 7841
-5851 7765
