200
14301 6415
6663 6415
7936 6415
5725 6415
7601 6415
1370 6415
5390 6415
10884 6415
6060 6415
14033 6415
6194 6415
14569 6415
6730 6415
9879 6415
6998 6415
13162 6415
5993 6415
9611 6415
767 6415
6127 6415
4921 6415
10683 6415
14100 6415
2911 6415
633 6415
8673 6415
4385 6415
7065 6415
8271 6415
12559 6415
14368 6415
1772 6415
10147 6415
9946 6415
1102 6415
8204 6415
6328 6415
1973 6415
11219 6415
10616 6415
8539 6415
10817 6415
12693 6415
6462 6415
10750 6415
12023 6415
5457 6415
11822 6415
13497 6415
10281 6415
9544 6415
11621 6415
4720 6415
4251 6415
11420 6415
8472 6415
3849 6415
5524 6415
12492 6415
2509 6415
12894 6415
13564 6415
1169 6415
10214 6415
6864 6415
4519 6415
8003 6415
1638 6415
9142 6415
834 6415
5591 6415
7199 6415
9410 6415
2710 6415
566 6415
5859 6415
14435 6415
3782 6415
10013 6415
13832 6415
3715 6415
9812 6415
9678 6415
2643 6415
2777 6415
8405 6415
3112 6415
14502 6415
4184 6415
7869 6415
1571 6415
4050 6415
7534 6415
5792 6415
9745 6415
11755 6415
1839 6415
13028 6415
5055 6415
11956 6415
10415 6415
5122 6415
8740 6415
5323 6415
7467 6415
2174 6415
11286 6415
4653 6415
7333 6415
3447 6415
8070 6415
7668 6415
9276 6415
9477 6415
9075 6415
8807 6415
12358 6415
13966 6415
7802 6415
12090 6415
4854 6415
1236 6415
12224 6415
1303 6415
8606 6415
3179 6415
1035 6415
13095 6415
6797 6415
2442 6415
2241 6415
5926 6415
4988 6415
14234 6415
10549 6415
11152 6415
1504 6415
12157 6415
2308 6415
9209 6415
6395 6415
968 6415
9008 6415
13631 6415
6931 6415
6261 6415
1906 6415
8137 6415
12291 6415
11889 6415
3380 6415
4318 6415
11353 6415
8874 6415
13765 6415
9343 6415
901 6415
11554 6415
3246 6415
7400 6415
2576 6415
6529 6415
13296 6415
10348 6415
2844 6415
12626 6415
7132 6415
2107 6415
14167 6415
7266 6415
13430 6415
10482 6415
1705 6415
13229 6415
6596 6415
12827 6415
12425 6415
4117 6415
5189 6415
3916 6415
3648 6415
4787 6415
11018 6415
8941 6415
4586 6415
11085 6415
10080 6415
3313 6415
11688 6415
3983 6415
2978 6415
5658 6415
12961 6415
10951 6415
3581 6415
1437 6415
700 6415
2375 6415
13899 6415
4452 6415
-844 1788
4382 1788
-1313 1788
362 1788
6794 1788
5521 1788
6057 1788
4449 1788
-4663 1788
-2385 1788
7866 1788
-2251 1788
3377 1788
2841 1788
2573 1788
5722 1788
2506 1788
5454 1788
5789 1788
-3323 1788
7598 1788
4114 1788
1836 1788
2975 1788
-2921 1788
6727 1788
-3926 1788
3980 1788
1233 1788
27 1788
-3055 1788
-4596 1788
2305 1788
8134 1788
5052 1788
-2050 1788
4516 1788
-2452 1788
-1112 1788
898 1788
-2586 1788
-1916 1788
4918 1788
2037 1788
965 1788
295 1788
-1581 1788
-4127 1788
7665 1788
-509 1788
-4998 1788
6325 1788
-1447 1788
2238 1788
-2988 1788
1568 1788
6995 1788
2908 1788
161 1788
7799 1788
7196 1788
1434 1788
6124 1788
-308 1788
6392 1788
-1715 1788
-3457 1788
-3256 1788
4851 1788
-3859 1788
2372 1788
-5132 1788
-4462 1788
7397 1788
-4529 1788
-3122 1788
-2854 1788
1099 1788
-442 1788
6191 1788
8268 1788
2707 1788
4315 1788
-3792 1788
-3658 1788
3511 1788
-1782 1788
1702 1788
429 1788
4047 1788
8335 1788
-2117 1788
8469 1788
-4931 1788
5655 1788
1903 1788
-5333 1788
5856 1788
8536 1788
-3189 1788
-375 1788
-2519 1788
8603 1788
3779 1788
-1045 1788
-978 1788
-1514 1788
-4730 1788
2774 1788
5119 1788
6526 1788
7531 1788
-4395 1788
6459 1788
-4797 1788
7464 1788
-5266 1788
3109 1788
1501 1788
-643 1788
-2318 1788
4784 1788
563 1788
831 1788
1032 1788
3712 1788
8067 1788
-1648 1788
2439 1788
7129 1788
-911 1788
5253 1788
-3725 1788
7732 1788
697 1788
7330 1788
-107 1788
-174 1788
228 1788
-1849 1788
-2653 1788
-4194 1788
6861 1788
5923 1788
-1983 1788
764 1788
4181 1788
-1246 1788
5320 1788
-2184 1788
6258 1788
3310 1788
-4328 1788
-710 1788
-2720 1788
-241 1788
5588 1788
3645 1788
3444 1788
4650 1788
94 1788
1635 1788
-4864 1788
6593 1788
8670 1788
-2787 1788
-576 1788
7263 1788
4248 1788
6928 1788
4717 1788
5387 1788
1166 1788
1300 1788
3176 1788
2104 1788
-5199 1788
1970 1788
2640 1788
-3993 1788
3243 1788
8402 1788
-3591 1788
-5065 1788
496 1788
7062 1788
5990 1788
1769 1788
3913 1788
3846 1788
-3390 1788
-3524 1788
3042 1788
8000 1788
-1179 1788
7933 1788
5186 1788
4985 1788
-777 1788
1367 1788
