300
40 33
95 24
5 74
83 58
69 16
54 48
61 50
63 36
15 50
69 21
69 5
75 84
58 14
34 24
9 62
28 8
53 12
36 86
36 46
54 86
25 48
32 1
3 96
49 50
11 76
10 35
94 86
51 78
10 37
78 17
18 44
99 18
97 12
9 30
89 65
17 54
10 42
16 42
45 25
30 92
65 58
69 76
39 9
23 53
46 77
42 2
98 21
67 63
83 91
97 48
39 78
9 48
56 54
10 39
93 46
42 72
93 2
68 99
77 56
66 14
94 45
95 12
37 100
21 25
6 51
90 91
97 82
64 21
84 91
64 65
35 61
80 92
4 94
14 93
80 31
85 50
13 86
7 100
41 50
3 18
48 32
7 84
2 18
16 86
47 62
8 28
6 37
13 37
20 78
80 44
23 46
17 18
46 57
100 83
1 48
10 10
39 18
24 93
31 1
88 42
71 87
23 26
72 36
76 47
30 6
81 78
40 71
58 87
35 36
25 89
15 32
91 12
94 69
89 5
42 19
65 41
39 58
10 9
85 17
63 91
34 11
52 66
5 80
30 13
58 18
21 26
77 33
58 11
97 74
76 79
47 20
34 46
59 26
76 73
20 82
21 46
27 99
2 62
90 31
87 27
84 45
47 69
51 70
76 78
75 65
31 51
21 54
38 36
12 67
50 74
97 88
69 44
87 100
30 63
64 77
14 25
57 41
20 29
77 29
25 14
48 29
51 25
56 55
65 25
5 81
9 77
34 82
43 64
70 76
51 90
59 18
5 31
20 81
59 1
59 8
54 90
33 78
71 48
62 50
30 38
62 38
55 75
37 87
29 91
13 65
73 36
38 82
60 92
24 75
24 49
33 63
28 24
48 5
74 32
11 42
43 70
42 83
82 44
84 92
28 52
87 75
62 57
7 62
7 78
6 59
56 36
68 70
33 64
60 69
37 9
31 20
78 3
69 64
12 26
93 1
81 36
64 99
45 10
4 20
76 7
100 79
64 13
74 4
34 32
50 31
86 11
22 49
59 99
7 8
4 11
26 73
84 2
41 42
14 38
6 31
83 2
14 58
86 44
23 96
73 27
47 95
49 38
17 34
56 2
59 89
4 52
43 31
85 92
77 18
51 62
25 23
74 28
10 34
3 52
1 16
85 89
72 51
40 76
60 45
70 67
28 74
87 99
42 53
81 76
84 15
34 8
27 34
77 11
59 33
44 83
42 33
97 38
38 22
1 74
55 3
30 16
76 99
98 3
89 61
82 4
58 93
68 95
58 39
27 88
93 90
85 23
67 26
23 20
29 16
73 20
1 65
85 47
15 10
33 56
80 11
44 44
55 93
31 48
25 91
85 61
