657
49 69
58 41
24 93
37 27
90 8
14 44
71 75
88 36
37 52
20 69
43 68
75 12
72 27
26 62
42 62
3 90
51 86
93 5
71 57
50 73
94 98
2 35
41 1
31 28
74 61
23 67
44 22
67 91
45 72
51 74
15 93
25 10
59 71
32 98
57 46
66 15
31 92
42 21
81 16
18 14
57 14
90 14
88 83
34 91
21 48
45 25
76 2
95 51
30 82
53 72
8 45
9 57
84 1
60 55
68 97
76 17
17 88
8 6
91 11
34 2
51 67
32 7
28 67
80 97
21 40
88 42
45 29
6 94
72 75
22 27
15 10
99 100
56 51
1 14
17 74
89 13
62 71
25 91
23 8
75 73
99 69
61 85
51 80
75 2
44 79
29 54
61 20
58 30
70 32
41 26
67 33
52 59
75 82
55 7
55 41
62 67
89 9
92 53
28 90
97 99
37 40
73 24
68 48
83 43
7 41
32 24
20 86
14 62
91 43
65 72
85 15
77 86
15 26
97 47
16 58
88 97
3 93
66 30
90 80
43 6
19 67
7 54
47 57
65 77
53 99
60 9
77 83
51 91
4 30
52 63
56 24
66 85
7 4
89 85
2 73
68 64
40 45
9 88
89 30
97 85
55 61
100 62
80 55
86 82
51 36
87 71
80 15
43 57
47 88
81 39
38 60
25 3
18 28
74 11
39 68
69 11
4 13
9 45
46 21
60 59
98 9
90 49
3 50
71 2
36 36
72 63
60 12
68 65
39 43
88 52
36 95
82 30
44 30
22 37
10 26
33 59
31 49
23 10
32 36
69 10
61 49
11 63
13 82
9 42
29 67
47 33
6 21
53 34
65 75
47 6
36 76
25 17
48 68
2 7
73 50
3 63
13 3
58 44
10 6
11 20
47 96
8 7
48 82
82 59
29 83
39 77
31 84
53 42
88 18
5 67
19 11
61 37
13 67
7 33
77 61
96 78
9 62
57 58
92 32
8 69
64 93
22 14
51 43
17 46
87 22
20 58
74 43
66 58
76 27
67 83
21 29
72 6
6 96
70 48
97 82
77 65
57 16
63 7
49 23
2 56
31 9
39 24
34 66
64 98
65 79
64 97
12 67
57 61
75 13
50 5
13 69
8 92
49 35
65 30
94 80
85 59
6 52
22 47
62 49
17 78
44 21
7 72
15 20
1 28
24 32
28 41
24 61
86 41
68 100
98 60
100 70
70 40
12 88
1 67
73 35
69 88
3 59
85 68
15 90
62 19
6 80
33 75
36 74
87 52
37 41
10 90
86 55
66 54
95 24
49 1
31 18
64 64
24 88
54 90
12 32
78 28
40 5
85 4
61 45
15 54
78 27
51 69
53 22
66 10
8 91
35 8
20 24
86 73
50 23
7 55
63 53
60 70
4 55
13 29
11 35
60 63
1 89
6 60
22 16
16 2
51 58
25 20
31 64
99 85
4 36
77 31
9 93
58 5
79 100
52 10
62 11
97 81
39 14
34 52
72 82
78 52
41 34
51 71
93 13
31 35
41 81
68 32
46 24
85 89
19 30
91 16
97 61
64 68
82 2
45 65
87 7
44 74
33 42
14 71
85 28
73 22
85 17
55 72
66 57
94 58
22 61
12 35
54 69
77 96
26 61
61 83
95 91
66 27
90 50
85 53
40 36
12 31
84 74
45 18
77 13
58 83
90 78
94 59
1 21
9 19
57 80
81 33
53 11
46 79
99 73
12 12
82 54
65 99
30 5
87 46
87 55
83 3
19 29
37 14
66 100
31 69
81 13
66 18
37 89
96 55
4 38
90 86
10 9
57 60
92 39
10 64
83 61
42 64
13 1
65 66
92 1
51 98
20 13
60 74
74 54
20 15
27 39
72 47
14 90
71 77
19 90
10 25
74 6
37 54
80 91
99 35
32 47
90 65
49 95
33 4
83 73
83 21
1 65
84 16
37 98
46 44
77 2
76 9
15 14
34 23
31 23
25 94
52 50
58 60
43 25
97 21
5 70
13 73
15 44
42 16
23 42
44 11
56 35
17 79
65 21
8 1
70 81
44 14
62 98
62 18
70 9
10 27
20 49
41 89
56 13
42 78
96 32
56 82
47 25
14 12
9 9
4 76
81 32
9 97
73 4
78 11
46 81
61 13
4 35
73 62
35 25
19 25
95 56
87 81
58 72
83 89
90 69
32 99
33 39
99 70
65 53
18 78
21 38
42 76
93 15
15 68
77 81
90 51
80 81
96 60
54 91
88 45
53 30
83 52
76 48
17 66
86 3
54 12
63 48
70 44
96 49
18 37
92 29
36 25
12 98
34 3
95 46
57 18
62 65
90 40
70 83
6 59
87 38
1 45
66 9
2 37
24 67
70 87
47 100
39 21
48 81
47 69
24 75
78 70
34 72
32 49
58 42
3 94
37 18
52 70
26 23
31 15
39 44
70 36
98 78
16 79
94 85
6 64
28 81
35 19
1 1
46 68
98 86
55 55
74 42
77 100
9 72
64 32
1 25
64 14
22 49
59 51
75 38
48 83
76 76
29 66
82 15
41 24
13 65
27 62
60 77
26 81
43 86
42 7
6 99
55 40
31 98
21 74
29 99
50 10
29 51
22 46
51 1
100 100
30 78
23 21
98 64
65 28
25 29
91 79
39 69
56 4
59 10
62 72
22 69
14 46
87 31
5 9
68 49
14 19
97 26
65 14
31 2
41 85
42 95
97 96
97 15
6 92
96 6
85 37
18 52
15 77
84 29
100 53
33 15
42 61
44 47
14 82
20 76
42 67
88 65
10 55
13 35
34 71
19 94
2 19
72 22
7 52
71 5
35 17
37 16
61 91
38 3
2 94
91 66
43 85
34 67
58 40
79 51
34 95
5 57
95 67
7 40
46 49
98 16
71 40
57 97
23 98
11 89
11 93
29 81
8 17
64 51
3 65
61 100
63 23
38 72
