999
103 96
145 95
137 179
168 6
188 135
141 90
161 6
25 76
135 32
127 173
103 82
166 18
174 68
4 185
175 35
161 4
163 115
114 95
22 152
58 1
193 11
141 48
196 54
86 158
99 8
87 182
59 134
180 192
33 70
14 111
142 172
124 188
63 186
45 98
155 163
176 166
59 172
193 30
44 151
181 130
92 29
15 90
92 41
104 56
16 101
122 2
154 178
42 152
168 120
179 141
58 56
192 173
182 65
140 168
51 162
126 88
168 28
47 180
52 62
103 115
137 70
104 104
9 33
183 3
189 74
23 137
89 75
131 115
26 170
138 178
70 82
23 31
25 45
17 200
103 47
128 189
89 145
187 152
51 193
186 43
176 12
144 103
126 65
129 182
45 174
104 158
110 22
57 132
83 183
25 38
151 112
108 131
123 61
106 200
20 42
63 118
99 76
15 18
49 142
147 152
55 104
40 139
27 15
174 177
163 119
178 199
99 156
6 47
39 37
25 26
171 58
148 163
135 169
81 174
41 60
104 69
85 17
166 33
39 29
199 59
73 157
16 61
91 47
110 10
161 131
193 41
128 17
184 70
175 61
8 42
199 157
47 97
55 45
186 120
41 26
96 40
191 151
113 159
76 38
39 57
172 8
109 153
67 39
135 33
24 95
166 43
79 61
26 149
64 184
111 115
5 42
65 126
82 104
135 56
179 66
143 122
128 169
156 90
168 53
91 150
107 44
156 32
151 97
15 153
193 109
107 176
179 84
133 91
199 41
53 179
174 59
8 161
17 168
200 107
10 74
35 69
8 63
167 125
111 67
14 156
198 157
92 107
112 99
124 65
173 61
59 182
186 53
6 110
132 60
82 34
38 171
128 100
175 110
55 192
190 11
151 101
109 81
43 160
181 197
71 151
15 129
47 118
113 53
145 89
46 138
100 13
41 6
12 59
81 59
20 20
38 170
101 106
40 75
42 68
124 67
55 183
169 73
169 57
122 30
153 183
27 147
55 130
76 18
123 50
9 3
150 70
198 28
70 113
61 100
155 37
69 141
196 29
15 73
166 49
48 154
99 79
149 4
31 145
135 198
162 185
151 86
74 183
122 139
115 47
155 13
174 196
166 45
126 17
150 142
200 13
190 150
24 105
183 43
173 184
21 159
164 115
24 40
170 132
106 69
124 19
196 177
139 98
154 197
57 145
127 147
59 41
1 184
92 193
59 113
164 103
12 12
59 63
22 6
52 121
198 12
30 31
105 60
140 131
167 130
135 50
117 170
199 144
179 42
172 117
180 95
41 75
137 75
192 87
154 159
166 158
124 70
117 196
184 196
9 176
114 189
11 43
130 148
134 52
12 200
49 77
69 86
89 21
135 120
131 14
89 96
177 138
92 112
99 165
134 139
32 107
64 99
166 141
11 97
9 86
119 99
99 75
181 152
118 156
189 95
28 101
31 140
9 141
116 115
30 199
8 95
20 60
84 138
150 155
107 129
106 139
60 167
61 192
24 192
138 125
154 181
78 50
192 182
136 13
32 188
116 60
174 53
88 24
176 186
24 170
126 42
26 94
70 97
11 189
151 54
192 19
176 55
124 25
40 84
108 193
62 196
48 50
35 138
117 192
152 195
167 189
100 40
164 196
150 94
44 106
155 145
3 11
78 101
105 174
137 34
184 25
126 138
72 85
88 137
125 134
156 117
192 25
172 83
183 144
15 118
72 44
128 147
132 19
98 39
197 189
83 103
150 190
147 78
71 181
167 67
5 71
29 39
83 93
62 175
3 104
61 136
47 144
15 161
96 121
56 147
190 123
23 77
38 114
162 88
170 141
43 176
93 30
78 23
152 157
20 88
174 87
37 36
93 136
85 130
153 68
164 27
11 75
53 124
60 144
82 182
2 70
88 158
188 114
124 13
46 133
86 100
66 13
92 80
196 115
10 115
172 32
56 7
154 119
9 57
39 80
142 53
113 140
53 164
4 82
69 174
48 113
125 91
144 58
89 70
181 180
74 173
105 166
167 182
97 78
143 132
129 132
25 106
77 4
185 98
187 156
155 30
181 75
36 174
147 143
99 178
15 75
130 103
60 182
152 168
198 95
166 108
15 57
61 16
17 155
66 35
46 170
26 95
47 110
29 70
71 76
195 154
85 113
187 121
50 43
19 101
182 108
134 175
75 172
3 34
163 81
194 140
35 35
172 10
130 19
125 78
66 70
122 133
74 47
72 142
139 199
172 77
19 62
152 197
157 129
194 53
189 78
188 42
47 196
182 10
40 146
89 57
105 170
125 135
29 166
150 184
29 40
173 146
74 153
184 15
150 27
141 151
189 108
131 21
100 5
164 146
90 176
167 184
92 12
67 42
27 29
178 51
98 163
99 114
18 198
86 39
6 19
164 154
16 173
51 58
55 13
10 3
116 167
143 49
154 30
98 51
152 109
168 87
137 122
83 140
162 79
138 62
127 188
145 3
65 56
40 179
55 43
132 103
106 43
147 91
72 13
172 6
121 175
140 132
10 160
38 165
64 24
29 37
167 181
36 177
42 127
48 11
101 113
122 152
118 31
8 46
77 164
29 190
51 133
113 38
92 58
75 182
13 43
50 79
45 94
8 60
110 56
65 165
176 128
64 92
76 7
61 113
145 147
178 104
47 150
102 29
1 27
53 95
178 53
141 100
114 71
149 110
118 186
124 129
156 147
86 17
32 62
26 22
35 199
109 78
15 13
64 70
57 164
100 54
98 86
111 147
33 22
141 102
51 195
79 62
9 185
8 57
136 86
121 200
190 8
36 74
186 142
67 108
175 71
138 13
162 152
179 70
57 22
56 104
11 92
52 73
96 152
191 71
149 12
29 184
125 182
81 29
86 3
200 43
26 200
154 125
41 40
60 46
195 11
141 30
107 135
196 92
51 194
41 53
98 22
4 30
187 137
14 59
198 176
160 103
174 178
181 43
44 65
13 162
91 25
154 95
138 25
115 134
51 135
16 171
36 51
4 18
28 171
51 15
192 160
139 152
178 170
22 159
145 96
130 71
91 58
16 77
49 127
52 81
162 128
63 17
134 76
108 93
164 172
62 177
58 143
188 35
33 64
189 170
149 78
35 88
80 177
111 93
33 146
104 99
21 198
101 129
184 99
76 47
175 107
100 109
146 140
148 95
39 47
41 83
166 105
127 38
147 93
161 112
128 16
9 27
101 116
17 163
105 150
173 191
149 145
199 53
156 118
51 11
84 85
86 52
93 61
184 123
189 145
110 123
65 70
26 31
49 149
17 152
175 24
22 149
81 39
91 38
189 43
99 115
199 168
60 153
175 47
93 190
50 179
125 162
124 154
128 29
64 31
78 33
125 119
169 148
180 98
161 94
77 109
11 112
49 112
167 73
124 99
9 200
180 133
56 155
119 76
81 77
150 18
130 141
177 21
123 73
35 12
95 139
2 179
170 93
123 52
40 152
56 72
80 139
43 79
135 59
140 11
139 45
43 98
148 21
62 115
137 37
194 123
73 39
167 6
107 55
95 93
147 90
198 200
197 198
11 67
179 143
149 139
148 70
44 116
26 112
123 132
195 30
190 63
61 20
136 64
193 76
2 62
155 18
146 182
110 52
34 173
182 69
173 22
5 199
102 43
156 40
10 8
197 147
15 70
45 24
197 8
23 176
71 19
197 91
118 179
50 49
175 180
170 76
178 141
41 144
116 152
102 170
176 160
182 31
87 17
107 153
15 112
114 43
72 32
93 6
64 182
91 145
22 196
36 106
1 60
144 136
75 124
172 141
96 131
78 137
92 133
21 110
21 146
73 34
4 153
74 41
114 34
65 90
94 41
127 9
19 36
65 189
198 73
120 178
110 17
83 154
168 147
171 120
32 108
137 47
20 159
192 97
58 177
189 101
165 114
130 66
196 148
178 182
188 34
108 4
103 90
134 190
157 55
18 129
173 19
131 179
27 122
124 28
129 2
145 4
168 97
160 6
6 120
165 200
134 154
31 63
89 129
110 142
55 172
65 199
174 32
2 29
180 86
198 139
80 6
6 23
70 179
111 20
66 131
111 150
150 114
5 136
56 67
90 169
122 126
128 24
67 105
16 18
195 124
157 92
38 47
70 88
22 193
111 18
170 36
1 142
190 111
134 125
187 78
1 187
181 26
129 68
13 142
199 200
60 180
58 48
5 97
6 182
147 85
91 105
31 124
100 44
52 38
6 45
136 111
15 130
81 110
182 60
45 7
50 23
92 92
120 140
37 179
92 180
73 148
98 15
35 68
102 77
150 57
181 125
198 7
153 144
111 181
150 26
130 146
183 51
180 81
160 123
28 66
6 149
61 140
130 61
195 147
92 1
86 156
179 4
140 194
182 114
44 169
24 183
115 116
120 39
81 25
109 114
180 33
25 70
31 81
151 37
124 57
92 18
58 101
180 147
141 61
154 52
11 89
145 184
33 160
47 104
176 152
22 134
197 45
178 176
124 119
134 79
27 95
43 32
136 139
180 124
