1000
1196 1904
1196 1968
1196 1194
1196 931
1196 533
1196 1741
1196 960
1196 398
1196 1666
1196 330
1196 1619
1196 690
1687 351
144 1428
1196 1576
1196 1565
1196 736
1196 981
1196 995
1196 789
1196 950
1196 1210
1196 1247
1196 1448
1196 1392
1196 1150
1090 111
1196 598
1196 1112
1196 482
1196 898
1196 1306
1196 801
1549 741
1196 1466
1196 1930
1196 532
1196 278
1196 1017
1196 503
1196 88
1196 1358
1196 1533
1196 828
1196 860
1196 1153
1196 945
1196 323
1196 262
1196 1318
625 814
1196 1651
1196 833
1196 986
1196 1520
1196 545
1196 261
1196 626
1196 1084
1196 1987
1196 1616
1196 1575
1196 397
1196 998
1196 1610
1196 779
1196 1046
1196 493
1196 1026
1196 1541
1196 416
1598 36
1196 1424
1196 1838
1196 1159
1196 1369
1196 815
1196 1961
1196 404
1196 1333
1196 370
1196 271
1196 1697
20 311
1196 772
1196 1128
1196 843
804 443
1196 535
1196 1638
1196 1683
1196 984
1696 1093
1196 1256
1196 1834
1196 1413
1196 1994
1008 1234
1196 1530
1196 666
1196 367
1196 575
1196 1211
1196 971
1196 1451
1196 1617
1196 734
1196 854
1196 478
1196 1845
1196 1015
1196 918
1196 1405
1196 289
1196 491
1196 902
1196 944
1196 291
1196 465
1196 1822
1196 1815
1196 379
1196 525
1196 742
1196 357
1196 26
1196 923
284 780
1196 41
1196 578
1196 1892
1196 286
658 1773
1196 769
1196 1104
1196 345
1196 1101
1196 1265
1196 1555
1196 1024
1196 1973
1196 1958
1196 150
1196 1847
1196 1886
1196 861
1196 39
1196 1303
1196 1952
1196 731
1196 1438
1196 1311
1196 295
290 1095
965 1436
1196 225
1196 1900
1196 501
1196 1564
1196 172
1196 914
1326 712
1196 582
1196 1053
1196 692
1196 800
1196 1005
1196 1667
1196 574
1196 813
1196 1343
1196 1472
1196 1679
1196 1248
1196 1108
1196 1020
1196 483
1196 441
1196 1130
1196 753
1196 1480
1876 1462
1196 1233
1196 1429
1196 1009
1196 276
1196 1851
1196 663
1196 1846
1196 1372
1196 1544
1612 1561
1196 207
1196 237
1196 362
1145 370
1196 768
369 1401
1196 430
1196 1914
1196 1204
1196 882
34 85
1752 1590
1196 1357
1196 677
1196 1772
1196 1725
1196 1140
1196 1149
1196 1252
1196 332
1196 1474
1196 135
1196 822
1196 717
1196 1283
1196 31
1196 23
1196 1817
1196 1915
1196 1295
1196 633
1196 1778
1196 1120
1196 57
1196 1931
1196 1339
1196 1135
1196 621
1196 1685
1196 1198
1196 1868
1196 1364
1196 1844
1196 901
274 532
1196 751
1196 766
1196 858
1196 179
1196 1724
1196 925
1196 887
1196 1344
1196 182
1196 1181
1683 123
1196 620
1196 378
1196 862
1196 634
1196 1911
1196 67
1196 126
1196 636
1196 1986
1286 489
1196 1905
1390 864
1196 809
1196 181
1196 706
1664 1734
1196 513
1196 936
1196 1959
1196 338
1196 1182
1196 718
1196 1839
1258 1653
1196 1826
1196 1219
1196 593
1196 1501
1196 1273
1196 500
1196 1050
1196 292
1196 632
1196 171
1196 1818
1196 246
1196 1962
1196 334
1196 796
1196 648
1196 1586
1196 1881
1196 943
1196 255
1196 157
547 1715
1196 899
1196 1386
1196 1484
1196 1493
1196 164
1196 1636
1196 1418
1196 609
1196 619
1196 713
1196 405
1196 1483
1196 748
1207 1815
1196 1895
1196 1431
1568 1995
1196 649
1196 481
1196 1281
1196 612
1196 1584
1196 1
1196 1527
1196 728
1196 1945
1196 241
1196 1943
1196 1872
1196 1596
337 962
1196 1457
1196 180
1196 487
1196 234
1196 1806
1196 1798
1196 668
1196 94
1196 1758
1196 1246
1196 299
1685 714
1196 444
1196 949
1196 518
1196 21
1196 863
1196 1406
1196 618
1196 811
1196 1097
1196 922
1196 1312
1196 1158
1196 924
1196 818
1196 1739
1196 1550
1196 1249
1196 257
1196 507
1196 797
1196 410
1763 485
1196 941
1196 614
1196 1574
1196 256
1196 824
1196 154
1196 384
1196 988
1196 1571
1196 1200
1196 220
1196 1010
1196 1121
1196 763
1196 1626
1803 1050
1196 953
1196 1269
1196 1367
1196 1710
1196 835
1196 213
1196 884
1196 1037
1196 831
1196 1810
1196 1027
1196 303
1196 464
1196 423
1196 913
464 1043
1196 440
1196 834
1196 1228
1196 75
1196 527
1949 933
1196 1351
1196 499
1196 671
1196 624
1196 951
1196 1208
1316 1536
1196 725
1196 536
1196 1145
1196 1142
1196 1686
1196 1170
1196 1568
1196 1359
1196 305
1196 531
1196 1766
1196 1100
1196 198
1196 672
1196 474
1196 1618
1196 665
1196 517
1196 1279
1196 369
1196 189
1196 662
1196 485
1196 1746
1430 537
1196 850
1196 214
1892 1582
1196 206
1196 1979
1196 85
423 782
1196 1854
1196 1880
1196 839
1196 1831
1196 1316
1196 1035
1196 1599
1196 316
1196 1179
1196 1156
1196 778
1196 1737
1196 488
1196 1558
1196 703
959 466
1196 1745
1196 844
1196 1633
1196 764
1196 514
1196 275
1196 974
1196 449
1196 1280
1196 298
1196 667
1887 424
1196 1524
1196 230
1196 1268
1196 352
1196 1682
1196 1532
1196 1882
1196 1689
1196 409
1196 1449
1196 1902
1196 1642
893 377
1196 577
1196 1969
1196 136
1196 710
1196 870
1373 1142
1519 1040
1196 1956
1196 101
1196 427
1617 1848
1196 1894
1196 544
1196 729
1383 1558
1196 1808
1875 360
1196 458
1196 704
1196 8
1196 1463
1196 1521
1196 853
1196 266
898 1293
1196 310
1196 1345
1196 1936
1196 415
1196 1829
1196 689
1196 1996
1196 205
1196 1687
1196 197
1196 1502
1196 657
1196 1335
1196 1755
1196 287
737 1362
1196 1147
1196 1098
1196 1223
1196 281
1196 1692
1196 359
1196 804
1196 770
1196 456
1196 1768
1196 1375
1196 1899
1196 297
1196 730
1196 608
611 460
1196 191
1196 454
1196 436
1196 1866
1196 1030
1196 827
1196 1168
1196 1462
1196 419
1196 1791
1196 1089
1196 1698
1196 1447
1196 1873
1196 1950
1196 1453
1196 1877
1196 848
1196 108
1866 307
221 662
1196 1730
1196 9
1196 18
1196 242
1196 1126
1196 701
1196 1825
1196 1801
1196 546
1196 1756
1196 79
1196 1025
1196 1623
1196 1658
1196 733
1196 236
1196 1777
1196 1677
1317 973
1196 1938
1196 111
1196 1131
1196 959
1196 1991
1196 1794
1196 1380
1196 32
1196 1022
1196 758
1196 673
1196 1509
1196 260
1196 1557
1196 1665
1196 787
1196 502
1196 414
1196 1458
1093 1558
1196 1583
1196 1531
1196 935
1575 836
1196 1434
1196 1993
761 1241
1196 739
1196 209
1196 1921
1196 1675
1196 622
1196 1285
1196 1552
1196 47
1196 300
1196 1627
1196 556
1196 1774
1196 1381
1196 1989
1196 1577
1196 803
1196 1699
1196 615
1196 1929
1196 1307
1196 1668
1196 548
1196 1425
1196 411
1196 1998
1196 1767
1196 1441
440 977
1196 1414
1196 723
693 578
1196 826
1196 1606
588 966
1196 446
1196 1362
1196 325
1196 1288
1196 987
1196 1081
1196 627
1196 1331
1196 484
1196 744
1196 543
1196 1221
1196 1059
1196 940
1196 1066
1196 1793
1196 1274
1196 1702
1196 1488
1196 1779
1196 114
1196 167
1196 302
1196 1422
1196 141
1196 1255
1196 1934
1171 718
1196 552
1196 928
1196 1870
1196 1948
1190 993
1196 238
1196 1106
1196 1254
992 803
1196 216
1196 1340
1751 851
1202 1031
1196 451
1196 1787
1754 1465
1196 855
1196 542
1196 184
1196 194
1196 680
1196 817
1196 1270
1196 132
1196 816
1196 1242
1196 757
1196 1389
1196 124
1281 890
1196 131
1196 885
1196 59
1196 695
1196 1258
1196 1039
1196 759
1196 1621
1196 1662
1196 386
1196 455
1196 784
115 931
1196 217
1196 985
1196 229
1196 1513
1196 1317
1196 1123
1196 1465
1196 660
1196 1284
1196 521
1196 403
378 98
1196 432
1196 1634
1196 347
1196 306
1303 1035
1196 1971
1196 900
1196 849
1196 69
1196 1855
1196 324
1196 721
1196 1073
1265 1607
1196 715
1196 445
1418 1365
1196 1924
1196 1856
1196 760
1138 809
1196 625
1196 1591
1421 1176
1196 1716
1196 116
1196 1738
1196 1506
1196 879
1196 1408
1196 581
1196 1189
1196 765
1196 200
1196 1070
1196 1780
1196 103
1196 1781
1196 1222
1196 1383
1196 1294
1196 735
1196 589
1196 475
1196 1388
1196 1733
1196 1721
1196 1450
1196 1926
1196 1600
1196 1455
1196 1004
1196 393
1196 836
1196 1416
1196 1497
1196 97
1196 1784
1196 1371
1196 972
1923 397
1196 388
1196 166
1196 1368
887 837
1196 716
1196 1109
1196 70
1196 1057
1196 87
1196 406
1196 1878
1196 1783
1196 877
1196 1051
1196 1876
1196 510
1196 1298
1196 1860
1196 1922
1196 1819
1196 1999
1324 156
1196 366
1196 1660
1196 696
1196 1849
1196 1060
1196 1398
1196 611
1196 1976
1196 1092
933 737
1196 490
754 731
603 1705
1196 771
1207 397
1196 1507
1196 58
1196 806
1196 799
1196 140
1196 1896
1196 590
1196 654
1196 282
1196 62
307 568
1196 1180
1196 720
1196 1176
1196 1164
1196 1635
1196 1946
1196 607
1196 1836
1196 732
1196 1361
1196 1736
1196 123
1196 1967
1196 1640
1196 1585
1196 413
1196 495
1196 412
1196 555
1814 1553
1196 1014
962 1866
1196 142
1196 1645
1196 1436
1196 1500
1196 1310
1196 293
1943 33
1196 448
1196 644
1196 1820
1196 1117
1196 1536
1196 1648
1196 459
1196 1611
1196 1001
1196 1643
1196 551
1196 554
970 909
1196 193
1196 1549
1196 1744
1196 106
561 1885
1196 165
1196 74
1196 174
1196 1192
1196 1173
1196 587
1196 296
1196 656
1196 294
1196 351
1196 1925
1196 25
1196 526
1196 895
1196 776
1196 653
1196 1802
693 1354
1196 1011
1196 479
932 1028
1196 190
1196 1963
1196 938
1196 486
1196 1489
1196 1671
1196 146
1196 199
1614 1721
1196 1193
1196 1909
1196 1103
1196 537
1196 580
757 1089
1196 83
1196 1681
1196 1607
1196 1190
1196 148
1196 37
1196 1309
1196 1287
1196 1684
1196 494
1196 903
1196 361
1196 1394
1196 1385
1196 1869
1196 1505
1196 1650
1196 516
1196 7
1196 169
992 1508
1196 920
1196 147
1675 514
1196 738
1196 389
1196 599
1196 215
1196 1426
1196 1727
1196 846
1196 1906
121 1148
1196 1322
1196 90
193 868
1196 1220
1196 1454
1196 1775
1196 876
1196 1940
1196 1096
1196 1239
1999 601
1196 272
1196 1184
1196 907
1196 752
1196 1354
1196 15
1196 652
1196 1175
1196 1118
703 892
1196 1432
1196 794
517 124
1196 1324
1196 1545
1196 547
1196 1402
1196 1261
1196 155
536 170
1196 1518
1597 1972
1196 258
1196 1262
1196 1479
1196 56
1196 1823
1196 92
1196 1704
1196 1748
1196 1562
1196 497
1196 1613
1196 1871
1196 30
1196 443
1196 1612
1196 1776
1196 829
1196 1647
1196 505
1196 120
1196 1859
1196 825
1196 840
1196 1796
