1000
1995 277
1925 277
683 980
683 1359
1708 1690
389 277
683 646
683 1702
257 277
741 277
683 566
1312 25
123 277
881 229
683 539
855 277
683 643
275 238
499 1297
683 135
1840 277
1793 520
359 277
185 277
683 10
943 1932
683 1711
683 1912
371 277
683 136
1078 277
1787 277
510 759
936 180
1205 277
683 134
683 1530
683 1268
701 1853
974 277
1146 438
1384 277
683 381
589 431
683 140
934 277
1044 1846
1324 277
683 1637
683 32
683 1148
728 277
421 277
683 179
1346 277
683 1914
928 277
683 988
683 222
863 277
1012 277
683 1182
683 596
683 1036
683 672
1187 1540
683 437
1025 277
921 277
1623 277
1351 277
683 1513
683 718
525 277
718 277
1047 277
683 289
519 277
683 993
683 268
628 277
351 277
683 1964
683 272
683 1460
683 1218
683 1486
958 277
683 1200
380 277
651 277
683 245
1404 277
1680 1205
1406 1219
683 529
683 792
683 160
1182 277
415 277
683 1286
1531 277
1550 277
792 277
683 740
683 1566
683 103
683 1380
298 277
1124 277
683 599
683 124
683 1628
1784 277
1774 277
683 1623
683 743
1330 277
1475 1548
683 251
683 341
715 277
259 1901
683 1016
508 277
267 1424
683 1153
1489 277
1558 277
1065 277
1322 277
683 1109
559 1395
1139 277
683 998
683 697
683 962
236 277
345 277
1154 277
683 1294
683 1583
683 459
683 364
683 830
683 703
683 1983
683 1763
412 277
294 403
683 1242
683 1988
1368 277
683 947
683 1571
1037 1244
362 277
683 74
863 1890
683 520
1230 277
23 277
1607 277
1355 277
379 277
1611 277
683 1969
155 452
111 277
683 1542
1041 277
555 277
86 16
683 242
1070 277
918 903
683 1572
683 1021
683 77
1521 277
683 1180
683 346
979 277
1644 277
683 227
1923 277
683 144
82 277
1590 277
699 277
102 277
901 277
1097 324
683 343
1376 277
683 789
683 880
683 1284
683 96
982 277
209 277
1723 102
490 277
683 723
1448 277
988 277
1571 277
195 277
683 1415
595 277
683 747
1797 277
1258 277
1035 277
1834 749
683 1563
1440 277
1716 277
228 277
683 458
683 1288
1014 1494
977 1458
1267 1035
683 1207
445 277
683 702
1037 277
916 290
683 1472
1641 277
683 890
1917 277
1690 277
1436 277
683 1078
808 277
683 394
683 898
1255 277
683 822
683 6
1768 1237
683 935
1463 277
1469 277
1282 1273
683 781
104 201
683 468
151 277
311 277
1896 277
1074 277
683 335
1950 277
85 1609
683 571
1596 277
1228 277
683 540
1366 1522
281 277
1706 277
1964 277
683 1301
683 1098
91 277
1056 277
1721 277
683 118
1765 277
808 1680
683 692
845 277
1287 277
683 26
683 892
714 277
536 277
683 1491
1681 277
1214 277
44 277
1227 277
683 1070
1501 1634
683 1168
1723 277
1754 1427
1236 277
305 277
107 277
1194 1765
1795 277
683 1037
683 691
683 1143
644 277
1945 277
683 480
683 1358
1703 277
683 1185
683 683
896 277
683 751
683 499
1231 549
683 1504
683 1221
683 1810
683 1786
99 1276
594 277
683 1407
1033 277
1171 277
96 277
1277 277
1928 277
683 1723
683 224
1528 277
1335 237
225 277
1915 277
974 815
1646 238
1319 277
1842 277
1515 277
683 1924
814 277
683 1145
1086 277
147 277
683 829
452 277
772 1499
683 1520
1526 1106
1554 1627
1610 1296
1453 277
166 277
683 158
1093 277
683 256
683 664
683 1190
683 388
81 277
1512 1644
683 1578
683 977
1077 277
683 244
1494 277
1719 277
683 608
683 418
977 277
400 277
709 277
683 496
1901 277
535 277
683 801
1432 277
683 904
1113 1040
1846 654
683 362
769 277
610 277
683 390
683 1957
683 1547
1399 277
683 1430
1257 277
1449 1615
683 1814
683 1796
683 1903
207 277
825 277
376 277
1836 277
442 277
1007 1402
467 277
287 26
201 277
683 1290
1977 277
683 1789
1408 277
1268 277
520 1244
1574 277
683 1144
683 16
683 1984
544 277
32 277
683 1489
683 715
1616 277
683 908
831 277
425 1791
1779 1695
844 1043
827 277
683 1636
484 239
683 120
683 854
683 906
683 1752
683 897
1046 277
683 771
1393 277
565 277
580 277
683 1660
683 536
683 1871
259 277
1698 277
1507 277
683 572
683 1576
1818 277
683 1522
683 1654
683 1479
285 277
485 277
496 277
1745 277
1425 1129
683 470
1392 277
422 277
683 1952
1340 277
912 277
1763 95
1839 277
683 1226
683 37
683 506
941 1608
683 1535
1389 277
1595 277
683 1757
572 277
683 1131
1214 1142
683 588
683 583
1942 277
683 306
683 878
683 1965
309 277
683 1236
1162 277
992 277
683 1475
566 277
683 379
683 742
683 1653
683 658
683 1043
1885 277
683 1156
686 277
683 1594
1009 277
192 277
683 139
683 404
397 277
683 1975
1265 277
655 277
196 277
683 939
833 277
1586 1320
596 277
173 277
830 277
683 1781
873 277
129 277
638 277
322 1155
1396 277
356 110
1724 1131
1121 277
1429 277
683 425
313 277
1751 277
683 793
1194 1717
1027 1834
683 1604
1781 277
1695 277
683 277
683 1419
172 277
797 277
603 277
683 1829
683 1501
1502 277
683 579
562 277
250 1093
1715 684
1289 4
117 277
683 707
120 505
683 1464
683 357
857 277
825 602
683 693
683 1890
683 464
1906 277
683 1546
683 995
1647 154
683 758
683 1934
683 1186
683 1844
683 145
683 1179
683 71
683 435
505 277
146 277
1878 277
805 277
748 277
1402 277
683 1895
683 1574
683 634
454 1558
186 277
1824 277
233 277
382 277
1210 1550
1500 400
143 277
1369 277
1633 1083
683 1500
1147 277
683 1328
1069 276
683 417
765 277
683 1329
683 356
683 1319
352 277
768 1870
683 1709
1007 277
683 1714
381 1992
683 899
683 1199
641 277
773 277
683 1296
544 782
1356 277
877 561
683 869
683 226
683 1720
1865 277
683 1543
370 277
706 277
683 1451
683 1006
1208 186
683 1617
683 1836
683 1116
470 277
683 1889
683 979
683 1133
683 1396
1101 277
1043 277
488 277
1883 277
683 1075
683 1395
683 1551
101 277
1689 277
536 850
683 1944
1697 277
683 796
683 1635
533 277
368 277
1452 277
537 277
1137 277
683 53
683 641
683 1682
174 277
1613 507
683 1803
683 1876
683 439
683 705
683 1866
683 971
1176 277
683 258
366 277
683 738
7 277
254 277
1706 1027
683 159
683 821
1841 277
1628 277
683 1708
826 277
1458 277
273 277
683 371
1902 1811
434 277
683 823
683 1989
683 654
1874 277
1929 597
683 1627
546 277
1738 277
1861 277
536 696
493 277
683 325
939 277
683 1913
1762 277
683 157
1777 277
683 1281
1631 541
1496 277
1583 277
683 1205
683 956
683 1113
266 302
1304 1254
1421 96
990 277
683 1585
683 223
683 934
983 1088
963 277
302 277
1061 277
614 277
957 277
683 1655
138 277
1047 517
683 1695
683 1980
1876 277
683 486
991 277
683 1643
1867 277
1354 277
683 770
683 1690
683 1029
683 992
683 660
1692 277
683 787
683 40
1316 558
683 1514
683 422
1109 277
1756 277
1587 277
683 857
683 290
1668 277
683 1595
471 277
767 277
683 761
705 277
752 277
683 510
1309 277
970 277
406 277
215 277
194 277
683 1304
683 674
683 383
960 277
683 1171
1326 1644
634 277
1947 277
683 147
325 277
683 724
683 109
683 1672
1871 869
683 1728
683 191
683 562
856 277
683 1262
1187 277
1371 1993
717 277
1603 114
683 1877
683 1686
85 277
683 45
962 277
683 211
1210 1414
11 277
683 1658
683 66
683 64
1988 1860
1370 277
683 1742
847 1502
778 277
683 1189
683 1916
683 1137
942 42
911 1316
683 264
672 277
1071 277
683 959
1837 651
538 277
683 447
1772 1041
698 277
683 1340
1174 277
683 665
683 348
395 277
1415 1192
683 1642
683 363
569 277
1478 277
683 275
683 1590
683 815
683 206
1079 277
683 146
41 277
1462 277
428 1078
133 277
1775 277
683 1718
683 642
343 277
683 1193
683 1622
683 49
683 533
683 1088
1903 277
683 874
224 277
696 277
683 929
1360 277
683 1425
1759 277
683 519
1022 277
683 1094
683 721
710 277
1944 277
683 321
683 1774
683 684
1385 277
683 1228
683 17
1724 277
1626 277
755 1835
1870 277
683 932
683 1703
683 271
540 1592
683 1769
902 277
683 855
1919 277
683 1146
1216 277
936 277
683 1082
683 1656
1708 714
1264 277
1537 277
1621 277
683 250
1118 277
683 1447
1711 277
1266 1663
1637 277
1503 1733
683 1751
760 277
98 277
260 277
1829 277
1578 277
735 277
683 68
683 1854
451 1029
683 701
683 1210
1608 535
683 61
919 277
1063 56
27 277
919 159
265 277
70 277
683 1552
1213 277
235 277
1090 277
683 309
782 662
683 534
1739 277
683 1076
898 277
1350 258
1605 277
260 536
683 1539
683 342
683 1671
683 557
683 943
683 1352
683 525
683 1593
683 1234
1153 277
1684 277
1657 277
683 772
1844 277
683 1979
1859 516
683 1891
1244 277
66 553
1186 277
683 456
683 1169
683 918
683 865
683 909
683 82
1601 277
683 804
683 173
733 277
683 546
677 277
846 277
972 277
1130 277
1019 277
1640 1883
683 1963
1091 144
1378 277
683 1224
683 38
683 1775
9 721
683 172
1443 277
1480 416
683 1012
683 1573
1618 1315
683 299
1481 277
1577 1710
683 1285
1992 277
1184 277
1939 1556
1436 406
683 926
683 1305
683 1722
683 1795
683 877
1796 277
683 1337
683 1111
620 277
964 277
683 737
973 277
1159 277
1315 277
683 593
1662 277
125 277
1223 277
683 1331
683 1868
1102 277
1781 1219
683 310
683 472
1218 1349
1406 1970
683 1561
1684 1479
389 802
823 277
461 277
683 1737
173 1347
1951 277
1792 277
449 277
683 640
683 185
913 277
683 928
