1000
159 158
2131 2131
7038 2962
64 9935
5118 5119
4204 4203
3215 6786
9899 101
3799 6202
4377 4377
6008 3994
6584 6584
3601 6400
1150 1148
2924 7075
9978 9978
4565 5436
5791 5790
1929 1930
6812 6814
8750 8751
1612 1613
9761 9760
6992 3007
6874 3128
8649 8651
9059 943
7852 7854
2647 7352
4343 5658
6771 6769
9419 9420
5572 5572
3344 6655
3818 6180
6227 6228
5441 5440
8054 8055
3124 3125
3133 6865
6580 3418
4946 4948
6127 6128
6317 6317
5315 5315
6787 3213
4617 5382
519 519
6095 6093
815 814
6762 3237
5897 5897
8626 1375
2386 2387
3598 3596
4897 5105
1421 8580
4767 5232
9982 17
4716 4714
3561 3563
7911 2087
6311 6311
5581 5581
6792 3206
2879 7122
2498 7501
8764 8763
5984 4015
6076 6078
5029 5027
212 214
6282 6282
43 43
4788 5210
8187 1811
3254 3256
9130 869
3346 6654
2440 2442
1236 1234
5506 5504
483 482
9868 130
6132 3866
5742 5740
6187 6185
5335 5335
441 439
7581 2419
7673 7671
9360 639
2218 7784
4491 5510
7295 7295
7805 2195
5331 5329
7730 7728
5180 5182
6631 6632
5625 5627
8853 8853
2830 2832
8301 1698
8375 1624
4917 4919
8325 1673
1800 1800
437 437
5403 5405
9159 9161
7376 7376
8551 8553
3779 6220
4404 4404
7509 7510
2513 7485
668 667
8411 8413
4857 4859
9420 579
5253 5252
4050 5952
3329 6670
7949 7951
3176 3178
102 9899
8682 8683
3503 6496
6729 6731
9270 732
3137 3135
8955 8957
7744 7743
6487 6486
4841 5159
1884 8115
125 125
3405 6594
6204 6203
7145 7146
8609 1390
9396 9397
7002 7000
1680 8322
1119 1117
8839 1160
1543 1541
2855 7146
786 9212
7704 7703
3377 6623
9741 9739
4966 4966
8853 1147
7987 2012
8644 1355
8615 8616
6549 3450
72 73
2344 7656
6164 3836
9569 432
242 9756
8914 8916
2113 2112
9111 888
4807 5192
9472 9474
4667 5333
9479 9479
8143 1855
9863 9865
1057 1059
1965 8035
3976 6022
5051 4947
5546 5544
7543 7544
493 494
6393 6393
9699 9700
4852 5150
7679 7677
8378 1620
432 9568
8507 8505
9578 9579
8094 1904
2067 7934
4581 4579
857 859
6960 3041
1635 1636
6122 6122
5493 5491
229 9770
8721 1278
1043 8956
493 491
9387 614
4224 4222
3505 3503
9670 332
339 9661
6427 6429
2240 7758
7796 2204
6374 6375
8206 1792
276 275
9628 9628
7759 7761
1856 8144
5008 4990
3755 6247
9312 688
4636 4638
9658 9657
7826 2174
9549 9550
656 9342
1709 8289
6618 3383
2621 2619
7837 7835
7779 7781
9955 46
4002 5998
5997 4001
3553 6449
3419 3421
3737 6261
4421 4421
2881 2880
8909 8910
2729 2728
7477 2522
8718 8718
6689 6688
4252 5749
1040 1040
4965 4966
5615 5617
1493 8507
8895 8894
1257 8744
6781 6782
251 9751
8408 1592
7089 2910
2146 2146
8052 8054
7127 7126
9760 9760
5189 5188
2523 7477
9615 384
9146 9147
9695 9694
1607 8391
2428 2429
3862 6139
3476 3478
4416 4417
9548 454
502 9498
9827 9825
157 157
5904 4096
5556 4442
1892 1891
4020 4018
981 983
6530 6530
7496 7496
5562 4439
2081 2079
4481 4482
882 9120
3074 3074
3544 6455
5256 5255
5733 4265
7628 7626
9251 751
2928 7071
2950 7050
9632 9633
9038 961
6740 6738
9603 399
4409 5591
4768 4766
6212 6211
7073 2927
8139 1863
3638 3636
1977 8025
7442 2557
3676 6323
6118 6118
9748 9749
1367 1369
6312 6313
2183 7818
160 161
7690 7692
1900 1898
4563 4563
1794 8207
1949 1948
9802 9801
2761 7241
429 431
6693 6692
3329 3331
4054 5944
2633 7367
2163 7839
7499 7497
6839 6839
6432 6433
8967 1034
6167 3834
7800 2199
6380 3622
6937 6935
9622 377
8774 1226
5634 5635
6934 3065
9582 419
9393 9394
6173 6173
6268 6269
4697 5304
4283 4281
2104 7898
2761 7238
9296 703
276 274
3190 3188
7450 2550
6194 3805
9917 85
8338 1662
5992 4010
6112 3890
8963 8961
6096 3902
5262 5263
5741 4257
7745 2256
7867 2134
4199 4198
6745 6745
9591 408
6332 3667
8768 8770
546 548
1672 1674
6721 3281
8235 1767
6722 6721
9656 342
6415 3583
5355 4643
8414 1588
7326 7324
7975 7976
1587 1587
3583 6415
9752 9753
6935 6937
60 9939
1839 1840
866 9136
8410 1592
3509 6492
9190 9191
4270 4272
3155 3156
1204 8797
1068 1069
9697 305
5850 5852
4121 4122
2466 7536
430 428
2208 2210
9113 886
8493 1509
5932 4066
4674 4673
5772 5771
9166 834
1842 1842
7424 7422
2094 7905
9575 9577
3388 3386
1447 1448
7000 3000
8495 1507
5489 4509
6691 3309
6494 6496
3434 6568
445 446
9239 9239
4354 4353
7331 7329
8510 1490
6518 3480
1876 8123
312 9690
9378 9380
5072 4926
9283 719
6256 3744
1040 8960
6818 6818
9659 342
1107 1106
5689 4313
4840 5160
1813 8187
3300 3300
1299 1297
8213 1788
9366 636
8172 8173
9806 195
9279 9277
6402 3596
2998 7001
5686 4314
522 521
145 9854
9744 9742
7653 7652
5299 5297
9640 359
7789 7788
8945 8943
2850 2848
8222 8223
903 903
4131 5869
3516 3517
4067 5935
6815 3185
4230 4228
9239 9238
6634 6635
7404 7406
4806 5196
7809 2193
7920 7919
2500 7498
9067 934
3522 6479
4111 4113
6797 3201
6495 6497
9929 69
3264 6737
8152 1846
1008 1010
8794 8793
6050 3951
2204 7798
282 9716
9765 235
7419 2582
6893 3107
5989 4013
8566 8568
7931 7933
4110 4109
8152 8153
3276 6722
7493 2507
7266 2732
2465 7534
5179 5179
4701 5300
9367 9366
4518 5482
2432 7567
4003 4003
40 9958
9061 9059
385 385
7374 2626
7742 2259
6368 3633
4027 5971
4868 5131
3995 6006
86 88
7336 7336
8 9991
5850 5850
9620 378
2029 2027
2017 7982
175 173
83 84
5646 4356
326 327
5439 5438
8413 8414
7323 7324
3502 6496
3423 6578
7124 2877
9581 417
8716 8718
9775 223
9197 9199
1684 1683
8165 8164
1691 8310
8899 1100
3987 6011
5927 4073
6303 3699
9635 364
7370 2630
1938 8064
2764 7236
1044 8958
4538 4540
509 9492
4765 5237
8430 8431
9880 9881
3976 6024
2689 7310
1660 8341
5918 4082
5077 4921
2494 7504
8208 1794
3666 6336
7903 2098
1308 1309
5776 4226
1669 8329
564 566
8340 1658
5179 4819
7016 7018
3279 3280
2047 7951
4867 5135
4405 5595
2953 7048
88 9913
4815 4817
1192 1190
4840 5162
7351 7351
4206 5793
7382 2616
2089 2091
443 442
694 696
8806 1195
436 438
4890 5112
7229 2769
7275 7276
3540 3541
6509 6510
6238 3760
2132 7870
2824 7174
9359 642
5993 5995
9175 9177
4019 5981
7395 7393
1791 8210
456 9543
2233 2231
8880 1118
5021 5019
2026 2027
6604 6605
6764 6763
4886 5115
6486 6488
6412 3589
4642 4642
1403 8598
4162 5837
1225 1224
3586 3584
6512 6513
7911 7911
4785 4783
1995 8003
9843 9845
1810 8189
2944 2943
2782 2781
254 9746
628 626
4756 4756
9205 796
286 9715
5952 4049
5208 4793
936 9063
5894 5895
9631 9632
7599 2399
3791 6209
6563 6564
750 749
7647 7647
571 571
417 418
7390 7391
6268 6266
4251 4249
6694 6695
6879 6881
2847 2846
1804 8198
795 9204
3884 3882
8304 1695
5117 4883
7594 7595
1799 8199
6647 3354
5406 4594
8658 8659
3320 6678
50 52
9256 9256
9093 907
3563 6436
2256 2254
9264 738
8098 8097
1965 1967
3470 3470
2859 7140
6730 3268
498 9501
3101 3100
5260 4738
7050 2951
2564 7438
1559 8440
8468 1531
4706 5294
3481 3481
3908 6094
6832 6832
2696 7303
2576 7422
1087 8913
5466 4533
4862 5137
1041 1039
2380 7621
9307 693
6317 6316
2751 2750
2258 2257
6761 6762
5459 5461
7909 2089
5232 4766
11 9987
8366 1635
5988 5988
6320 6322
359 9643
9943 55
7874 2128
4240 4239
6522 6522
9307 692
8920 8919
2256 2256
5393 4609
1035 8965
252 9746
9047 9049
2943 7057
9883 119
1753 8249
6205 6204
1068 8933
6252 3750
8775 1226
4167 5834
2075 7927
4658 4656
2988 7014
3397 6601
2045 7954
1468 8533
1842 8159
5859 5857
3160 6838
3270 3270
6623 6621
2828 2830
4335 4336
7239 7238
2941 7059
8155 1847
4103 5899
6999 3002
5483 5481
2346 2347
4051 5947
4065 4064
4257 4258
9939 9940
6340 6338
9948 54
3662 6337
7643 2357
735 9266
8795 8796
6555 3446
1275 8725
4861 5140
6969 3033
9259 740
5953 4045
8364 8364
1636 8364
8191 8191
1079 8923
764 762
1846 8154
1011 8990
4662 4664
8170 1828
4471 5530
2684 2684
2325 2324
3766 3767
4415 5585
565 9434
8161 1840
2504 7496
7854 7856
7664 2334
7254 2745
3244 3242
7982 2017
57 59
7704 2296
338 337
8792 1210
4698 4696
6499 6499
6034 6032
3618 3616
2168 7831
1552 1550
5018 4982
722 9279
7629 2370
3614 6386
3128 3126
4893 4891
2988 7010
5513 5513
4220 4220
8273 8274
6754 3244
7827 7828
6565 6564
4822 4822
868 868
4455 5546
5391 5393
6495 6496
2107 7892
2406 2404
5377 4623
5543 5545
7243 7242
2287 2286
3475 3476
2889 2891
6401 3600
550 551
8390 1608
260 259
2776 7223
2586 7412
3185 6817
9892 9890
2137 7863
4440 4442
5745 4253
4103 4103
4346 5655
7286 7286
8065 8063
9068 9069
2658 2659
6025 6024
8244 8243
127 129
3048 3050
1206 1205
7176 2824
8569 8568
2980 7022
6110 6110
6129 6129
2138 2138
7038 2960
7907 2094
413 412
3182 6818
1703 1704
9444 9443
8387 1615
1515 1515
1149 1151
7410 7412
634 636
1368 1367
2836 7164
5412 5411
3826 3824
1666 1667
855 9146
9119 9118
7196 2806
1663 8338
3129 3131
5624 4374
1813 1812
8538 8538
8273 8272
7151 7151
8890 8892
3200 6798
1396 1398
9891 9892
7565 7567
6744 6746
3992 3992
1535 1535
340 9659
6172 6173
5641 4358
9430 569
9302 697
6321 6323
1008 8992
7001 2998
823 824
8312 1687
9792 9790
4890 5109
4492 5509
4093 5907
2282 2284
3139 6859
3751 6247
3262 3261
6997 6995
3752 6247
6284 6284
679 677
8288 8287
1432 1434
9388 612
3216 6785
4470 4468
882 882
2842 7158
7885 7883
386 9612
3878 3876
7698 2301
7591 7593
5609 4392
2610 7391
2823 2824
8575 1425
2655 2653
5746 4254
6529 6529
5159 4842
6597 3404
4788 5211
559 558
7818 7820
2245 2246
2964 7035
7074 7074
5878 5880
2134 7864
667 9334
3911 3913
2095 2094
5724 5725
5670 5670
2627 2628
4859 5143
422 9576
4296 5705
484 484
5677 4321
3278 6721
4367 5633
7308 7309
4709 5290
1110 8890
9495 9493
5079 4921
5696 5697
3817 6184
8463 1539
5898 4102
1426 1426
2157 2157
1024 8977
7642 7641
4814 5185
6035 6035
9176 822
7996 2004
6075 3923
9539 9538
8949 1050
9332 9332
9879 9880
2710 7290
7494 2506
6710 3292
4728 5273
7123 7123
6032 6034
7661 7660
5181 5180
6133 6131
1034 8967
1414 1414
6944 3057
3349 3348
1538 1539
5897 4105
6131 6129
71 72
9836 162
528 530
9494 506
1238 8761
3062 3064
9171 9173
1851 1850
1266 8735
4960 4962
4506 5496
849 850
844 9156
4331 5671
730 9269
9176 9178
1315 1314
3631 6371
3173 3174
2059 7940
9636 364
9874 9873
4293 4294
5853 5852
8629 8629
74 9927
361 9638
429 9571
9816 184
6976 6978
9483 517
864 9137
2257 2257
7453 7455
5311 4689
3140 3142
5674 5675
3009 3008
