999
692875410 814676206
677865475 777783941
677866414 777780596
191611733 674457082
187760128 676559872
677890255 777771620
191614815 674486809
678189591 777960551
677857769 777782259
677516296 777868504
677862521 777783242
191682596 675448396
579698545 541411300
675286742 765662382
191615075 674486689
678204550 937304921
191615067 674486413
677967864 777885030
677868211 777778688
191603083 674333732
677908861 777786972
677857769 777778407
677929593 777898727
191615057 674486510
191647354 674642177
191615565 674487833
191615049 674486326
191332538 674316438
281067028 559107526
191677771 674256762
838904862 406101010
191611733 674493089
191615143 674485689
191611751 672884278
677866617 777781908
677475279 778190729
519986546 298847233
153043163 884832355
677867876 777784681
191540401 680961400
169489145 166315411
191601008 674420934
160338055 628358134
192627772 671213715
794675692 652544348
677838535 777707700
677914778 777794436
677853456 777829425
101746991 71839432
183724970 685419564
193210731 680961400
677908861 777781653
208160558 871300558
191615049 674486680
50119797 583543772
678643367 778654542
677871026 777776823
677886579 777790662
160338055 719218941
191615063 674486767
191615055 674486598
192681972 680961400
686695937 794971888
834959283 669378389
191615207 674476156
191614815 674485777
191615042 674487705
191614460 674485405
677516296 777923524
681041700 772676777
675686941 783769592
191615333 674489532
677862521 777784196
677856680 777774700
677865788 777780596
191616964 674476538
689154128 932799383
677872618 777785517
678599215 778095755
191615126 674498157
191640311 674642177
677866417 777782574
191615073 674486774
191615565 674489532
676926753 777520727
191647354 674490435
332252048 73845350
677866418 777782613
191353779 675536178
678189591 777620711
191615012 674485368
564880291 54092419
191614223 674497345
774339811 450944450
191615115 674484920
677836081 777771927
677866144 777781908
45424607 853853616
191622709 674420934
92841357 902245176
674646380 783769592
569488629 839733532
677967028 777798599
677866069 777781908
191615083 674486594
191613271 674503390
191529262 674932972
191614815 674487705
191615053 674486680
191615143 674485918
191255937 675553428
191612197 674476156
183724970 653320012
191533245 673671920
191515876 674752545
677967864 777898727
677866414 777782628
191613716 674476538
677866409 777782656
677688900 777707700
188978113 675812026
190970654 671556266
677908861 777787055
191615083 674485981
678101117 777612932
678485856 778190729
569488629 618805538
677862521 777778270
694471573 789273090
191614324 674498157
202447522 749596259
947491819 920784048
191614975 674489532
120952439 804788381
191614236 674478933
194042548 691200181
637937147 377118589
677866069 777783787
191647354 674550089
365137421 661841689
191572539 673788822
199104215 677878249
677869628 777778270
189609972 680961400
677838894 777755431
191641984 673788822
191615054 674486598
191613695 674476538
670398669 765662382
677786159 777805775
192254179 669693658
683735204 783769592
678599215 778125565
381958542 2050982
191615067 674486497
191621500 674516926
669531181 787322488
964580600 799527240
677043633 778014372
425744372 322822227
191608287 669693658
160338055 698963348
677880043 777790662
732837559 937304921
191544296 673671920
191615058 674486526
191614881 674478933
191615057 674486528
677866412 777782669
982543398 826870207
677856680 777778596
191615049 674486456
677867044 777780032
50119797 632035201
191029130 671213715
678767911 779134131
191624465 674618782
242967202 948935582
677857769 777786856
221230305 796265640
191908922 676328324
678599215 778118744
191615503 674476156
677867302 777784681
392578241 526768492
678728864 781469834
677868390 777778688
191615075 674486429
191615054 674486680
654559814 541411300
677866435 777782881
191617408 674642177
670231953 773113175
191621500 674525044
656952571 731205659
191601529 674642177
160338055 662989918
191615390 674481629
677857769 777781521
191616473 674486304
191613695 674498157
168543058 751254816
168368805 703232072
677866423 777782748
121825260 351518297
677866229 777781908
677763541 777898727
677867201 777780032
677688900 777791672
191616963 674498157
68855351 559667919
228934048 871300558
677866617 777782563
677860866 777776823
194042548 662006951
205840959 607585291
679515896 765662382
191616846 674476538
191615043 674486689
191615057 674486573
191351887 669693658
654205613 541411300
727474847 541411300
677866413 777782698
683735204 771809283
191615057 674486563
191473002 675065958
589306939 804601371
191632036 674642177
73752373 360243843
677862521 777782160
678507549 777520727
191614958 674486774
677811759 777761826
677516296 777897133
676926753 777769907
677914778 777796124
677914778 777772135
191615075 674486326
656952571 828594581
191255937 674807880
798259161 997425066
677866284 777782943
191908922 675612992
677871632 777785899
677858128 777790662
677865439 777782857
186109992 751254816
191615053 674486598
677516296 777822223
191613695 674479926
677871820 777805775
68855351 360243843
191615059 674486435
677866405 777782612
677867048 777783787
76554466 836840607
646279702 850878453
683036666 783769592
191611733 674479684
191615143 674485368
670231953 794737853
50119797 595924134
677875126 777786903
634880517 65011802
610436502 850878453
849268755 485305334
677867048 777782888
463514155 417258087
191636464 675553428
873600462 281438329
729209641 937304921
677786159 777761826
508492795 58349859
677866617 777782011
677866155 777783787
683951602 814676206
677865006 777784681
675058267 779780852
677908211 777791462
191615143 674486317
221230305 677726655
686695937 765662382
677858820 777776823
677856680 777783293
191627549 674333732
193210731 680181793
190970654 677786152
677868645 777785899
193210731 669693658
678189591 777966398
677866330 777782267
676438933 776719406
677890255 777787607
191635803 674204830
199104215 690605987
199104215 693002090
199104215 656848514
191624465 674567513
120952439 648653200
677728937 777707700
191615061 674486495
191624465 674529438
191698330 675178418
191611733 674463844
191503125 671213715
930201333 765753216
191677771 675351937
678599215 777670199
191524947 674932972
188978113 662006951
677866439 777782881
677869628 777784716
191616963 674491972
678599215 778190729
191617238 674457082
677866417 777782748
681041700 777011990
669531181 814676206
191615143 674486509
677891204 777791462
191612245 674503390
191624465 674568661
677866505 777783262
191615070 674497345
669531181 798918311
677869628 777783804
228934048 721733526
677866416 777782574
677867719 777782633
571328726 937304921
671698854 771809283
191617231 674428149
677863388 777520727
677866413 777782574
844959503 350567183
160338055 630085440
191613405 674503390
677866360 777783262
677865439 777780596
662168540 657908469
677869628 777783612
191332538 675536178
677866617 777782353
677866418 777782612
677866418 777782635
677866409 777782698
693369683 832367288
677866411 777782628
677864430 777781556
191615040 674486339
191615080 674486774
744114976 352638111
677866423 777782597
191614927 674520375
679213859 794971888
173189715 703232072
672381320 794971888
677836081 777787413
191615067 674486461
677862521 777785899
671386927 832367288
246107197 796731072
196135724 693002090
169662878 871300558
301858287 591092122
191608743 674633311
677867419 777780032
192048920 680961400
202447522 751254816
191615145 674484920
676438933 777172071
677967028 777729672
446451285 666945216
191615586 674450982
677866347 777782267
677866418 777782643
677886844 777786170
677867075 777778688
267533814 584922661
191473002 673788822
677866411 777782612
677767361 777777398
191613743 674478933
191601381 674420934
228934048 639853932
191615054 674486689
675058267 780585832
677866343 777778270
191616395 674450982
191616473 674481629
677867719 777780032
677607333 777699192
191571809 674932972
191615216 674489532
317999864 258910277
301858287 360243843
194042548 676115491
191617010 674496618
672685088 765662382
677931835 777829425
201407151 653320012
727474847 850878453
656952571 832367288
677867336 777784681
677866416 777782612
744114976 425479257
669531181 814567697
677925425 777707700
250473897 160467720
677711165 776719406
677516296 777703062
677866423 777782574
191616963 674496872
677693211 777520727
677890255 777779048
191615067 674486390
677711970 777699192
228934048 589299527
677866360 777782843
70261169 113977962
191621500 674467376
191615248 674486413
191615248 674487705
191614819 674497345
677890255 777773041
765778140 841087957
191616865 674520375
673897080 814676206
683735204 773968233
675058267 781469834
193210731 676653531
191615143 674486207
677492854 778654542
168368805 647957991
660468526 657908469
426541241 475177317
191615798 674582527
677908202 777791462
677865006 777780640
189827889 662006951
191605417 674642177
721848419 657908469
191664370 674583860
191585611 674526263
677866448 777783262
191615040 674486338
677767361 777755431
191615057 674486581
677836081 777771620
191615068 674486767
756396164 598028920
191682596 675536178
662855314 657908469
221230305 633544098
191613743 674482690
676460412 772676777
188978113 670766079
785829257 722705877
677866416 777782748
677842559 777805775
677857769 777780858
677767361 777829425
677866405 777782735
191657536 675536178
677866401 777782596
191611143 674454381
683735204 783508887
677867270 777780032
191613573 674476156
191614534 674478933
676438933 779476986
677866414 777782682
677857769 777776823
844559724 235755196
677866417 777782612
677815052 777612932
681176880 794971888
677887825 777898727
201407151 681789628
677869628 777782961
191614815 674484517
120952439 734638648
677866439 777782666
677866312 777782267
677867048 777781919
460761143 607350094
191616963 674485075
676926753 778654542
677865439 777783935
191601949 674642177
318271978 383164332
192664672 680961400
681041700 781469834
191617482 674520375
191611143 674582527
677856680 777790662
191613743 674497345
191614854 674476538
191615049 674486411
677865251 777780032
191617846 674457082
187760128 671454669
5280616 717243724
677872618 777780578
677908861 777791462
191609419 674642177
677863050 777707700
191621500 674582527
221230305 730795717
191615067 674486596
677865439 777783941
301858287 936888757
677967864 777895425
125932873 805943043
228934048 410994754
221230305 607585291
192393633 671213715
191620924 674420934
682113525 7856701
677869382 777784716
191611640 674582527
191523658 675351937
679670101 772676777
694471573 763194852
829019227 155242334
677861097 777771620
677867844 777786903
488655691 277958331
191612197 674480804
677861642 777707700
694471573 805095882
676113741 783769592
674646380 782332832
677967864 777699192
380013874 60953005
677852689 778190729
727474847 583514913
677866617 777782726
678767911 777863780
677868083 777778688
221230305 805943043
683273779 783769592
677866069 777783305
656952571 798280276
677866940 777785899
678767911 779476986
677948644 779476986
676926753 778281730
191615067 674486680
677835796 777707700
677883659 777774700
191615012 674485790
191617010 674503390
677516296 777699192
677877713 777774700
677866403 777782574
677866409 777782659
188978113 666352260
191615083 674486497
191647354 674420934
191502670 673788822
365085896 504029946
677914778 777804018
191682596 673788822
195238705 693002090
676926753 778398542
677867424 777780032
61507033 17826849
191615057 674486435
677866821 777783941
677866412 777782651
171590503 366246176
676926753 778527045
192099392 691200181
677516296 777810315
677866405 777782748
191615061 674486439
191616963 674478933
677592227 778654542
191615040 674485981
191615052 674486680
677866412 777782881
679033660 765662382
191626092 674633311
677869628 777780597
569488629 937304921
191617010 674502626
371949065 160107366
228934048 450503290
191624465 674450982
191677771 675157670
677956109 778654542
676438933 777744513
191698330 674399223
191615061 674486435
677867009 777780032
675058267 775866577
986130231 967717134
670231953 794971888
677866247 777781908
677865688 777784716
677873627 777790662
166244648 607585291
191582205 674932972
191412230 675536178
161953186 384327026
191515876 674204830
191617482 674476156
518242670 916833061
677516296 777966398
191615143 674486559
245908593 657709818
191677771 675330586
191615067 674486370
68855351 871300558
676438933 777582924
678767911 775866577
191664370 674680812
191616473 674482235
677866437 777782428
675058267 780181585
167549974 607585291
677967028 777829425
191624465 674578221
677718658 777707700
191255937 674557352
677934534 777898727
677866409 777782681
191515876 674932972
576724992 332174049
187760128 664625404
168368805 684519654
191677771 674204830
191643744 674932972
191664370 674708710
191698330 673671920
191610812 674642177
191615075 674486473
677866414 777782671
677866284 777782958
191614289 674497345
192627772 676339601
68855351 698469160
191615248 674487077
677866360 777782428
727474847 674400019
191615040 674486088
187760128 656848514
185505963 653320012
677866360 777782874
210258659 225561853
191615248 674484920
678643367 776719406
677866505 777782267
677866401 777782823
191610603 674428149
171805111 751254816
191615083 674486767
191677771 674406743
677866418 777782670
291221615 285577984
597452370 948375656
228934048 697357365
677836081 777791462
677866284 777783286
876996779 206376311
326091835 81989322
678127278 777966398
191617010 674501770
191682596 674570370
191255937 673786981
191616473 674497345
191611503 674450982
202447522 647957991
677043633 778190729
677864430 777781603
168572613 703232072
569488629 541411300
191664370 674709104
677908861 777768301
677890255 777790662
677856680 777782405
677688900 777806355
677890255 777781770
73803892 373494246
677890255 777778527
191615150 674481629
677868390 777784199
843123445 182008834
191615062 674486326
677908861 777761826
721848419 758512681
191614815 674486502
194042548 680090301
569488629 860973064
678910878 731205659
677866409 777782748
191029130 676793510
191615053 674486370
191616473 674484151
327218116 902214348
191608665 674420934
191615042 674485981
191216869 671213715
674833105 794971888
677472058 777612932
677866529 777781908
744114976 496866663
191938269 671213715
677866426 777783262
678256468 794971888
184054437 653320012
676438933 776760563
678115737 778654542
191615040 674486689
177761974 410994754
669531181 765662382
50119797 892427966
721848419 714389357
192627772 677786152
561781094 743103806
191473002 675351937
68855351 476786840
191615143 674486774
191908922 672884278
677844154 777771620
677866397 777782428
191647354 674551237
677688900 777898727
677866605 777776823
191615061 674486598
191615083 674486211
191616578 674498157
677865882 777785899
191614460 674481629
227592345 898569368
677866405 777782734
191612197 674503390
675347742 794971888
191575191 675553428
183724970 657021015
191332538 673671920
677857769 777780235
168368805 682539196
677864430 777778688
191614460 674481823
677857769 777786903
167516857 383386749
677866439 777782428
178142434 332189389
677967028 777707700
191585611 674642177
160338055 607585291
191624465 674532469
684416908 814676206
191614460 674489532
677857769 777785161
721848419 832367288
744114976 449524649
160338055 647134438
191615423 674489532
677866375 777782428
160338055 751254816
201407151 665104103
191664370 674491856
191664370 674606780
677164592 778190729
134042903 379407851
749609313 424536386
676926753 777592790
191615217 674484920
191613582 674428149
744114976 937304921
677516296 777705651
191615049 674486409
191614958 674485901
677866284 777782267
677647142 777612932
191601008 674633311
199104215 692247282
670231953 772834022
677865439 777781275
677865952 777780596
191621500 674526588
677866409 777782655
191326006 675553428
674646380 772676777
677767361 777826995
899015828 397711255
191615058 674486523
191615565 674484692
677872618 777785899
191615788 674503390
677886844 777778916
191611733 674504905
191029130 673304582
191638594 674333732
191612751 674457082
631690142 353798350
676006072 775866577
199104215 683245385
677866364 777782428
677866401 777782574
211285120 607585291
732721642 868780232
677868390 777778779
676953489 777520727
188978113 680961400
191615057 674486598
215165094 618112682
677937971 777898727
191617010 674478194
191664370 674932972
191615060 674486598
677866362 777781908
191621608 674428149
191565151 675553428
191332538 673863266
677866360 777782561
191615067 674486380
677867719 777783941
677865704 777783941
670231953 771809283
677872618 777776823
191615053 674486449
676744968 772676777
678189591 777839391
191614460 674489207
694471573 814676206
191611143 674559256
202447522 708683750
191615053 674486388
50119797 352638111
677866409 777782628
191616963 674489647
191615058 674486581
187760128 691200181
677854243 777755431
677371103 777520727
188978113 676273216
431509321 613346735
870800136 313615079
677866406 777782612
677866473 777783262
665499295 235977459
677866414 777782645
677857769 777777191
677868390 777780521
619711410 833134561
191616473 674484282
191610603 674523352
677866418 777782698
677233778 777520727
191618853 674642177
191614958 674484920
183724970 693002090
693701110 491682885
191644644 674642177
676260686 783769592
191626092 674428149
191473002 674914907
201407151 703232072
678643367 778492169
721775823 816509250
683022257 794971888
677865439 777782201
120952439 410994754
610436502 657908469
191614606 674481629
677914778 777755431
677866413 777782682
702945621 472330787
678599215 777780838
191615059 674486598
677836081 777772599
196106212 103952093
191615092 674485368
656952571 787596800
678189591 777612932
191835913 669693658
677886844 777780242
191640395 674932972
677872357 777761826
677866284 777783230
677886844 777786903
677767361 777810304
677866617 777782892
181085452 751254816
677869628 777781813
671819124 794971888
120952439 652036384
552317408 220675747
325471363 713949966
677868390 777784681
191617010 674476538
661019941 337448714
858059083 849822108
677867048 777780596
677967028 777715059
119042461 70907
744114976 756661276
677871635 777786903
677866401 777782699
191610603 674618782
191611143 674450982
191615012 674486767
191698330 675553428
677865777 777784681
660978296 657908469
686051109 657908469
188978113 663873072
677810277 777761826
677043633 777612932
191664370 674333732
50119797 936888757
677876334 777771620
479791171 575445025
678599215 777520727
396146059 954077036
628729714 541411300
677866415 777782574
191616473 674489209
438906366 606978592
677890255 777781135
677914778 777805775
191614460 674482689
677914778 777800572
191616028 674497345
160338055 636599472
191615058 674486494
191255937 672884278
191614815 674486499
677866412 777782682
677967864 777788366
191615053 674486419
191615565 674484968
191615073 674486326
677862028 777786903
201407151 691248939
677866383 777782428
677857769 777782702
191698776 653320012
677864430 777784716
705329663 541411300
191806742 677786152
190970654 669693658
677866418 777782641
677857769 777782800
191615565 674484517
191908922 677015148
191615040 674486395
193210731 672445260
191621500 674457082
352613245 689775057
191615058 674486481
191545324 673671920
415287798 124616394
680829164 772676777
191908922 675616348
677886844 777774700
191615139 674486774
677867571 777784681
168885602 751254816
103200479 998055955
191342262 673671920
191677771 675084678
191614815 674487099
191029130 677015148
183724970 674916353
191611272 674450982
191611733 674520375
191574638 675351937
192955813 669693658
194042548 670226687
191615067 674486540
68855351 767309466
191647354 674579335
120952439 791929774
191616963 674479535
186340872 703232072
677866617 777783286
191612924 674450982
191585611 674333732
676513591 771809283
191585611 674544734
92497110 871300558
375311143 149973672
191611733 674467418
120952439 805943043
677967864 777851609
694471573 731205659
677886844 777781080
677865545 777783941
677865006 777780032
191698330 674379923
677866401 777782881
677867048 777782933
191615120 674486774
