1000
127501225 795544440
494224372 654606568
133948409 725101097
494087508 654252641
127500892 795543691
495181191 659181162
127502438 795534125
494135333 654404557
494140424 654338676
591954511 648494874
127496531 795535476
493924524 654135242
494087312 654252620
494095750 654267943
127501431 795544404
129043696 725101097
467119916 922335351
123879093 771592821
493159130 636761248
127500744 795544835
127501431 795544634
494088250 654252821
127466051 795637161
183528764 957759399
127664846 796353772
496104669 614382927
127501136 795544466
127501211 795544466
127514204 795545643
494087773 654252610
494087377 654252635
130081309 821489928
127455391 797273361
493803512 653745449
494057510 654330335
127500587 795543789
127501132 795544502
494088882 654252723
127501182 795544440
494086906 654252541
494599139 659181162
127495887 795637161
420951649 327243469
127500744 795544264
494450713 669361486
494087407 654252647
494081516 654267943
494087201 654252524
127500744 795544260
127455937 795637161
494088882 654252463
494087411 654252638
127435148 794905564
127501323 795544440
127500911 795544635
494087384 654252632
127500863 795544102
494088882 654252233
127441708 795211242
494513894 656057458
127501160 795544476
127504029 795541937
131832804 876871424
123879093 779491489
127498782 795545754
453062832 739927220
127435148 796233219
167786909 896357797
494079768 654256762
127501355 795544546
494087516 654252549
127501162 795544485
494088348 654257998
491302129 669361486
127508407 795551687
432371275 802051376
127669307 797273361
183528764 646131777
127497461 795460054
127495754 795562522
589811710 65408915
488126980 653322935
494089354 654251998
127501160 795544496
493285001 657794016
497022678 711367635
494085587 654254031
864414860 934252501
127500669 795544917
475786846 731937216
494083428 654253878
575506842 490768721
428914646 490768721
934697931 339991843
494087461 654250204
487257267 149883850
127513402 795540153
591954511 645551446
127501211 795544542
650164211 200524631
493924524 654385253
127501161 795544487
494101430 654218469
127513402 795553857
889078054 618005880
494087334 654252676
494087448 654252640
495855292 659181162
494134485 654453240
494088848 654253732
494213354 653718531
127519217 795637161
119235175 120325391
127501588 795544697
529740899 685695868
486644310 687600300
494087359 654252659
127500714 795545821
127501512 795545258
494087586 654252637
501230237 739927220
428914646 614453913
127502373 795543837
159840510 148257389
494087351 654252650
516028826 928488933
126226169 785099693
127501421 795544260
128463396 803990829
127501153 795544487
494087162 654252730
494098272 654268989
63168624 252338649
494490846 656057458
496496941 751500308
126871031 788679642
494095750 654218088
127517973 795460054
127501050 795542146
127501374 795544404
494106586 654222954
493924524 654400624
127508407 795546722
127501431 795544635
127518350 794462701
494087500 654252724
127501219 795544917
506901512 711367635
127441708 795472075
494224372 654423149
131036426 783795218
127541579 795592988
127501580 795544917
127039473 797273361
494081609 654210114
486644310 641351310
494149913 653984060
127504029 795545411
127478992 795594715
127502799 795545821
127778241 791432556
494088723 654235001
989157094 143342851
494087162 654252549
494080133 654265906
126716584 796504619
494068352 654453240
494080133 654249548
496904423 669361486
494182502 653665751
127501165 795544476
493285001 651560238
127498622 795540971
127501195 795544466
127265841 791432556
127501159 795544535
494059462 654100634
591954511 581619877
389500565 614003497
494086320 654253000
127124918 785099693
494088287 654252313
127669307 795899420
494137301 654381092
494095746 654404557
82853560 619364297
127513402 795550695
494084079 654266509
494087569 654252638
127500669 795544615
167786909 758863775
494088975 654253732
127501293 795544440
127441708 795659989
127496531 795534926
494087890 654252758
127501173 795544474
62692912 605662525
494149913 654404557
494080037 654266509
998556163 296856865
126716584 797778622
494062194 654222824
494087319 654252676
494086592 654254400
494087240 654252524
488126980 677472242
127500572 795545258
494087319 654252632
493721259 653145298
591954511 490768721
493626976 653925491
127504029 795544369
506771312 711367635
127039473 791432556
127501157 795544508
127501246 795542146
127495754 795524987
127501291 795562522
127502373 795545258
147956817 725101097
127501058 795544635
494079863 654259363
494087679 654252620
494090917 654257932
127501161 795544486
154550149 725101097
428914646 712830648
494057510 654226302
494087469 654252642
494083428 654250204
512617902 731937216
485054271 487729109
494087541 654252644
494088882 654252350
494057510 654193761
784039147 195133488
19588281 96779136
494018470 654381092
135521026 771325927
127502731 795542146
493980073 654606568
494224372 653145298
126716584 791208735
494224372 654245919
494087508 654252642
494079768 654258241
127500744 795544635
494068086 654330335
498471444 683743431
494080632 654249548
941283952 761520775
128092209 803990829
494260775 656057458
494087890 654252524
494087677 654252676
935354578 671263692
488403570 683743431
127507408 795551687
127501047 795544404
493626976 653145298
127501301 795544260
494057510 654226255
107934220 613714058
494062194 654218597
494089366 654276684
125504408 802360970
127514000 795460054
494086049 654253732
127524806 795813718
127498622 795541551
494087219 654252313
127491340 795637161
494062194 654210114
494087519 654252724
129852403 785099693
127514896 795503010
494079768 654218279
127669307 795657745
494090917 654253858
127501183 795544512
127501355 795544452
494087651 654252659
494086320 654252987
494087773 654252549
494140424 654381092
494087586 654252648
668192312 531798332
127501153 795544474
289043581 474123373
529740899 560136409
127501489 795544260
127296872 785099693
494087569 654252643
127453088 796233219
493984784 654606568
494090917 654254037
127499337 795539365
127542027 795813718
127563467 794462701
494087468 654252620
174260701 861011520
494087753 654252821
127508407 795539365
488126980 639238219
494088287 654252821
494106586 654310579
494087586 654252638
494087451 654252659
127501351 795545754
494088287 654252730
494085587 654252162
127500681 795544102
494060751 654193761
491550240 614382927
494082254 654266330
127502091 795545754
494079863 654229497
493903914 653145298
494086049 654252233
137845817 876871424
494088374 654276684
126385809 821489928
494072430 654276684
494087336 654252676
127457175 795637161
154550149 797445899
88893954 336269211
127717572 797778622
494085587 654252391
494098272 654210114
494682540 655402785
127501690 795544401
493803512 654606568
494398994 656057458
127498782 795544516
494085587 654254400
494488712 656057458
127500911 795544298
127501183 795544474
828787900 280334689
127501312 795544260
127501641 795544260
127561707 795460054
127455937 795504461
126226169 790493441
494087651 654252633
494224372 654584343
494106586 654216807
494087501 654252638
127501161 795544489
127501780 795543691
127501219 795544466
428914646 751500308
494080043 654235001
127500827 795544102
127868988 821489928
127501253 795544835
494062194 654276684
494089354 654252717
494081537 654249548
135521026 797877333
494083428 654252146
494091946 654266330
494083428 654257653
529740899 611941638
127502526 795542146
494095750 654234374
475786846 705793841
122036482 600496241
127514204 795524486
488126980 653816531
127778241 797778622
494087351 654252635
494057510 654281705
494087275 654252758
453062832 578296957
493285001 657649796
494087351 654252653
123879093 822782539
127500587 795543814
398169069 910699028
97041843 957759399
494304611 651058826
127561707 795813718
494140424 654100634
127513402 795562522
494088529 654252162
127496531 795551687
494095750 654212690
126466310 821489928
130556400 785099693
494087434 654252635
439363118 40578830
494087446 654252635
494081905 654606568
493626976 656057458
112135982 663383062
127500572 795542146
494080133 654262186
498957004 663490424
127458472 795637161
127500587 795544142
494088650 654266330
127498782 795544716
659046370 958886712
494087508 654252640
494224372 653212058
494088189 654253125
127498782 795542174
127597134 822782539
494101430 654276684
127441708 795813718
494089048 654186085
128397332 785099693
494087679 654252624
494087362 654252620
494087211 654252620
494079863 654251170
112135982 876871424
494082769 654268989
129446557 785099693
574994602 144063942
127534481 795503010
127496531 795539676
314939636 757410814
127500587 795544214
126324327 355677750
494080133 654266330
494140424 654294704
494087455 654252644
455459025 560136409
493584365 659181162
127506993 795562522
134975380 808920832
127498782 795544998
127501168 795544508
494087651 654252632
154550149 819708418
127664846 794462701
127570259 796233219
494086382 654252233
699461002 501355254
494087457 654252635
486644310 672475221
494682540 651058826
127514204 795594715
494079863 654242101
88893954 957759399
494079863 654250555
127511663 795503010
475786846 666250849
128463396 800696519
127500572 795544059
115949394 725101097
494224372 653615273
163798252 698289167
391319629 857998333
127501216 795544835
604387135 533056041
127500978 795544298
494089354 654254400
418672736 901574675
127501763 795545754
486644310 711367635
127501512 795544835
494098272 654211339
127616460 795277879
494090917 654251920
127561707 795648707
849708990 644777069
494087866 654267943
127501076 795544440
127664846 795558222
125504408 798446277
453062832 681239228
134975380 783795218
127501170 795544474
498957004 683743431
494087351 654252652
494086049 654252330
494140424 654185380
127501132 795544466
127507279 795551687
197369235 606697042
494087586 654252644
127501076 795544484
127501219 795544469
525803500 751500308
494087319 654252673
127498782 795541937
127504029 795545821
344119374 85384329
127504511 795503010
127501588 795544579
568083845 674139784
494087077 654252524
127455500 795813718
494087462 654252640
127500744 795544579
115949394 823890243
127501396 795544102
127501503 795544298
494087448 654252644
494086906 654252645
494087407 654252648
494087554 654252648
88893954 631935885
127500680 795544917
127495754 795557471
494085587 654252772
127500683 795544102
494087176 654252758
494087656 654252549
482870788 560136409
127501355 795544440
127778241 795679771
494224372 654527947
494106586 654330335
127501166 795544476
130720439 823890243
129286062 785099693
127381002 791432556
494086748 654252313
494087211 654252724
494094800 654264164
494080733 654266330
494087548 654252313
500937565 731937216
879965874 512230151
127498622 795539365
369768294 254865157
752715382 477287639
127520536 795211242
494082498 654235001
125504408 821489928
648344708 547794170
127501558 795545258
494087420 654252648
157563487 988597788
127501191 795544602
127501588 795544298
127501172 795544474
127489383 795813718
127501161 795544485
493573884 651058826
127501641 795544423
494088774 654252162
494088975 654252254
127778241 797498165
127501076 795544485
123879093 784807838
496904423 636761248
494086906 654252530
488126980 647470875
494090330 654235001
494018470 654196064
494088287 654252556
495038166 560136409
126975473 785099693
127541579 795511939
453062832 560136409
127501162 795544496
127501219 795544480
494095573 654212690
494087211 654252625
127501183 795544503
494031085 654606568
127495754 795560552
493878328 651058826
494066022 654453240
494095750 654237451
127501162 795544508
53710444 238098027
271102063 914506233
494094828 654250277
127501168 795544506
494086049 654253048
127646629 794462701
494087423 654252821
494087319 654252661
713754004 379309435
125504408 783795218
494086712 654253125
127501160 795544535
210262766 708992934
127500892 795544917
189688010 634577982
651284455 698543334
494087351 654252659
494090917 654249548
650569447 764137671
493626976 655674710
123879093 771325927
494087762 654253732
480017456 560136409
127500961 795544959
491302129 664814967
494038228 654100634
491302129 654309370
494089354 654251472
127501159 795544476
494087162 654252608
494083219 654212690
494087511 654252635
498957004 661620621
494087917 654212690
493285001 651058826
127501712 795637161
126724415 821489928
591954511 739927220
127502373 795544609
183528764 598025306
602572954 934386448
491302129 659924417
862407237 30828691
154550149 876871424
494083428 654257998
493989750 654453240
494087374 654252524
492143091 669361486
127541579 795503010
127497766 795524486
494099588 654193761
127616460 795211242
489573460 683743431
127504029 795542815
486644310 614382927
494018470 654186085
475786846 608179381
494094828 654234323
494095750 654226761
127501641 795544573
167786909 934822848
493803512 653665751
494149913 654035701
493979152 654340961
551946209 490768721
428223494 428196470
542542085 14071252
135521026 823890243
494086049 654253118
127502033 795545258
127501167 795544466
127501180 795544298
488126980 666242523
592834756 149525560
494140424 654141915
127505289 795534125
494079768 654268989
494088641 654254400
127501246 795544298
112135982 600496241
127502198 795543691
127441708 795272822
134884268 725101097
493979152 654100634
24109893 234100961
127536132 795503010
127502305 795813718
127669307 794009959
127500587 795544959
494086320 654252785
127604221 785099693
494087890 654252738
183528764 340868364
494087351 654252638
494082847 654267943
127059840 788679642
127500856 795544260
969577079 833549339
736911866 336269211
494087319 654252654
784577420 459669495
127501168 795544476
494089068 654266509
494517433 656057458
494087497 654252659
494051587 653665751
127500572 795543444
134975380 797016493
127501175 795544474
494086320 654253125
130556400 821489928
872700738 32955684
494097270 654268989
127344050 791432556
493924524 654453240
127501132 795544535
494087407 654252645
395073273 651082252
494080037 654262125
529740899 731937216
126510320 771325927
529740899 607771303
506014903 711367635
703245302 343902131
494087319 654252660
127499392 795541937
494089005 654254400
494213354 653916982
493803512 654567045
494085587 654253713
126956807 823890243
506901512 636432917
493979152 654404557
494086906 654252561
494087440 654252648
494057510 654245471
127501047 795544553
494087569 654252644
127501163 795544508
127501047 795544602
498957004 628030894
183528764 586202618
613295773 409314941
127616460 795941073
493945976 656057458
494089354 654250204
127500572 795545209
127501153 795544508
127435148 794900176
127501153 795544504
494095750 654247536
134975380 822782539
117669547 725101097
428914646 707895918
705911690 138292640
655983993 428425247
127496531 795534125
494087162 654252624
127605430 796233219
494106586 654186085
488126980 683743431
493285001 653324301
494086320 654252962
705626159 274657425
130503693 785099693
667311890 721210740
494018470 654241575
494088975 654252378
127501164 795544474
127435148 794462701
494087479 654252640
127501319 795544959
127455937 795460054
494087586 654252635
494087211 654252691
127501170 795543691
494086906 654252821
491686870 669361486
388431441 139904796
127501588 795544479
127501219 795544542
494087162 654252758
494051503 653984060
127197179 797273361
494149913 654090290
130069723 822782539
127501158 795544474
506901512 660478290
464182887 461672273
494088415 654252233
127501690 795544102
494100572 654276684
494087476 654252635
494079768 654212690
735500122 710290012
494098272 654242045
494086327 654252162
127243895 795838906
127513402 795534125
435266139 818511618
107934220 340868364
494080847 654229497
127478992 795503010
494087773 654252641
127501079 795544260
127501961 795541937
127561707 795666872
127441708 795693278
494087651 654252634
494089337 654212690
127501588 795544835
127512134 795562522
127664846 796450418
491302129 648877735
494088287 654252481
185726047 605837148
503723679 711367635
127501076 795544542
493979152 654337526
112135982 840730485
736911866 751500308
494087436 654252659
525234823 652219681
112135982 803252634
494088882 654253125
506901512 608179381
127501355 795544602
494080037 654235001
792211549 490600737
493824101 654606568
494079863 654267943
127501183 795544535
494087449 654252648
127501641 795544917
134975380 801275986
494075349 654210114
494095750 654217828
127506397 795524486
494086320 654252313
736911866 688483154
79809382 445610512
495855292 648877735
494213354 654453240
494084183 654249548
183528764 853279576
494090917 654257998
127501015 795544635
127501289 795544959
529740899 687817962
127501472 795543691
493285001 659181162
494083428 654255630
494213354 653665751
127461254 796233219
494087762 654252524
494087448 654252642
493396139 648877735
494087556 654252676
494087464 654252642
127501155 795544542
126226169 800492449
494057510 654255911
498957004 638325558
127464461 795637161
494087679 654252676
506901512 626372102
494087607 654252549
494094828 654266509
127501153 795544493
493285001 656112070
127501183 795544491
494895756 648877735
135521026 812338980
493924524 653984060
128463396 799009000
453062832 663125153
493285001 652980998
128463396 788679642
494087436 654252648
127435148 795637140
462829075 475369748
127501262 795544404
494094800 654253682
183528764 954575289
127501324 795544440
127499958 795562522
127501690 795544749
870181244 341362506
494088975 654252162
494101430 654197131
107934220 934822848
494087890 654252573
167786909 600496241
558028351 257134084
493924524 654084409
127500669 795544635
707677562 670799596
127536994 796233219
127501132 795544496
114267832 260566922
494087407 654252638
884628851 751081277
127039473 796223736
127500587 795544360
467857972 291941029
127500911 795544362
494094800 654266330
127501599 795460054
736911866 560233375
494062194 654234456
127502366 795542146
127498622 795545821
127495754 795524486
494087585 654252233
828049032 740875048
839123277 80691417
127501690 795544630
126716584 788679642
494086320 654253063
611073303 634115929
839367800 212328296
494094828 654229497
127220756 803990829
169083304 957759399
494097572 654276684
75725726 797314552
127501659 795545754
510942387 739927220
494087211 654252630
131882053 783795218
494091245 654266330
988452085 270040038
494682540 656057458
115949394 804010031
127616460 795745799
107934220 739449528
127501816 795545258
135521026 817824298
31681342 387761782
127501199 795544466
492137978 669361486
127502731 795543952
127500911 795544358
127500587 795543691
494087586 654252647
493803512 653930682
493940914 656057458
517867940 731937216
494087481 654252642
985643233 111264794
127504029 795544260
494087485 654252640
494094800 654235001
127384289 823890243
45818821 775277881
494087773 654252724
128218040 788679642
127616460 796233219
126352979 785099693
127503053 795524486
135521026 781036869
494096017 654210114
127501159 795544496
631961278 530618247
506901512 647855692
127478992 795557866
494091367 654266509
129808416 783795218
498957004 614382927
127455937 795559890
127501159 795544479
127501690 795544959
127147452 791432556
127502731 795545754
154576312 69602480
183528764 880700920
494106586 654327062
127501162 795544487
493349523 651058826
494080133 654263111
494272291 659181162
127501219 795544531
107934220 916602811
494087559 654252676
132954345 934822848
494062194 654255777
494087379 654252659
925727054 543916449
127502373 795543691
494101430 654193761
127500669 795544102
494087208 654252758
494087438 654252648
127501641 795544771
488126980 636761248
127502373 795545083
514843264 703812949
127501291 795544404
494088882 654252753
494088229 654250204
127455937 795492972
494086906 654252524
494081133 654210114
183528764 749011429
133427676 771325927
107934220 712390101
127519399 795503010
506901512 699916842
127506280 795534125
494088149 654253125
165025229 934822848
494128669 654381092
126226169 803990829
127501219 795544485
137513361 165396518
127243895 794009959
494079768 654259009
391061564 835116784
123879093 817150838
127508224 795534125
127435686 796233219
494063893 654276684
494483141 608179381
127541579 795637161
127501482 795541937
127524346 795637161
127243895 796450418
