75 13 100
0 0 3 1 6 9 5 11 12 11 6 4 0 2 11 7 5 6 10 10 11 3 12 5 0 12 12 9 5 5 0 1 0 2 10 1 11 4 6 0 2 8 5 3 2 8 8 6 1 9 5 1 11 3 5 11 6 10 7 6 5 4 1 0 6 12 8 12 8 10 7 12 2 11 1
64 74
5 65
31 65
8 49
43 70
38 71
23 63
22 36
48 57
24 69
40 43
30 72
17 19
29 47
6 38
14 28
6 33
37 41
69 73
11 33
35 54
26 67
67 74
49 50
49 74
25 50
21 61
4 50
33 38
20 70
54 72
31 71
21 37
22 26
3 27
7 52
3 33
60 62
29 53
31 37
17 38
17 19
6 24
46 73
6 22
20 25
36 43
50 62
44 47
18 59
32 48
46 55
18 38
30 41
31 47
18 50
7 73
7 50
41 43
12 59
13 62
42 61
29 58
27 49
34 40
1 44
72 74
7 38
62 62
13 14
15 16
35 73
20 50
9 45
19 53
51 69
19 46
24 44
9 50
27 41
42 47
47 51
34 56
23 46
19 22
5 67
70 73
54 56
26 28
34 51
52 75
33 69
44 55
6 47
48 68
16 73
35 75
66 70
23 25
21 25
