100 21 100
8 4 7 13 10 6 13 8 17 1 12 1 9 6 2 14 0 16 18 4 14 13 20 12 2 1 18 20 5 8 9 11 1 14 4 0 17 1 10 9 11 20 11 14 4 19 9 13 1 10 12 19 16 20 3 2 11 14 15 3 17 9 2 6 1 13 17 5 12 19 5 18 0 17 19 5 16 9 17 14 1 11 19 1 9 2 0 2 8 20 3 12 18 2 7 9 9 5 1 2
36 44
11 86
21 56
33 34
24 48
49 52
28 43
10 11
29 74
21 95
18 58
2 27
9 27
84 88
42 66
38 96
46 60
22 75
67 70
55 57
34 46
5 86
73 100
7 53
80 92
53 98
19 85
13 66
4 90
68 94
20 52
45 89
43 43
28 82
79 100
38 79
42 53
61 64
8 44
17 25
42 70
16 25
5 23
36 77
61 87
47 63
31 37
42 56
29 63
40 60
29 65
11 60
3 60
14 46
94 95
48 56
1 23
3 11
27 65
53 63
12 72
49 63
67 89
6 14
11 30
46 99
29 57
7 74
48 91
11 33
60 89
6 18
19 83
31 74
40 88
67 93
68 80
8 89
75 86
54 83
37 55
71 77
57 59
48 91
70 83
11 82
25 97
85 94
37 54
36 83
43 51
42 66
57 70
26 66
36 83
10 17
17 45
76 87
52 70
14 32
