100 3 100
2 1 0 2 2 1 1 1 2 2 0 2 0 0 0 2 2 1 1 0 0 2 2 2 2 1 2 2 0 2 0 2 2 2 1 1 0 2 1 2 2 2 1 2 2 0 2 1 2 2 1 1 2 0 2 2 0 2 1 1 0 0 2 1 1 0 1 0 0 0 1 2 0 1 2 2 2 2 0 2 0 1 1 1 2 1 1 1 1 1 0 1 2 2 1 1 2 1 2 0
1 36
69 89
48 51
47 55
70 76
38 54
27 40
14 85
24 76
26 80
16 100
5 42
29 50
11 58
18 18
67 93
59 82
19 21
47 73
40 84
28 83
14 64
58 84
59 85
21 28
33 57
3 65
38 77
36 45
19 100
38 89
12 12
7 24
36 99
9 61
12 73
18 90
8 42
7 96
16 73
11 73
46 77
45 58
20 37
77 100
82 98
1 19
65 84
23 93
56 82
3 38
47 72
85 87
31 49
11 89
23 47
2 7
60 62
1 79
54 95
26 55
7 28
24 60
1 73
43 56
90 91
83 90
13 27
31 39
76 80
24 58
63 86
91 93
62 66
31 45
17 20
75 78
24 37
29 77
20 29
16 68
21 70
7 61
54 97
53 75
21 60
46 85
2 72
45 51
70 90
8 45
2 55
52 97
3 38
6 52
11 28
17 54
23 46
35 83
16 43
