100 13 100
2 6 3 6 12 11 9 1 2 4 8 4 12 7 10 0 5 2 6 11 2 4 6 9 9 9 0 11 6 5 9 5 2 1 4 0 6 0 0 3 4 12 6 10 4 5 10 12 8 0 10 1 9 4 7 0 5 11 9 6 5 11 8 8 1 11 10 3 3 10 7 5 6 1 10 2 9 5 12 12 3 2 9 12 3 6 7 10 0 2 12 1 8 12 3 0 5 4 7 0
30 98
18 81
77 81
45 59
7 60
18 75
22 28
43 80
42 62
78 98
13 28
42 68
64 78
42 82
68 100
46 79
14 60
7 77
16 63
42 48
75 77
21 75
68 68
25 43
7 46
55 83
33 82
27 43
76 87
21 70
3 83
5 78
41 75
12 17
40 55
42 66
23 91
91 93
27 69
35 87
9 45
48 62
31 83
7 61
10 25
13 73
58 70
45 71
27 97
37 41
14 31
44 85
69 72
53 56
50 55
35 57
36 50
67 71
16 44
26 83
34 67
37 61
8 31
8 92
2 85
61 63
29 64
68 72
44 76
7 83
44 90
45 52
68 70
36 62
10 43
5 14
94 97
28 66
2 38
43 66
22 37
10 50
9 68
5 16
76 90
52 67
13 53
63 73
38 56
20 96
48 100
26 45
62 99
23 37
80 82
17 76
14 35
4 65
49 74
25 90
