100 100 100
84 49 22 99 34 98 14 19 43 90 33 92 65 63 75 11 40 55 7 93 46 47 3 31 13 80 51 48 88 71 32 77 39 74 64 26 29 41 45 97 8 68 76 57 89 69 0 85 73 61 70 54 21 35 53 78 96 67 59 52 30 42 60 17 91 36 12 95 24 58 23 81 16 56 4 2 6 5 28 9 72 94 37 50 79 25 86 27 82 44 15 20 1 66 83 10 87 62 18 38
10 85
56 72
36 77
34 92
4 70
23 41
19 23
26 69
72 75
5 6
34 60
55 91
19 63
43 56
78 88
47 54
74 95
40 93
10 89
44 100
45 99
40 73
41 81
15 63
54 61
38 44
21 22
26 54
10 96
12 41
61 73
43 98
26 34
24 70
19 33
56 97
81 91
32 89
33 47
7 35
10 98
12 72
72 86
14 80
17 38
7 9
7 89
41 91
36 44
55 72
23 60
53 88
21 89
34 59
12 43
52 67
9 44
33 92
63 77
35 53
9 44
61 74
31 75
42 75
48 57
20 48
5 80
34 59
1 61
27 71
29 92
46 76
29 97
13 27
49 78
32 60
35 66
39 100
1 67
69 81
16 23
57 77
23 30
92 95
59 67
43 97
49 86
43 66
34 78
8 26
46 75
40 45
85 98
30 88
46 78
28 69
3 44
48 88
3 70
33 90
