100 5 100
0 1 0 0 4 0 0 4 0 0 0 2 0 0 4 0 0 3 0 2 1 0 4 4 2 3 0 0 0 1 0 2 0 0 0 0 0 0 1 4 3 1 4 0 0 3 0 0 0 3 0 0 0 0 0 0 3 0 0 2 0 0 0 0 4 0 3 0 0 1 0 0 0 0 0 3 0 0 0 0 3 0 0 3 0 0 0 0 0 2 3 4 0 0 0 0 0 1 2 4
11 37
8 66
84 97
52 63
29 35
10 99
64 66
13 68
31 62
5 44
4 18
34 93
9 28
13 45
3 41
22 72
27 99
55 87
44 88
9 46
22 25
18 81
20 90
52 58
10 68
8 73
16 83
89 93
15 47
60 78
18 95
37 50
3 20
38 74
5 42
54 94
65 98
53 73
71 73
62 83
30 46
86 96
5 9
40 74
72 84
11 32
61 70
36 56
23 28
18 86
27 43
29 43
96 99
43 47
74 88
63 85
72 81
31 60
31 49
79 89
45 77
20 79
38 67
12 75
80 91
29 35
12 75
45 55
90 94
26 61
77 81
9 58
51 60
24 66
36 50
3 79
32 85
12 16
55 55
27 54
28 67
59 71
12 20
17 55
8 27
47 66
35 93
6 88
7 70
80 99
49 82
25 46
58 65
91 92
3 75
8 41
19 74
22 42
22 54
2 25
