100 10 100
0 1 2 3 4 5 6 7 8 9 0 1 2 3 4 5 6 7 8 9 0 1 2 3 4 5 6 7 8 9 0 1 2 3 4 5 6 7 8 9 0 1 2 3 4 5 6 7 8 9 0 1 2 3 4 5 6 7 8 9 0 1 2 3 4 5 6 7 8 9 0 1 2 3 4 3 5 6 9 2 1 3 9 8 3 3 0 7 2 9 1 1 2 7 9 0 2 4 2 9
41 77
19 98
28 37
6 58
49 90
12 62
25 88
67 69
58 79
11 65
79 81
51 95
11 87
61 73
20 48
14 93
5 18
43 68
51 99
80 88
67 82
18 66
10 27
27 51
81 99
5 34
15 60
14 97
56 58
32 82
95 98
7 48
33 51
36 41
49 76
80 96
44 81
12 86
20 22
34 100
2 40
23 95
65 87
24 26
40 43
10 15
37 92
6 17
30 35
59 84
27 65
7 88
39 41
7 73
5 66
11 62
3 20
46 79
16 41
21 86
15 98
33 83
18 41
5 16
79 86
75 89
37 85
17 33
4 17
13 41
50 62
93 95
49 90
71 98
10 87
1 89
80 95
40 46
24 54
10 68
41 57
6 9
38 86
28 46
6 59
87 87
77 100
4 37
21 81
28 40
73 97
9 65
38 83
82 100
33 90
1 65
37 96
66 92
68 96
24 72
