100 30 100
0 1 2 3 4 5 6 7 8 9 10 11 12 13 14 15 16 17 18 19 20 21 22 23 24 25 26 27 28 29 0 1 2 3 4 5 6 7 8 9 10 11 12 13 14 15 16 17 18 19 20 21 22 23 24 25 26 27 28 29 0 1 2 3 4 5 6 7 8 9 10 11 12 13 14 29 17 12 9 4 12 23 10 29 29 26 3 16 15 0 12 5 27 18 2 20 29 5 4 0
12 80
32 60
45 83
78 97
7 35
2 50
63 88
12 70
39 45
1 68
69 88
17 45
46 62
22 73
55 89
24 40
31 89
41 75
43 79
14 66
27 72
37 81
31 98
63 63
5 27
22 83
60 85
76 90
88 92
1 42
32 96
30 35
17 30
50 80
3 98
45 79
25 83
8 62
33 74
29 55
19 75
85 96
14 74
41 91
33 73
34 92
78 80
2 40
28 74
21 82
28 51
37 63
28 46
2 100
25 61
2 96
9 14
9 87
41 60
19 33
62 91
20 82
7 65
38 95
35 79
5 54
17 48
54 88
5 31
67 96
40 81
89 95
49 55
69 83
83 87
14 21
18 35
32 84
35 83
2 68
58 88
6 35
21 44
43 70
23 98
16 51
14 76
31 64
38 97
22 54
53 86
12 90
30 99
65 80
18 42
35 76
8 17
54 73
77 87
8 96
