7
2500 9999
2 1
3 1
4 3
5 1
6 4
7 6
8 1
9 2
10 9
11 2
12 2
13 2
14 5
15 11
16 2
17 2
18 14
19 11
20 4
21 2
22 7
23 6
24 19
25 10
26 15
27 19
28 4
29 8
30 18
31 25
32 5
33 14
34 7
35 20
36 6
37 24
38 31
39 4
40 3
41 12
42 15
43 10
44 12
45 44
46 45
47 8
48 4
49 22
50 40
51 37
52 8
53 23
54 48
55 47
56 24
57 33
58 51
59 38
60 16
61 44
62 38
63 15
64 34
65 22
66 42
67 25
68 15
69 49
70 47
71 1
72 44
73 43
74 44
75 36
76 12
77 63
78 7
79 31
80 54
81 23
82 12
83 49
84 7
85 83
86 53
87 40
88 35
89 79
90 59
91 81
92 85
93 2
94 13
95 21
96 66
97 94
98 1
99 80
100 98
101 21
102 82
103 99
104 76
105 7
106 77
107 99
108 57
109 17
110 25
111 64
112 23
113 109
114 34
115 55
116 98
117 37
118 43
119 101
120 105
121 21
122 104
123 29
124 21
125 113
126 45
127 3
128 36
129 96
130 76
131 61
132 52
133 94
134 77
135 77
136 114
137 109
138 92
139 11
140 12
141 56
142 44
143 109
144 6
145 22
146 99
147 14
148 49
149 144
150 17
151 145
152 149
153 8
154 57
155 112
156 8
157 141
158 143
159 90
160 138
161 157
162 61
163 94
164 63
165 149
166 69
167 63
168 13
169 144
170 70
171 163
172 127
173 86
174 3
175 7
176 40
177 44
178 26
179 177
180 178
181 139
182 35
183 85
184 133
185 170
186 73
187 101
188 12
189 123
190 89
191 62
192 54
193 19
194 94
195 84
196 130
197 161
198 12
199 70
200 197
201 5
202 82
203 82
204 131
205 157
206 83
207 108
208 137
209 204
210 143
211 16
212 42
213 59
214 138
215 63
216 40
217 49
218 131
219 83
220 100
221 173
222 175
223 157
224 111
225 120
226 154
227 186
228 93
229 12
230 17
231 78
232 114
233 102
234 143
235 135
236 80
237 235
238 35
239 127
240 56
241 144
242 70
243 112
244 81
245 229
246 120
247 162
248 36
249 206
250 32
251 231
252 74
253 28
254 123
255 91
256 9
257 218
258 221
259 251
260 230
261 64
262 191
263 174
264 165
265 258
266 8
267 180
268 53
269 210
270 107
271 114
272 31
273 126
274 221
275 129
276 56
277 170
278 211
279 52
280 212
281 37
282 58
283 118
284 217
285 218
286 271
287 237
288 237
289 63
290 135
291 86
292 214
293 103
294 143
295 187
296 96
297 246
298 242
299 146
300 291
301 293
302 271
303 192
304 192
305 40
306 213
307 194
308 187
309 289
310 79
311 7
312 140
313 264
314 281
315 307
316 175
317 245
318 309
319 179
320 209
321 131
322 38
323 272
324 194
325 187
326 227
327 240
328 49
329 241
330 76
331 172
332 64
333 113
334 181
335 315
336 167
337 187
338 225
339 34
340 262
341 10
342 57
343 251
344 215
345 2
346 285
347 18
348 21
349 288
350 196
351 236
352 217
353 289
354 4
355 99
356 185
357 307
358 337
359 49
360 350
361 165
362 242
363 33
364 296
365 217
366 110
367 366
368 271
369 2
370 137
371 49
372 178
373 46
374 315
375 74
376 352
377 155
378 172
379 315
380 297
381 240
382 357
383 332
384 243
385 138
386 33
387 318
388 384
389 157
390 364
391 234
392 62
393 111
394 81
395 170
396 55
397 10
398 208
399 158
400 294
401 331
402 199
403 85
404 69
405 62
406 77
407 221
408 70
409 217
410 307
411 336
412 1
413 52
414 153
415 237
416 406
417 248
418 21
419 219
420 11
421 171
422 60
423 286
424 274
425 267
426 162
427 89
428 392
429 93
430 227
431 48
432 137
433 253
434 104
435 99
436 292
437 194
438 156
439 332
440 186
441 5
442 323
443 402
444 415
445 6
446 283
447 26
448 119
449 15
450 363
451 246
452 158
453 382
454 77
455 35
456 259
457 407
458 253
459 367
460 53
461 112
462 239
463 267
464 240
465 335
466 110
467 179
468 350
469 297
470 331
471 170
472 301
473 337
474 77
475 462
476 349
477 194
478 340
479 129
480 126
481 96
482 447
483 158
484 324
485 262
486 357
487 367
488 282
489 212
490 410
491 312
492 491
493 453
494 62
495 75
496 473
497 262
498 76
499 84
500 35
501 221
502 124
503 401
504 178
505 64
506 176
507 464
508 96
509 190
510 274
511 476
512 140
513 112
514 469
515 448
516 289
517 31
518 263
519 99
520 206
521 279
522 246
523 61
524 85
525 420
526 153
527 523
528 373
529 132
530 222
531 276
532 181
533 263
534 420
535 276
536 28
537 158
538 489
539 55
540 265
541 361
542 385
543 308
544 414
545 126
546 333
547 495
548 379
549 432
550 126
551 382
552 443
553 452
554 377
555 110
556 473
557 274
558 515
559 337
560 48
561 71
562 498
563 133
564 53
565 185
566 298
567 52
568 108
569 33
570 16
571 430
572 562
573 335
574 557
575 481
576 153
577 80
578 334
579 30
580 325
581 304
582 482
583 324
584 64
585 369
586 49
587 388
588 22
589 44
590 477
591 24
592 568
593 169
594 490
595 394
596 465
597 554
598 524
599 251
600 43
601 264
602 581
603 303
604 8
605 261
606 9
607 282
608 456
609 432
610 371
611 401
612 221
613 442
614 37
615 586
616 330
617 330
618 188
619 120
620 607
621 501
622 432
623 597
624 338
625 159
626 49
627 261
628 141
629 423
630 593
631 623
632 553
633 100
634 204
635 481
636 420
637 538
638 484
639 141
640 526
641 513
642 175
643 253
644 220
645 397
646 458
647 307
648 572
649 105
650 375
651 315
652 457
653 505
654 16
655 611
656 34
657 198
658 75
659 503
660 488
661 344
662 137
663 527
664 133
665 171
666 69
667 195
668 507
669 16
670 578
671 580
672 96
673 210
674 549
675 178
676 41
677 576
678 197
679 444
680 610
681 453
682 168
683 474
684 324
685 283
686 667
687 414
688 108
689 60
690 264
691 529
692 611
693 3
694 379
695 681
696 209
697 193
698 265
699 662
700 89
701 55
702 86
703 690
704 244
705 505
706 77
707 670
708 408
709 386
710 17
711 164
712 573
713 261
714 132
715 627
716 235
717 5
718 566
719 279
720 191
721 33
722 571
723 31
724 43
725 71
726 463
727 594
728 443
729 176
730 152
731 90
732 437
733 339
734 340
735 183
736 251
737 527
738 673
739 479
740 432
741 402
742 695
743 41
744 598
745 159
746 197
747 165
748 147
749 599
750 465
751 405
752 80
753 571
754 371
755 81
756 316
757 710
758 730
759 122
760 508
761 148
762 107
763 185
764 628
765 293
766 281
767 467
768 253
769 711
770 133
771 554
772 52
773 318
774 649
775 515
776 583
777 86
778 367
779 125
780 724
781 509
782 429
783 16
784 618
785 535
786 666
787 528
788 675
789 221
790 68
791 687
792 583
793 206
794 492
795 735
796 158
797 497
798 700
799 460
800 200
801 661
802 235
803 306
804 155
805 655
806 769
807 482
808 475
809 774
810 334
811 615
812 572
813 257
814 27
815 29
816 631
817 222
818 733
819 607
820 739
821 779
822 647
823 149
824 309
825 503
826 336
827 216
828 150
829 227
830 466
831 562
832 173
833 487
834 136
835 507
836 128
837 33
838 800
839 243
840 122
841 828
842 497
843 770
844 180
845 259
846 564
847 843
848 36
849 483
850 819
851 145
852 217
853 353
854 285
855 85
856 645
857 493
858 571
859 150
860 328
861 586
862 580
863 795
864 519
865 87
866 204
867 402
868 773
869 163
870 674
871 271
872 49
873 501
874 128
875 286
876 387
877 725
878 721
879 88
880 555
881 820
882 806
883 76
884 701
885 685
886 857
887 231
888 118
889 791
890 486
891 142
892 224
893 224
894 452
895 667
896 889
897 631
898 243
899 814
900 61
901 430
902 635
903 656
904 525
905 598
906 447
907 796
908 702
909 615
910 621
911 708
912 749
913 390
914 817
915 754
916 631
917 284
918 470
919 362
920 6
921 834
922 538
923 363
924 65
925 919
926 374
927 609
928 164
929 635
930 649
931 853
932 437
933 217
934 379
935 507
936 572
937 637
938 84
939 318
940 866
941 31
942 108
943 850
944 569
945 302
946 32
947 145
948 714
949 778
950 228
951 412
952 456
953 545
954 138
955 943
956 290
957 759
958 670
959 825
960 232
961 702
962 7
963 763
964 49
965 779
966 475
967 625
968 763
969 831
970 53
971 609
972 594
973 184
974 682
975 441
976 45
977 475
978 24
979 516
980 665
981 745
982 78
983 610
984 934
985 663
986 47
987 698
988 30
989 746
990 475
991 301
992 836
993 596
994 95
995 219
996 607
997 318
998 25
999 743
1000 526
1001 949
1002 447
1003 149
1004 904
1005 669
1006 937
1007 293
1008 460
1009 156
1010 576
1011 204
1012 567
1013 957
1014 263
1015 389
1016 1003
1017 766
1018 534
1019 290
1020 515
1021 185
1022 529
1023 475
1024 549
1025 519
1026 417
1027 438
1028 657
1029 185
1030 182
1031 875
1032 422
1033 586
1034 424
1035 827
1036 659
1037 893
1038 343
1039 887
1040 836
1041 469
1042 462
1043 988
1044 487
1045 67
1046 1031
1047 259
1048 947
1049 542
1050 688
1051 401
1052 711
1053 1034
1054 685
1055 893
1056 800
1057 903
1058 205
1059 220
1060 1040
1061 325
1062 120
1063 37
1064 1054
1065 912
1066 203
1067 737
1068 595
1069 68
1070 421
1071 604
1072 1049
1073 552
1074 392
1075 972
1076 108
1077 971
1078 927
1079 932
1080 682
1081 132
1082 710
1083 1013
1084 378
1085 110
1086 924
1087 706
1088 768
1089 30
1090 364
1091 37
1092 805
1093 299
1094 382
1095 774
1096 188
1097 30
1098 944
1099 610
1100 189
1101 480
1102 119
1103 695
1104 728
1105 329
1106 818
1107 323
1108 656
1109 829
1110 223
1111 31
1112 628
1113 82
1114 1035
1115 549
1116 92
1117 785
1118 135
1119 591
1120 711
1121 179
1122 365
1123 467
1124 344
1125 166
1126 59
1127 1108
1128 698
1129 138
1130 98
1131 591
1132 1047
1133 849
1134 133
1135 864
1136 848
1137 1132
1138 1
1139 848
1140 580
1141 33
1142 1113
1143 517
1144 942
1145 337
1146 342
1147 1005
1148 305
1149 273
1150 999
1151 145
1152 19
1153 909
1154 874
1155 894
1156 921
1157 389
1158 306
1159 1140
1160 875
1161 99
1162 136
1163 513
1164 94
1165 528
1166 209
1167 1060
1168 477
1169 941
1170 653
1171 314
1172 626
1173 841
1174 511
1175 274
1176 401
1177 293
1178 488
1179 566
1180 352
1181 958
1182 29
1183 836
1184 1093
1185 624
1186 287
1187 703
1188 990
1189 576
1190 1138
1191 87
1192 830
1193 16
1194 753
1195 304
1196 372
1197 661
1198 30
1199 835
1200 858
1201 483
1202 808
1203 91
1204 757
1205 657
1206 922
1207 471
1208 878
1209 82
1210 189
1211 244
1212 469
1213 982
1214 1176
1215 128
1216 641
1217 305
1218 1064
1219 1133
1220 905
1221 933
1222 198
1223 435
1224 661
1225 957
1226 372
1227 716
1228 825
1229 783
1230 62
1231 653
1232 156
1233 50
1234 634
1235 319
1236 393
1237 1126
1238 965
1239 1136
1240 1058
1241 1157
1242 543
1243 737
1244 824
1245 50
1246 1220
1247 905
1248 1044
1249 628
1250 1089
1251 583
1252 708
1253 898
1254 570
1255 1129
1256 505
1257 1143
1258 1073
1259 48
1260 1086
1261 989
1262 230
1263 1260
1264 1242
1265 1189
1266 1189
1267 1250
1268 537
1269 943
1270 1105
1271 831
1272 153
1273 1186
1274 77
1275 449
1276 814
1277 1185
1278 456
1279 1092
1280 175
1281 143
1282 338
1283 277
1284 336
1285 784
1286 618
1287 42
1288 834
1289 665
1290 476
1291 1016
1292 1224
1293 679
1294 705
1295 184
1296 213
1297 925
1298 527
1299 913
1300 721
1301 268
1302 217
1303 1222
1304 485
1305 1220
1306 30
1307 1205
1308 1278
1309 873
1310 565
1311 523
1312 754
1313 953
1314 622
1315 947
1316 414
1317 1032
1318 140
1319 797
1320 784
1321 1051
1322 916
1323 375
1324 631
1325 666
1326 644
1327 120
1328 896
1329 312
1330 628
1331 510
1332 252
1333 82
1334 754
1335 22
1336 612
1337 724
1338 167
1339 1018
1340 953
1341 426
1342 795
1343 1083
1344 571
1345 1298
1346 881
1347 701
1348 14
1349 102
1350 433
1351 1266
1352 1036
1353 500
1354 1153
1355 67
1356 975
1357 790
1358 1344
1359 1115
1360 340
1361 618
1362 235
1363 1192
1364 375
1365 724
1366 580
1367 429
1368 331
1369 585
1370 241
1371 1023
1372 879
1373 1166
1374 1048
1375 485
1376 223
1377 1042
1378 338
1379 1252
1380 159
1381 849
1382 1256
1383 467
1384 559
1385 711
1386 329
1387 244
1388 1084
1389 893
1390 251
1391 798
1392 945
1393 1116
1394 823
1395 1224
1396 949
1397 751
1398 183
1399 302
1400 677
1401 1038
1402 502
1403 1276
1404 222
1405 562
1406 524
1407 11
1408 176
1409 355
1410 952
1411 178
1412 956
1413 511
1414 1232
1415 539
1416 492
1417 824
1418 158
1419 586
1420 185
1421 844
1422 534
1423 1008
1424 74
1425 69
1426 1401
1427 530
1428 506
1429 109
1430 275
1431 1214
1432 1413
1433 1135
1434 558
1435 28
1436 1154
1437 206
1438 1223
1439 212
1440 490
1441 206
1442 966
1443 557
1444 560
1445 650
1446 1371
1447 810
1448 713
1449 814
1450 1236
1451 1423
1452 153
1453 1136
1454 594
1455 318
1456 216
1457 46
1458 1040
1459 1437
1460 384
1461 443
1462 532
1463 806
1464 258
1465 915
1466 549
1467 1006
1468 1136
1469 1246
1470 541
1471 74
1472 1176
1473 1141
1474 1433
1475 1150
1476 287
1477 1158
1478 1291
1479 917
1480 1369
1481 1304
1482 376
1483 806
1484 967
1485 1302
1486 370
1487 1401
1488 66
1489 956
1490 905
1491 1153
1492 1161
1493 545
1494 294
1495 1058
1496 1057
1497 409
1498 1091
1499 907
1500 1164
1501 882
1502 805
1503 100
1504 304
1505 1223
1506 415
1507 1458
1508 26
1509 1270
1510 1350
1511 279
1512 58
1513 522
1514 860
1515 1395
1516 1497
1517 339
1518 332
1519 1457
1520 1275
1521 1236
1522 729
1523 189
1524 1220
1525 1510
1526 1293
1527 1377
1528 967
1529 1362
1530 393
1531 271
1532 646
1533 1449
1534 20
1535 1421
1536 264
1537 426
1538 549
1539 507
1540 1072
1541 45
1542 1450
1543 107
1544 171
1545 198
1546 33
1547 140
1548 495
1549 1218
1550 812
1551 127
1552 720
1553 1231
1554 1548
1555 529
1556 54
1557 291
1558 861
1559 1050
1560 926
1561 1500
1562 185
1563 91
1564 454
1565 1051
1566 1522
1567 392
1568 1495
1569 95
1570 1535
1571 1439
1572 1353
1573 748
1574 1513
1575 131
1576 1049
1577 1344
1578 1266
1579 278
1580 624
1581 252
1582 437
1583 33
1584 823
1585 297
1586 1063
1587 1127
1588 1261
1589 721
1590 160
1591 1025
1592 321
1593 1486
1594 32
1595 1372
1596 1175
1597 433
1598 1227
1599 1131
1600 187
1601 502
1602 777
1603 365
1604 262
1605 1196
1606 431
1607 1511
1608 184
1609 84
1610 468
1611 251
1612 1421
1613 68
1614 1208
1615 129
1616 604
1617 1249
1618 13
1619 496
1620 586
1621 542
1622 358
1623 52
1624 1258
1625 304
1626 360
1627 6
1628 1315
1629 1402
1630 61
1631 1235
1632 737
1633 52
1634 1480
1635 1591
1636 728
1637 995
1638 104
1639 558
1640 1136
1641 969
1642 1
1643 880
1644 1181
1645 501
1646 1594
1647 688
1648 961
1649 65
1650 32
1651 1090
1652 349
1653 1645
1654 1276
1655 1191
1656 195
1657 837
1658 1284
1659 1114
1660 842
1661 1214
1662 1033
1663 1085
1664 44
1665 353
1666 1414
1667 1533
1668 1326
1669 744
1670 993
1671 1344
1672 837
1673 468
1674 633
1675 1559
1676 1372
1677 1578
1678 1241
1679 1668
1680 195
1681 1642
1682 733
1683 689
1684 598
1685 1058
1686 1683
1687 1371
1688 1285
1689 1463
1690 947
1691 473
1692 826
1693 981
1694 1237
1695 1
1696 591
1697 1001
1698 861
1699 675
1700 462
1701 1695
1702 1483
1703 4
1704 1121
1705 1484
1706 1688
1707 889
1708 837
1709 789
1710 144
1711 299
1712 594
1713 1453
1714 1332
1715 1327
1716 1080
1717 141
1718 966
1719 1593
1720 117
1721 1372
1722 963
1723 1688
1724 29
1725 544
1726 633
1727 1680
1728 892
1729 1015
1730 1563
1731 923
1732 1229
1733 986
1734 820
1735 175
1736 870
1737 121
1738 206
1739 630
1740 1343
1741 1441
1742 721
1743 417
1744 796
1745 1116
1746 872
1747 798
1748 624
1749 529
1750 1414
1751 1403
1752 1705
1753 155
1754 957
1755 176
1756 1574
1757 88
1758 1171
1759 1279
1760 350
1761 1098
1762 1295
1763 792
1764 1629
1765 1476
1766 1218
1767 215
1768 528
1769 208
1770 31
1771 742
1772 754
1773 1541
1774 1727
1775 194
1776 408
1777 209
1778 1712
1779 1627
1780 778
1781 1664
1782 1063
1783 896
1784 1338
1785 268
1786 449
1787 416
1788 764
1789 209
1790 424
1791 197
1792 737
1793 130
1794 1110
1795 724
1796 1520
1797 626
1798 1603
1799 1038
1800 1443
1801 1053
1802 698
1803 459
1804 520
1805 240
1806 1802
1807 1248
1808 1536
1809 1635
1810 51
1811 133
1812 1691
1813 1709
1814 8
1815 1459
1816 1794
1817 378
1818 737
1819 1573
1820 229
1821 130
1822 8
1823 697
1824 598
1825 723
1826 938
1827 342
1828 52
1829 293
1830 1183
1831 1155
1832 1725
1833 260
1834 31
1835 52
1836 150
1837 1585
1838 115
1839 1660
1840 1209
1841 891
1842 508
1843 1479
1844 1839
1845 331
1846 368
1847 1698
1848 1178
1849 1162
1850 468
1851 1438
1852 786
1853 433
1854 1128
1855 333
1856 1013
1857 1789
1858 1265
1859 1213
1860 87
1861 1169
1862 1835
1863 1810
1864 1268
1865 445
1866 855
1867 1053
1868 232
1869 539
1870 263
1871 862
1872 1754
1873 686
1874 930
1875 1351
1876 93
1877 1468
1878 688
1879 1152
1880 1268
1881 1249
1882 238
1883 254
1884 959
1885 446
1886 1114
1887 12
1888 1887
1889 594
1890 1147
1891 358
1892 12
1893 1018
1894 1326
1895 1316
1896 319
1897 430
1898 1009
1899 58
1900 1809
1901 1383
1902 481
1903 1794
1904 1592
1905 1376
1906 983
1907 1192
1908 33
1909 450
1910 1638
1911 1583
1912 357
1913 953
1914 1689
1915 1311
1916 1167
1917 1081
1918 133
1919 1508
1920 1551
1921 728
1922 892
1923 1174
1924 815
1925 1232
1926 1710
1927 669
1928 1312
1929 901
1930 1899
1931 121
1932 790
1933 1731
1934 1042
1935 1069
1936 708
1937 691
1938 1182
1939 156
1940 592
1941 653
1942 1400
1943 1176
1944 140
1945 1326
1946 137
1947 1065
1948 1816
1949 1357
1950 1905
1951 383
1952 1763
1953 122
1954 884
1955 374
1956 356
1957 1377
1958 51
1959 697
1960 1476
1961 1031
1962 463
1963 295
1964 1034
1965 1425
1966 469
1967 1157
1968 1258
1969 540
1970 733
1971 227
1972 1037
1973 687
1974 20
1975 190
1976 1301
1977 1019
1978 1919
1979 528
1980 1190
1981 948
1982 111
1983 1751
1984 181
1985 1071
1986 31
1987 889
1988 1167
1989 1764
1990 671
1991 1365
1992 1176
1993 674
1994 1002
1995 1549
1996 753
1997 932
1998 355
1999 986
2000 276
2001 599
2002 163
2003 609
2004 580
2005 1018
2006 1298
2007 434
2008 910
2009 2003
2010 815
2011 722
2012 669
2013 424
2014 1979
2015 815
2016 1202
2017 545
2018 1067
2019 272
2020 949
2021 1229
2022 1086
2023 1945
2024 197
2025 495
2026 679
2027 1784
2028 1653
2029 4
2030 1568
2031 177
2032 544
2033 805
2034 513
2035 768
2036 144
2037 1964
2038 638
2039 379
2040 1150
2041 1763
2042 618
2043 1339
2044 1184
2045 785
2046 2031
2047 1272
2048 1540
2049 1097
2050 376
2051 771
2052 324
2053 1033
2054 635
2055 279
2056 1959
2057 301
2058 2002
2059 1553
2060 796
2061 338
2062 828
2063 1360
2064 1523
2065 1504
2066 664
2067 1685
2068 1260
2069 510
2070 1296
2071 1796
2072 541
2073 1621
2074 162
2075 1840
2076 203
2077 770
2078 99
2079 634
2080 1184
2081 1147
2082 325
2083 627
2084 605
2085 1100
2086 879
2087 1842
2088 1656
2089 47
2090 873
2091 317
2092 814
2093 994
2094 562
2095 1355
2096 707
2097 838
2098 267
2099 829
2100 2035
2101 1488
2102 167
2103 123
2104 1459
2105 1875
2106 975
2107 313
2108 1686
2109 526
2110 641
2111 563
2112 1069
2113 2081
2114 48
2115 476
2116 1830
2117 2010
2118 2079
2119 1786
2120 1464
2121 1046
2122 667
2123 723
2124 2121
2125 88
2126 692
2127 655
2128 116
2129 1194
2130 2012
2131 446
2132 1372
2133 1403
2134 666
2135 275
2136 6
2137 1101
2138 507
2139 1591
2140 1948
2141 394
2142 1626
2143 1679
2144 973
2145 1586
2146 1953
2147 973
2148 550
2149 1769
2150 583
2151 1143
2152 1073
2153 1702
2154 246
2155 407
2156 1586
2157 1884
2158 606
2159 730
2160 1537
2161 1404
2162 746
2163 471
2164 1233
2165 1229
2166 1042
2167 558
2168 621
2169 1336
2170 1972
2171 913
2172 1240
2173 2059
2174 202
2175 1728
2176 764
2177 580
2178 930
2179 1400
2180 1936
2181 891
2182 1104
2183 542
2184 182
2185 77
2186 1649
2187 1656
2188 1732
2189 499
2190 1266
2191 784
2192 740
2193 60
2194 1626
2195 1604
2196 58
2197 1881
2198 1172
2199 1771
2200 1167
2201 1756
2202 1091
2203 1195
2204 1466
2205 1570
2206 329
2207 2191
2208 1944
2209 903
2210 903
2211 1915
2212 1790
2213 291
2214 430
2215 2213
2216 1939
2217 1523
2218 2054
2219 1166
2220 1013
2221 935
2222 840
2223 1988
2224 1106
2225 1268
2226 473
2227 227
2228 1236
2229 569
2230 814
2231 1429
2232 309
2233 1142
2234 13
2235 771
2236 1887
2237 1108
2238 1419
2239 1841
2240 752
2241 1460
2242 2159
2243 1519
2244 2084
2245 534
2246 1859
2247 183
2248 1540
2249 1317
2250 594
2251 1408
2252 1508
2253 1395
2254 1600
2255 203
2256 201
2257 493
2258 693
2259 507
2260 472
2261 605
2262 864
2263 436
2264 222
2265 1179
2266 1146
2267 278
2268 333
2269 1989
2270 435
2271 1932
2272 419
2273 168
2274 725
2275 2072
2276 754
2277 582
2278 1574
2279 145
2280 658
2281 312
2282 163
2283 1764
2284 244
2285 993
2286 823
2287 970
2288 1690
2289 1790
2290 1662
2291 1806
2292 354
2293 2251
2294 1991
2295 1831
2296 437
2297 1252
2298 277
2299 760
2300 499
2301 1993
2302 940
2303 974
2304 1635
2305 2149
2306 485
2307 1832
2308 968
2309 608
2310 240
2311 2255
2312 1298
2313 679
2314 1936
2315 939
2316 1504
2317 885
2318 126
2319 382
2320 1454
2321 516
2322 1391
2323 7
2324 2071
2325 1157
2326 2096
2327 1578
2328 337
2329 1651
2330 2157
2331 73
2332 1896
2333 1140
2334 292
2335 501
2336 1084
2337 312
2338 135
2339 596
2340 495
2341 1424
2342 2060
2343 122
2344 332
2345 2336
2346 1736
2347 1571
2348 222
2349 1866
2350 1393
2351 1253
2352 1890
2353 83
2354 1594
2355 2299
2356 1670
2357 638
2358 1559
2359 1262
2360 251
2361 620
2362 779
2363 2165
2364 287
2365 59
2366 2203
2367 1062
2368 887
2369 774
2370 1489
2371 1430
2372 1950
2373 983
2374 1075
2375 888
2376 863
2377 739
2378 237
2379 1453
2380 2164
2381 7
2382 820
2383 1243
2384 2129
2385 1464
2386 1353
2387 691
2388 1948
2389 2315
2390 514
2391 80
2392 562
2393 825
2394 1510
2395 1465
2396 108
2397 931
2398 2390
2399 296
2400 201
2401 1881
2402 1429
2403 702
2404 2015
2405 19
2406 263
2407 483
2408 964
2409 1592
2410 548
2411 1140
2412 667
2413 750
2414 862
2415 2171
2416 913
2417 590
2418 409
2419 652
2420 1885
2421 1433
2422 1776
2423 1282
2424 1238
2425 647
2426 499
2427 1942
2428 1886
2429 857
2430 235
2431 1761
2432 120
2433 1919
2434 1641
2435 1718
2436 1738
2437 693
2438 1531
2439 520
2440 632
2441 2217
2442 413
2443 1632
2444 1318
2445 2181
2446 900
2447 98
2448 1273
2449 855
2450 793
2451 1771
2452 1733
2453 1746
2454 119
2455 1360
2456 2451
2457 1444
2458 310
2459 1096
2460 363
2461 2061
2462 788
2463 1972
2464 506
2465 197
2466 522
2467 1827
2468 1792
2469 312
2470 1361
2471 2136
2472 1232
2473 816
2474 2342
2475 875
2476 1333
2477 2320
2478 1062
2479 928
2480 1945
2481 1085
2482 800
2483 646
2484 2110
2485 68
2486 378
2487 875
2488 1681
2489 496
2490 1381
2491 1505
2492 2030
2493 2471
2494 714
2495 1570
2496 371
2497 1802
2498 1944
2499 2199
2500 1566
2501 2088
2502 692
2503 1779
2504 924
2505 1417
2506 959
2507 235
2508 1716
2509 1208
2510 2321
2511 625
2512 1759
2513 1208
2514 1216
2515 1919
2516 1180
2517 698
2518 2474
2519 1257
2520 1349
2521 1973
2522 519
2523 491
2524 1726
2525 1796
2526 1999
2527 880
2528 1630
2529 854
2530 981
2531 202
2532 2116
2533 1473
2534 2418
2535 556
2536 941
2537 1902
2538 1550
2539 684
2540 1890
2541 1342
2542 1491
2543 1590
2544 572
2545 843
2546 710
2547 515
2548 124
2549 366
2550 1309
2551 857
2552 876
2553 558
2554 1670
2555 1230
2556 2366
2557 1252
2558 1595
2559 2554
2560 2122
2561 1572
2562 1277
2563 1215
2564 1722
2565 233
2566 799
2567 20
2568 1601
2569 372
2570 1663
2571 1526
2572 520
2573 1805
2574 577
2575 910
2576 1816
2577 1581
2578 516
2579 1185
2580 1071
2581 86
2582 71
2583 1227
2584 1915
2585 2402
2586 966
2587 917
2588 1563
2589 2094
2590 2021
2591 1230
2592 1694
2593 382
2594 614
2595 1794
2596 245
2597 702
2598 2268
2599 186
2600 743
2601 2463
2602 1433
2603 317
2604 326
2605 2392
2606 800
2607 1460
2608 2270
2609 1525
2610 2308
2611 350
2612 2126
2613 1504
2614 2360
2615 183
2616 1152
2617 780
2618 1306
2619 1762
2620 2418
2621 1636
2622 1969
2623 2453
2624 1117
2625 1488
2626 2334
2627 371
2628 2457
2629 2237
2630 2120
2631 1019
2632 2256
2633 1332
2634 2034
2635 928
2636 1019
2637 29
2638 657
2639 576
2640 51
2641 2120
2642 835
2643 994
2644 119
2645 1226
2646 718
2647 1042
2648 233
2649 1108
2650 1452
2651 1592
2652 1183
2653 305
2654 1804
2655 124
2656 1727
2657 2361
2658 1196
2659 393
2660 133
2661 1948
2662 894
2663 753
2664 1169
2665 1546
2666 1828
2667 455
2668 651
2669 2575
2670 1337
2671 1927
2672 934
2673 2235
2674 292
2675 2128
2676 1839
2677 383
2678 2430
2679 1924
2680 47
2681 196
2682 2537
2683 2568
2684 716
2685 1797
2686 758
2687 2230
2688 1161
2689 369
2690 2191
2691 1098
2692 1455
2693 909
2694 225
2695 1298
2696 996
2697 1963
2698 1831
2699 846
2700 328
2701 1208
2702 529
2703 575
2704 2361
2705 2364
2706 757
2707 918
2708 2567
2709 1119
2710 1038
2711 2263
2712 1866
2713 27
2714 622
2715 1698
2716 847
2717 2229
2718 2482
2719 2228
2720 745
2721 398
2722 1384
2723 1380
2724 1398
2725 1651
2726 999
2727 512
2728 2112
2729 306
2730 1132
2731 1605
2732 1552
2733 1506
2734 1914
2735 2029
2736 1355
2737 2712
2738 2181
2739 1022
2740 1920
2741 496
2742 2278
2743 2362
2744 3
2745 426
2746 1252
2747 761
2748 857
2749 1298
2750 858
2751 1100
2752 1353
2753 530
2754 2624
2755 343
2756 2668
2757 572
2758 2719
2759 869
2760 257
2761 2025
2762 379
2763 2461
2764 2420
2765 701
2766 2575
2767 802
2768 1204
2769 1552
2770 1884
2771 243
2772 2031
2773 130
2774 2664
2775 1273
2776 2350
2777 2177
2778 1146
2779 2175
2780 411
2781 2658
2782 1842
2783 1486
2784 1655
2785 552
2786 764
2787 2388
2788 866
2789 599
2790 821
2791 941
2792 2133
2793 2283
2794 886
2795 1024
2796 870
2797 504
2798 2365
2799 860
2800 2797
2801 773
2802 1990
2803 1058
2804 34
2805 1966
2806 1292
2807 525
2808 817
2809 1351
2810 720
2811 2123
2812 2238
2813 997
2814 381
2815 13
2816 510
2817 646
2818 593
2819 2692
2820 2144
2821 1552
2822 25
2823 987
2824 2249
2825 578
2826 2459
2827 230
2828 106
2829 1331
2830 532
2831 1661
2832 10
2833 305
2834 585
2835 1635
2836 2550
2837 2355
2838 2723
2839 2383
2840 2677
2841 754
2842 709
2843 2238
2844 194
2845 2573
2846 1724
2847 296
2848 2700
2849 1056
2850 852
2851 291
2852 1603
2853 1378
2854 1539
2855 856
2856 2613
2857 935
2858 2588
2859 1837
2860 809
2861 2256
2862 1965
2863 1425
2864 1801
2865 1291
2866 561
2867 990
2868 2525
2869 2217
2870 1869
2871 2362
2872 1611
2873 1132
2874 2583
2875 853
2876 2481
2877 2729
2878 2220
2879 276
2880 57
2881 1970
2882 934
2883 290
2884 2318
2885 1862
2886 1914
2887 1713
2888 1150
2889 516
2890 1717
2891 1979
2892 1777
2893 1130
2894 2653
2895 2764
2896 1941
2897 123
2898 548
2899 1567
2900 2538
2901 2366
2902 2261
2903 1821
2904 166
2905 1507
2906 10
2907 169
2908 504
2909 2105
2910 1682
2911 2597
2912 22
2913 2466
2914 271
2915 2469
2916 1732
2917 673
2918 2000
2919 188
2920 2195
2921 1277
2922 567
2923 1874
2924 1557
2925 407
2926 1355
2927 1287
2928 2044
2929 1689
2930 1360
2931 1111
2932 2833
2933 555
2934 1895
2935 1276
2936 531
2937 1657
2938 2509
2939 1064
2940 1511
2941 770
2942 1344
2943 2662
2944 1670
2945 1340
2946 2779
2947 1198
2948 2681
2949 2649
2950 897
2951 2421
2952 776
2953 403
2954 2451
2955 738
2956 1029
2957 1572
2958 1475
2959 911
2960 2241
2961 2070
2962 669
2963 2826
2964 1057
2965 1955
2966 2622
2967 2752
2968 1056
2969 1070
2970 2468
2971 29
2972 2066
2973 206
2974 2909
2975 2632
2976 1334
2977 1467
2978 463
2979 815
2980 650
2981 2302
2982 1201
2983 2569
2984 798
2985 1075
2986 1696
2987 20
2988 2793
2989 267
2990 2941
2991 2588
2992 923
2993 990
2994 2527
2995 1532
2996 2479
2997 2038
2998 590
2999 1641
3000 684
3001 582
3002 1356
3003 1798
3004 2685
3005 2860
3006 1871
3007 2802
3008 1626
3009 1869
3010 636
3011 1385
3012 888
3013 1878
3014 2472
3015 2091
3016 1969
3017 2095
3018 2407
3019 431
3020 607
3021 936
3022 1084
3023 423
3024 510
3025 1124
3026 1655
3027 2610
3028 2963
3029 2555
3030 415
3031 2154
3032 1014
3033 1338
3034 1191
3035 1479
3036 1714
3037 2160
3038 466
3039 1344
3040 104
3041 1673
3042 476
3043 1169
3044 783
3045 2635
3046 2668
3047 2626
3048 383
3049 1414
3050 1625
3051 1386
3052 1435
3053 498
3054 459
3055 2805
3056 84
3057 847
3058 2252
3059 1626
3060 1334
3061 2780
3062 1240
3063 1689
3064 2784
3065 1917
3066 2799
3067 315
3068 1214
3069 2460
3070 2092
3071 1824
3072 1628
3073 1827
3074 2954
3075 823
3076 495
3077 298
3078 2910
3079 1515
3080 2275
3081 2874
3082 384
3083 1316
3084 1018
3085 766
3086 20
3087 441
3088 2868
3089 706
3090 813
3091 722
3092 1683
3093 1195
3094 2162
3095 2878
3096 1972
3097 1069
3098 1782
3099 531
3100 2484
3101 2568
3102 2720
3103 1834
3104 553
3105 493
3106 654
3107 1266
3108 326
3109 1666
3110 2119
3111 2878
3112 2998
3113 2246
3114 1902
3115 3081
3116 90
3117 2599
3118 711
3119 1118
3120 1431
3121 41
3122 426
3123 1608
3124 2002
3125 73
3126 2368
3127 2675
3128 24
3129 479
3130 1473
3131 2281
3132 2114
3133 2401
3134 2213
3135 344
3136 409
3137 2416
3138 1536
3139 1213
3140 1832
3141 33
3142 2812
3143 221
3144 3130
3145 1135
3146 2860
3147 379
3148 1190
3149 655
3150 775
3151 2377
3152 1363
3153 1147
3154 1194
3155 2725
3156 2776
3157 3006
3158 1177
3159 1416
3160 325
3161 135
3162 879
3163 675
3164 599
3165 2191
3166 2599
3167 1668
3168 2775
3169 336
3170 3085
3171 1403
3172 1571
3173 693
3174 2090
3175 2039
3176 2787
3177 2610
3178 2069
3179 1738
3180 2705
3181 1045
3182 1165
3183 2946
3184 2396
3185 148
3186 1300
3187 1627
3188 2283
3189 2702
3190 1291
3191 824
3192 3049
3193 937
3194 1591
3195 2955
3196 2608
3197 205
3198 2904
3199 3175
3200 2806
3201 1721
3202 1535
3203 1612
3204 498
3205 140
3206 975
3207 2144
3208 2748
3209 1237
3210 497
3211 1584
3212 1987
3213 1529
3214 2146
3215 3024
3216 1665
3217 1060
3218 1263
3219 2847
3220 917
3221 1306
3222 1564
3223 3201
3224 1890
3225 565
3226 1344
3227 329
3228 670
3229 2716
3230 2668
3231 1942
3232 183
3233 1948
3234 2159
3235 2153
3236 2275
3237 1529
3238 1724
3239 309
3240 1111
3241 2553
3242 1766
3243 2934
3244 1287
3245 2571
3246 1320
3247 1999
3248 2819
3249 659
3250 857
3251 1684
3252 789
3253 2940
3254 868
3255 3190
3256 495
3257 2558
3258 907
3259 1042
3260 19
3261 1763
3262 795
3263 2165
3264 1702
3265 613
3266 845
3267 1203
3268 2496
3269 2620
3270 2469
3271 1065
3272 947
3273 2565
3274 2627
3275 1749
3276 656
3277 3013
3278 799
3279 390
3280 764
3281 1755
3282 1484
3283 666
3284 2879
3285 1480
3286 2453
3287 2924
3288 21
3289 807
3290 293
3291 384
3292 2509
3293 1866
3294 2321
3295 1332
3296 431
3297 3289
3298 2890
3299 1002
3300 3279
3301 2158
3302 1317
3303 2106
3304 2915
3305 836
3306 166
3307 1553
3308 1435
3309 89
3310 2887
3311 813
3312 2006
3313 1155
3314 2379
3315 816
3316 1829
3317 960
3318 2081
3319 2516
3320 510
3321 590
3322 1480
3323 541
3324 1764
3325 800
3326 2845
3327 2138
3328 53
3329 2585
3330 2361
3331 681
3332 1778
3333 1381
3334 1261
3335 2349
3336 2492
3337 1373
3338 2875
3339 73
3340 124
3341 2952
3342 938
3343 1519
3344 1856
3345 1440
3346 1398
3347 2342
3348 1042
3349 1412
3350 958
3351 1475
3352 3267
3353 2176
3354 3270
3355 1987
3356 1063
3357 2259
3358 2487
3359 114
3360 2304
3361 673
3362 2837
3363 1643
3364 549
3365 685
3366 3137
3367 1900
3368 646
3369 1608
3370 28
3371 3249
3372 1175
3373 151
3374 1845
3375 1955
3376 2139
3377 168
3378 549
3379 1632
3380 849
3381 3143
3382 2153
3383 2754
3384 2559
3385 1840
3386 2042
3387 1698
3388 1199
3389 3086
3390 3030
3391 2608
3392 2120
3393 979
3394 1345
3395 1397
3396 492
3397 1768
3398 2439
3399 636
3400 3185
3401 1888
3402 1656
3403 272
3404 7
3405 3229
3406 2514
3407 2104
3408 2020
3409 2809
3410 992
3411 1784
3412 1447
3413 2575
3414 107
3415 456
3416 1963
3417 1120
3418 3009
3419 2583
3420 527
3421 384
3422 2602
3423 2459
3424 295
3425 3064
3426 692
3427 2278
3428 1269
3429 370
3430 3174
3431 1754
3432 3045
3433 3156
3434 989
3435 2726
3436 2282
3437 1301
3438 2649
3439 1708
3440 541
3441 556
3442 2798
3443 1448
3444 2339
3445 814
3446 2323
3447 349
3448 1467
3449 3361
3450 2804
3451 3314
3452 2097
3453 277
3454 2257
3455 3044
3456 297
3457 2698
3458 2491
3459 2758
3460 1491
3461 1575
3462 2422
3463 2052
3464 719
3465 1086
3466 2129
3467 944
3468 2603
3469 1171
3470 3373
3471 1692
3472 2991
3473 1116
3474 2737
3475 1928
3476 101
3477 3024
3478 260
3479 1601
3480 1290
3481 2685
3482 1377
3483 1761
3484 1115
3485 272
3486 77
3487 675
3488 1767
3489 2698
3490 838
3491 3232
3492 485
3493 3068
3494 740
3495 1353
3496 3029
3497 1754
3498 432
3499 2214
3500 1963
3501 1113
3502 2517
3503 2232
3504 2336
3505 2095
3506 803
3507 663
3508 2909
3509 758
3510 20
3511 227
3512 3093
3513 2511
3514 3353
3515 1133
3516 2511
3517 1158
3518 16
3519 1085
3520 1549
3521 1510
3522 226
3523 987
3524 896
3525 2787
3526 3011
3527 1465
3528 2250
3529 431
3530 2146
3531 2519
3532 1775
3533 3518
3534 1467
3535 3071
3536 1967
3537 530
3538 2350
3539 996
3540 727
3541 640
3542 839
3543 2459
3544 7
3545 1101
3546 3183
3547 3270
3548 844
3549 1086
3550 840
3551 3048
3552 2966
3553 1479
3554 3516
3555 806
3556 1745
3557 712
3558 1624
3559 2993
3560 2715
3561 1795
3562 1127
3563 858
3564 849
3565 5
3566 3253
3567 1425
3568 1849
3569 2224
3570 300
3571 2459
3572 3258
3573 586
3574 2211
3575 2036
3576 1510
3577 111
3578 2306
3579 1245
3580 1595
3581 1531
3582 1180
3583 813
3584 2723
3585 1686
3586 684
3587 2066
3588 3109
3589 1032
3590 29
3591 1856
3592 177
3593 2329
3594 1970
3595 1626
3596 2186
3597 967
3598 2386
3599 198
3600 3523
3601 977
3602 2116
3603 250
3604 583
3605 3282
3606 2618
3607 2729
3608 1243
3609 3169
3610 1117
3611 2504
3612 687
3613 2700
3614 715
3615 544
3616 1500
3617 1712
3618 322
3619 2339
3620 1345
3621 2659
3622 1463
3623 3602
3624 1002
3625 498
3626 2388
3627 234
3628 1977
3629 2914
3630 2555
3631 2464
3632 3184
3633 1099
3634 2320
3635 1042
3636 1598
3637 1902
3638 3350
3639 1201
3640 2896
3641 1219
3642 370
3643 1218
3644 1541
3645 943
3646 952
3647 54
3648 3334
3649 231
3650 3629
3651 1437
3652 2906
3653 1936
3654 3059
3655 2878
3656 2696
3657 1557
3658 2616
3659 1102
3660 1458
3661 648
3662 3240
3663 1155
3664 1749
3665 2068
3666 1752
3667 540
3668 397
3669 138
3670 3239
3671 930
3672 3380
3673 2454
3674 873
3675 3628
3676 1781
3677 3130
3678 3084
3679 2004
3680 1536
3681 2687
3682 2289
3683 2092
3684 637
3685 2604
3686 328
3687 228
3688 3343
3689 2620
3690 3442
3691 2219
3692 3413
3693 297
3694 281
3695 2017
3696 951
3697 111
3698 223
3699 3330
3700 1064
3701 2162
3702 3283
3703 1080
3704 18
3705 1856
3706 3367
3707 2814
3708 708
3709 1517
3710 45
3711 1925
3712 360
3713 993
3714 1557
3715 1040
3716 2347
3717 2748
3718 3283
3719 2195
3720 2080
3721 1569
3722 325
3723 1464
3724 2127
3725 887
3726 552
3727 3708
3728 1621
3729 1535
3730 969
3731 889
3732 322
3733 1696
3734 2295
3735 513
3736 2758
3737 900
3738 297
3739 870
3740 576
3741 807
3742 2949
3743 1494
3744 3459
3745 3441
3746 3462
3747 1800
3748 2523
3749 1275
3750 399
3751 3309
3752 2555
3753 2308
3754 3371
3755 459
3756 904
3757 56
3758 792
3759 2765
3760 237
3761 1782
3762 2781
3763 1269
3764 1564
3765 952
3766 914
3767 1275
3768 1825
3769 1049
3770 2661
3771 1008
3772 2547
3773 2462
3774 555
3775 2557
3776 578
3777 3579
3778 1873
3779 847
3780 3114
3781 1941
3782 680
3783 3512
3784 2621
3785 2598
3786 1593
3787 3602
3788 1522
3789 3399
3790 2274
3791 310
3792 2698
3793 1261
3794 1714
3795 1574
3796 82
3797 2763
3798 2746
3799 1513
3800 368
3801 1363
3802 1613
3803 3683
3804 2654
3805 1262
3806 914
3807 3270
3808 1908
3809 2963
3810 2860
3811 1493
3812 1952
3813 1165
3814 3811
3815 609
3816 2479
3817 2915
3818 3058
3819 698
3820 2261
3821 760
3822 681
3823 863
3824 3396
3825 976
3826 593
3827 578
3828 1543
3829 1787
3830 1324
3831 3201
3832 382
3833 3577
3834 2175
3835 850
3836 3600
3837 100
3838 538
3839 2316
3840 600
3841 759
3842 1685
3843 3360
3844 1994
3845 24
3846 494
3847 3571
3848 1540
3849 2216
3850 2334
3851 3706
3852 6
3853 2405
3854 1573
3855 2473
3856 1212
3857 3664
3858 2754
3859 1171
3860 3186
3861 2761
3862 2002
3863 3517
3864 1193
3865 970
3866 3037
3867 3135
3868 543
3869 2251
3870 381
3871 782
3872 229
3873 2324
3874 3441
3875 1399
3876 1706
3877 1454
3878 3616
3879 985
3880 685
3881 2291
3882 606
3883 2719
3884 1296
3885 3003
3886 3126
3887 3886
3888 3416
3889 2477
3890 1229
3891 143
3892 2152
3893 3777
3894 177
3895 3547
3896 540
3897 2446
3898 1213
3899 871
3900 3043
3901 3498
3902 629
3903 3753
3904 3048
3905 1203
3906 1201
3907 1677
3908 2362
3909 3125
3910 2087
3911 3354
3912 2224
3913 2
3914 3317
3915 3444
3916 1540
3917 2034
3918 2167
3919 2535
3920 1607
3921 3669
3922 3311
3923 2862
3924 2189
3925 3745
3926 2190
3927 3853
3928 241
3929 2625
3930 3471
3931 1014
3932 1240
3933 2952
3934 421
3935 3874
3936 1775
3937 1424
3938 1231
3939 2232
3940 1152
3941 2816
3942 1096
3943 3748
3944 1894
3945 873
3946 1730
3947 2018
3948 3924
3949 2145
3950 1189
3951 2391
3952 3804
3953 3234
3954 2471
3955 2013
3956 277
3957 2537
3958 1875
3959 1934
3960 1160
3961 2630
3962 793
3963 108
3964 895
3965 821
3966 1418
3967 662
3968 403
3969 756
3970 1128
3971 733
3972 3716
3973 3768
3974 2904
3975 1718
3976 1059
3977 2478
3978 3235
3979 2810
3980 2537
3981 3505
3982 876
3983 1584
3984 2179
3985 1249
3986 1873
3987 2001
3988 3735
3989 89
3990 1049
3991 3118
3992 1331
3993 3321
3994 2813
3995 2222
3996 1785
3997 2753
3998 1173
3999 561
4000 2061
4001 3162
4002 3922
4003 1607
4004 2006
4005 2478
4006 2176
4007 1447
4008 3955
4009 1379
4010 2481
4011 321
4012 3579
4013 1880
4014 2115
4015 2703
4016 625
4017 3724
4018 2323
4019 164
4020 891
4021 2497
4022 539
4023 1166
4024 1055
4025 2507
4026 2413
4027 3039
4028 1546
4029 1174
4030 1330
4031 3932
4032 3456
4033 545
4034 3454
4035 855
4036 64
4037 1059
4038 2124
4039 3280
4040 3962
4041 999
4042 723
4043 756
4044 408
4045 2320
4046 394
4047 767
4048 3342
4049 3893
4050 2675
4051 3451
4052 620
4053 3390
4054 633
4055 989
4056 1111
4057 3955
4058 5
4059 1470
4060 377
4061 1537
4062 34
4063 1321
4064 3862
4065 1749
4066 3638
4067 3546
4068 2816
4069 3667
4070 1645
4071 3359
4072 1737
4073 1230
4074 960
4075 1726
4076 3552
4077 860
4078 105
4079 4063
4080 1504
4081 3567
4082 2415
4083 469
4084 2716
4085 506
4086 1444
4087 1496
4088 1206
4089 2521
4090 280
4091 3220
4092 2476
4093 1594
4094 473
4095 3887
4096 1494
4097 3773
4098 1531
4099 3756
4100 2191
4101 2848
4102 2821
4103 1334
4104 973
4105 1914
4106 414
4107 471
4108 3478
4109 3969
4110 1325
4111 2763
4112 3025
4113 257
4114 4095
4115 1987
4116 1508
4117 3750
4118 3289
4119 1957
4120 1045
4121 3314
4122 246
4123 2058
4124 3313
4125 3575
4126 418
4127 162
4128 2337
4129 4020
4130 3769
4131 3623
4132 2061
4133 1726
4134 2244
4135 3766
4136 2485
4137 3955
4138 2472
4139 891
4140 1580
4141 1475
4142 3110
4143 2487
4144 1923
4145 928
4146 509
4147 2977
4148 3658
4149 3187
4150 1992
4151 424
4152 2044
4153 3421
4154 560
4155 1390
4156 2298
4157 914
4158 693
4159 1278
4160 2877
4161 2472
4162 2689
4163 3286
4164 2568
4165 764
4166 196
4167 1103
4168 904
4169 3750
4170 3357
4171 3977
4172 1943
4173 3112
4174 842
4175 3596
4176 614
4177 2958
4178 2575
4179 1944
4180 3795
4181 1776
4182 3984
4183 2761
4184 71
4185 373
4186 2786
4187 391
4188 3701
4189 80
4190 1589
4191 3708
4192 4124
4193 2949
4194 2140
4195 128
4196 1016
4197 3988
4198 680
4199 1593
4200 628
4201 4091
4202 673
4203 394
4204 888
4205 3329
4206 2213
4207 804
4208 3137
4209 762
4210 61
4211 2898
4212 730
4213 3563
4214 2013
4215 196
4216 2340
4217 122
4218 1546
4219 2615
4220 2402
4221 3272
4222 2940
4223 4150
4224 1706
4225 2593
4226 1465
4227 514
4228 169
4229 3697
4230 3533
4231 2479
4232 1484
4233 3768
4234 1763
4235 890
4236 698
4237 1019
4238 898
4239 2304
4240 553
4241 880
4242 74
4243 1635
4244 3167
4245 342
4246 2904
4247 2624
4248 881
4249 1691
4250 1928
4251 278
4252 810
4253 922
4254 1440
4255 348
4256 2063
4257 3232
4258 3000
4259 1130
4260 1430
4261 442
4262 240
4263 3073
4264 124
4265 2527
4266 3024
4267 2542
4268 879
4269 3324
4270 252
4271 538
4272 1909
4273 3152
4274 3285
4275 2314
4276 238
4277 2400
4278 2235
4279 638
4280 1702
4281 2668
4282 2215
4283 1636
4284 1634
4285 1378
4286 3241
4287 2781
4288 3189
4289 2372
4290 1044
4291 1734
4292 211
4293 1914
4294 2680
4295 2914
4296 4024
4297 3201
4298 3616
4299 1930
4300 3506
4301 3092
4302 4102
4303 3379
4304 2384
4305 1189
4306 985
4307 2622
4308 3128
4309 3696
4310 1064
4311 2827
4312 3142
4313 3576
4314 2250
4315 4083
4316 1665
4317 3476
4318 1528
4319 3525
4320 54
4321 440
4322 1854
4323 3356
4324 1372
4325 1123
4326 4180
4327 4078
4328 861
4329 557
4330 2009
4331 660
4332 1204
4333 1270
4334 1404
4335 3769
4336 2767
4337 3833
4338 2917
4339 3404
4340 148
4341 696
4342 3406
4343 734
4344 2241
4345 3264
4346 4345
4347 2926
4348 761
4349 1231
4350 1868
4351 1543
4352 1240
4353 4108
4354 3527
4355 3077
4356 3935
4357 1868
4358 4086
4359 2653
4360 80
4361 2149
4362 653
4363 4102
4364 3082
4365 4260
4366 1054
4367 3756
4368 2732
4369 4335
4370 3150
4371 1888
4372 2405
4373 722
4374 3968
4375 1223
4376 3549
4377 1104
4378 1345
4379 1115
4380 3702
4381 4009
4382 3720
4383 1945
4384 1507
4385 3724
4386 1627
4387 4364
4388 1847
4389 1442
4390 121
4391 4075
4392 317
4393 3235
4394 3079
4395 1756
4396 3807
4397 726
4398 3193
4399 2042
4400 4016
4401 1672
4402 147
4403 798
4404 1391
4405 1793
4406 3650
4407 1465
4408 180
4409 2280
4410 573
4411 3478
4412 3303
4413 477
4414 1215
4415 2208
4416 2451
4417 4003
4418 3605
4419 3541
4420 3819
4421 1094
4422 610
4423 3937
4424 1112
4425 84
4426 3453
4427 1865
4428 3505
4429 393
4430 11
4431 3331
4432 2626
4433 3081
4434 1208
4435 4008
4436 1520
4437 3409
4438 4123
4439 1530
4440 2681
4441 2255
4442 1816
4443 3638
4444 1417
4445 1784
4446 2581
4447 1958
4448 434
4449 320
4450 1405
4451 3965
4452 2068
4453 1324
4454 3826
4455 614
4456 3060
4457 2041
4458 3094
4459 2131
4460 4110
4461 2587
4462 1490
4463 3177
4464 1570
4465 607
4466 2562
4467 4349
4468 1691
4469 2161
4470 414
4471 3378
4472 1799
4473 3627
4474 811
4475 403
4476 3247
4477 149
4478 2826
4479 1437
4480 2497
4481 2054
4482 3562
4483 1837
4484 4138
4485 2615
4486 3151
4487 3934
4488 1721
4489 1059
4490 178
4491 3926
4492 230
4493 1637
4494 4361
4495 3292
4496 1364
4497 3654
4498 3649
4499 2693
4500 457
4501 665
4502 2847
4503 3881
4504 2273
4505 1103
4506 2066
4507 476
4508 1447
4509 1069
4510 2042
4511 2323
4512 2866
4513 683
4514 1113
4515 954
4516 3571
4517 1792
4518 3698
4519 3191
4520 2271
4521 1519
4522 4234
4523 2187
4524 3746
4525 4081
4526 3019
4527 3236
4528 2521
4529 928
4530 1297
4531 4072
4532 1719
4533 856
4534 1371
4535 617
4536 2428
4537 2697
4538 1735
4539 727
4540 4274
4541 4254
4542 3018
4543 4389
4544 568
4545 1610
4546 2675
4547 185
4548 2186
4549 520
4550 4130
4551 499
4552 407
4553 3662
4554 935
4555 1062
4556 4436
4557 1089
4558 577
4559 1357
4560 641
4561 2519
4562 2827
4563 4027
4564 4151
4565 4210
4566 1645
4567 2979
4568 3399
4569 2234
4570 1258
4571 4209
4572 102
4573 2679
4574 2886
4575 4095
4576 3342
4577 2875
4578 2872
4579 2229
4580 3980
4581 3654
4582 3272
4583 327
4584 1537
4585 3658
4586 3587
4587 3581
4588 1051
4589 3455
4590 4051
4591 3053
4592 1620
4593 2914
4594 4055
4595 1521
4596 2975
4597 4499
4598 2405
4599 1927
4600 3085
4601 64
4602 183
4603 3976
4604 1529
4605 3438
4606 4010
4607 2815
4608 1703
4609 3875
4610 2115
4611 1460
4612 4541
4613 4507
4614 3467
4615 350
4616 948
4617 2448
4618 766
4619 2320
4620 1877
4621 2460
4622 4062
4623 1571
4624 2235
4625 1173
4626 2492
4627 607
4628 1320
4629 4336
4630 4367
4631 2127
4632 2531
4633 4114
4634 1076
4635 1505
4636 3386
4637 2040
4638 3643
4639 3836
4640 2838
4641 427
4642 1382
4643 2623
4644 4319
4645 594
4646 3283
4647 2148
4648 1450
4649 2340
4650 4363
4651 497
4652 2264
4653 2499
4654 3966
4655 3382
4656 3205
4657 2147
4658 1297
4659 2902
4660 4245
4661 2758
4662 905
4663 2302
4664 498
4665 2688
4666 4121
4667 837
4668 2371
4669 1861
4670 69
4671 207
4672 4199
4673 1558
4674 3654
4675 676
4676 675
4677 4433
4678 441
4679 2834
4680 752
4681 4326
4682 2045
4683 3137
4684 905
4685 1844
4686 3690
4687 1405
4688 1364
4689 4522
4690 3604
4691 334
4692 1399
4693 2958
4694 2761
4695 771
4696 4570
4697 1970
4698 2191
4699 826
4700 870
4701 2774
4702 2616
4703 2760
4704 1131
4705 3830
4706 3781
4707 2152
4708 3222
4709 1425
4710 1314
4711 4515
4712 940
4713 1398
4714 795
4715 659
4716 3418
4717 1810
4718 4004
4719 3402
4720 4023
4721 4140
4722 2405
4723 3215
4724 3825
4725 2208
4726 3485
4727 420
4728 2400
4729 1983
4730 1027
4731 2179
4732 980
4733 2163
4734 4114
4735 1412
4736 924
4737 3246
4738 3537
4739 2132
4740 609
4741 4705
4742 2551
4743 2656
4744 283
4745 3184
4746 1285
4747 2637
4748 4734
4749 3179
4750 1444
4751 1150
4752 1786
4753 199
4754 3199
4755 4506
4756 2687
4757 1793
4758 939
4759 4349
4760 2878
4761 4537
4762 2198
4763 934
4764 3548
4765 3138
4766 3721
4767 4451
4768 1467
4769 3005
4770 2615
4771 4702
4772 1261
4773 999
4774 3535
4775 4706
4776 1713
4777 1039
4778 3558
4779 2206
4780 1832
4781 4253
4782 2921
4783 1127
4784 3692
4785 2901
4786 2526
4787 1071
4788 3496
4789 2284
4790 55
4791 2135
4792 2055
4793 1539
4794 1481
4795 2827
4796 2622
4797 4064
4798 1272
4799 3495
4800 4316
4801 4415
4802 534
4803 4017
4804 2612
4805 2068
4806 1604
4807 2276
4808 874
4809 1937
4810 3984
4811 1756
4812 3984
4813 4650
4814 4545
4815 1934
4816 1822
4817 3804
4818 736
4819 2788
4820 3400
4821 2241
4822 1268
4823 2422
4824 4371
4825 1301
4826 889
4827 4693
4828 3891
4829 2197
4830 112
4831 4146
4832 2349
4833 1876
4834 241
4835 291
4836 2874
4837 3459
4838 777
4839 1314
4840 4769
4841 1788
4842 1800
4843 1726
4844 3754
4845 2497
4846 2369
4847 2059
4848 2585
4849 843
4850 441
4851 1365
4852 3056
4853 4372
4854 2545
4855 460
4856 4601
4857 2793
4858 801
4859 4753
4860 1030
4861 848
4862 4263
4863 2136
4864 2301
4865 838
4866 3686
4867 2798
4868 1161
4869 2474
4870 2435
4871 3192
4872 1523
4873 2287
4874 3515
4875 3400
4876 3503
4877 4223
4878 1761
4879 80
4880 2366
4881 4123
4882 1800
4883 3824
4884 3252
4885 4696
4886 2604
4887 1722
4888 929
4889 4129
4890 2517
4891 2112
4892 494
4893 2568
4894 736
4895 4777
4896 1656
4897 124
4898 749
4899 852
4900 2427
4901 4092
4902 147
4903 4191
4904 4697
4905 3944
4906 876
4907 3291
4908 3420
4909 203
4910 255
4911 4221
4912 1283
4913 3700
4914 2295
4915 1124
4916 112
4917 858
4918 1622
4919 3660
4920 3939
4921 2362
4922 1429
4923 3044
4924 1332
4925 4257
4926 2990
4927 4400
4928 663
4929 2630
4930 4324
4931 1477
4932 1497
4933 4878
4934 77
4935 2211
4936 3957
4937 233
4938 1540
4939 2960
4940 3880
4941 3339
4942 1953
4943 623
4944 4574
4945 4233
4946 1323
4947 2808
4948 191
4949 4365
4950 537
4951 3360
4952 4878
4953 1833
4954 367
4955 4061
4956 777
4957 60
4958 1045
4959 2910
4960 4701
4961 896
4962 3355
4963 71
4964 4667
4965 2336
4966 4202
4967 918
4968 2989
4969 107
4970 943
4971 3767
4972 4195
4973 4865
4974 2197
4975 1086
4976 811
4977 1462
4978 4637
4979 4891
4980 2254
4981 2313
4982 1034
4983 979
4984 1936
4985 983
4986 4759
4987 1815
4988 896
4989 4197
4990 926
4991 49
4992 2636
4993 3385
4994 2107
4995 847
4996 4710
4997 482
4998 1328
4999 2312
5000 3904
5001 4809
5002 1742
5003 737
5004 4048
5005 2874
5006 3080
5007 1690
5008 1733
5009 1416
5010 4541
5011 2949
5012 1295
5013 3529
5014 4878
5015 2595
5016 430
5017 548
5018 3421
5019 2253
5020 4452
5021 708
5022 567
5023 4228
5024 146
5025 4034
5026 2334
5027 4402
5028 404
5029 2578
5030 359
5031 2012
5032 2476
5033 3594
5034 1130
5035 520
5036 384
5037 2839
5038 250
5039 2569
5040 4128
5041 4563
5042 3118
5043 4701
5044 1887
5045 510
5046 4383
5047 1496
5048 3178
5049 2898
5050 1560
5051 1186
5052 870
5053 1251
5054 297
5055 4355
5056 2949
5057 3003
5058 4724
5059 1541
5060 3494
5061 2099
5062 4179
5063 595
5064 3740
5065 2825
5066 2979
5067 1968
5068 3836
5069 2551
5070 4878
5071 4878
5072 2711
5073 76
5074 1985
5075 3812
5076 1473
5077 1603
5078 2791
5079 1371
5080 4082
5081 151
5082 3999
5083 1837
5084 3099
5085 1018
5086 2516
5087 4179
5088 1348
5089 760
5090 2464
5091 517
5092 2206
5093 1934
5094 2194
5095 1533
5096 1818
5097 3589
5098 589
5099 1183
5100 4611
5101 3489
5102 1195
5103 1499
5104 1470
5105 410
5106 1430
5107 2621
5108 2855
5109 4831
5110 870
5111 3179
5112 4810
5113 4812
5114 3142
5115 2919
5116 4886
5117 518
5118 1616
5119 5044
5120 3687
5121 1021
5122 1953
5123 2384
5124 1399
5125 1846
5126 1381
5127 3431
5128 1284
5129 341
5130 179
5131 2853
5132 4488
5133 1190
5134 2766
5135 4039
5136 4412
5137 125
5138 3244
5139 2563
5140 2401
5141 490
5142 3623
5143 2454
5144 3559
5145 3332
5146 525
5147 4576
5148 2552
5149 2096
5150 2329
5151 4461
5152 604
5153 4160
5154 1290
5155 4347
5156 2664
5157 3522
5158 1545
5159 2927
5160 1203
5161 1874
5162 3095
5163 681
5164 1210
5165 1089
5166 1023
5167 1958
5168 3273
5169 3408
5170 1507
5171 3296
5172 4226
5173 3235
5174 3941
5175 3615
5176 4642
5177 3117
5178 2710
5179 3029
5180 3784
5181 1899
5182 4687
5183 4677
5184 3308
5185 4067
5186 4765
5187 374
5188 3463
5189 113
5190 1260
5191 632
5192 3184
5193 5049
5194 2266
5195 3957
5196 3440
5197 325
5198 1817
5199 4786
5200 4114
5201 2908
5202 664
5203 4725
5204 2163
5205 1838
5206 455
5207 2637
5208 5104
5209 4390
5210 1135
5211 5185
5212 4700
5213 1446
5214 4531
5215 4482
5216 1229
5217 4540
5218 72
5219 3229
5220 3631
5221 2973
5222 1060
5223 4689
5224 3087
5225 3430
5226 2930
5227 2681
5228 1760
5229 3379
5230 594
5231 741
5232 3355
5233 429
5234 1000
5235 4900
5236 5151
5237 3835
5238 3175
5239 4688
5240 2371
5241 4757
5242 3533
5243 3282
5244 684
5245 5095
5246 4236
5247 1893
5248 1755
5249 111
5250 1891
5251 3049
5252 990
5253 3350
5254 3632
5255 75
5256 2948
5257 3410
5258 2845
5259 227
5260 4206
5261 3766
5262 825
5263 3616
5264 2772
5265 1668
5266 126
5267 1428
5268 3321
5269 1466
5270 1033
5271 3764
5272 858
5273 974
5274 1259
5275 1665
5276 2761
5277 1566
5278 2158
5279 5186
5280 4778
5281 5019
5282 1646
5283 4758
5284 2176
5285 2412
5286 3287
5287 5199
5288 3764
5289 3359
5290 1293
5291 1709
5292 3160
5293 1748
5294 4703
5295 327
5296 3088
5297 4871
5298 3471
5299 5000
5300 4879
5301 3141
5302 1496
5303 3085
5304 1933
5305 4207
5306 337
5307 2641
5308 4842
5309 1051
5310 231
5311 4380
5312 604
5313 3608
5314 1059
5315 3325
5316 416
5317 3795
5318 2012
5319 953
5320 4989
5321 301
5322 4111
5323 722
5324 1190
5325 1585
5326 1247
5327 5159
5328 4537
5329 5316
5330 4950
5331 5153
5332 2870
5333 3791
5334 1214
5335 805
5336 597
5337 2479
5338 311
5339 966
5340 344
5341 602
5342 945
5343 122
5344 5037
5345 2887
5346 1077
5347 1270
5348 1145
5349 1893
5350 1387
5351 4898
5352 5004
5353 3009
5354 891
5355 1567
5356 428
5357 2842
5358 865
5359 2754
5360 3269
5361 2834
5362 322
5363 4837
5364 925
5365 3436
5366 2398
5367 5356
5368 1949
5369 3480
5370 3824
5371 5012
5372 3922
5373 608
5374 1858
5375 4910
5376 3114
5377 1711
5378 2690
5379 1214
5380 2016
5381 1555
5382 4373
5383 1589
5384 538
5385 512
5386 5097
5387 1343
5388 4765
5389 1889
5390 2024
5391 1122
5392 2727
5393 1174
5394 192
5395 309
5396 461
5397 4639
5398 947
5399 819
5400 2217
5401 1734
5402 2534
5403 3916
5404 1079
5405 3416
5406 3010
5407 3161
5408 4921
5409 185
5410 47
5411 1603
5412 1434
5413 2793
5414 3136
5415 3584
5416 3203
5417 3865
5418 3286
5419 292
5420 955
5421 1520
5422 2107
5423 1241
5424 264
5425 1337
5426 5172
5427 4613
5428 4755
5429 2474
5430 4725
5431 1399
5432 4105
5433 1649
5434 3380
5435 2824
5436 4161
5437 1517
5438 3973
5439 3579
5440 2153
5441 2995
5442 4355
5443 3701
5444 1565
5445 2911
5446 1532
5447 3943
5448 579
5449 2970
5450 4779
5451 965
5452 229
5453 2804
5454 5172
5455 4420
5456 3901
5457 3326
5458 579
5459 4471
5460 3904
5461 3604
5462 4289
5463 2855
5464 2103
5465 2954
5466 2828
5467 2310
5468 4543
5469 3356
5470 1260
5471 1285
5472 4349
5473 3950
5474 290
5475 1384
5476 4637
5477 3002
5478 5221
5479 4157
5480 1912
5481 4493
5482 1565
5483 4774
5484 1779
5485 971
5486 4021
5487 3871
5488 1563
5489 4500
5490 2959
5491 3838
5492 969
5493 1558
5494 4646
5495 1978
5496 5370
5497 215
5498 3491
5499 3261
5500 2689
5501 4222
5502 1903
5503 1861
5504 182
5505 1251
5506 4316
5507 2768
5508 2903
5509 4921
5510 3850
5511 147
5512 5143
5513 1753
5514 3836
5515 4726
5516 708
5517 5385
5518 1032
5519 3271
5520 125
5521 4126
5522 4495
5523 3607
5524 2676
5525 5254
5526 775
5527 4818
5528 1918
5529 1645
5530 3685
5531 2501
5532 5419
5533 3461
5534 1094
5535 2461
5536 2806
5537 1206
5538 4112
5539 3634
5540 133
5541 2289
5542 4747
5543 880
5544 2006
5545 5281
5546 384
5547 2181
5548 3578
5549 1315
5550 3127
5551 3984
5552 3838
5553 619
5554 2473
5555 3146
5556 1546
5557 1280
5558 2361
5559 4597
5560 2475
5561 636
5562 2311
5563 3000
5564 4758
5565 4785
5566 656
5567 2911
5568 3225
5569 2313
5570 428
5571 3259
5572 3531
5573 2385
5574 679
5575 721
5576 654
5577 2977
5578 4252
5579 5411
5580 4529
5581 2149
5582 2906
5583 804
5584 4060
5585 1596
5586 2673
5587 3737
5588 5314
5589 2045
5590 483
5591 3912
5592 2795
5593 4395
5594 5103
5595 1343
5596 1569
5597 5124
5598 784
5599 1868
5600 2294
5601 455
5602 995
5603 5180
5604 5140
5605 2647
5606 49
5607 3267
5608 4671
5609 1199
5610 13
5611 1812
5612 1716
5613 1603
5614 367
5615 3917
5616 5032
5617 4249
5618 3128
5619 1989
5620 4220
5621 1888
5622 1509
5623 4778
5624 2530
5625 3687
5626 910
5627 437
5628 2916
5629 4154
5630 3521
5631 4983
5632 2193
5633 5486
5634 1320
5635 2562
5636 2426
5637 5450
5638 1260
5639 5631
5640 2965
5641 5371
5642 3586
5643 1198
5644 1120
5645 3887
5646 4813
5647 3052
5648 574
5649 1943
5650 1597
5651 1853
5652 79
5653 2974
5654 4351
5655 5505
5656 500
5657 2257
5658 1773
5659 2249
5660 4375
5661 1643
5662 2309
5663 2768
5664 4582
5665 2753
5666 875
5667 2815
5668 760
5669 3420
5670 3905
5671 5502
5672 4603
5673 2091
5674 3633
5675 3721
5676 4170
5677 3618
5678 917
5679 3078
5680 1509
5681 3915
5682 2160
5683 4085
5684 4464
5685 5081
5686 379
5687 246
5688 4838
5689 1939
5690 5449
5691 3025
5692 2454
5693 3316
5694 2064
5695 351
5696 2220
5697 4229
5698 4741
5699 2468
5700 4768
5701 3091
5702 1914
5703 2039
5704 2680
5705 1207
5706 3330
5707 2426
5708 1231
5709 864
5710 5524
5711 4045
5712 271
5713 1795
5714 3312
5715 2996
5716 312
5717 1129
5718 910
5719 1513
5720 270
5721 2982
5722 956
5723 1744
5724 53
5725 914
5726 4816
5727 4453
5728 4588
5729 2042
5730 1102
5731 3927
5732 1504
5733 4077
5734 788
5735 2399
5736 857
5737 2443
5738 16
5739 3240
5740 4579
5741 1204
5742 4957
5743 3235
5744 2303
5745 5093
5746 2037
5747 3801
5748 411
5749 1447
5750 4213
5751 4704
5752 2182
5753 552
5754 2637
5755 3576
5756 2338
5757 3522
5758 3572
5759 3897
5760 1426
5761 3430
5762 404
5763 2241
5764 516
5765 1555
5766 1165
5767 5098
5768 922
5769 5248
5770 2789
5771 801
5772 3236
5773 2369
5774 1413
5775 1615
5776 772
5777 5287
5778 5537
5779 3727
5780 1533
5781 1452
5782 1961
5783 2681
5784 2352
5785 3670
5786 4410
5787 4264
5788 4652
5789 5503
5790 3587
5791 4852
5792 5367
5793 2294
5794 5081
5795 828
5796 2732
5797 1724
5798 150
5799 3171
5800 5402
5801 3416
5802 4173
5803 2473
5804 1045
5805 3738
5806 1425
5807 3987
5808 1238
5809 501
5810 5121
5811 5701
5812 1467
5813 1486
5814 2009
5815 2648
5816 170
5817 827
5818 480
5819 3052
5820 1141
5821 208
5822 2467
5823 3477
5824 2282
5825 4099
5826 5593
5827 1310
5828 2501
5829 1492
5830 1068
5831 3428
5832 2610
5833 1012
5834 327
5835 1305
5836 1323
5837 1518
5838 3033
5839 519
5840 4752
5841 4234
5842 1116
5843 2626
5844 4887
5845 931
5846 2954
5847 609
5848 119
5849 1583
5850 1919
5851 392
5852 4927
5853 1915
5854 1050
5855 860
5856 3059
5857 215
5858 3947
5859 1893
5860 1579
5861 5122
5862 4103
5863 2343
5864 1608
5865 3025
5866 4781
5867 3307
5868 1302
5869 1372
5870 4398
5871 50
5872 3237
5873 5270
5874 281
5875 2232
5876 4575
5877 1315
5878 5397
5879 5435
5880 3882
5881 1769
5882 227
5883 4593
5884 4434
5885 3220
5886 941
5887 886
5888 1623
5889 2875
5890 4378
5891 1129
5892 1106
5893 338
5894 5451
5895 3145
5896 1657
5897 4287
5898 5012
5899 5265
5900 1543
5901 5671
5902 4507
5903 2290
5904 2928
5905 4856
5906 5689
5907 4904
5908 3414
5909 4865
5910 2414
5911 3879
5912 806
5913 1945
5914 2256
5915 4938
5916 932
5917 515
5918 1372
5919 496
5920 3846
5921 5578
5922 2590
5923 1060
5924 2847
5925 4361
5926 2395
5927 3659
5928 1609
5929 5631
5930 5601
5931 2245
5932 4400
5933 4616
5934 3801
5935 1156
5936 869
5937 3795
5938 2576
5939 3985
5940 1802
5941 3751
5942 5201
5943 2430
5944 5668
5945 420
5946 2170
5947 1998
5948 3248
5949 2007
5950 5844
5951 2090
5952 1920
5953 5917
5954 172
5955 408
5956 5752
5957 5897
5958 1550
5959 1514
5960 3375
5961 5543
5962 5731
5963 346
5964 4332
5965 4627
5966 5723
5967 4094
5968 419
5969 366
5970 2685
5971 1191
5972 2526
5973 3341
5974 5337
5975 4535
5976 4514
5977 5195
5978 868
5979 2810
5980 4117
5981 5087
5982 403
5983 3080
5984 3516
5985 714
5986 397
5987 4372
5988 2159
5989 1740
5990 3175
5991 2284
5992 5388
5993 5110
5994 3789
5995 350
5996 3027
5997 3415
5998 1414
5999 5631
6000 4238
6001 5700
6002 2747
6003 1011
6004 2405
6005 4559
6006 1910
6007 4
6008 5606
6009 1517
6010 2703
6011 4347
6012 5318
6013 4020
6014 516
6015 5398
6016 3887
6017 1209
6018 1006
6019 4647
6020 315
6021 5369
6022 1650
6023 2619
6024 4154
6025 2587
6026 1579
6027 3281
6028 162
6029 2785
6030 4953
6031 5875
6032 2129
6033 415
6034 5727
6035 2404
6036 2316
6037 5903
6038 847
6039 2395
6040 3696
6041 2972
6042 47
6043 3746
6044 2128
6045 4949
6046 503
6047 4057
6048 4096
6049 677
6050 5353
6051 4891
6052 400
6053 1405
6054 1079
6055 972
6056 5459
6057 140
6058 5919
6059 3570
6060 767
6061 4345
6062 5395
6063 3724
6064 3032
6065 2291
6066 478
6067 3814
6068 1948
6069 2059
6070 3385
6071 283
6072 3413
6073 4050
6074 5649
6075 2633
6076 5773
6077 5291
6078 506
6079 5438
6080 2310
6081 5798
6082 5760
6083 2194
6084 3949
6085 2724
6086 4639
6087 2137
6088 3447
6089 4983
6090 4253
6091 261
6092 3568
6093 1395
6094 5939
6095 5851
6096 3143
6097 3315
6098 3006
6099 3997
6100 3234
6101 3896
6102 2460
6103 1724
6104 5469
6105 1550
6106 5906
6107 148
6108 5151
6109 1727
6110 643
6111 189
6112 2786
6113 2944
6114 5914
6115 5477
6116 4717
6117 4468
6118 1193
6119 3113
6120 4589
6121 1844
6122 351
6123 3228
6124 22
6125 606
6126 1898
6127 548
6128 666
6129 5322
6130 5607
6131 110
6132 5088
6133 4558
6134 1591
6135 1069
6136 90
6137 5145
6138 4399
6139 4398
6140 1609
6141 4086
6142 3881
6143 2024
6144 4049
6145 61
6146 5639
6147 2084
6148 3471
6149 6031
6150 3757
6151 582
6152 2544
6153 961
6154 2889
6155 883
6156 1170
6157 166
6158 2745
6159 2109
6160 3117
6161 1084
6162 5808
6163 3497
6164 2551
6165 2698
6166 2380
6167 3745
6168 3891
6169 5690
6170 4480
6171 4008
6172 210
6173 4214
6174 4404
6175 4755
6176 147
6177 94
6178 67
6179 3265
6180 2002
6181 1114
6182 4609
6183 995
6184 5818
6185 5338
6186 5468
6187 2311
6188 3080
6189 25
6190 63
6191 5393
6192 1289
6193 6060
6194 4190
6195 2650
6196 1497
6197 322
6198 1849
6199 4036
6200 4395
6201 4983
6202 3183
6203 3315
6204 1328
6205 5030
6206 3608
6207 5726
6208 790
6209 4066
6210 4361
6211 2677
6212 6182
6213 234
6214 4594
6215 4451
6216 1576
6217 3958
6218 2842
6219 5618
6220 5485
6221 2749
6222 5576
6223 6146
6224 4842
6225 483
6226 3763
6227 2665
6228 266
6229 573
6230 3779
6231 2631
6232 562
6233 4006
6234 1280
6235 2559
6236 5730
6237 1597
6238 3161
6239 572
6240 2477
6241 1046
6242 4079
6243 5917
6244 605
6245 1864
6246 989
6247 1461
6248 2298
6249 36
6250 2575
6251 5486
6252 1103
6253 171
6254 1580
6255 2448
6256 1242
6257 2668
6258 4948
6259 6137
6260 377
6261 1108
6262 589
6263 3745
6264 4247
6265 4660
6266 2175
6267 2402
6268 471
6269 139
6270 1823
6271 106
6272 5225
6273 6017
6274 4394
6275 2214
6276 3738
6277 243
6278 3101
6279 6088
6280 2242
6281 1480
6282 1
6283 3670
6284 3862
6285 4871
6286 2811
6287 5112
6288 2504
6289 4734
6290 4416
6291 2531
6292 105
6293 4532
6294 4885
6295 811
6296 4363
6297 2643
6298 3445
6299 796
6300 18
6301 5548
6302 5381
6303 4890
6304 3742
6305 3699
6306 5889
6307 5646
6308 3043
6309 4423
6310 331
6311 3583
6312 1855
6313 3693
6314 4223
6315 3940
6316 6095
6317 3703
6318 2658
6319 3353
6320 3263
6321 49
6322 6061
6323 4510
6324 697
6325 6087
6326 1130
6327 2982
6328 4525
6329 4379
6330 6290
6331 3976
6332 4595
6333 770
6334 5602
6335 5641
6336 1536
6337 2535
6338 5173
6339 3126
6340 3272
6341 1647
6342 4865
6343 1148
6344 3756
6345 309
6346 1676
6347 1831
6348 3990
6349 99
6350 6276
6351 4394
6352 1886
6353 2672
6354 1228
6355 4975
6356 3940
6357 1815
6358 918
6359 4732
6360 6071
6361 1280
6362 5872
6363 554
6364 5191
6365 4311
6366 572
6367 4613
6368 3793
6369 5008
6370 4654
6371 4716
6372 2309
6373 1814
6374 203
6375 1667
6376 4606
6377 4707
6378 497
6379 1082
6380 2579
6381 477
6382 5830
6383 3467
6384 1223
6385 3694
6386 4853
6387 6101
6388 4041
6389 2777
6390 6345
6391 3729
6392 5980
6393 299
6394 2660
6395 180
6396 328
6397 3502
6398 1067
6399 3731
6400 1667
6401 3425
6402 4996
6403 730
6404 5749
6405 1769
6406 6207
6407 2274
6408 4135
6409 598
6410 1735
6411 5618
6412 1883
6413 2530
6414 2072
6415 3763
6416 3820
6417 2091
6418 5632
6419 5146
6420 2475
6421 5339
6422 5943
6423 1764
6424 1979
6425 4073
6426 4467
6427 1795
6428 5390
6429 2777
6430 4970
6431 4950
6432 2930
6433 5613
6434 3741
6435 4595
6436 5071
6437 1244
6438 201
6439 2529
6440 3881
6441 3550
6442 4504
6443 1216
6444 5175
6445 5958
6446 2315
6447 5081
6448 3841
6449 3641
6450 2268
6451 232
6452 2329
6453 4044
6454 2453
6455 4111
6456 5912
6457 4824
6458 2358
6459 1267
6460 3332
6461 3922
6462 2665
6463 4345
6464 689
6465 2743
6466 2922
6467 5749
6468 875
6469 5668
6470 3099
6471 2370
6472 6289
6473 2825
6474 4781
6475 3016
6476 4983
6477 3302
6478 277
6479 2166
6480 1550
6481 5701
6482 3181
6483 5209
6484 2091
6485 4265
6486 6458
6487 3441
6488 3671
6489 5901
6490 21
6491 4208
6492 3099
6493 3273
6494 3615
6495 3034
6496 1274
6497 5327
6498 3357
6499 4606
6500 4954
6501 4273
6502 4826
6503 3939
6504 5240
6505 6040
6506 1387
6507 4496
6508 4819
6509 6028
6510 2911
6511 2310
6512 5442
6513 462
6514 892
6515 865
6516 2043
6517 2931
6518 5680
6519 4251
6520 5792
6521 3724
6522 4717
6523 509
6524 3894
6525 996
6526 6265
6527 5797
6528 2573
6529 3610
6530 3093
6531 4396
6532 5573
6533 5090
6534 903
6535 4970
6536 5288
6537 3626
6538 2579
6539 6424
6540 1731
6541 5719
6542 5007
6543 5179
6544 3943
6545 2977
6546 5182
6547 932
6548 4443
6549 5348
6550 788
6551 1750
6552 1442
6553 5585
6554 49
6555 5602
6556 2341
6557 651
6558 2921
6559 5646
6560 5132
6561 4492
6562 6183
6563 97
6564 4283
6565 235
6566 5403
6567 3291
6568 1417
6569 4142
6570 449
6571 3457
6572 1854
6573 964
6574 4868
6575 1885
6576 6396
6577 1464
6578 6098
6579 4285
6580 6509
6581 5085
6582 4679
6583 6391
6584 5327
6585 275
6586 2729
6587 2774
6588 682
6589 3133
6590 2989
6591 5594
6592 3010
6593 3637
6594 3582
6595 5782
6596 3992
6597 4512
6598 2017
6599 2704
6600 3247
6601 4298
6602 333
6603 903
6604 1475
6605 2134
6606 2352
6607 2275
6608 5202
6609 3962
6610 3223
6611 5264
6612 2581
6613 389
6614 5849
6615 1936
6616 5902
6617 3337
6618 4945
6619 273
6620 64
6621 4988
6622 3174
6623 5075
6624 1001
6625 6028
6626 1717
6627 5365
6628 1488
6629 2575
6630 1986
6631 5741
6632 2548
6633 2426
6634 635
6635 141
6636 2579
6637 3222
6638 5927
6639 3535
6640 3024
6641 6515
6642 920
6643 454
6644 5160
6645 529
6646 6401
6647 3994
6648 999
6649 4900
6650 5047
6651 5750
6652 4700
6653 1828
6654 284
6655 5295
6656 2463
6657 370
6658 1520
6659 5710
6660 5303
6661 5570
6662 3298
6663 6497
6664 2726
6665 522
6666 6265
6667 6475
6668 488
6669 4309
6670 304
6671 6115
6672 5282
6673 3275
6674 924
6675 5813
6676 5350
6677 4720
6678 6344
6679 363
6680 5726
6681 1415
6682 6072
6683 4522
6684 2408
6685 5248
6686 5383
6687 5657
6688 1856
6689 1712
6690 2521
6691 3741
6692 6329
6693 4145
6694 1679
6695 912
6696 4426
6697 4985
6698 1266
6699 3145
6700 2091
6701 4768
6702 3038
6703 3052
6704 4225
6705 3484
6706 299
6707 251
6708 6132
6709 5804
6710 250
6711 5603
6712 1807
6713 4427
6714 6533
6715 883
6716 839
6717 3776
6718 2668
6719 6558
6720 5449
6721 768
6722 4301
6723 1611
6724 409
6725 1914
6726 2404
6727 3243
6728 2996
6729 1210
6730 41
6731 2516
6732 4044
6733 2371
6734 278
6735 4809
6736 3580
6737 487
6738 383
6739 6661
6740 3738
6741 1311
6742 4042
6743 2198
6744 1180
6745 4265
6746 4872
6747 2179
6748 5170
6749 271
6750 4489
6751 5388
6752 5794
6753 4000
6754 3735
6755 1270
6756 5757
6757 1622
6758 2580
6759 4851
6760 1969
6761 2307
6762 2324
6763 1863
6764 1918
6765 5826
6766 5447
6767 1303
6768 4303
6769 6242
6770 2650
6771 6226
6772 2
6773 3007
6774 1334
6775 4488
6776 1217
6777 4577
6778 158
6779 5288
6780 4384
6781 6467
6782 3983
6783 5911
6784 4909
6785 4667
6786 6152
6787 4829
6788 5066
6789 4172
6790 4350
6791 3003
6792 5473
6793 876
6794 6766
6795 3914
6796 2387
6797 2956
6798 3979
6799 3035
6800 6121
6801 2138
6802 2100
6803 1435
6804 1428
6805 2610
6806 5689
6807 962
6808 2601
6809 1254
6810 1137
6811 2827
6812 6115
6813 1447
6814 2268
6815 1243
6816 1665
6817 3996
6818 1561
6819 272
6820 881
6821 684
6822 393
6823 6278
6824 5766
6825 972
6826 4099
6827 4038
6828 2059
6829 1244
6830 4661
6831 945
6832 3419
6833 2831
6834 1467
6835 2125
6836 2091
6837 717
6838 6316
6839 1975
6840 1284
6841 4266
6842 1981
6843 122
6844 2842
6845 6460
6846 2035
6847 5768
6848 2434
6849 4728
6850 5372
6851 476
6852 2701
6853 5605
6854 454
6855 4670
6856 6183
6857 4112
6858 4561
6859 2743
6860 3453
6861 3801
6862 544
6863 642
6864 6624
6865 1577
6866 5396
6867 2476
6868 468
6869 1299
6870 2385
6871 1353
6872 921
6873 372
6874 6189
6875 1730
6876 5987
6877 3706
6878 4003
6879 1766
6880 1747
6881 1598
6882 1510
6883 4689
6884 4096
6885 2057
6886 3611
6887 1024
6888 1618
6889 3749
6890 5254
6891 1445
6892 5498
6893 1421
6894 6478
6895 3744
6896 3454
6897 5245
6898 3947
6899 3907
6900 3881
6901 3396
6902 4692
6903 3310
6904 3153
6905 1212
6906 2206
6907 1313
6908 412
6909 1455
6910 5305
6911 3617
6912 1026
6913 499
6914 6010
6915 5071
6916 3654
6917 5736
6918 2043
6919 1519
6920 1341
6921 4553
6922 729
6923 6698
6924 5444
6925 1758
6926 5953
6927 2795
6928 6439
6929 1033
6930 6193
6931 695
6932 2176
6933 4374
6934 4146
6935 3819
6936 3559
6937 5930
6938 4552
6939 3756
6940 2477
6941 1190
6942 2632
6943 2446
6944 3978
6945 236
6946 2997
6947 698
6948 1864
6949 3211
6950 1524
6951 6801
6952 2819
6953 5939
6954 1908
6955 5871
6956 4292
6957 1728
6958 4237
6959 6084
6960 5752
6961 3329
6962 1911
6963 4704
6964 360
6965 2400
6966 452
6967 3613
6968 4252
6969 1134
6970 4833
6971 3532
6972 1549
6973 286
6974 1097
6975 475
6976 1020
6977 6272
6978 2839
6979 3564
6980 883
6981 1988
6982 2049
6983 672
6984 2546
6985 4061
6986 4065
6987 2832
6988 288
6989 4548
6990 1715
6991 3635
6992 1039
6993 2164
6994 5977
6995 2236
6996 4617
6997 6774
6998 3733
6999 3275
7000 273
7001 5613
7002 1089
7003 109
7004 982
7005 4156
7006 4738
7007 2186
7008 5381
7009 3570
7010 1389
7011 1959
7012 6260
7013 2495
7014 6403
7015 1329
7016 4820
7017 4456
7018 1196
7019 5391
7020 3280
7021 5760
7022 1803
7023 3444
7024 4876
7025 5180
7026 7025
7027 4950
7028 6269
7029 4738
7030 1533
7031 5673
7032 4336
7033 655
7034 5824
7035 6740
7036 266
7037 3109
7038 6398
7039 4447
7040 316
7041 1390
7042 3402
7043 1932
7044 4791
7045 5935
7046 4853
7047 2197
7048 1068
7049 4379
7050 515
7051 3773
7052 5061
7053 3707
7054 4405
7055 1991
7056 1956
7057 5706
7058 2834
7059 6054
7060 553
7061 4925
7062 2148
7063 1200
7064 7001
7065 1939
7066 5146
7067 4754
7068 3487
7069 2055
7070 934
7071 2655
7072 4332
7073 2688
7074 5212
7075 1199
7076 2154
7077 2690
7078 6467
7079 2908
7080 1426
7081 4027
7082 1233
7083 3608
7084 268
7085 3781
7086 2274
7087 6877
7088 1554
7089 2922
7090 5844
7091 2653
7092 3503
7093 3739
7094 6844
7095 4854
7096 1025
7097 4186
7098 3056
7099 3312
7100 2069
7101 260
7102 5368
7103 1711
7104 6386
7105 3125
7106 2401
7107 3330
7108 903
7109 464
7110 5141
7111 2266
7112 7031
7113 4161
7114 1746
7115 4760
7116 1944
7117 2526
7118 6582
7119 4682
7120 79
7121 5944
7122 3274
7123 3364
7124 2104
7125 1030
7126 6034
7127 4433
7128 5517
7129 3677
7130 2478
7131 6683
7132 5056
7133 5727
7134 1475
7135 6233
7136 1800
7137 2535
7138 5146
7139 5926
7140 1452
7141 3620
7142 2902
7143 2907
7144 5326
7145 6021
7146 6536
7147 3597
7148 5508
7149 5939
7150 3245
7151 2331
7152 6190
7153 5611
7154 3773
7155 857
7156 3584
7157 33
7158 4965
7159 2857
7160 2619
7161 6912
7162 5726
7163 4538
7164 2591
7165 1634
7166 4647
7167 1909
7168 3525
7169 2709
7170 4725
7171 6973
7172 6302
7173 2242
7174 1627
7175 4712
7176 6314
7177 652
7178 6964
7179 7009
7180 1642
7181 2908
7182 2092
7183 5814
7184 4320
7185 2025
7186 2458
7187 2581
7188 5486
7189 5596
7190 231
7191 2177
7192 5700
7193 2785
7194 2130
7195 4414
7196 2121
7197 4921
7198 6274
7199 7143
7200 5669
7201 6265
7202 4054
7203 955
7204 5598
7205 1225
7206 4705
7207 3006
7208 845
7209 1758
7210 4661
7211 5022
7212 4940
7213 775
7214 200
7215 6510
7216 976
7217 5938
7218 264
7219 477
7220 2059
7221 1832
7222 1282
7223 2437
7224 5175
7225 5594
7226 7064
7227 2035
7228 3796
7229 5371
7230 3599
7231 675
7232 5550
7233 488
7234 2209
7235 2941
7236 3355
7237 928
7238 4357
7239 5642
7240 3103
7241 6561
7242 3857
7243 1551
7244 6235
7245 136
7246 5947
7247 927
7248 4193
7249 7029
7250 1968
7251 2483
7252 7002
7253 44
7254 6554
7255 5691
7256 4802
7257 537
7258 3465
7259 6589
7260 7129
7261 2291
7262 3925
7263 7004
7264 2667
7265 4560
7266 4536
7267 3723
7268 6492
7269 6249
7270 1507
7271 376
7272 1859
7273 6565
7274 1146
7275 5888
7276 4769
7277 2812
7278 5556
7279 5218
7280 3740
7281 745
7282 2970
7283 3221
7284 1529
7285 7198
7286 6891
7287 6396
7288 658
7289 5538
7290 874
7291 862
7292 1752
7293 4310
7294 2421
7295 2551
7296 4696
7297 4793
7298 4287
7299 5709
7300 888
7301 565
7302 3219
7303 900
7304 2498
7305 2784
7306 5664
7307 5623
7308 1623
7309 3508
7310 435
7311 3600
7312 5795
7313 337
7314 3380
7315 3629
7316 628
7317 637
7318 7023
7319 1933
7320 5553
7321 752
7322 5369
7323 6498
7324 6009
7325 4497
7326 287
7327 4952
7328 1861
7329 2260
7330 4653
7331 4303
7332 2171
7333 3
7334 17
7335 6297
7336 3118
7337 3337
7338 7174
7339 2926
7340 6014
7341 3575
7342 2904
7343 4972
7344 93
7345 637
7346 4109
7347 4086
7348 5272
7349 3004
7350 673
7351 2367
7352 7185
7353 1887
7354 4341
7355 2005
7356 4746
7357 2036
7358 834
7359 2600
7360 5748
7361 3364
7362 2686
7363 1219
7364 4346
7365 4422
7366 4895
7367 5216
7368 3510
7369 1430
7370 3108
7371 828
7372 3131
7373 3845
7374 1585
7375 1235
7376 2033
7377 6018
7378 6934
7379 4099
7380 1900
7381 1120
7382 584
7383 5519
7384 1875
7385 2842
7386 537
7387 3645
7388 3314
7389 6457
7390 6912
7391 5637
7392 4586
7393 5476
7394 7027
7395 2387
7396 5167
7397 1743
7398 1270
7399 1796
7400 6787
7401 4916
7402 7080
7403 2719
7404 2787
7405 4597
7406 1271
7407 4811
7408 2354
7409 5720
7410 4840
7411 7336
7412 7136
7413 3662
7414 3552
7415 180
7416 749
7417 5192
7418 5242
7419 6892
7420 2788
7421 4600
7422 7389
7423 206
7424 5040
7425 6606
7426 2687
7427 6506
7428 3102
7429 103
7430 6299
7431 5917
7432 2702
7433 6974
7434 1008
7435 2123
7436 6220
7437 409
7438 4472
7439 6183
7440 7277
7441 3092
7442 4340
7443 2968
7444 599
7445 470
7446 7223
7447 7043
7448 1519
7449 3331
7450 3025
7451 2381
7452 1183
7453 1153
7454 48
7455 3996
7456 3315
7457 4299
7458 7131
7459 3943
7460 3479
7461 4395
7462 3169
7463 1508
7464 1707
7465 6176
7466 2235
7467 3263
7468 4324
7469 6668
7470 6018
7471 3100
7472 5152
7473 5532
7474 1025
7475 4261
7476 4620
7477 5986
7478 3381
7479 2969
7480 5098
7481 1505
7482 2013
7483 614
7484 941
7485 3812
7486 4148
7487 510
7488 1738
7489 872
7490 3527
7491 7383
7492 5595
7493 5549
7494 5648
7495 3609
7496 7394
7497 4666
7498 5003
7499 5298
7500 6957
7501 848
7502 75
7503 6371
7504 430
7505 6397
7506 181
7507 1964
7508 7024
7509 3407
7510 2349
7511 1051
7512 3359
7513 4196
7514 4841
7515 4297
7516 5446
7517 2940
7518 3719
7519 2681
7520 5962
7521 124
7522 1029
7523 446
7524 7294
7525 3358
7526 3941
7527 3288
7528 930
7529 6068
7530 6675
7531 5856
7532 5282
7533 7007
7534 7144
7535 2509
7536 4952
7537 186
7538 3976
7539 4973
7540 3687
7541 3858
7542 1451
7543 4989
7544 5503
7545 1379
7546 1959
7547 1109
7548 1352
7549 1275
7550 1600
7551 4796
7552 6082
7553 5896
7554 3876
7555 6423
7556 2925
7557 261
7558 3914
7559 6947
7560 1101
7561 4360
7562 1056
7563 3303
7564 1320
7565 5381
7566 2890
7567 6716
7568 225
7569 1935
7570 4069
7571 1712
7572 6710
7573 1273
7574 3561
7575 5289
7576 1953
7577 3844
7578 5718
7579 6659
7580 6681
7581 5696
7582 339
7583 1043
7584 2049
7585 1114
7586 1088
7587 5750
7588 1055
7589 6699
7590 325
7591 740
7592 7509
7593 4889
7594 1857
7595 3564
7596 871
7597 7131
7598 844
7599 765
7600 1752
7601 3509
7602 7464
7603 1278
7604 3772
7605 67
7606 4194
7607 3140
7608 2533
7609 5465
7610 7538
7611 4669
7612 7494
7613 5626
7614 4531
7615 2599
7616 2546
7617 144
7618 2055
7619 5377
7620 2906
7621 2368
7622 2258
7623 6551
7624 6844
7625 3402
7626 6252
7627 412
7628 677
7629 6698
7630 158
7631 1964
7632 6914
7633 5502
7634 6008
7635 4478
7636 1553
7637 2900
7638 5265
7639 4476
7640 3941
7641 7606
7642 5243
7643 1157
7644 294
7645 292
7646 5805
7647 4724
7648 5026
7649 4516
7650 5046
7651 5154
7652 691
7653 6008
7654 314
7655 737
7656 6965
7657 4919
7658 1096
7659 1669
7660 5561
7661 341
7662 1385
7663 707
7664 4583
7665 4503
7666 2927
7667 3846
7668 6716
7669 6201
7670 5771
7671 810
7672 7078
7673 6745
7674 6691
7675 3035
7676 4691
7677 134
7678 7489
7679 5092
7680 3791
7681 3446
7682 6781
7683 3568
7684 6904
7685 6154
7686 1794
7687 2045
7688 2329
7689 213
7690 7002
7691 2384
7692 1074
7693 4942
7694 6412
7695 678
7696 4495
7697 1158
7698 3474
7699 7084
7700 2866
7701 5174
7702 1940
7703 6140
7704 3489
7705 7187
7706 3794
7707 1278
7708 2844
7709 4635
7710 819
7711 2607
7712 3525
7713 420
7714 7218
7715 3757
7716 6380
7717 6928
7718 4888
7719 6527
7720 1099
7721 7558
7722 2494
7723 1365
7724 7011
7725 4792
7726 2812
7727 1510
7728 5521
7729 5749
7730 860
7731 1704
7732 2053
7733 1597
7734 563
7735 7349
7736 314
7737 1080
7738 330
7739 1376
7740 156
7741 3866
7742 325
7743 4333
7744 3748
7745 310
7746 323
7747 3868
7748 1563
7749 738
7750 3555
7751 2349
7752 271
7753 5185
7754 2287
7755 4283
7756 255
7757 4755
7758 780
7759 2140
7760 1543
7761 1256
7762 5178
7763 7668
7764 863
7765 3122
7766 5933
7767 4624
7768 5849
7769 4854
7770 1832
7771 947
7772 4042
7773 2583
7774 7254
7775 5046
7776 3958
7777 7098
7778 6972
7779 98
7780 2852
7781 5829
7782 5939
7783 5025
7784 6032
7785 2458
7786 3032
7787 4036
7788 1210
7789 1256
7790 4642
7791 214
7792 4106
7793 1288
7794 4684
7795 5182
7796 1651
7797 3499
7798 365
7799 4758
7800 5466
7801 5206
7802 3424
7803 4431
7804 2438
7805 3673
7806 1619
7807 6548
7808 623
7809 754
7810 2527
7811 6186
7812 6198
7813 6932
7814 3901
7815 3285
7816 1888
7817 4137
7818 4971
7819 4465
7820 5306
7821 3456
7822 1401
7823 2970
7824 1987
7825 4690
7826 440
7827 2999
7828 1148
7829 6956
7830 4180
7831 3851
7832 3993
7833 1563
7834 2516
7835 2168
7836 2191
7837 437
7838 5367
7839 4293
7840 587
7841 2813
7842 1758
7843 7072
7844 898
7845 1368
7846 7202
7847 1854
7848 5968
7849 7416
7850 1781
7851 5696
7852 3337
7853 5547
7854 3681
7855 2263
7856 895
7857 7410
7858 2459
7859 3564
7860 5786
7861 2975
7862 6732
7863 6399
7864 5690
7865 2308
7866 3719
7867 4048
7868 4818
7869 5726
7870 4414
7871 7291
7872 1569
7873 5586
7874 5831
7875 2788
7876 4573
7877 6168
7878 5110
7879 7000
7880 6693
7881 5623
7882 3667
7883 1027
7884 7150
7885 7255
7886 78
7887 2474
7888 890
7889 430
7890 3061
7891 3940
7892 5139
7893 7828
7894 4423
7895 6783
7896 6811
7897 6439
7898 6771
7899 7436
7900 1511
7901 1645
7902 680
7903 2618
7904 1861
7905 6629
7906 4992
7907 248
7908 5026
7909 1554
7910 2226
7911 4389
7912 7762
7913 838
7914 3304
7915 7175
7916 731
7917 6784
7918 4595
7919 5052
7920 4267
7921 3439
7922 7747
7923 6625
7924 1971
7925 5624
7926 429
7927 7162
7928 2718
7929 6237
7930 3071
7931 1691
7932 5048
7933 4211
7934 6823
7935 4761
7936 4328
7937 6951
7938 5873
7939 505
7940 1750
7941 2152
7942 1812
7943 4041
7944 2508
7945 6288
7946 1460
7947 5612
7948 5035
7949 3438
7950 1692
7951 6169
7952 7392
7953 3779
7954 3630
7955 6994
7956 1770
7957 258
7958 30
7959 118
7960 7036
7961 3527
7962 3567
7963 3911
7964 6067
7965 4999
7966 366
7967 4331
7968 7953
7969 2019
7970 2690
7971 7966
7972 2833
7973 855
7974 11
7975 7635
7976 1748
7977 6941
7978 4928
7979 3140
7980 4307
7981 946
7982 4874
7983 4039
7984 3810
7985 700
7986 126
7987 970
7988 6065
7989 5826
7990 2365
7991 4374
7992 1757
7993 1643
7994 5698
7995 1055
7996 2969
7997 2233
7998 2777
7999 6988
8000 7091
8001 6495
8002 1991
8003 4726
8004 5383
8005 6243
8006 709
8007 6069
8008 6226
8009 3386
8010 2905
8011 2613
8012 4473
8013 3185
8014 2243
8015 3428
8016 7430
8017 5250
8018 2660
8019 7488
8020 4783
8021 5498
8022 7748
8023 2216
8024 7657
8025 7891
8026 52
8027 2354
8028 992
8029 7391
8030 4779
8031 2226
8032 1920
8033 2838
8034 7575
8035 1739
8036 4645
8037 3690
8038 4665
8039 196
8040 3224
8041 4761
8042 4629
8043 6644
8044 2833
8045 4686
8046 3036
8047 5047
8048 1458
8049 2264
8050 3312
8051 7405
8052 6562
8053 5321
8054 6616
8055 2503
8056 3075
8057 6230
8058 1274
8059 5536
8060 7355
8061 4763
8062 4460
8063 5859
8064 6084
8065 6170
8066 1630
8067 1250
8068 3074
8069 2933
8070 5998
8071 3564
8072 7323
8073 674
8074 2089
8075 7295
8076 4057
8077 7636
8078 6318
8079 3652
8080 3231
8081 4926
8082 4480
8083 6017
8084 5806
8085 5532
8086 3165
8087 4421
8088 7743
8089 7934
8090 2083
8091 7918
8092 1690
8093 1920
8094 1910
8095 5522
8096 7748
8097 2803
8098 5502
8099 2947
8100 3213
8101 1797
8102 4136
8103 4881
8104 5856
8105 375
8106 5190
8107 2578
8108 6619
8109 8060
8110 5646
8111 1393
8112 3410
8113 3149
8114 2869
8115 4638
8116 5478
8117 7877
8118 7465
8119 3821
8120 3940
8121 4622
8122 5532
8123 1199
8124 4528
8125 7193
8126 4446
8127 3961
8128 2071
8129 1811
8130 1106
8131 4734
8132 2044
8133 3920
8134 2763
8135 3949
8136 7782
8137 6725
8138 7353
8139 22
8140 4805
8141 6742
8142 6587
8143 3037
8144 2683
8145 6980
8146 2090
8147 141
8148 984
8149 6301
8150 7378
8151 8056
8152 6061
8153 2118
8154 439
8155 513
8156 1303
8157 7750
8158 1328
8159 5491
8160 5208
8161 4018
8162 7309
8163 2860
8164 1960
8165 5203
8166 7576
8167 2687
8168 6247
8169 2868
8170 2526
8171 2372
8172 1296
8173 2236
8174 7654
8175 3614
8176 7743
8177 6221
8178 7500
8179 5166
8180 7733
8181 1146
8182 229
8183 603
8184 2952
8185 1013
8186 1318
8187 795
8188 6186
8189 1888
8190 7630
8191 2413
8192 4401
8193 5524
8194 3412
8195 2229
8196 350
8197 7766
8198 7407
8199 2221
8200 1658
8201 6466
8202 1634
8203 3081
8204 2657
8205 4551
8206 4478
8207 5487
8208 1656
8209 5366
8210 7450
8211 2477
8212 3420
8213 7572
8214 1528
8215 376
8216 5069
8217 1744
8218 8047
8219 5056
8220 1804
8221 6803
8222 6979
8223 3799
8224 8134
8225 1693
8226 3242
8227 2897
8228 7101
8229 1641
8230 2410
8231 2997
8232 6344
8233 3493
8234 4769
8235 6197
8236 7399
8237 5987
8238 1791
8239 6396
8240 6750
8241 717
8242 3920
8243 3961
8244 6899
8245 4817
8246 1653
8247 2223
8248 4530
8249 3
8250 6429
8251 8181
8252 6748
8253 6220
8254 3062
8255 2883
8256 3337
8257 4269
8258 4703
8259 5475
8260 3449
8261 4572
8262 4485
8263 2076
8264 2821
8265 3598
8266 6157
8267 211
8268 836
8269 6563
8270 2764
8271 667
8272 114
8273 2160
8274 4269
8275 664
8276 4849
8277 2527
8278 7778
8279 5211
8280 3447
8281 683
8282 8091
8283 2746
8284 5592
8285 3935
8286 3035
8287 1064
8288 3695
8289 7094
8290 1016
8291 288
8292 3162
8293 2436
8294 1284
8295 809
8296 904
8297 6106
8298 6123
8299 4728
8300 5591
8301 7905
8302 7741
8303 4163
8304 8001
8305 4136
8306 7515
8307 7843
8308 5234
8309 111
8310 6284
8311 8131
8312 6470
8313 2655
8314 5582
8315 6238
8316 199
8317 6474
8318 3715
8319 3211
8320 5101
8321 6648
8322 7323
8323 5326
8324 4027
8325 7622
8326 4129
8327 5201
8328 3981
8329 3086
8330 3553
8331 877
8332 3464
8333 5846
8334 6505
8335 2993
8336 6300
8337 1732
8338 3078
8339 1782
8340 5685
8341 5647
8342 5669
8343 5288
8344 5855
8345 4475
8346 563
8347 7852
8348 6026
8349 8153
8350 8191
8351 2100
8352 6764
8353 5492
8354 5879
8355 499
8356 5315
8357 6663
8358 1557
8359 3131
8360 3552
8361 4601
8362 2433
8363 7031
8364 6271
8365 4424
8366 2111
8367 5751
8368 2009
8369 1909
8370 1066
8371 5266
8372 514
8373 5767
8374 3234
8375 7771
8376 3867
8377 3815
8378 5223
8379 3961
8380 417
8381 2520
8382 7030
8383 1010
8384 7794
8385 7111
8386 828
8387 7672
8388 2513
8389 3375
8390 1298
8391 195
8392 4776
8393 7181
8394 6748
8395 3090
8396 1699
8397 7815
8398 587
8399 971
8400 1802
8401 7664
8402 3946
8403 3621
8404 3211
8405 3877
8406 1787
8407 3594
8408 8243
8409 1830
8410 6535
8411 3033
8412 4220
8413 5859
8414 5454
8415 5161
8416 1749
8417 2315
8418 6018
8419 1069
8420 7434
8421 3420
8422 7167
8423 6414
8424 3958
8425 6767
8426 257
8427 8155
8428 890
8429 3034
8430 2271
8431 5663
8432 1785
8433 5885
8434 5873
8435 3672
8436 3843
8437 2038
8438 4435
8439 2171
8440 4564
8441 6257
8442 7238
8443 3645
8444 7887
8445 7740
8446 3437
8447 4849
8448 884
8449 3199
8450 1845
8451 4663
8452 3918
8453 3769
8454 1616
8455 1466
8456 3627
8457 6553
8458 5082
8459 7145
8460 3979
8461 4322
8462 6818
8463 8077
8464 2871
8465 4476
8466 7688
8467 5953
8468 5323
8469 1984
8470 8375
8471 8060
8472 2188
8473 1009
8474 6665
8475 6967
8476 5102
8477 6060
8478 5889
8479 423
8480 3380
8481 5195
8482 2910
8483 6204
8484 3172
8485 6670
8486 3296
8487 5604
8488 2532
8489 3502
8490 1606
8491 4839
8492 2488
8493 4461
8494 5633
8495 3669
8496 4931
8497 6402
8498 4461
8499 959
8500 1677
8501 348
8502 3484
8503 2823
8504 5617
8505 3213
8506 4756
8507 1823
8508 1297
8509 7789
8510 3961
8511 4197
8512 3054
8513 705
8514 5355
8515 891
8516 5650
8517 7335
8518 3142
8519 1756
8520 3306
8521 6243
8522 2255
8523 8311
8524 257
8525 3839
8526 6666
8527 2234
8528 1564
8529 8516
8530 2006
8531 860
8532 6096
8533 4335
8534 1195
8535 4760
8536 7703
8537 1913
8538 2273
8539 3769
8540 6015
8541 3102
8542 3467
8543 1622
8544 7682
8545 4292
8546 7935
8547 4609
8548 5219
8549 8399
8550 4323
8551 4825
8552 4809
8553 5263
8554 1808
8555 2913
8556 2675
8557 7862
8558 1153
8559 679
8560 3279
8561 774
8562 6962
8563 428
8564 472
8565 1375
8566 6740
8567 5882
8568 8069
8569 6579
8570 2869
8571 2326
8572 6158
8573 2299
8574 4916
8575 3919
8576 6835
8577 7865
8578 4770
8579 4441
8580 2416
8581 2128
8582 5880
8583 7634
8584 4522
8585 670
8586 3644
8587 7082
8588 164
8589 411
8590 2063
8591 6365
8592 5413
8593 3298
8594 8028
8595 6750
8596 5802
8597 8595
8598 5247
8599 4918
8600 4682
8601 3741
8602 5637
8603 5464
8604 3332
8605 319
8606 4577
8607 1172
8608 7434
8609 3033
8610 4247
8611 2403
8612 3735
8613 1615
8614 5700
8615 5131
8616 8267
8617 7423
8618 8144
8619 8381
8620 950
8621 2080
8622 6967
8623 7537
8624 3501
8625 2975
8626 7556
8627 52
8628 2621
8629 3547
8630 3572
8631 7923
8632 3494
8633 5329
8634 7346
8635 4745
8636 1621
8637 7821
8638 6926
8639 3986
8640 7802
8641 1817
8642 4060
8643 5371
8644 5122
8645 792
8646 7370
8647 2156
8648 8597
8649 2281
8650 138
8651 2560
8652 5546
8653 561
8654 1742
8655 5581
8656 3065
8657 42
8658 1865
8659 3543
8660 3409
8661 5822
8662 7095
8663 1423
8664 8600
8665 5521
8666 4509
8667 666
8668 3505
8669 5259
8670 1648
8671 3005
8672 5666
8673 5886
8674 8212
8675 1319
8676 7202
8677 3631
8678 7053
8679 476
8680 2646
8681 4249
8682 266
8683 7806
8684 789
8685 5476
8686 7130
8687 8174
8688 4062
8689 3759
8690 2735
8691 7171
8692 8438
8693 8489
8694 8092
8695 4803
8696 5144
8697 1670
8698 8438
8699 147
8700 2409
8701 1023
8702 4308
8703 2418
8704 8295
8705 1852
8706 4642
8707 3037
8708 6590
8709 915
8710 2524
8711 5955
8712 6681
8713 6489
8714 5178
8715 7212
8716 8325
8717 7635
8718 7814
8719 4575
8720 1418
8721 693
8722 8119
8723 3003
8724 4780
8725 2873
8726 371
8727 8116
8728 4691
8729 4860
8730 1877
8731 2201
8732 217
8733 5547
8734 8238
8735 2378
8736 4579
8737 1337
8738 3063
8739 5758
8740 2328
8741 7285
8742 8198
8743 7436
8744 6704
8745 3455
8746 3613
8747 1630
8748 1306
8749 925
8750 4974
8751 3481
8752 2050
8753 4311
8754 3549
8755 7129
8756 1406
8757 2378
8758 5834
8759 4216
8760 6572
8761 5851
8762 8625
8763 6953
8764 5810
8765 6113
8766 6205
8767 7580
8768 1128
8769 4986
8770 3526
8771 768
8772 8077
8773 5588
8774 5289
8775 3692
8776 7342
8777 1302
8778 4289
8779 8395
8780 3882
8781 7397
8782 1907
8783 330
8784 1547
8785 5098
8786 5478
8787 4024
8788 356
8789 1997
8790 2571
8791 3543
8792 7461
8793 6300
8794 2527
8795 1118
8796 4529
8797 3048
8798 3787
8799 6942
8800 3335
8801 5469
8802 1229
8803 1812
8804 7100
8805 674
8806 6350
8807 7158
8808 1648
8809 4504
8810 8716
8811 8324
8812 3622
8813 1898
8814 6976
8815 2944
8816 5446
8817 574
8818 367
8819 4905
8820 83
8821 2921
8822 3266
8823 8444
8824 8531
8825 1822
8826 8706
8827 908
8828 8435
8829 7528
8830 3428
8831 1534
8832 8204
8833 2666
8834 5593
8835 5585
8836 2657
8837 4075
8838 4511
8839 8723
8840 1627
8841 2778
8842 3284
8843 7727
8844 1444
8845 2246
8846 5958
8847 8486
8848 6805
8849 5459
8850 3680
8851 1839
8852 2382
8853 8043
8854 7762
8855 932
8856 829
8857 7303
8858 5579
8859 3855
8860 6785
8861 6621
8862 7218
8863 948
8864 6219
8865 3369
8866 6157
8867 7114
8868 199
8869 5180
8870 7820
8871 6728
8872 7514
8873 4762
8874 2830
8875 828
8876 6986
8877 5003
8878 7169
8879 7682
8880 868
8881 7086
8882 5521
8883 4048
8884 8069
8885 5734
8886 8876
8887 2641
8888 7487
8889 4877
8890 8553
8891 5437
8892 739
8893 2822
8894 4015
8895 3452
8896 1783
8897 4572
8898 2876
8899 6651
8900 6334
8901 263
8902 4178
8903 3740
8904 8773
8905 4367
8906 5377
8907 24
8908 7066
8909 3035
8910 3373
8911 294
8912 4988
8913 7601
8914 656
8915 3120
8916 1142
8917 721
8918 5925
8919 432
8920 7367
8921 8642
8922 6261
8923 7124
8924 5467
8925 3407
8926 1752
8927 2330
8928 1981
8929 3543
8930 5284
8931 8866
8932 4015
8933 7546
8934 3043
8935 8026
8936 4696
8937 8472
8938 2217
8939 1178
8940 909
8941 2627
8942 8075
8943 7586
8944 772
8945 4960
8946 331
8947 211
8948 6098
8949 4696
8950 144
8951 2204
8952 5005
8953 6011
8954 2019
8955 6812
8956 8740
8957 8870
8958 1603
8959 1950
8960 4145
8961 4038
8962 7295
8963 3148
8964 6801
8965 3273
8966 972
8967 4156
8968 1980
8969 281
8970 8281
8971 6579
8972 7309
8973 3354
8974 7345
8975 3142
8976 1328
8977 7966
8978 858
8979 1203
8980 6047
8981 2878
8982 6345
8983 2503
8984 7726
8985 7704
8986 1376
8987 997
8988 30
8989 5631
8990 221
8991 6048
8992 6230
8993 5349
8994 8465
8995 8752
8996 5894
8997 505
8998 7299
8999 5036
9000 7637
9001 8906
9002 2994
9003 4810
9004 3604
9005 2151
9006 6022
9007 620
9008 5005
9009 8299
9010 8665
9011 2117
9012 6456
9013 6762
9014 5729
9015 3577
9016 1793
9017 2985
9018 5894
9019 5077
9020 8187
9021 7542
9022 1423
9023 6918
9024 2678
9025 914
9026 5242
9027 285
9028 7464
9029 2419
9030 411
9031 6406
9032 7895
9033 2827
9034 8979
9035 2797
9036 834
9037 1015
9038 1643
9039 2011
9040 3051
9041 1188
9042 3057
9043 5350
9044 4218
9045 2167
9046 2732
9047 7970
9048 114
9049 1724
9050 8649
9051 4168
9052 5256
9053 784
9054 5320
9055 1062
9056 7544
9057 8375
9058 3813
9059 2243
9060 4236
9061 4229
9062 6651
9063 8239
9064 2472
9065 7329
9066 6070
9067 4001
9068 178
9069 8176
9070 2945
9071 5197
9072 3204
9073 4626
9074 2896
9075 1298
9076 5054
9077 2724
9078 4155
9079 2653
9080 613
9081 7561
9082 6662
9083 4815
9084 4453
9085 6163
9086 8122
9087 1415
9088 6611
9089 3772
9090 8934
9091 2024
9092 1811
9093 6487
9094 2301
9095 6906
9096 2268
9097 8745
9098 3172
9099 3980
9100 8986
9101 6960
9102 8523
9103 7311
9104 1298
9105 3262
9106 4295
9107 4883
9108 1601
9109 2896
9110 8609
9111 2024
9112 8117
9113 1276
9114 8431
9115 1740
9116 4613
9117 1891
9118 1732
9119 4667
9120 2234
9121 1891
9122 3350
9123 3190
9124 5538
9125 4769
9126 3652
9127 6653
9128 6973
9129 4004
9130 4562
9131 3165
9132 3447
9133 1832
9134 3471
9135 5560
9136 1153
9137 2607
9138 1601
9139 7879
9140 6010
9141 7374
9142 3220
9143 4249
9144 5080
9145 3876
9146 3465
9147 518
9148 1169
9149 7210
9150 2704
9151 6003
9152 760
9153 4831
9154 6433
9155 6470
9156 2423
9157 7549
9158 3539
9159 7620
9160 9041
9161 3004
9162 7114
9163 3319
9164 7131
9165 2343
9166 4083
9167 7037
9168 2309
9169 8420
9170 2922
9171 8479
9172 3961
9173 7738
9174 958
9175 6085
9176 8011
9177 8961
9178 2899
9179 994
9180 2435
9181 1665
9182 7850
9183 8512
9184 3698
9185 1115
9186 3401
9187 8046
9188 1775
9189 655
9190 5881
9191 2914
9192 5096
9193 2796
9194 8555
9195 7109
9196 1462
9197 5720
9198 6262
9199 6684
9200 8634
9201 642
9202 7394
9203 858
9204 6940
9205 7744
9206 4654
9207 9112
9208 2331
9209 1508
9210 5049
9211 2417
9212 5311
9213 7806
9214 387
9215 9014
9216 589
9217 8482
9218 4898
9219 6802
9220 3130
9221 8820
9222 7812
9223 3573
9224 1720
9225 5666
9226 2697
9227 3018
9228 8798
9229 4893
9230 2267
9231 962
9232 3647
9233 5508
9234 7566
9235 515
9236 5976
9237 3393
9238 4177
9239 8368
9240 6306
9241 5083
9242 813
9243 2464
9244 325
9245 8371
9246 5831
9247 7333
9248 3765
9249 4370
9250 5799
9251 5767
9252 195
9253 4956
9254 5260
9255 3393
9256 4059
9257 5688
9258 3617
9259 164
9260 8109
9261 4038
9262 5268
9263 6191
9264 5852
9265 1236
9266 2126
9267 6956
9268 1223
9269 8218
9270 6883
9271 2516
9272 652
9273 2645
9274 3875
9275 8622
9276 949
9277 4992
9278 3484
9279 861
9280 7617
9281 4050
9282 2930
9283 7046
9284 9273
9285 2843
9286 4050
9287 146
9288 202
9289 1123
9290 7679
9291 3659
9292 5886
9293 2214
9294 4697
9295 6666
9296 2732
9297 5107
9298 8521
9299 1280
9300 5069
9301 1194
9302 4163
9303 1752
9304 583
9305 6484
9306 9286
9307 4846
9308 3861
9309 269
9310 3141
9311 9075
9312 4247
9313 4625
9314 9293
9315 6976
9316 1753
9317 6415
9318 816
9319 3885
9320 6073
9321 351
9322 4930
9323 2511
9324 5425
9325 2051
9326 4813
9327 1820
9328 1667
9329 1031
9330 8907
9331 6309
9332 7364
9333 1583
9334 531
9335 7392
9336 8431
9337 3809
9338 2030
9339 3667
9340 3889
9341 49
9342 7438
9343 2932
9344 5172
9345 3795
9346 7184
9347 7379
9348 7716
9349 5975
9350 7140
9351 7303
9352 2297
9353 3679
9354 1068
9355 4166
9356 486
9357 9055
9358 2777
9359 1782
9360 1264
9361 2719
9362 4429
9363 2277
9364 1676
9365 1074
9366 8571
9367 5363
9368 6062
9369 667
9370 8151
9371 5829
9372 1930
9373 7549
9374 5232
9375 6812
9376 2045
9377 8532
9378 3128
9379 2968
9380 5066
9381 2915
9382 6620
9383 267
9384 7370
9385 1831
9386 494
9387 4223
9388 7496
9389 7167
9390 1303
9391 4231
9392 8194
9393 1491
9394 7675
9395 3302
9396 7042
9397 3110
9398 3690
9399 4138
9400 1195
9401 6226
9402 8782
9403 7337
9404 6814
9405 4830
9406 4539
9407 1602
9408 957
9409 5152
9410 7531
9411 1041
9412 4712
9413 2524
9414 9251
9415 32
9416 4493
9417 1385
9418 9170
9419 4184
9420 5554
9421 6530
9422 90
9423 4314
9424 5415
9425 3012
9426 3299
9427 9305
9428 9082
9429 8841
9430 8728
9431 4179
9432 7088
9433 9428
9434 6168
9435 3826
9436 5459
9437 5609
9438 2505
9439 293
9440 9353
9441 6824
9442 1356
9443 7561
9444 6870
9445 2983
9446 1260
9447 7467
9448 6823
9449 1346
9450 6030
9451 4100
9452 4834
9453 441
9454 2041
9455 1523
9456 7034
9457 8371
9458 7582
9459 2652
9460 6909
9461 6084
9462 3194
9463 1209
9464 3044
9465 7974
9466 5448
9467 2038
9468 8900
9469 3344
9470 3998
9471 4981
9472 4559
9473 4772
9474 4204
9475 8774
9476 8530
9477 7566
9478 6217
9479 4202
9480 2991
9481 2845
9482 4655
9483 133
9484 5922
9485 3216
9486 5514
9487 3304
9488 7681
9489 8418
9490 6162
9491 1018
9492 2140
9493 240
9494 4068
9495 2325
9496 8447
9497 6968
9498 6968
9499 1002
9500 5137
9501 4464
9502 182
9503 6747
9504 1817
9505 936
9506 7007
9507 219
9508 3699
9509 7313
9510 3360
9511 5377
9512 2731
9513 3851
9514 5256
9515 4973
9516 2607
9517 6143
9518 7112
9519 6309
9520 4287
9521 4919
9522 4263
9523 1386
9524 712
9525 946
9526 9085
9527 4726
9528 3443
9529 3545
9530 3968
9531 6747
9532 5714
9533 5800
9534 1193
9535 7675
9536 1141
9537 1101
9538 3550
9539 7370
9540 6427
9541 1764
9542 1986
9543 6860
9544 9003
9545 5277
9546 5874
9547 3029
9548 1241
9549 1541
9550 2545
9551 2805
9552 7611
9553 2409
9554 5307
9555 2380
9556 1833
9557 5972
9558 4433
9559 5187
9560 7370
9561 7863
9562 2319
9563 2548
9564 8083
9565 4798
9566 3382
9567 2044
9568 6647
9569 3913
9570 9498
9571 735
9572 2585
9573 6131
9574 4449
9575 3363
9576 7421
9577 663
9578 2636
9579 7525
9580 8733
9581 2495
9582 4558
9583 87
9584 4294
9585 2887
9586 5943
9587 3568
9588 1676
9589 1133
9590 1815
9591 3757
9592 9273
9593 7203
9594 125
9595 2329
9596 175
9597 6522
9598 4352
9599 6562
9600 9437
9601 8312
9602 2057
9603 9205
9604 3204
9605 8396
9606 7830
9607 9519
9608 6803
9609 6586
9610 8647
9611 3633
9612 1142
9613 737
9614 6876
9615 7015
9616 8701
9617 2913
9618 1791
9619 771
9620 6905
9621 5423
9622 4251
9623 8210
9624 6921
9625 5388
9626 2835
9627 6904
9628 7501
9629 5304
9630 154
9631 6586
9632 5298
9633 1036
9634 5540
9635 5710
9636 2925
9637 2801
9638 5625
9639 6787
9640 1337
9641 3667
9642 9006
9643 804
9644 6127
9645 6093
9646 5777
9647 5073
9648 3632
9649 3262
9650 2315
9651 2788
9652 9609
9653 4688
9654 4191
9655 7379
9656 3591
9657 8028
9658 6015
9659 6980
9660 6972
9661 2364
9662 9215
9663 3227
9664 9210
9665 4640
9666 743
9667 2501
9668 2484
9669 3897
9670 5125
9671 1958
9672 824
9673 2918
9674 1198
9675 2953
9676 1745
9677 7189
9678 7527
9679 30
9680 1415
9681 5212
9682 9076
9683 6250
9684 8133
9685 2389
9686 5409
9687 3206
9688 2015
9689 3008
9690 5514
9691 3157
9692 3623
9693 5926
9694 3880
9695 1596
9696 8961
9697 4120
9698 6635
9699 6440
9700 4060
9701 6017
9702 4848
9703 720
9704 8426
9705 8692
9706 1991
9707 7311
9708 8375
9709 3537
9710 3245
9711 3093
9712 5424
9713 2270
9714 7650
9715 8248
9716 3077
9717 6318
9718 5202
9719 507
9720 4859
9721 4272
9722 3737
9723 4650
9724 3358
9725 7533
9726 508
9727 1054
9728 3952
9729 5203
9730 9473
9731 5577
9732 7505
9733 4023
9734 4758
9735 3325
9736 5594
9737 2882
9738 7796
9739 4946
9740 9003
9741 7207
9742 1674
9743 3479
9744 5844
9745 5421
9746 3528
9747 5196
9748 8195
9749 5660
9750 147
9751 5830
9752 8705
9753 7171
9754 7107
9755 5176
9756 6397
9757 1303
9758 3777
9759 3036
9760 6181
9761 9506
9762 403
9763 724
9764 2979
9765 3396
9766 5913
9767 7615
9768 2293
9769 1055
9770 9042
9771 9033
9772 964
9773 2556
9774 4997
9775 4248
9776 4497
9777 3899
9778 7610
9779 749
9780 7443
9781 4814
9782 1465
9783 3435
9784 7367
9785 5518
9786 8604
9787 4995
9788 4187
9789 107
9790 5726
9791 8313
9792 439
9793 9692
9794 6675
9795 2236
9796 2160
9797 4006
9798 7051
9799 1515
9800 2429
9801 9443
9802 255
9803 1222
9804 9740
9805 1044
9806 9432
9807 6484
9808 2791
9809 5236
9810 4275
9811 5911
9812 7057
9813 4129
9814 5143
9815 9311
9816 3346
9817 9736
9818 2676
9819 6283
9820 4956
9821 8293
9822 5596
9823 272
9824 6715
9825 8560
9826 9209
9827 4469
9828 2825
9829 6227
9830 8551
9831 7901
9832 9135
9833 6422
9834 3650
9835 9687
9836 9132
9837 2925
9838 710
9839 1480
9840 8069
9841 3806
9842 6864
9843 6919
9844 2834
9845 4433
9846 4543
9847 8360
9848 5921
9849 8887
9850 4678
9851 6563
9852 8601
9853 9196
9854 6515
9855 3183
9856 6924
9857 7500
9858 497
9859 5949
9860 2470
9861 7873
9862 6438
9863 79
9864 1911
9865 3952
9866 6996
9867 3665
9868 9557
9869 523
9870 9040
9871 5582
9872 7978
9873 8338
9874 5808
9875 8996
9876 9594
9877 6176
9878 636
9879 3617
9880 1367
9881 9194
9882 5812
9883 1876
9884 6326
9885 1304
9886 1129
9887 5474
9888 504
9889 2102
9890 6154
9891 5517
9892 3359
9893 2944
9894 8165
9895 9524
9896 4437
9897 1369
9898 3248
9899 8499
9900 5439
9901 6917
9902 1359
9903 5849
9904 1247
9905 6574
9906 6193
9907 669
9908 5974
9909 8473
9910 3312
9911 46
9912 1065
9913 8057
9914 8960
9915 6636
9916 5213
9917 8037
9918 9199
9919 4304
9920 6399
9921 8532
9922 4664
9923 9059
9924 2848
9925 7054
9926 5490
9927 103
9928 4454
9929 2042
9930 8331
9931 1901
9932 952
9933 8362
9934 6676
9935 8316
9936 4688
9937 7282
9938 1015
9939 8368
9940 4216
9941 6950
9942 7241
9943 8517
9944 907
9945 6682
9946 2083
9947 495
9948 3211
9949 9769
9950 298
9951 6032
9952 6685
9953 3707
9954 6022
9955 8804
9956 2860
9957 4848
9958 8421
9959 2498
9960 9064
9961 5169
9962 9499
9963 47
9964 8933
9965 9685
9966 7969
9967 8042
9968 4379
9969 9700
9970 7895
9971 5319
9972 9363
9973 8245
9974 9443
9975 9003
9976 2341
9977 1358
9978 1813
9979 5156
9980 2261
9981 6688
9982 981
9983 1134
9984 1559
9985 8584
9986 804
9987 8736
9988 6961
9989 7657
9990 7921
9991 1913
9992 5050
9993 9284
9994 7595
9995 3468
9996 8176
9997 1147
9998 3108
9999 4541
10000 6259
