1 2 9 10 
59 38 31 25 
90 159 625 967 
3666 7600 1705 1484 
7292 1752 8926 3282 
731 9303 5243 3605 
7916 4232 7642 4418 
3116 8214 1528 4318 
5624 2530 981 1693 
7925 6413 9982 8225 
7281 745 7428 6136 
9422 2720 3102 8541 
1380 2723 2838 4640 
5415 3584 8033 9665 
9424 7156 2511 3513 
9323 5984 3516 3554 
3 4 6 7 
166 69 49 22 
1125 404 5028 65 
1263 1260 1086 924 
3218 2068 3665 9867 
4452 6886 3611 2504 
5020 4805 8140 6288 
5638 5190 2022 7945 
5470 8106 7258 3465 
9446 4376 3549 9146 
6355 4975 8754 4736 
3596 2186 1649 5433 
4175 4548 6989 6674 
5762 7007 7533 9725 
9761 9506 5 14 
5448 579 30 18 
9466 5458 988 1043 
1267 1250 8067 7583 
6459 1089 4557 8988 
7690 7002 7252 7958 
5165 5643 1198 9674 
8099 2947 6974 1097 
3606 8748 7433 2049 
2618 1306 7584 6982 
7903 3221 7283 347 
6300 8336 5038 3704 
8793 6710 250 3603 
8213 7572 8027 4093 
7981 7408 2354 1594 
9525 946 5282 1646 
9415 32 1650 7532 
6672 9006 6022 8 
9679 9642 9954 29 
2085 1100 189 123 
1210 6729 6111 254 
7788 7694 6412 1883 
9455 1523 2064 5694 
6746 4872 2441 5164 
8114 2869 2217 8938 
2103 8570 5400 2751 
5464 8603 8227 2897 
4573 2679 1924 9011 
7876 2010 2117 6035 
9688 815 2015 2404 
4567 2979 5066 6726 
11 9764 9380 6788 
15 26 178 425 
482 447 180 267 
582 2277 9363 2098 
3001 4397 726 9972 
6151 1962 463 2978 
906 3297 4968 2989 
4118 3289 807 6590 
7674 6691 3741 8708 
9383 9852 8601 6434 
7577 3844 1994 3624 
9426 3299 1002 9499 
42 4997 9774 9962 
66 96 129 275 
2101 4668 2371 1430 
1488 6628 6733 4260 
2625 5240 4949 4365 
3929 6504 6045 8892 
6820 3129 479 739 
881 1346 9449 2377 
4248 4486 3151 5106 
9775 820 1734 5401 
8852 2382 4291 7369 
1090 364 390 6869 
1651 296 913 1299 
6452 3593 2171 8439 
2329 9595 7332 2415 
5150 9144 5080 4082 
7688 8466 2725 3155 
7796 2399 3300 3279 
9738 5735 7302 8560 
5924 2847 3219 9825 
3366 3137 2416 4502 
6491 4208 8580 4683 
9666 676 4675 3351 
743 41 9238 1475 
2600 12 4177 2958 
7359 9783 3435 4693 
4773 999 2726 4827 
7943 4041 4978 6664 
8685 6388 4637 2040 
5476 7393 1150 4751 
6648 3121 2888 4141 
8321 7134 6604 44 
4185 373 46 45 
787 528 1457 8014 
9923 9059 1519 2243 
3182 1165 4521 3343 
7448 5766 3813 3688 
1768 6824 9058 6919 
3397 9441 2891 9843 
9911 2014 1979 6424 
1149 273 126 6539 
8108 6619 480 7560 
5818 6325 6087 2137 
6184 9529 3545 1101 
1313 6907 9070 9537 
953 1340 2945 9991 
6067 3814 8537 1913 
7964 3811 1493 545 
5319 8288 3695 2017 
9971 550 6019 6598 
7062 2148 4647 7166 
5266 7000 7879 2318 
8371 9457 9139 2884 
9245 4033 9851 94 
13 8269 6563 97 
168 682 974 2303 
3377 6588 5273 5744 
7737 1080 3703 6317 
2273 8538 5612 1716 
4504 6442 7947 2508 
8809 9120 1618 7944 
4569 2234 8527 6888 
2820 4104 8366 7734 
2144 973 2111 563 
3207 2147 184 133 
8643 5898 1295 1762 
5371 5012 6023 2619 
5641 6335 7229 7160 
3123 1608 5864 8346 
8865 3369 4657 6041 
5790 3587 2066 2972 
4586 7392 7952 4506 
664 9335 5428 4755 
8275 6608 5202 7757 
843 770 9718 6175 
847 2716 3229 3405 
3057 4084 5219 8548 
9042 9770 8992 6230 
7968 7953 3779 8057 
6038 4995 9787 9913 
6333 2990 2941 2077 
8081 4926 7235 7769 
2545 4854 7095 8662 
9550 8276 4849 8447 
422 60 16 9496 
1032 1317 2249 2824 
3589 8354 5879 5435 
5097 5518 9395 3302 
5386 9785 3585 6477 
689 1683 1686 2108 
6464 7441 3092 6722 
9267 8545 4301 5860 
6956 4292 6026 1579 
7829 6734 8348 9230 
8267 211 278 2267 
8616 8947 4251 6519 
5632 2193 9622 5659 
6418 17 109 113 
2790 821 779 125 
3965 4451 4767 5137 
1238 965 6215 9500 
2424 5451 5894 8996 
6162 5808 9018 9875 
9490 9874 6859 2743 
3908 2362 7197 6465 
9594 2871 4921 5509 
9876 8464 5408 5520 
1836 2062 9470 3998 
859 7312 841 1173 
150 5795 8386 4625 
5798 828 7371 9313 
6081 8875 19 24 
282 58 51 37 
488 660 4331 7967 
1178 8939 1720 117 
1848 3859 9224 6668 
6925 1171 3469 7469 
1758 7842 7654 8174 
7209 7736 314 8687 
4618 766 1017 1512 
8969 281 3085 3170 
7233 5874 5303 3694 
4600 9546 6660 6385 
7421 9576 1810 1863 
6522 4717 6116 6763 
9597 607 620 2361 
819 8832 8204 2657 
850 943 955 5420 
7874 1269 7203 9593 
5831 9246 3763 7898 
3428 6415 6226 6771 
8830 9317 8008 9401 
8015 7387 3645 8443 
3835 7710 4970 6430 
5237 8410 6535 8836 
5399 996 2696 3656 
3020 6525 3539 4052 
7819 4465 9158 6599 
35 20 9150 2704 
88 879 2086 3257 
1757 3162 8292 2558 
7992 4001 9067 1595 
9588 1676 1372 5869 
6346 9364 1721 6610 
5132 4488 3201 3223 
6560 6775 3831 4297 
4739 2132 5918 7515 
2125 6835 8576 8306 
9322 4930 3580 4268 
2567 4324 6736 1534 
2708 7468 1974 8831 
9502 8729 4860 1030 
182 5504 9179 7125 
2184 95 994 2093 
21 7335 6297 2643 
101 8517 9943 4766 
9677 7189 3721 5675 
9822 5596 1569 7872 
5412 119 5526 7213 
1434 448 775 3150 
558 515 9249 4370 
1639 1020 6976 8814 
7604 3772 2547 9315 
7431 5917 5953 6926 
8005 6243 8467 8638 
9298 8521 9089 7050 
5730 1102 9235 6638 
6236 9291 3659 5927 
5512 5143 2454 5692 
2644 9814 3673 7805 
2167 3918 2553 5848 
9045 8452 3241 4286 
173 86 53 23 
221 258 265 540 
7414 2966 2622 1969 
3552 4076 4307 6760 
8360 7980 6475 3016 
9847 9339 6667 4796 
7882 3667 4069 7551 
9641 3970 7570 8503 
8461 1128 698 2823 
4322 1854 987 3523 
5397 4639 3836 3600 
5878 6086 5068 7311 
9486 5514 9707 9103 
7847 9690 6572 8760 
6900 1806 1802 5940 
3881 4503 2497 4845 
6142 7665 4021 8065 
2291 7261 7188 6170 
6440 5633 5486 4480 
9699 8494 6251 8082 
8768 6065 7988 8400 
27 814 899 1276 
2713 6897 5245 1654 
1983 4729 5095 6375 
1751 1449 1533 1667 
1403 8382 7030 6400 
3171 5780 2133 9328 
5799 9250 2792 2935 
3803 3070 2230 9113 
3683 2092 7182 3445 
8506 4756 8167 6298 
7426 2687 3681 7854 
1350 433 253 536 
1510 1525 2609 28 
2394 5647 3052 1435 
6882 8341 6703 3308 
3521 5819 8221 5184 
5630 9608 6803 5755 
7727 5650 4313 3576 
8843 1597 8516 8529 
1853 7733 6237 7929 
5651 8180 2995 5441 
8816 5446 1532 458 
7516 7251 2483 646 
6110 643 3368 2817 
9630 5608 4671 207 
226 154 57 108 
3522 5157 33 568 
5757 7702 1940 592 
6756 1647 688 1675 
6341 1878 1050 1559 
3277 3013 5854 2358 
4544 9984 6486 6458 
2992 450 1909 4272 
923 363 8369 9721 
1731 1933 5304 9629 
6540 7319 3069 6679 
34 9389 2460 6102 
64 7167 8422 4621 
111 224 892 1728 
4067 2946 2779 2175 
3546 3183 5185 5211 
9855 6202 7753 8279 
393 1236 1450 1542 
6332 4595 1521 4648 
6435 7918 8091 8282 
6895 2228 2719 3883 
3744 3736 2758 7403 
6830 4661 3459 9361 
9149 7210 4837 9265 
1530 2659 5363 6822 
4439 3621 9367 4429 
36 8403 3076 9362 
75 547 495 1548 
9806 9432 7088 1554 
4694 5276 3834 7909 
3861 2761 2025 7185 
9308 4183 4409 7352 
4649 2340 2280 658 
5255 4216 8759 7288 
7502 9940 9947 8112 
128 836 992 3410 
874 4808 8028 5257 
1154 1436 9657 8594 
1916 1040 7290 3256 
1167 1060 8010 2905 
2200 3660 1458 1507 
9521 4919 8048 4384 
9989 7657 8024 6780 
6981 1988 3217 5170 
8247 2223 8394 6748 
7452 3715 8318 8252 
5099 1183 1830 8409 
8488 2532 2116 7270 
4131 3623 3602 2652 
5142 9692 3787 9459 
5923 9793 8798 9228 
39 6993 40 50 
6166 2380 2164 1233 
9758 9555 1245 7082 
3893 3777 3579 8587 
4049 6144 4012 5439 
5358 5222 7305 9900 
865 3026 1655 2784 
6646 6401 3425 3064 
3034 6495 8001 8304 
8429 5971 1191 1860 
6641 6515 9854 87 
1428 506 176 9583 
5267 2464 3631 5220 
6714 6533 5090 6922 
9243 4085 5683 729 
5277 2500 1566 1522 
9545 1408 2251 3788 
6804 9768 2293 3869 
6078 5248 1755 8677 
6685 5769 3281 6027 
9952 43 73 186 
3685 2604 326 227 
5530 4886 5116 430 
9039 2011 722 571 
5811 5701 3091 9301 
4304 2384 2129 1194 
9919 5123 3466 3154 
9951 7691 753 2663 
6032 7784 1996 6481 
2750 1200 7063 8899 
3563 4213 5750 6651 
858 9203 7587 9062 
5272 7348 8978 4917 
6865 2942 1358 9977 
1577 1344 1671 3039 
3226 5041 4563 4027 
7081 8811 8324 396 
5205 1838 115 55 
4790 9680 4022 47 
2870 1869 539 1415 
5332 3009 3418 9087 
6050 5353 4716 6371 
7580 6681 8712 7503 
8767 1954 884 8448 
1347 701 2765 3759 
185 170 70 8689 
356 1956 7056 199 
1073 552 443 402 
1258 1624 3558 4778 
1968 7250 7881 5280 
5067 4570 5623 7307 
4885 4696 8936 867 
6294 7296 8949 741 
4377 1104 728 5231 
7755 4283 1636 2621 
6711 5603 5180 3784 
9101 2182 7025 7026 
6960 5752 5956 8869 
9297 5107 6564 8628 
48 6247 1461 1921 
54 8168 4707 6377 
80 3892 2152 7941 
99 103 293 301 
9065 7329 2260 472 
991 9197 5720 8564 
4571 7409 270 5654 
4209 762 4969 4351 
5908 3414 107 9789 
5900 7760 1543 3828 
5024 9602 2057 6885 
146 1184 1093 9567 
3720 2080 2044 2928 
4382 8621 8132 5904 
7619 5377 1711 6706 
4152 9511 7103 299 
9287 8906 9001 6393 
52 132 529 691 
521 3464 8332 1937 
279 719 5001 4809 
1607 1511 7900 6735 
3920 8133 9684 8552 
4417 8242 3566 3253 
4003 6878 4222 2940 
4792 2055 5501 7517 
7725 7069 7618 6796 
6842 8863 7395 2387 
1981 948 2494 7722 
5933 4616 714 5985 
7766 8197 8928 7652 
141 56 1022 2739 
157 161 197 2606 
3452 2097 200 800 
8895 7539 7913 838 
9515 4973 2849 3490 
6342 4865 1056 7562 
2482 5909 2968 7443 
2718 7928 9379 9780 
2172 8356 5315 3325 
1495 1058 1240 9735 
1568 205 3062 8254 
2030 3197 2492 4626 
9338 2803 3336 9073 
1685 2067 8097 3932 
3842 9598 4352 4031 
61 131 204 209 
162 9574 4449 320 
247 6920 1341 426 
8302 7741 4955 3122 
8707 3866 4061 6985 
8143 3037 1537 4584 
5682 2160 9796 2745 
4127 8273 8572 6158 
2074 7765 6028 6509 
8631 7923 6625 6580 
523 527 4306 985 
7895 6783 5911 3879 
9032 9970 9811 3507 
9872 7978 4928 663 
1311 1915 2211 3574 
6741 5853 4935 9869 
2584 737 1067 2018 
2383 1243 5858 3947 
2839 5037 6815 6898 
6978 5344 5313 6398 
6206 3608 7083 7038 
7331 1632 2443 5737 
6768 4303 3379 5229 
7864 7951 4517 1792 
5690 6169 7823 2468 
5449 7282 2970 5699 
6720 9937 1818 7655 
5003 7498 5096 62 
8877 9613 9192 191 
6066 478 340 262 
4343 734 1360 2455 
5226 2930 2063 4256 
6432 9282 1481 4794 
9885 1304 485 3492 
8565 1375 2306 3578 
8590 8149 6301 5548 
497 797 1319 8675 
4685 1839 8851 9635 
1844 2676 5524 5710 
6121 9818 8193 6659 
6800 842 1660 7579 
6378 4174 4651 3210 
9858 63 77 106 
164 7800 5466 2828 
711 769 806 882 
2929 1689 1463 1501 
2734 1914 3622 8812 
4574 2886 3063 8738 
4944 4105 5432 1483 
3978 6944 4280 1702 
3235 4393 5440 2153 
5743 5173 9566 3382 
5702 6338 3264 4655 
6463 4345 4346 9482 
6322 6061 7364 4293 
6725 8152 9332 7839 
8137 3555 7750 8157 
4958 9012 6456 5912 
1045 3181 6482 4120 
5804 6709 2736 9697 
3017 2095 1355 67 
6011 8953 7605 6178 
4347 5155 3981 8328 
2926 8668 3505 4428 
7339 68 790 1357 
7569 7102 5368 1949 
1935 2728 7043 7447 
1069 2112 1932 4520 
6135 4979 4891 2271 
3097 4509 6051 8430 
8419 8666 9472 4559 
3802 1613 2485 6005 
8305 4136 8102 6208 
4512 2866 561 8653 
6597 7700 3999 5082 
877 725 6407 8458 
8331 9930 2274 3790 
3295 8881 7086 9419 
2582 71 4184 72 
4924 4963 7279 5218 
1332 1714 3036 8046 
252 3794 9759 9187 
2633 7706 2980 74 
6075 1445 650 375 
7286 6891 1323 4946 
4496 1364 5836 9739 
6507 5239 4688 9653 
2341 1424 3937 9936 
6556 9976 4423 7894 
4242 9331 6309 8105 
4270 9607 9519 1471 
104 76 1581 2577 
122 759 957 1013 
5989 1740 1343 1083 
5387 9115 5595 7492 
3591 1856 3344 9469 
9656 3705 6688 9981 
5162 3095 8535 3111 
2220 2878 4760 7115 
5696 3655 3841 8981 
7581 7851 6448 8185 
5127 9408 1225 7205 
3431 1754 3497 6163 
3995 1872 9526 9085 
2222 840 3550 6441 
251 231 78 9538 
259 456 608 5373 
1410 952 2309 5662 
3646 9932 9168 6372 
1308 7603 3765 9248 
4159 1278 7707 3415 
845 3266 1047 5997 
7208 8822 1132 1137 
8725 2873 2730 6810 
343 2755 7552 6082 
1038 1401 1426 5760 
1799 1487 4472 7021 
7912 7762 8854 7438 
2710 5178 8714 9342 
79 6523 7080 7402 
89 190 509 781 
427 5109 4831 4146 
4641 7822 9153 6934 
6839 1975 8150 7378 
2984 798 1391 2322 
700 1747 4404 6174 
7985 6880 4403 3309 
2458 7785 5941 3751 
7186 310 3791 5333 
3989 7745 7680 5652 
7120 9863 5375 9802 
704 1211 4910 255 
244 81 91 7756 
6130 3352 3905 5670 
5607 3267 1203 5160 
8979 8853 8043 6644 
9034 1387 5350 6676 
7427 6506 9043 9934 
2284 4789 8402 6875 
5991 9480 3946 1730 
8022 5488 2991 3472 
7748 1563 2588 2858 
8096 7833 394 4046 
2141 4203 595 5063 
9751 5830 1068 9354 
102 6382 7048 4937 
233 2565 3273 5168 
2648 9288 8965 6291 
5815 202 2174 2531 
1349 82 6493 4632 
2520 8381 8619 8370 
8263 2076 203 1066 
6187 2311 5562 6374 
4441 2255 8522 8916 
8579 4909 9612 1142 
6784 7997 2233 1113 
7917 8624 3501 4514 
2075 1209 9463 5976 
1840 6017 6273 9236 
3385 9701 8083 9564 
4993 6070 9066 83 
160 138 92 85 
1590 2543 3433 3538 
9676 3156 2776 2350 
1745 5842 1116 1393 
3556 2674 5072 8111 
292 436 2263 2711 
2334 3047 7855 214 
3850 2626 5843 7791 
5510 4432 5419 7648 
8085 7473 5532 5026 
7645 385 8122 7908 
2183 542 9086 3473 
2248 2048 3916 5403 
3848 1540 1072 6566 
2073 1621 4938 6216 
3728 8636 5915 1576 
4550 4130 8453 1049 
4369 4335 3769 8539 
84 8533 6348 3990 
195 667 686 8639 
1656 2088 9667 3986 
4896 5531 2501 1873 
3402 7625 5828 3778 
4719 7042 9396 8271 
3964 895 2187 4523 
8208 2122 7856 2412 
9252 2560 8651 5285 
2300 1680 2656 4743 
6913 1774 1727 6109 
499 2189 3924 3948 
4551 2426 5636 8355 
8205 5707 6633 9369 
950 228 93 7344 
8620 3687 5120 8391 
5625 7540 9880 1367 
9638 8207 5487 5233 
1876 4833 7926 429 
9883 6970 3871 782 
644 220 100 98 
1326 1668 1679 2143 
1894 3167 4244 7638 
3944 4905 8819 5265 
2023 1945 2480 5899 
5913 4383 5046 7650 
9766 6331 7775 9714 
7538 3976 4603 5672 
7610 1059 4037 6694 
9778 4489 6750 8240 
5314 8648 8597 8595 
5588 8773 8904 116 
5550 3127 2675 8556 
7232 4050 6073 9320 
9281 9286 2128 6044 
4546 9306 8581 105 
624 338 225 120 
1185 1277 2562 4466 
2579 4782 2921 8821 
6380 7716 9348 6558 
6636 6538 5635 6719 
9915 9156 2423 1282 
2853 1378 4285 7222 
5131 8615 2694 8569 
3797 5535 4132 6579 
2763 2461 2061 8971 
6129 5322 4111 4000 
8134 8224 6455 6753 
469 380 297 246 
514 2390 2398 5366 
4227 1837 1585 8209 
4483 5083 7374 5325 
2859 9241 9141 451 
1041 8372 4032 3456 
9411 1212 3856 7821 
6905 6313 3693 8637 
9620 5805 3738 8566 
1966 7646 6276 6740 
2805 8806 6350 7035 
3055 9551 5054 9076 
1574 1513 522 9682 
1756 2201 8731 2466 
9881 9194 8555 2913 
8834 5593 7989 9617 
7461 4395 5826 4811 
8792 6200 6765 7407 
2742 8519 8742 8198 
2278 3427 6665 3799 
6541 5719 8474 8223 
5937 4180 4326 4681 
3795 5317 7830 9606 
9345 110 366 367 
466 7022 1803 459 
830 1192 1363 3755 
8782 1907 3152 4273 
9402 5934 3801 6501 
3054 8512 5747 6737 
3038 9183 4290 487 
6702 1248 1044 833 
2549 1807 9805 6861 
6624 6712 778 1780 
6864 1001 949 9276 
9842 1697 2020 1396 
112 5614 3408 4954 
155 9961 5169 6500 
377 554 597 623 
3855 2473 816 631 
8859 5554 9318 897 
5803 9420 6203 2950 
4943 6097 3315 916 
4705 7206 7456 1322 
4741 3830 1324 7808 
5698 7994 4453 9084 
7126 6034 5727 7133 
9325 2051 771 9619 
4695 2673 5586 7873 
4624 2235 4278 9861 
7767 7466 6363 5336 
921 834 136 114 
1156 5935 7045 6451 
6795 3914 3317 232 
7721 7558 5599 1868 
7238 4357 6790 4350 
8442 4074 960 271 
3902 629 423 286 
3023 9171 8479 875 
7196 2121 1046 1031 
9261 2124 6241 1961 
4038 6827 9329 5782 
8961 9696 6420 6595 
9177 2475 3960 1160 
9135 5560 9724 3358 
9832 9579 7525 2487 
9225 5666 8672 4143 
8691 7171 6973 9128 
8547 9753 302 945 
4609 3875 9274 1392 
6182 1399 4692 6902 
6212 5431 5124 6831 
6468 5342 5597 118 
2420 1885 446 283 
2764 2895 2131 4459 
8270 685 885 2317 
1054 9727 1995 1549 
4366 3242 1766 1218 
8287 8226 6879 3643 
1064 2939 8115 4638 
3700 4310 6972 7778 
4913 7293 9660 8278 
3365 3520 3880 4940 
6575 4744 9694 7212 
7523 9474 6071 8715 
9425 4204 6360 1931 
3012 888 7300 121 
7614 4531 4072 1737 
2375 5214 4390 5209 
1402 1629 5619 6483 
9541 1764 1989 2269 
2988 2793 2283 3188 
5413 4857 3324 8274 
8592 8257 4269 9563 
7555 6423 6632 2548 
8144 8618 3340 124 
2683 9743 3479 502 
3101 9448 7460 1601 
6278 6823 7934 9138 
4893 2568 8089 9108 
9229 4164 2655 7071 
5787 4264 8313 9791 
7548 1352 4715 401 
9633 1036 659 503 
127 172 3249 3371 
239 331 4844 3754 
462 475 808 1202 
7911 9846 5380 2016 
4389 4543 5468 6186 
1442 6552 8188 7811 
966 1718 2435 4870 
5339 3975 9180 977 
6421 2586 2867 3601 
8335 1188 9041 9160 
2993 990 5252 8696 
6936 3559 5144 4119 
5745 9083 1527 1957 
5093 4815 1377 3482 
3959 1934 1042 2166 
6853 5605 2647 6479 
5571 3259 3348 3635 
350 196 130 6991 
360 1626 2142 9016 
3712 9925 7054 1793 
6964 7178 4405 4757 
3008 2194 5094 5241 
9689 6083 8104 9776 
7531 5856 7325 4497 
9410 3059 3654 4581 
2611 3595 6916 4674 
1610 4545 4814 9781 
1850 468 1673 3041 
1760 6868 5508 2903 
5228 9233 7148 1821 
4615 5995 134 7677 
287 237 235 6255 
1186 1273 2448 4617 
5051 2775 9866 6996 
7573 3168 135 290 
6471 3349 1412 956 
2370 1489 4735 5722 
6231 1977 3628 3675 
2631 1019 2636 9578 
4237 2883 4992 7906 
6958 8255 9277 5474 
1598 1227 716 9887 
3636 2583 2874 4836 
6832 3419 3081 3115 
7773 8952 5005 9008 
4677 4433 9558 8203 
5183 9845 7127 2684 
398 2721 6405 6881 
208 1769 2149 2305 
9190 5881 4361 4494 
137 8918 5925 6210 
370 3642 5581 8655 
6657 3429 1719 4532 
5821 4199 1593 6293 
2783 4672 3786 7530 
1486 5813 6675 9794 
432 549 674 2346 
8284 1024 870 1736 
5592 2795 6887 2796 
1359 1115 9185 9193 
9902 6705 3484 8502 
4379 6329 6692 9278 
7049 1993 9968 3739 
9094 2301 4864 7093 
5269 1466 2204 8951 
1538 8455 4740 5485 
1078 927 609 971 
8743 7247 5346 1077 
7899 7436 6220 8399 
2003 2009 8253 8549 
4330 5814 8368 9239 
3815 7183 9939 5847 
8377 6927 139 181 
707 670 578 334 
2096 2326 8571 9366 
8194 3412 1447 810 
9392 4007 4508 4252 
6404 9848 5921 5578 
5749 6467 6781 7682 
7729 7078 8879 8544 
8387 7672 6968 9497 
6813 9570 9498 7671 
9174 958 1181 1644 
6209 4066 3638 5253 
7807 6548 4443 3350 
5149 3228 7663 9122 
8298 6123 140 312 
3159 794 492 491 
1416 5009 3396 9765 
3824 4883 9107 6901 
5370 5496 2523 3748 
6794 6766 5447 7744 
6544 3943 7459 9205 
5392 2727 512 9603 
7128 5517 5385 1329 
2444 9891 9615 7015 
1318 8186 7372 1547 
8649 2281 3131 8784 
9050 2208 4415 4801 
7304 2498 1944 7116 
7170 9959 4179 5087 
4725 5430 9431 5981 
142 5062 9729 8359 
891 5354 5203 8165 
1841 2239 2445 9894 
8733 5547 2181 2738 
9580 4020 4129 4889 
7853 6013 8326 7593 
4139 4169 9813 143 
4117 3750 399 158 
5980 6392 8515 7060 
6364 2440 3104 553 
5191 632 4240 452 
2295 1831 1155 894 
3734 2698 3457 6571 
5101 3489 3792 2662 
8320 7704 6165 2943 
4914 8985 3313 3663 
6347 9385 4124 6966 
7363 6449 4192 3906 
1219 3641 6225 3639 
3515 1133 483 1201 
4874 9589 849 2982 
4542 3018 2407 5721 
3333 1381 2490 6327 
8828 5126 5434 9227 
8435 3672 3380 7314 
8222 6979 8480 7982 
9994 7595 3564 7859 
149 152 8071 5590 
144 730 758 2686 
8913 7601 3509 7362 
6403 2242 6280 3953 
7014 7173 2159 3234 
4212 8374 5988 6100 
1739 630 593 2818 
8035 9435 3826 4454 
7143 2907 169 9928 
7199 5023 4228 241 
6755 1270 1105 329 
1509 4333 7743 8088 
5680 5622 9069 8176 
6518 5347 3051 9996 
9523 1386 9040 9870 
3928 8030 4779 5450 
5092 2206 7391 5637 
7679 9290 8029 8602 
9663 3227 6906 1370 
7398 8910 9095 4834 
3470 3373 151 9452 
6447 5081 145 851 
6752 5794 5685 8340 
1374 1048 947 3072 
2288 1690 1315 1628 
6542 5007 5549 7493 
4221 3272 6340 5877 
4911 4582 5664 8092 
6015 5398 7306 8694 
8540 9658 7771 9057 
1151 9708 8375 3854 
9750 4902 8470 1573 
4402 147 748 1819 
5027 5511 6176 7465 
2279 8699 9877 8118 
4348 761 2747 6002 
4820 3400 3185 8013 
7016 4875 148 4340 
414 153 6107 7442 
544 1725 1832 2307 
2032 7607 3140 6761 
7224 5175 3615 7979 
6862 6444 6494 7770 
7221 8724 4780 9133 
4419 3541 640 526 
8308 5234 1000 2109 
1400 677 6049 6159 
1942 2427 4900 5235 
3231 1010 576 6649 
8080 8383 1189 1265 
1351 1266 5374 1858 
1875 2105 2909 2974 
7384 7309 3508 5653 
8972 8162 6217 9478 
2809 8424 3958 7776 
3409 4437 9896 3107 
8660 3907 1677 8500 
4305 6899 1578 2190 
6923 8244 2327 3926 
6698 7629 3950 4491 
438 156 5473 6792 
1027 4730 1009 1898 
7883 9909 8473 6126 
3711 7037 3109 3588 
1925 9167 1666 7940 
6285 7623 6551 1750 
4871 3192 3049 1414 
5297 1232 5251 5998 
4138 2472 3014 8070 
4484 9399 4161 5436 
7065 8023 7113 9064 
1939 2216 3849 9960 
8297 6106 5906 163 
8813 6806 5689 171 
7479 2969 1070 421 
4501 665 4487 3934 
1289 980 4732 6359 
6192 5936 869 2759 
4123 4438 6180 7996 
4881 2058 2002 4797 
8103 3124 3862 4064 
8310 6284 2282 3436 
1544 5824 6627 5365 
9456 7034 165 601 
4994 2107 313 264 
6253 5422 690 703 
8554 5186 5279 1187 
1808 4765 5388 5992 
1536 3138 9625 6751 
6336 3680 8850 5424 
8862 7218 7714 9712 
361 541 1470 4059 
8160 5208 5104 9256 
4527 6607 6188 5006 
3236 2275 3080 5983 
5772 2072 6414 8423 
9747 5196 3440 3323 
167 7890 3061 2780 
4699 826 336 411 
7950 1692 9632 5748 
9134 3471 5298 7360 
6148 3930 7499 8589 
9030 1658 1284 6840 
174 8200 8294 5128 
2027 7462 3169 3609 
1784 3411 8411 7495 
4445 1338 3033 2102 
9110 8609 5838 9889 
533 9147 518 5117 
263 1014 3032 6064 
2406 3931 7786 1870 
8901 175 222 530 
6408 5261 817 1427 
4135 3766 2808 4947 
4157 914 3806 9841 
5479 9025 5665 2753 
316 7040 5725 3997 
756 3969 4109 6099 
4043 7006 7346 8634 
7029 4738 3537 9200 
7249 6361 9709 6863 
9299 1280 5557 642 
6410 6234 4334 9201 
1735 4538 1404 2161 
5130 7163 9827 4469 
179 319 1235 1631 
177 1896 2332 7375 
4047 767 9906 6193 
9289 6060 8477 6930 
1123 467 1383 8605 
4325 1121 1901 9931 
7731 1704 2046 2031 
9088 6611 5264 2772 
3592 3894 6524 9571 
2376 863 7764 735 
4714 795 1342 2541 
9649 3262 8187 9020 
3823 9105 9175 9077 
9816 3346 6085 2724 
4713 1398 183 2247 
8262 4485 4602 3232 
4219 2615 7419 3491 
4257 4770 6892 5498 
4925 7061 8578 8021 
2697 1963 295 187 
4537 4761 7935 8546 
5328 1242 543 308 
1264 6256 3868 8041 
9360 5405 7747 7922 
9226 3888 3416 5801 
3007 6773 671 1061 
2802 1990 580 325 
9691 1871 862 2082 
3157 3006 2414 7291 
6098 6578 5910 7871 
8948 7207 2333 3160 
9741 1159 1140 5292 
7191 2411 2004 9244 
2177 7998 3679 9353 
6389 2777 6429 9440 
5197 9358 8250 3722 
9071 7356 1366 7590 
1723 4224 9145 7742 
1688 1706 3876 7554 
1285 784 618 188 
4746 1320 3246 4737 
4628 7564 7077 5634 
5471 2207 2690 5378 
7836 2191 7970 9047 
5598 4698 4100 9451 
7204 8086 3165 1361 
9053 1286 9131 2470 
4636 3386 8009 9860 
9929 2042 4399 6138 
5729 9014 4510 6323 
9662 9215 192 303 
581 304 8183 603 
602 5341 1195 2203 
3783 9773 2556 2366 
3512 9421 2901 4880 
3093 6530 4785 5565 
9711 5102 5732 8534 
8476 2065 1504 4080 
3839 2316 2613 2856 
8525 6036 8011 9176 
9400 193 1625 6670 
6324 697 3050 8485 
1823 8507 1959 2056 
6270 7546 7011 5394 
9964 8933 7724 194 
465 335 315 307 
596 2356 1670 3384 
2339 3619 2554 2559 
3444 3915 5681 6235 
2285 7023 7318 7244 
993 9893 2944 6113 
3713 8697 8815 8765 
750 2413 4026 8191 
1560 926 4990 8350 
5050 374 1955 2965 
9992 5960 3375 5640 
9559 5187 8389 357 
2794 493 453 382 
886 857 681 695 
2499 2199 1771 742 
4653 7330 2451 2456 
4416 8068 3074 2954 
6290 6330 7609 5465 
4431 3331 3822 5846 
7803 7449 6931 8333 
5887 4505 1103 4167 
5163 7626 6252 551 
2429 8087 4421 1094 
9800 3454 4034 5534 
6896 2257 5025 7783 
6687 5657 9803 1028 
8425 8156 1222 1307 
6767 1303 9390 1205 
1545 9757 198 657 
5158 7230 3599 2638 
7861 2861 2256 4277 
4596 2975 2632 2400 
8299 4728 6965 201 
9009 6849 7656 6438 
8625 5914 6942 9862 
8762 6114 8799 3398 
2654 9865 249 2439 
3804 3952 9728 206 
8245 4817 4549 520 
9973 8220 1804 2572 
793 2450 7948 5035 
3962 6609 4479 1437 
4040 4987 2104 1459 
6357 1815 3407 7509 
9590 7124 8925 7592 
3651 8923 1741 1441 
9821 8293 2436 1738 
9309 2973 7488 3179 
8727 5221 8019 5111 
8116 5478 8786 4749 
738 7749 2917 4338 
2955 7350 673 3361 
3195 9479 210 269 
4966 4202 6172 3449 
212 280 4090 8260 
489 538 637 937 
4147 3534 1467 1006 
5577 2977 3448 6018 
9731 6545 7470 7377 
8418 6834 4768 6701 
9489 7192 5700 6001 
9882 5812 6139 3193 
5768 6847 5870 4398 
922 1206 5537 5778 
8317 4253 6090 4088 
6474 4781 5866 8614 
5491 3838 7317 3684 
8159 5552 7345 8974 
3506 803 306 213 
4300 1158 1477 4931 
7697 3517 3863 8496 
2729 2877 4160 5153 
6586 3607 5523 5331 
9609 9631 8172 1296 
9652 5857 2961 2070 
5497 215 1197 4858 
7689 1767 661 801 
6857 3488 344 5771 
4112 4915 1124 7670 
5538 9124 3025 5691 
7289 5865 7885 7255 
3884 7450 8210 9623 
3200 2806 1292 9799 
8059 5536 1224 1515 
7198 6274 4394 3079 
7285 8741 6351 1395 
5545 5281 5019 2253 
9645 6093 3135 3867 
1035 827 216 8376 
1114 1659 1456 5817 
7585 4536 2428 1886 
6181 9760 7266 6352 
1479 917 284 217 
1843 2587 4461 8493 
6799 6025 8498 5151 
8909 9394 6108 5236 
3035 7675 9535 9809 
8286 3220 4091 4201 
3553 9142 5885 6654 
8330 5678 8433 8215 
8752 2050 1482 376 
8995 9271 9163 352 
5086 2516 3319 1180 
6731 7834 6744 3582 
1122 5391 7271 6594 
365 7019 9319 3885 
7780 9019 5057 3003 
2852 5077 6791 8723 
5411 1603 1798 8839 
5579 8958 5613 6433 
8858 7064 7001 9154 
7798 7226 218 257 
8779 8395 3090 813 
5963 346 285 3311 
2529 854 9027 3922 
6439 6928 6461 5372 
7897 7717 4002 6850 
8524 3583 9242 2760 
4113 6311 8258 4703 
9704 8426 2272 5294 
7848 5968 419 219 
6555 1637 4493 9507 
5602 995 5481 9416 
6334 7439 6183 6856 
8900 9599 6562 8052 
9468 7641 1110 1794 
4194 7606 223 1816 
2140 9492 7404 2787 
7759 2388 3626 3176 
3233 1948 6537 4644 
2661 7712 3525 4319 
3770 7168 6068 7529 
4442 7217 5938 2576 
7739 8959 1950 8778 
1376 1905 2372 4289 
8986 9100 8171 5462 
5901 5671 5502 1903 
6489 8713 7633 8098 
9995 8182 5015 2595 
3468 245 229 5452 
2603 317 7112 9518 
4392 5673 7031 8363 
6700 2091 6836 3872 
6484 9305 6417 1820 
9807 9427 3015 9327 
2596 230 260 1833 
2359 9450 6030 4953 
1262 3805 3478 4108 
4311 8753 4411 4353 
6365 4562 2827 4795 
8591 9130 6811 9556 
9771 9033 7896 7101 
7241 6561 4492 8228 
9942 234 391 4187 
3627 4473 6213 9788 
8456 8012 236 6945 
1882 6122 351 5695 
238 8758 9321 8401 
4276 5834 4583 7664 
6655 5295 327 2814 
7053 3707 240 381 
8678 9953 464 3870 
2642 835 507 668 
3388 1199 935 2221 
5609 7075 4554 8199 
9437 7159 2857 2854 
9600 7297 4793 1539 
8123 3327 2138 7937 
2259 8964 6801 6951 
3357 4170 5676 8322 
9719 6498 7323 8072 
9195 7109 9950 298 
8680 2646 718 566 
5364 919 362 242 
925 9715 8248 4530 
8749 4658 1297 8508 
5055 4355 3077 1179 
6512 5442 9716 2265 
587 388 384 243 
7840 9137 1460 7946 
7711 2607 4611 4939 
8398 9516 5100 2960 
3082 4821 2241 4344 
4364 4387 5763 4907 
7668 6716 839 3291 
7763 7567 3542 6567 
4238 898 1253 2351 
6000 7844 4153 3421 
5546 6277 5036 5018 
8652 7390 8999 8380 
7161 6912 1026 417 
2771 1743 7397 248 
6244 6147 8781 7907 
605 2084 2244 4134 
2261 2902 7142 9980 
3820 4659 9946 256 
6416 8090 2083 6091 
3614 715 627 261 
8175 3443 1448 713 
9528 8682 266 6228 
7557 1976 7036 7960 
8432 1301 3437 8446 
1785 268 4825 8551 
3996 6817 7084 9830 
323 1107 7699 7455 
442 613 3265 6179 
4261 9080 9823 6819 
7475 9966 3485 272 
8003 7969 2019 3403 
4726 5515 8954 7746 
9527 1053 1034 424 
1867 1801 274 2829 
5746 2864 510 1331 
2037 7932 2069 3992 
1964 5048 3178 6596 
7507 7640 7100 8804 
5174 3941 2816 9955 
7701 7526 4068 9494 
7631 3215 3024 6640 
3320 4723 4266 6841 
7487 5823 3477 5045 
8888 8698 1790 2212 
6171 5541 2289 3682 
4008 4435 8438 8692 
6047 4057 8076 9705 
8980 3955 2013 4214 
7817 4137 7482 6173 
276 531 2936 5084 
9601 8312 6470 3099 
535 785 1117 3383 
5589 2045 2624 2754 
7119 4682 5359 3858 
8664 8600 9376 7541 
7687 6529 3610 6264 
9155 9312 4247 8610 
2000 2918 9673 6492 
3284 2879 9334 7268 
8842 4912 1283 6248 
6696 7005 4156 2298 
4426 3453 8967 277 
6478 6860 9543 3956 
6894 4029 349 476 
4144 1923 1174 511 
7999 5393 6191 9263 
6988 5774 1413 1432 
288 8291 3480 1290 
7145 6021 5369 5154 
8459 4610 7322 7651 
6279 2115 4014 6851 
6088 3447 8280 3042 
5427 4507 9132 9836 
4613 5902 6616 8679 
6367 9116 8054 1652 
289 309 318 387 
353 5148 2552 876 
853 931 2397 3982 
2875 3338 5845 4906 
4577 6777 5889 6306 
8606 6816 8478 9240 
9181 1665 4316 4800 
9485 3216 5506 6793 
5275 6437 1244 6829 
9438 2505 1417 824 
6568 5978 4444 3191 
3254 868 773 4519 
9672 8880 2801 9637 
7179 7009 8358 3657 
6059 3570 3714 1557 
2215 4282 300 2924 
2213 3134 291 3287 
4206 2851 4835 5286 
5260 9254 7644 9214 
3743 1494 294 400 
6884 4096 6048 6052 
1148 6343 8991 4359 
305 1217 6776 2894 
2932 2833 9079 2653 
9343 7972 8044 7091 
7828 311 8911 8000 
7893 5338 6185 2651 
2409 8700 1904 1592 
9553 5677 3618 5362 
321 6197 322 3732 
4011 8235 8437 4279 
6946 2997 2038 638 
8231 484 324 2357 
5973 776 583 9467 
3341 2952 792 8645 
6623 5075 3758 9454 
7485 3812 1952 2041 
5499 3261 1763 4457 
4234 5841 4689 5223 
4522 9270 6883 8378 
8584 6683 7131 7597 
9985 3933 7458 9164 
8184 9004 1251 5505 
4690 3604 5053 5655 
7825 5461 7730 9304 
5959 1514 860 4077 
3066 2799 328 5733 
2150 4101 2700 8746 
9924 2848 3613 9275 
5855 8531 6967 8622 
8344 8824 8475 3686 
8239 6396 6576 4866 
9063 7287 616 4535 
9349 5975 330 617 
9173 7738 8783 1951 
2677 2840 6738 383 
6211 9792 2344 332 
8797 439 8154 1518 
3048 3551 5299 5837 
3904 5000 546 6312 
5460 6602 333 1855 
9096 2268 2598 3785 
9404 6814 6450 337 
8599 4918 9121 358 
6757 1622 1891 5250 
2741 8543 9117 8017 
496 1619 7806 8683 
5919 473 9213 2489 
6058 556 2535 3919 
7262 3441 6337 8575 
3925 3745 3874 3935 
6263 6167 8285 4356 
9093 6487 7137 7942 
8504 7153 5611 1812 
5617 4249 8681 8803 
1691 4468 7910 2226 
7931 6117 9143 8031 
5892 8130 4094 5967 
818 1106 2224 3569 
733 3971 3912 5591 
339 1517 3709 8300 
1682 6009 5437 8891 
2910 4959 7324 9873 
8482 5679 3078 8338 
9217 2881 1970 3594 
7582 4904 4697 8407 
9458 5907 9294 7661 
9429 5033 5129 341 
8841 2778 2266 7111 
7274 1146 5194 8385 
345 8181 2467 1827 
9522 8251 5822 342 
4263 3073 8661 4245 
4862 6526 6265 4660 
8526 6666 8501 7201 
354 9295 348 4255 
2292 1409 355 1998 
5030 359 7246 5947 
6205 8766 368 1846 
369 3800 9670 5125 
585 1369 9897 4284 
4540 4274 8397 7165 
5217 3285 7815 1634 
9839 1480 3322 8202 
7118 6281 9844 5361 
6582 4679 2834 7058 
2689 4162 4198 3782 
5500 2373 680 7902 
1906 983 610 5674 
4985 371 1099 3633 
6697 754 7720 9611 
1465 915 4422 7365 
2395 5926 7139 1312 
6039 9693 3475 1928 
7490 3527 4354 4250 
4407 7961 1334 2976 
4456 3060 4103 6774 
7017 4226 5862 6997 
5426 5172 5454 8709 
9782 9344 8414 2841 
1772 2276 4807 7809 
2731 1605 1196 372 
9512 2658 2781 3762 
8078 5957 5897 4287 
6318 9717 7298 9520 
9284 9273 2645 1226 
9993 9592 7018 6873 
6161 5039 2569 2983 
2486 3022 1388 9445 
378 1084 2336 2345 
1817 8641 3504 4965 
5198 9504 8807 7158 
694 8230 2410 548 
379 7933 4211 2898 
934 984 8148 5049 
2672 9664 9210 5193 
6353 2882 9737 4763 
5238 2039 5703 8061 
3175 3199 4754 7070 
5990 8449 7067 5017 
7385 5686 2762 6127 
2842 709 386 9644 
5357 8006 7624 8289 
3147 9938 6844 7094 
389 1015 1729 7643 
6613 1241 1678 1157 
9548 5423 1967 2325 
9037 9621 3536 9495 
9365 6218 6520 5792 
1074 428 5356 5367 
7692 392 5570 7838 
2899 1567 6661 6739 
9178 5355 8514 8563 
395 6316 6095 5851 
4533 6838 5108 8761 
856 645 2855 5463 
3668 397 5986 7477 
7991 9675 2953 9762 
4374 8345 4475 403 
6933 3968 9530 5982 
405 751 1397 3395 
3829 1787 416 406 
8406 5316 5329 8633 
2419 652 7177 9272 
9029 457 4500 5489 
7556 2925 407 2155 
8626 9636 9837 4552 
911 708 408 6938 
2959 5490 9926 1776 
4524 3746 3462 4181 
6043 4823 2422 6453 
8557 7862 6732 4044 
9352 2297 4009 4381 
2557 1252 1379 7545 
3775 3653 2746 3798 
1936 2180 8283 5955 
2314 4275 9810 8711 
6615 3708 4191 9654 
5779 3727 4903 4984 
3689 8703 5516 5021 
2620 2418 2534 5402 
3269 5360 9533 5800 
1516 7437 409 3136 
1497 6196 6724 5414 
4932 410 5105 3540 
3345 490 594 727 
1440 4254 4541 4612 
5141 4539 9999 5010 
7110 9406 6055 4619 
2985 1075 972 6825 
9017 2374 8966 9340 
3877 1454 6240 3889 
8405 2320 2477 8211 
4045 6940 3634 5539 
5711 9204 10000 6259 
1778 3332 5145 6137 
1712 7571 6460 8604 
6689 6911 6845 9786 
9879 3617 9258 6908 
6669 4309 3696 951 
8334 6505 6040 412 
413 2442 5290 7627 
9471 7884 1293 1526 
4981 7150 3245 2571 
2313 5574 9710 8790 
679 444 415 1506 
8559 6033 3030 2733 
2026 4053 3390 8882 
418 4126 5521 7728 
5569 8296 8665 9010 
2807 904 1004 5825 
525 4168 6826 4099 
420 9051 9655 7379 
6419 5146 7138 9347 
8908 7066 3756 6939 
6678 6344 4367 4630 
1422 8232 8905 1018 
534 6516 2043 1339 
9023 6918 2245 5931 
8598 5247 1893 8413 
8993 5349 2005 5859 
8109 8060 7355 8063 
9260 8471 4802 7256 
6581 5085 3678 3084 
9491 431 1606 8490 
5171 3296 3019 4526 
8847 8486 9859 4448 
3529 5949 2007 434 
5013 3458 7481 1851 
4635 2491 1505 1438 
7709 6384 1223 4375 
3196 2270 435 5660 
2608 9713 7310 9749 
3391 8789 732 9268 
8855 1997 5404 7059 
5916 932 1079 6054 
6547 5627 437 2296 
440 4321 7837 9442 
7826 441 975 1356 
6671 6115 5477 3002 
6812 8955 5136 1582 
9375 4412 3303 2106 
4678 3087 7563 3206 
9850 5224 9835 9687 
4850 9453 445 6713 
449 8658 1865 4427 
1275 4556 8128 3873 
3749 4436 2071 2324 
6889 1520 1796 6762 
3088 2868 2525 9013 
5296 8169 7399 5421 
3767 6658 8236 9745 
4971 7818 9157 7549 
3110 2119 1786 9373 
4142 9397 4752 5840 
6569 6637 454 6854 
3222 4708 6643 6570 
1564 3764 5271 8343 
8528 7264 6779 5288 
7801 2667 7146 6536 
5206 455 5601 5930 
799 3278 8663 6937 
2566 9022 1423 1451 
9169 3771 1008 7542 
8420 7434 460 9021 
5396 461 4855 8608 
6866 470 918 2707 
5705 7445 6358 4967 
1207 471 2163 4733 
6268 474 5204 4107 
4513 683 8281 8970 
9211 2417 5802 8596 
2998 3112 4173 4413 
7832 3993 3321 590 
9262 5268 1168 477 
575 8932 7219 6381 
2703 4015 8894 6634 
6914 6010 635 902 
7632 9140 929 4888 
4481 2054 2218 7718 
481 1902 2537 2682 
3780 3114 4936 3957 
3637 5376 8481 5195 
6593 7955 6994 5977 
4580 3980 9099 8428 
5920 3846 486 890 
4892 494 9356 4235 
498 9386 7667 7888 
562 572 648 3661 
2900 2538 1550 812 
7637 9000 5958 8846 
3730 6480 6445 6105 
969 1641 2434 6848 
831 8229 2999 7827 
5492 2757 1271 7406 
8353 9505 936 3021 
4450 4687 5182 6546 
2544 1405 6053 7795 
6152 2392 2094 6366 
6786 2605 2589 6239 
3053 6232 2957 6871 
4591 2561 1572 1353 
8265 3598 2386 2752 
500 4799 3495 2967 
5656 501 621 910 
873 7835 2168 2008 
1309 2550 2836 2669 
5951 5134 2766 2575 
2090 8146 5225 6272 
3174 3430 5761 6977 
6622 8775 3692 4784 
3674 6682 6072 3413 
4178 9945 6629 6250 
8902 8301 7905 9683 
5529 1645 1653 2028 
7901 4566 8246 5626 
9831 9888 4070 7613 
7079 504 7578 5718 
2800 2908 5201 5942 
2797 7181 8327 3945 
9035 8393 8513 6156 
705 505 653 1170 
1294 1256 1382 9755 
7789 7761 4642 5176 
8509 6828 8706 8826 
2173 2059 1553 3938 
4847 6069 8007 1231 
7220 6426 4467 4349 
8769 4986 4759 5472 
7636 5867 3307 5708 
8463 8077 8772 7790 
4362 3640 4775 4706 
9109 2896 1941 3781 
8573 9074 3362 7085 
2299 2355 2837 2782 
760 5089 2087 1842 
3821 8119 3910 508 
5944 5668 8722 9726 
7121 6469 3100 7471 
3406 2514 2484 9668 
4342 1216 6443 9152 
2110 641 513 1163 
7265 4560 2034 2634 
6754 7543 3917 5615 
3735 4989 5320 9054 
3988 4197 8511 9237 
8612 8427 8155 3393 
2321 2510 8107 9255 
3294 2889 2578 5029 
7685 6154 516 5764 
6223 9890 6014 979 
6146 5639 7340 6089 
5929 5631 6476 4983 
5999 8989 7669 6201 
517 1143 1257 5572 
5091 2151 2519 3531 
9005 6858 4561 2262 
1474 1433 1135 864 
2951 2421 3145 519 
2602 7294 5895 6699 
3422 7524 5210 7589 
6134 8998 7299 5709 
1591 1635 1809 1900 
1025 3851 3706 3367 
7096 7831 6877 7087 
8436 3843 3360 2304 
7474 9510 4951 4239 
2139 3194 9513 7380 
3376 9462 4243 2835 
598 524 2522 9626 
744 1669 7659 1406 
1246 1469 9904 8756 
1220 1305 5835 8323 
1524 7534 7144 5326 
6950 9941 1247 4462 
8384 4662 905 1490 
7794 4684 1684 3251 
4774 3535 3071 1824 
5483 6639 7930 6409 
9196 532 1462 4977 
9853 2830 6948 2225 
8874 6245 1864 1268 
4013 1880 6431 4822 
9202 7394 4950 5330 
9388 7496 7027 537 
9038 3774 555 7386 
1643 3363 9575 2933 
7993 880 8568 8069 
5661 4241 9840 8884 
6485 4265 9002 7810 
7257 6745 2994 2527 
5543 7673 8794 8277 
5961 8817 574 5648 
3747 1443 557 7494 
1800 4842 4329 7612 
7136 6224 5308 4882 
7412 2722 1384 559 
2628 2457 5475 8259 
4358 560 4154 5629 
4086 1444 8844 6024 
6141 4750 7347 564 
1310 565 7301 846 
5827 3225 5568 2699 
7089 5833 1012 567 
8201 6466 2922 5022 
569 9418 9170 7211 
944 3483 1761 2431 
3467 8542 4878 5070 
4614 5014 4952 7327 
6383 4933 7536 1098 
6915 5071 6436 2691 
5740 4579 2229 2717 
9987 8736 8195 9748 
6229 6809 1254 570 
573 712 9524 9895 
4410 3557 5786 7860 
2574 577 4558 6133 
1354 4976 9582 584 
6295 811 4474 7382 
586 615 7920 8940 
7453 2542 4267 909 
5559 4597 4499 2693 
8051 7405 3460 8558 
5493 9393 1491 1153 
4673 1558 4388 9136 
4328 861 1847 3560 
7936 3387 1698 2715 
9279 1662 1033 6929 
5903 2290 2053 7732 
6037 7938 5873 5270 
9285 1419 8975 8434 
2843 2238 3142 8518 
5114 4312 2812 7277 
9216 8984 7726 7440 
589 5098 5767 8373 
6262 7480 9251 588 
9198 8785 9414 1599 
8878 7169 2709 1119 
2986 1131 4704 5751 
1696 591 6963 8367 
3733 6998 3271 5519 
5807 1947 1065 9912 
3987 2001 912 6695 
3164 599 749 9779 
5770 2789 7444 5351 
7416 7491 7383 4898 
7849 600 3840 9218 
5074 1985 1071 4787 
6758 2580 604 5312 
7472 8454 1616 5118 
5152 6125 606 2158 
9409 5880 3882 3301 
5278 8582 8780 611 
1279 1092 805 655 
1759 2512 1502 3149 
8695 4803 4017 8113 
5335 6063 3724 2127 
9189 4385 6521 4631 
3426 7376 2033 7033 
692 2126 2612 612 
2502 9266 4804 1336 
2594 614 4176 2169 
4455 7483 619 5553 
4710 1314 622 7320 
4996 6402 8497 2714 
1172 8607 4839 8491 
2198 4762 8873 5970 
6743 9161 3004 2685 
7735 7349 626 3481 
628 8101 1797 8751 
764 1788 4841 7514 
3514 3353 6319 8872 
8930 5284 6233 7135 
6932 2176 4006 9797 
7813 2786 4186 7097 
7983 4039 3280 4165 
6112 5135 7020 1112 
1249 1617 8365 4424 
1881 2197 4829 6787 
8750 4974 9639 7400 
2401 3133 6589 7259 
7106 5140 5604 8487 
7047 3985 5939 6094 
7782 7149 6953 8763 
8136 633 1674 9742 
4054 8710 2524 9413 
7202 4133 1726 4843 
7846 8837 4075 4391 
8676 1234 634 2079 
5406 8349 8153 2118 
3010 6592 4568 5994 
5561 636 3399 3789 
7660 9878 2425 647 
774 649 8234 822 
809 8671 3005 4769 
8295 7857 7410 4840 
8704 5555 3146 9125 
7984 3810 2860 8163 
2923 1874 9956 7276 
8415 5161 2178 639 
6488 3671 930 7528 
4846 2369 3230 8829 
9307 5773 3046 6718 
6076 651 2668 6257 
1095 6557 2756 8441 
8561 654 3106 4281 
6222 5576 5302 2964 
6650 4087 1496 1057 
5047 8047 8218 903 
2629 2237 9269 656 
1587 1127 1108 3276 
3562 6304 2649 7248 
4482 3742 2949 4193 
5215 8219 5056 5011 
3438 4605 7132 5566 
7949 4783 8914 6261 
6534 8020 2209 8922 
699 7108 7234 6128 
662 9752 8667 666 
3967 8705 1852 786 
1325 4110 4460 6603 
3702 3283 8062 2134 
4380 3718 4646 6605 
5311 9212 5494 2210 
2113 1005 7425 5784 
2081 1147 6606 2352 
3318 3153 2540 1890 
7684 6904 8040 3224 
2962 669 9907 2671 
2130 2012 4599 1927 
7194 5031 5318 672 
9997 9627 6012 6983 
7231 3163 7154 4097 
9605 9798 7051 3773 
8396 1699 2462 8885 
3487 675 788 5734 
7068 6821 6550 4676 
5244 684 2539 678 
4258 3000 3586 7695 
687 5563 5642 7239 
791 889 896 4998 
1707 8896 1783 1328 
7464 7602 4115 6204 
9028 3212 1987 8483 
8158 4962 3355 7236 
4961 7824 5232 9374 
4826 3731 6399 9920 
6502 9561 7863 8976 
3612 1973 8861 3524 
4089 2521 6621 4988 
8124 4528 6690 8912 
8325 7622 2258 7446 
8716 696 3173 7223 
8810 4341 693 2437 
8808 7354 4158 8721 
1648 961 908 8827 
8670 6153 702 2403 
5445 2911 2597 8611 
5567 6510 7215 1087 
757 710 3089 706 
1204 2768 5507 9114 
4332 5964 5663 8431 
7072 7843 8307 9336 
6379 1082 9838 5741 
2546 7616 2706 6631 
6984 8241 717 6837 
5979 9046 2732 4368 
2810 2769 1552 5796 
720 3979 8460 9296 
9703 6798 9326 6559 
4363 4650 4813 5646 
6296 4102 2821 6307 
9723 4302 8264 8110 
1614 1208 878 8917 
2938 2509 1300 721 
7535 3292 3186 3860 
8095 5522 4495 7696 
5383 1589 4190 2513 
6686 8004 6194 8388 
4434 2701 8654 1742 
5884 6852 5575 5002 
3973 3768 1825 4233 
5438 6079 723 4945 
6286 2811 2123 6618 
7772 4042 6742 8141 
9640 2617 780 7435 
8737 1337 724 8002 
5425 2670 1365 1991 
9324 7723 4851 7055 
5600 2294 6759 9706 
9763 5793 1795 3561 
9540 6427 5713 7574 
4894 736 4818 5527 
2192 740 7591 7868 
5060 3494 8632 7758 
1588 1261 989 3434 
3793 3334 6246 746 
6368 3648 4458 3094 
4772 9473 9730 2162 
747 4055 5443 3701 
6214 4594 4680 4188 
755 7321 752 2240 
763 963 1722 2564 
968 5950 5844 4887 
2308 5832 3027 5996 
3753 2610 3177 4463 
3903 6805 7865 7090 
765 8848 8577 9744 
7599 7227 8943 7586 
6802 2100 2035 1088 
9219 8351 6846 768 
5776 772 8771 6721 
9820 8944 1602 9407 
4956 777 5688 9257 
9253 4838 783 1229 
8937 8472 2188 1732 
9464 3044 4923 9118 
8337 3455 4589 6120 
9097 8745 2021 2916 
9484 5922 2590 5628 
3890 5216 2165 2363 
9784 7367 3263 7467 
8802 8920 6320 9447 
9978 1813 1709 4884 
6077 5291 789 3252 
1499 907 796 8217 
5103 9944 2060 1744 
9736 5594 7225 5723 
9817 6591 5429 5966 
3347 2342 2474 2518 
8823 8444 7887 4869 
8684 8016 7430 6299 
7032 3258 3572 5758 
4336 2767 802 8739 
4629 8042 9967 8630 
6910 5305 4207 9643 
8404 5583 804 9986 
3211 6949 1584 3983 
8319 1394 823 6782 
8056 3075 2286 2506 
8151 5262 825 959 
9370 2330 2157 1884 
2393 8927 8499 2770 
6354 1228 9899 9948 
7547 1109 829 2099 
832 8856 7052 5061 
837 1657 2937 5896 
1672 4401 8192 7553 
4964 8860 9990 7921 
4667 6785 1708 3439 
9119 844 7598 2205 
4764 3548 2495 1570 
7013 6893 9581 4464 
1612 1421 9501 5684 
3203 5416 3202 1535 
1239 6583 6391 3729 
1136 1640 1453 1713 
1468 6903 3310 2887 
1877 4620 2379 5345 
8730 7476 3314 7388 
4776 9585 3451 4121 
8392 4590 4051 4666 
1139 848 4861 7497 
7973 4035 7501 9628 
2850 855 2449 8800 
852 1866 3293 3335 
4899 2712 2737 3474 
7510 2349 4832 7698 
9412 4712 940 2302 
7915 7175 866 2981 
7751 7875 4819 6508 
4663 9651 2788 7420 
8451 9777 3899 871 
4643 1746 872 7596 
2623 2453 7489 7678 
8303 6454 7114 8867 
4163 9302 9162 3286 
6715 883 6980 5418 
9824 6155 8145 9659 
4895 4777 1039 6992 
7366 887 2368 3126 
5876 4575 6016 3886 
4633 4095 3887 5645 
4114 4734 4748 6339 
5200 6289 8131 8311 
8719 6472 9102 8523 
3725 7621 893 1037 
8787 5946 2170 1972 
4024 4296 6656 3096 
1055 7588 2463 2601 
7995 9769 9949 6808 
5759 6943 1389 7010 
3897 2446 900 3737 
9669 8857 5587 9722 
9351 7303 1929 901 
5715 8871 920 6642 
2996 6728 3432 3045 
2479 4231 9391 2635 
3816 8960 4145 6693 
5337 9914 928 7880 
5974 9908 4529 8796 
1221 933 5580 7237 
938 1826 8883 5352 
3342 7867 4048 5004 
4576 8417 2315 6446 
5147 7799 939 2389 
5283 4758 9734 9685 
941 5564 9650 9965 
1169 1861 4669 7611 
2664 5503 5789 9552 
2774 4701 4960 8945 
6587 7544 5156 5043 
8142 9056 9979 7328 
6308 3043 3900 7904 
9148 8934 2791 9808 
8673 9090 5078 2536 
5886 9292 7484 942 
4711 4515 954 1144 
6807 962 9231 7987 
2408 6684 9199 970 
964 6573 7754 2287 
9772 5417 3865 4873 
9918 976 3825 4724 
3898 7216 7647 5058 
982 1213 1859 7272 
7004 3139 2246 3113 
7263 978 8845 6119 
5008 986 1733 2452 
6369 1999 6600 5199 
5777 5287 3247 4786 
9646 7639 4476 8465 
9557 5972 2526 8994 
9868 7117 8170 1007 
9568 6647 3994 2813 
998 8987 997 7841 
1003 2865 1291 1478 
3255 3190 1016 8290 
1011 9123 4196 1021 
6003 9151 7513 5121 
9616 5166 8764 5810 
8701 1023 8179 9916 
1687 1371 1446 5213 
4534 5079 1029 2956 
6769 6242 7522 6797 
4063 4079 9856 5482 
1321 6924 5444 1565 
5728 4588 5309 1051 
2367 1062 4555 7511 
7351 2478 3977 4171 
4005 7130 8686 1052 
9357 9055 2145 1063 
6959 6084 3949 1586 
8064 9461 8135 2156 
3098 8339 9610 8647 
3761 1782 9359 8550 
6104 5469 3356 4323 
8801 4634 1076 1081 
2570 8656 3065 1917 
1663 1085 2481 2876 
6376 4606 4010 8898 
6499 2202 1091 1498 
3028 3942 1096 7658 
2963 2826 2459 3423 
3809 4478 8206 7858 
9337 7635 8791 3519 
8717 7975 3543 8659 
7649 4516 8929 3571 
1111 2931 6517 3847 
3240 3662 4553 6921 
5739 7413 4056 9624 
3119 1118 8795 5644 
1126 3209 3417 1120 
1237 1694 2592 7381 
9886 1129 5717 1255 
9983 5891 5034 4259 
1134 9884 6326 1130 
6969 8963 2893 8968 
1138 3148 5324 1980 
5133 1190 6941 7977 
7608 2533 1473 5076 
3144 3677 1141 5820 
3130 7129 8755 9536 
9220 7260 1145 5348 
4585 1879 1152 6549 
3658 4148 7486 6315 
4702 2616 6356 3940 
4771 8025 7891 8120 
7781 5829 1492 8038 
7073 2688 1161 4665 
9371 9905 6574 4868 
1162 1849 3568 6092 
7812 6198 9587 7683 
9222 1164 1500 1561 
3878 3616 8462 6818 
6601 4298 5263 8553 
2219 1166 1373 8890 
3691 8256 3337 7337 
4023 4720 7852 9403 
9733 6677 8347 6617 
6553 5585 1596 1175 
8457 8835 9695 3372 
3120 1431 1661 5379 
8915 6833 2831 1214 
8233 3493 3068 5334 
1472 1176 1943 4172 
1992 6074 5649 6789 
4150 4223 4877 8889 
1177 9387 6314 7176 
3158 1938 1182 3864 
1215 4414 7195 1193 
2563 5139 7892 9534 
9547 4788 7870 6118 
3029 3496 7164 2591 
7954 5179 6543 1230 
3630 2555 6425 4073 
2047 3752 1281 8058 
1272 4798 1259 1274 
7666 9565 5274 6496 
2927 5159 5327 6497 
1287 6584 8357 6663 
3244 5138 1288 7793 
3620 1345 3394 9129 
7141 4378 5890 4004 
9476 9532 5714 8050 
8530 7099 3312 9910 
9104 8390 2006 5544 
2312 1298 2749 6221 
4999 9075 2695 8177 
7965 9311 8777 1302 
3083 9815 1485 5868 
1316 1895 2934 4718 
1715 1327 3243 1330 
6990 1333 6727 4030 
5032 2476 4092 4901 
5616 6867 6708 1348 
1362 8505 6132 5088 
1529 3213 8100 1335 
4604 3237 5872 6362 
7284 1368 7845 8770 
7662 1385 3011 3526 
1420 9417 4155 1390 
3923 9206 9078 7041 
2862 4654 6370 1411 
1965 3966 1418 8720 
1425 2863 7962 3567 
4709 5806 4525 4081 
1407 8084 6328 2231 
9572 9702 4922 1429 
9957 4848 2585 2402 
6961 3329 8412 4220 
9988 4205 1439 5620 
3716 2347 1571 4623 
3972 8484 3172 9098 
6770 2650 1452 5781 
9898 6195 7140 9350 
3248 2819 2692 6267 
5948 6952 1455 6909 
8127 2120 1464 9460 
8510 2630 2385 5573 
8243 3961 6870 6532 
8408 8379 9444 3723 
5307 2641 9172 7267 
9554 8887 9849 6577 
4929 1476 1765 3392 
8164 1960 5495 1503 
9933 2515 1978 5850 
8362 2433 1919 3818 
4116 1508 2252 3058 
9826 9209 4098 7804 
4587 3581 1531 2438 
9549 1541 1773 5658 
8586 3644 5059 7463 
9044 4028 6227 9829 
4218 1546 2665 6462 
7278 5556 1551 7243 
8032 5952 1920 2740 
5765 1555 5381 6302 
8093 7565 7008 7172 
1556 1562 1575 3461 
1580 4140 4721 5533 
6254 7768 1911 6962 
6614 5849 9864 8562 
1583 9903 7550 1600 
9333 2920 4980 2254 
5928 2195 3719 7518 
1609 1604 7866 6723 
6140 7703 8536 1611 
4806 8613 4578 2872 
5775 1615 1620 4592 
7308 1623 5888 7275 
5484 1779 2503 8055 
4149 3187 8983 8840 
2528 7338 7174 1627 
1630 8066 1638 4386 
8747 8094 1910 6006 
1700 1681 1642 1664 
8492 2488 7180 1781 
1633 9182 7850 3676 
1695 1701 1710 1703 
2890 3298 1926 4608 
1717 6662 9082 9428 
9234 6626 3238 9433 
7566 9477 1724 2846 
7719 6527 5797 6103 
8593 9049 5293 1748 
6673 3275 6999 7976 
1749 3664 3857 7242 
8416 9316 6986 4065 
5513 1753 8876 1770 
3532 1775 8886 7956 
6971 3936 9188 1777 
9618 1791 1789 2892 
8734 8238 1857 7594 
3326 2845 2573 1805 
5457 5258 6528 9092 
9481 8825 8129 1811 
1814 1822 4816 6680 
6373 9031 6406 6207 
7927 7162 7869 5726 
1828 2666 8833 9790 
6653 9127 1829 3316 
7240 3103 1834 5693 
1835 1862 2885 3374 
3401 9186 8173 1845 
8189 6995 2236 8450 
1888 7816 9795 1897 
4371 4824 6457 7389 
5621 7353 1887 7422 
9372 8138 5044 5119 
1930 1899 5181 1889 
4299 7457 1946 5389 
1912 3808 1908 6954 
5480 1922 1918 6764 
3530 2146 5528 8352 
1892 3214 1953 4942 
8644 5122 5861 7693 
7576 9671 1958 4447 
8166 7396 5167 7039 
1982 6630 1971 1984 
9542 1986 7924 8469 
6428 5390 2024 6143 
2029 9091 9111 9517 
2735 8690 2036 7357 
2052 2078 3575 4125 
3463 5188 7341 2089 
2135 2114 3132 8074 
4791 7044 2136 4863 
9503 3954 2471 2493 
9531 6747 2179 4731 
7076 5551 3984 4182 
2154 5112 4810 9975 
3031 6287 9740 9003 
5113 4812 9804 9544 
3499 2214 2196 2185 
7797 6275 9293 9314 
4876 3503 2232 7092 
7024 7508 3939 4920 
6149 6031 5875 6503 
2227 9746 3528 2250 
4652 2264 9423 4314 
5788 8049 2310 5467 
2319 6511 6080 8924 
9562 2323 3446 7681 
4511 4018 8161 9488 
8838 8956 8740 2328 
2348 2335 7151 2331 
5040 4128 2337 9208 
7424 5863 2338 5756 
9165 2343 9661 2360 
3180 2705 2364 2614 
7990 2365 2798 3442 
2353 4867 4686 3690 
9917 8037 8045 9398 
2381 8757 2378 8735 
7451 2391 3951 2396 
5525 5254 3632 3184 
9648 6890 5192 4745 
3853 7520 7417 8635 
3927 5731 5962 9283 
7104 6386 4853 7046 
4722 4372 5987 6876 
2405 4598 8237 9614 
6004 2430 2678 9024 
2432 5943 6422 9833 
2447 9586 2915 3817 
9487 3304 2469 9381 
2465 7914 3270 3354 
3547 3895 3807 3911 
8629 6531 4396 7963 
2507 2496 3268 9756 
4025 2517 3502 6397 
6303 4890 8489 7505 
9300 5069 8693 9732 
8973 8216 8942 4742 
8962 7295 8075 2551 
8126 4446 7705 6164 
3166 2581 7187 2593 
2599 6612 6160 4225 
3117 5177 8744 6704 
3274 2627 7615 9767 
7122 8941 2637 4747 
2639 5754 5207 5542 
6394 2660 8018 5704 
5227 9584 4294 2680 
2681 2948 5256 9052 
5783 4440 9514 2773 
7519 2640 3189 2702 
2748 3208 4288 7432 
3717 5453 2785 6029 
3450 2804 7193 8125 
5667 2815 4607 2822 
6473 2825 5065 8893 
3105 9828 2844 2832 
3067 3974 7708 6987 
4246 2904 8079 7342 
3040 3198 3652 8776 
9871 5582 2906 9126 
2880 8314 7620 9159 
2987 9191 4295 9106 
4593 2914 4406 2919 
5883 3629 3650 5115 
5791 7315 9834 2971 
4852 3056 7098 7777 
8329 3086 3389 9560 
2912 3108 7370 8646 
2744 9998 9539 9384 
3991 3118 3909 7336 
9378 5042 3125 7411 
4308 3128 7105 8864 
8702 6411 5618 6219 
5301 3141 9310 7478 
8532 6096 3143 3381 
9377 9921 3161 5407 
3204 9072 6238 8315 
9604 3250 3205 3239 
3290 6283 4656 3670 
3305 9819 3288 5785 
3328 9678 7527 9508 
3306 8520 6305 3699 
9812 7057 5706 3330 
9475 9754 7107 3339 
8034 8774 7512 4941 
7575 5289 3359 9892 
3364 7123 4071 3625 
7361 9436 5459 4471 
4262 8849 6056 3378 
4339 3404 4908 7200 
8674 8212 3420 5669 
3832 9958 8421 8342 
3500 3424 7802 8640 
3760 3498 3901 5456 
3726 3486 7814 3518 
3370 3511 8718 3533 
3476 3573 7418 4230 
4317 9223 5242 9026 
7368 3510 3833 3577 
3260 3647 4337 9015 
8495 9232 3597 3710 
3669 3921 7147 3649 
3698 9184 3697 4498 
4518 9061 4229 5697 
8903 3740 5064 7316 
4200 7280 3757 6150 
4727 3837 9591 7715 
6717 3776 5455 3796 
3845 3819 4420 7228 
7373 6935 3891 4828 
8117 7877 6168 5839 
9112 9207 9434 3896 
3913 3827 6387 6101 
9569 4016 4400 4927 
7787 8997 5932 5852 
4036 6199 5230 9264 
8921 8642 4060 5584 
4271 9700 4062 4622 
4982 9969 8688 8121 
4078 4470 4477 4215 
4327 4151 4122 4019 
4425 4564 8440 3590 
4315 4083 4058 3565 
4195 9166 4166 3852 
4972 7343 9355 4106 
4320 5246 4236 7792 
7184 4210 9060 4217 
9346 4565 4360 4189 
9801 9443 7561 4373 
4547 9974 9081 5382 
4856 4601 8261 4572 
5905 8361 4645 8897 
3544 4664 8036 3963 
4670 9922 4627 5965 
6855 7676 4691 8728 
9681 5212 4700 9430 
7939 7074 6652 5809 
5945 7713 8726 9493 
5384 5340 8732 7686 
9596 7155 7628 6020 
8950 6778 4859 4753 
6057 5716 9720 4879 
4830 8585 7401 5300 
9405 8574 4916 5306 
7506 5993 5110 7820 
6258 4948 7878 8870 
5395 7919 5052 8957 
6062 8919 8073 8805 
9368 7326 8196 8039 
6008 5606 6975 6513 
7653 7634 5323 8468 
6310 8583 8946 4897 
5954 5736 5073 9647 
7521 6917 5742 6046 
6749 9901 4957 7959 
7245 5712 9036 7752 
6872 8818 5259 9048 
7358 5969 8669 8272 
5882 5687 8053 5321 
8567 5540 9634 5409 
6131 6157 8866 9686 
9573 8266 8931 7568 
5893 6260 6292 7779 
8650 7012 6955 5871 
6390 6345 6190 7152 
6707 8982 7190 6565 
5310 6249 7269 7273 
6269 6189 6271 8364 
7028 6874 6554 7886 
6620 9382 7254 7774 
9857 7500 6957 5343 
6843 8178 4934 8588 
9259 7313 6145 9577 
8147 9509 7214 6635 
8627 9927 6645 9698 
6349 7429 7423 9439 
7454 5753 8617 8868 
8788 5816 5410 7537 
7630 6042 7617 8623 
8190 9963 9280 7740 
5016 7889 7504 8445 
8309 5249 8268 6266 
7559 6947 6514 7157 
8990 7971 7966 8026 
7957 5724 8977 8935 
6490 7003 9007 5558 
7334 5738 9483 5189 
5610 7986 6177 8316 
8657 6730 7253 9935 
4408 6395 8820 6585 
4430 7415 9221 4490 
7333 7974 9068 8139 
9247 9465 6321 8907 
8249 9341 4991 9330 
6282 6007 6772 6124 
