1000000000 1000000000 1000
767655618 368854638 590638569
803737197 402975130 815508425
732115170 156794960 322629626
107974568 214394521 -144696262
78778932 1000000000 620780235
750318315 870826765 105768836
545222859 752834009 409242222
1000000000 1000000000 150556676
18436250 731886369 -770144821
347118961 154613612 374516377
1 271506876 -377450971
276374744 937254460 -270014729
425696358 322868991 -402296468
369820294 513885168 -454440684
712564796 28955349 748679331
1000000000 374988105 672726058
55084237 268433709 -182633579
766198059 541463084 -53714430
702825866 1000000000 -784528035
429563607 273348592 -288123684
314767406 165215014 171373428
156149499 1000000000 -5999305
1 970445364 285808327
579276508 844882558 22863380
410098312 638190700 19977176
346310276 196043537 -611077895
717255053 1000000000 -100659696
726469779 70963763 429990188
846147023 1 237830602
1 52209936 -688974572
568634413 860450802 923025880
776355206 442791890 163741927
1 54972416 -333390280
1000000000 39276823 533327553
914589696 280309401 -37782871
752163150 526769062 -305449662
574110277 362842216 -775713390
1 965209641 423241505
1000000000 400471922 730257418
751217205 702842268 -764367372
534478658 858860690 160307969
28440623 168490360 536363950
267036630 202373762 -553704351
1000000000 809344708 -806439440
30982175 658044103 659195224
239217469 400639378 587514462
1 69414894 -732756005
822006099 758524902 -562910925
1 471105818 898391758
988143202 782080886 -865784590
802263290 107745827 -985734306
908856179 1000000000 899492813
52452980 892416951 941495248
371441162 318049226 195178497
1 880062622 481068596
1 803306026 -553996638
157552324 1000000000 -673726421
405291132 1 933584423
749482303 857141573 -218824009
520239870 1 274768135
708559866 687025765 734941874
512439240 210346565 773167278
437270914 801722026 218341710
268220715 661859061 296942669
341313748 61098340 145336078
986846525 512191179 949174722
695392325 1 848936375
28001409 55676179 471415992
673095415 623671163 571738117
498029625 134393666 -534844342
190594225 691599175 -939520679
1000000000 679285846 405473151
301906020 1000000000 335048025
405060391 440313750 969908713
91646833 55259494 -170251546
863440387 788035751 -337756643
925636795 1000000000 981011841
41817042 1000000000 758015861
332667161 344787844 -743694815
507476983 966276396 -962005554
1 715721046 -65909952
166332024 528246830 -408593681
77016008 75429131 417410996
488381020 240450254 -195241396
164761777 833974081 771536331
410491373 789524046 592219063
161907309 1000000000 442918118
1000000000 245695009 -673939098
611526774 148906769 916343620
332643156 1000000000 655060604
129182001 1 -886472074
117395349 1 -216671646
427169609 765196309 -41533477
758499563 217011143 -365593939
264616758 634666453 -191035740
819013215 213138446 316602537
1000000000 158272147 -514405909
1000000000 124894291 543567180
1 351008718 562608473
758203226 632025261 -734343828
991508346 735204738 -194438641
547108742 223255834 670460917
301989156 638508634 440839357
333985830 438382739 767509382
1 857974615 112347993
1 317753942 -560205288
1 347737433 630247
91081349 581998064 205997532
34731668 1000000000 -969008097
613454640 836337888 -316715105
957785749 1 -612769465
691267370 923699987 511579777
872910349 604453754 -124565848
39281365 55280428 696814602
72950801 290279385 -667403010
648024153 769474800 466726033
565568435 274148950 203424205
588866416 104481352 -844993492
608460543 1000000000 92776216
945676075 209027113 -434355227
924681378 679278528 67303924
490940850 1 128805207
640221648 624349054 457940381
365566449 1000000000 278393786
763450114 1000000000 -390049617
937194159 1000000000 -553581963
409181010 175473340 477571879
632491954 253385069 207742838
459431272 447505004 -970219026
23749921 119544334 425585172
102046360 1 -763718349
214729694 573928375 -848699748
620143095 671071290 -589321588
112493958 2121532 403344073
415453921 886759321 577876377
723109659 1000000000 845834671
293627418 936627897 -443009171
769214777 989362610 180469662
1 962666607 -911643258
543011703 131760415 68339701
1 534431843 34372915
258454412 1000000000 253082256
187547091 806794632 -243556633
860321614 875811504 -73429530
697940026 608982602 404520279
505603145 830958101 864723550
229212995 1 904667292
276348877 706173923 594060552
210222653 538348676 -719471305
516188008 172057314 -410170382
1 981483453 -645369750
161084274 1000000000 254694809
950984198 230008360 516814036
818754187 463519822 560735297
743078340 606801578 158072365
893144855 1 -456444563
1000000000 60521490 793575044
753302705 240582840 112979855
965131638 1000000000 669656730
853282802 294106773 -95461888
319151682 548507118 746200896
180513847 406391595 -315879695
293354617 431771758 765166900
76529670 943749176 756774627
1 393169540 391267004
1000000000 504819389 656578848
962162453 984114000 719856660
1 375151473 -51585900
636549406 503737616 503601279
985384810 669489331 329018997
103559415 388087432 -214304486
857455387 1000000000 -523526324
640727660 687409182 -116781120
548943242 53218120 -492052470
300035448 864408177 -575112654
39559889 59720129 -735747436
424379732 748888859 -162595597
370925684 868532330 -209715498
609910389 80671139 932981335
148547331 598729969 539181902
16935750 122536821 236700350
1000000000 998856679 -491651088
514462641 1000000000 -337854026
714890248 935236043 -665782334
348951086 186911483 754111985
526918852 1000000000 709497018
307879331 631270866 567127614
610263416 714249757 -542189242
190747150 295989502 470961157
872041094 1000000000 495127604
489637853 550025928 155586374
658755622 930864518 758737308
1 329735031 -179623267
467728681 1000000000 780557902
975503091 1000000000 669538383
1 478800267 -215352965
821404212 1 344036930
352160159 942441391 -958526590
360231958 841378764 -472199837
576975801 117350131 980966430
804098832 482395449 412592658
824436722 973290746 701439102
612745092 195398140 744057197
110187762 77794692 -337283111
634356832 1000000000 363486183
341932988 469464773 693645590
226019703 486258536 206245352
322914962 582875174 542746966
326940083 412718010 121547875
446335980 468763525 898354387
228264747 726039964 520191199
106729394 285089359 494444426
536884306 602117101 116347
545395594 1 -297240601
683377153 161694217 856876179
666382313 57757540 -532619116
290071428 294409866 -139432180
581532031 216656452 -154600124
719640764 1000000000 -889591983
135750300 74172155 -912844932
561733133 97381385 -448069737
161629357 556984282 -28168150
650994714 1000000000 -799149055
1 888415262 825258720
301148792 812324293 -585582137
103730304 146666863 -398648300
13695229 224737949 927433394
1 273329382 -940442124
646007862 1 -133409999
222207809 672331462 211279938
436065872 946700256 988995794
7039544 623603402 923081030
364194590 846984143 386684052
497174700 24698816 487990630
405491078 1000000000 943086049
201155701 98592230 -425813551
609071730 86461837 -84805203
626451072 311182674 -671449430
245414766 766595077 -789706779
381100407 144881263 78250832
40659170 161115524 -310820594
531775669 893815940 536465680
583615168 551881227 -373163804
339773821 785503180 247832572
856909625 944013380 -861772020
957749230 243599969 147908908
546399845 332422893 -845611044
51989715 230637298 -704016793
883916470 928866977 191167213
378273737 1000000000 890057985
414005162 1 -959554779
824478108 539735489 -480728637
412342548 280140870 434114008
671456943 1 -86738550
643370819 1 -430375391
340362693 767829570 492554965
1000000000 1 -997191686
792921978 485205109 -390532709
986621745 438812450 -374943413
149677576 23626402 720502626
435619190 341552395 802607822
535495409 799972471 -786427815
1000000000 442058165 -410428605
1 537149612 26332155
239943398 123857797 708329347
205768382 970495430 -280110277
372305482 411839862 406013162
997072901 352652222 285117032
677913112 1000000000 -318467986
1 403346929 -802018030
194994857 220188198 -6748619
123125128 416378873 801648320
946785750 1 625570402
1 827887610 -854260094
723182471 694076627 -422960151
492253320 399679369 507776052
583875490 175581665 -748725815
974398137 658265826 -426066591
550545343 843283098 -491949117
519898195 356295553 672965934
1 860782355 262539814
244140215 1000000000 442588660
823792826 725723427 902820965
586227000 726858370 -183562068
1 9475035 -667587019
15006300 311896287 -937980453
911317361 680306846 -626639710
331688951 1000000000 -389442353
612047752 399631625 599507514
576997021 754141876 437610064
1000000000 619753751 681381093
764716683 908244247 -640109553
274277887 1000000000 -559293639
644651939 184847769 807548272
476162506 416627115 86424877
782385211 719209358 805048234
818700698 810697955 583566729
579798955 518070773 897933266
1 926000661 -374159350
657976569 91012234 -892831813
967144633 973513888 -285688194
287285350 1000000000 -946972902
153119894 231152241 244051619
968994894 693379371 -800859443
1 421046151 286657442
620235706 1000000000 -82088721
541053045 481255156 966294634
728513611 1 -622832927
617573089 1000000000 685876470
836466949 76517525 519127048
356909392 704791991 684930673
264765344 616271381 603546534
1000000000 86017634 -910152499
885436198 464460544 -392819808
772886047 180587724 2415181
220381311 365469932 192105812
369804791 389898458 84347155
113749584 1 791924024
910923361 583173007 -294284897
987941825 308107934 -455484748
156097860 1000000000 437388097
651644031 771323853 -258394462
963731811 780621739 576754713
913145448 877482236 -59198815
94574177 1000000000 346415643
261194707 32556794 -251203000
1000000000 504812699 -10493813
407367053 1000000000 493307809
196636583 320742906 812454479
323243432 444510108 -608073172
615291302 402721260 346160223
175900293 119010441 -981599079
921613607 471494285 360931329
1000000000 605407185 552723801
1000000000 310554077 -667424006
118876035 509613951 -605726794
44222028 576166412 -627729304
254841858 640299803 298075722
570889504 325185278 -808411640
1 470271817 382256735
611577190 496388407 643920544
302053147 716278370 258161964
163678841 960511373 -188962046
461047615 53438994 -861101036
498833252 225357659 -598146411
219690882 140560300 -438574526
1000000000 245667223 -268290225
642899332 1000000000 -94256143
1000000000 92347156 -940382626
613480336 986441570 442999694
1 954019017 964937371
1000000000 391987715 218522478
753725735 29855374 213086361
363461338 735075394 369772548
9945438 530156404 4171925
517313469 1000000000 -598066551
783572451 264224233 258669776
955227822 1000000000 -870811893
707250637 936211131 861099288
785625535 814729339 -521065976
516392599 534143727 642928991
869300569 50439971 560942443
733788627 536171093 -229624007
637503756 281693454 -760753151
54343208 75818617 -77877685
735989705 996466976 -746776062
915219346 431311019 562645824
309737216 1000000000 -61166267
428226999 754858658 -583244847
749828220 116721119 549249363
603098957 110290960 210211603
226448668 176831743 914257420
115658149 856429612 949877986
976545982 23739434 -133817897
1 523074223 945749021
1 210222405 -905164556
137904458 749002534 966071417
625216446 785070901 273640197
1000000000 668668538 432329946
690178092 493859384 837947052
423649904 590976253 522927519
337724228 36344607 -40261087
211294843 661599036 435019275
617752049 920944210 -52093597
1 803069435 -858166256
315159012 997475304 343705639
768024115 185476704 -238649398
946472493 302930677 -357799524
32400476 1 -131914240
792489883 785553750 -17274450
690419825 1 -633840570
1 595273008 -205269990
428119094 1 -262962610
848720388 653227693 394534395
653411748 1 -608890878
802404182 582778576 278098377
1000000000 68842220 -935980945
1 71902213 979148904
965482812 1000000000 -717789450
527789165 101913470 726066632
26261907 951503136 -268480945
745316991 1000000000 -823483744
1000000000 376017232 -267433531
164727566 169764912 -611575284
237830776 352837755 614303394
143233879 443900468 -130570347
389594106 356734303 -617068788
1 533922661 -208739967
20085512 312312286 -919939772
52393680 916551118 691330479
14550473 1 -115481494
929026841 1 -104669002
84853273 181587907 914840420
754691517 32521095 66447718
1 612817101 -162040081
336540185 889784051 -328246801
385628612 153392210 -81959583
635194251 670226503 577904629
787258286 833848680 278809882
334784032 183273737 -183653145
266117651 1 -652842962
309907747 531867913 -954993718
920671193 576704974 -774735893
929457661 589003700 183136542
407792049 912555784 743323150
911533098 1000000000 -208911110
933104838 185296148 87820459
903137003 918514619 -887693783
1000000000 327727687 124788650
809408233 580416329 175585949
728209719 1 155964996
1 61177405 -120934577
679227989 902157389 -770929365
736527617 357081994 -130462774
927773835 402982890 377511622
155901428 784372569 867668499
1000000000 487868002 619677619
822699527 426934076 -883722419
573013186 57619768 766813977
789914957 237793398 993616526
673532743 563215676 96765280
762877427 972262440 -517997595
947598453 921149098 478382884
269782836 418107384 233259465
787893122 1 464760012
1 644114883 502357284
914393907 613426267 -984063870
267718498 393914573 -204104926
740723171 1000000000 -275232155
825127448 784544495 165061798
1 589809578 -500871555
1000000000 639377033 -620147206
784066573 206928755 996106471
809584298 663267966 919368384
1 929050373 -508174895
467538058 583182408 217308869
613578994 1 -68078274
25346488 225312777 715030319
120741429 4500440 687479276
158303916 740401217 151188054
51529428 952113299 -702040689
129915985 603245832 760581425
217700512 1 937804879
942941166 462139872 975602097
46756627 1 299275258
826131972 1000000000 -232284708
627871716 561861237 760490544
744147827 364618754 -419874438
371329429 415486420 -361794713
584330310 1 475288779
53314221 963245996 -105686634
631527502 996911595 -662618584
308558677 1 190841509
572115975 1000000000 -450885663
1000000000 310493858 -663163037
1 288234491 13569526
198704298 381270569 -974470116
494747530 363359074 811723491
128472886 633556517 -919030364
894938940 948163644 -599486753
621975975 568262076 -819123038
673564830 246310779 368253958
105103033 846397402 14450713
805875707 552278208 512844862
336871483 278566295 -567169555
836606298 1000000000 828388191
610514894 964771934 833346923
684198552 868942639 -763198749
241363660 656026460 152471741
319035669 917582684 359684516
383359294 833662167 -666972924
957696817 1 334280774
268376060 551975730 511240043
293342139 804237714 -815752740
624775160 1000000000 -814268731
360839122 862485701 -49811846
688344464 836750327 -635270416
171319239 996554996 -159506018
553470421 439828959 -168169792
38112702 937212822 268800031
28358013 973927013 847293819
51104705 505787229 -431931959
499433944 273728620 -902538278
742549008 102083505 831216932
610485334 350510327 -965611874
440545745 1000000000 -609275116
819796856 635533648 -66131721
1000000000 209844766 729961955
881402709 1 -728321718
909249994 90035945 -273183404
922286579 1000000000 -810225153
330418055 879689280 831121681
1000000000 918357759 -459223826
816052471 955987563 -894170580
271262587 637546220 -552956295
1000000000 566280832 -497816302
270073969 572094351 -892995125
1000000000 566827883 130264103
289396619 431740331 272509867
698113907 514954931 -467485716
1000000000 229834922 511249258
734524154 624074416 -440634001
307876241 358662911 -531445486
218998267 116751491 -954518425
532991512 1 -484158565
635785119 351174452 -792725442
229713758 708525408 291588012
483832656 193221842 -462830587
521571023 934999586 807022500
722771127 46164462 592668868
1089250 750253375 -800716871
554061723 124396991 959964206
98621407 12465078 -598540561
362781364 841992185 -104083746
785484538 419253844 204837511
394382790 211958553 -919006150
650896053 502942466 -103213072
1000000000 439651028 -357117381
1000000000 406956852 209392213
880744897 554481169 -483427287
833917189 604429540 -852616287
802495299 685695867 -57321945
1000000000 136360391 -556532045
862075764 614910313 -291312699
562708796 239103070 -26633228
425548622 328511655 122677742
324515477 681118460 870896412
836622220 803370204 964950018
980853598 1000000000 165475827
94631749 486677787 202675890
480825867 162320519 -487703504
407713686 301479830 258301
263431045 714802080 -718494812
176274782 357837637 -805722598
191306960 1 669362745
1000000000 191909461 -930434024
855837821 674447548 409717886
998576736 831034344 264328205
523666976 899067476 771377201
1 348301751 -612819495
949053916 912938859 -898814727
164678319 807857867 154142096
564109910 84713044 -829213329
171856241 133515051 -713683442
325777845 758814394 -844577201
632229590 889652368 -362111631
120334501 591111147 523121636
318809769 942266466 424458323
34420152 1 -682637513
473539900 814021269 -43018580
501635788 628248868 -804264280
862408338 208748934 357279315
759563515 523838614 -202460466
855908214 54082245 129134581
131311500 902027611 -454368642
704873814 651136362 329237435
650524439 1000000000 -258068300
623958226 134316834 131063141
1000000000 355484085 321785397
843039147 405881620 -874446372
766464318 1000000000 426970589
382042003 434868938 8763186
25835374 155533571 -298453289
1 888638062 582084532
482755204 2851969 543034492
976003197 601005261 -539237394
659677745 693542005 -706308540
833472699 481236872 500810429
4456459 651048204 714277367
467711207 969124528 109899378
151117253 835634212 676257311
718596890 482165019 358387324
733263080 890335508 184107812
74509671 1000000000 -964101208
228464833 991851160 -702978277
451949124 272355868 -81931311
22944662 544826030 977923660
785259906 765215523 810872823
316322160 815685625 -684227888
683373313 848595396 843780291
1 750620052 -995094295
16412020 708137814 -660372825
285589522 1 -85177060
120278754 978713796 -186541576
390850079 328260232 -602762856
866573749 437945498 883174932
607140173 132344474 -715972422
329465746 448031454 194871069
786495090 1 495437189
59383567 342105080 409984345
481132904 429580744 812614418
431093477 1 -271444052
907387240 229863353 -635406459
72852289 866136441 -819443937
952249593 1000000000 878611636
226140949 774928584 -894823010
16247992 786000153 784821625
1 404424180 -400544909
1000000000 486964105 983528727
867284500 226952180 168858316
201838415 342078653 994695948
1000000000 82431039 907565108
400696194 399414037 846379252
310913244 1 532004249
583527633 884774449 -43450695
922219349 1000000000 283348709
1000000000 158455681 486638483
1 533226773 -164215410
352805661 734480911 84575880
402334158 571250850 -106482956
786476636 1 -241973305
685231454 882931088 -650412474
825793625 1000000000 191939793
1 906399306 -825685809
1 901362018 11413362
200947761 1 -285965959
926092404 482753871 244206800
343664541 426289061 -780932040
739549799 800473542 -914129403
404313720 539180759 -200239766
851383004 418723753 937380710
375875602 1 -338780080
209248356 182580950 550164912
468874268 471598883 769113021
762507406 217661912 -50046520
1000000000 21200131 -421601738
194529225 467732217 537765741
138940265 9033239 384771539
1 295432686 398110690
461414420 948915471 155594639
534630510 929929600 784239334
1000000000 527531715 -367064487
1000000000 896494771 856813865
142917170 313612466 585880204
526771904 334538591 766720194
1 367178258 -308371560
654598414 796376360 -198913745
860462966 319115509 445251602
139461725 493807226 -751440128
1000000000 574206186 302740528
894649829 891693229 -514918791
839322591 382366910 -470897405
1000000000 406777343 82073822
382690751 1 -672233170
198951146 753074092 789295260
32127756 125057761 291544443
650188794 38401992 693917764
682832024 1 -694669574
631496052 988276013 -961198234
644333576 106117366 405056129
928403672 1000000000 -60829311
646068617 760924525 -178519474
730633689 23543835 212883203
250151278 1000000000 -939981731
383143397 121184029 209801551
556217351 590590607 -288068992
147914784 607426720 847669792
7264920 51566424 153914984
677545412 12729083 908941223
685813120 547872123 682410822
250606819 827789563 737737668
778452968 286137415 979165160
123111715 373057554 -287362264
418904296 724767007 -221283051
971534461 593350231 780097199
801533070 792716078 -323460000
1000000000 566944677 923030299
99295618 164592355 507391922
940839968 631258462 -133080522
287573675 122433110 720717124
69290210 1000000000 595193613
390446457 1000000000 -507455430
924946875 287701984 501627726
126675450 613221832 -425108076
1000000000 411737550 -646329137
129040278 960561822 -572609394
1000000000 974230797 -640749974
355453068 263999151 505122205
168078657 85907253 600193900
910613050 375776343 -601360245
620622002 1 -611209341
857609469 39478974 973895928
334901560 354684063 -196467527
1 725503164 -755569885
823262158 486343872 768152910
145498222 63328194 -207391342
203687915 438725225 108075451
625764481 1 669437341
975548500 896281221 620432731
299617482 73607866 820863900
938484940 580248429 96533606
746720423 486894895 660617780
826895752 290253431 -826530290
169255161 488852944 -496079400
628448386 468067001 681182295
341840138 607989792 -381076730
865849076 265704105 132715766
403485851 1000000000 -234408035
207316989 291943876 -698644992
52279050 960434570 634794525
225900693 1000000000 840806063
1000000000 491185549 -922860270
1 586888686 -779743238
883316085 1000000000 -780627197
336817372 847750919 -907106192
56468183 782814808 673527430
72955730 874930882 -264432207
753069510 81295956 -704449109
98748198 757050239 -75081506
1000000000 514320451 -875923304
204533099 770774750 -72418680
455514745 679225288 -210594166
288657305 246539631 536810448
326395318 367421876 -356850997
1000000000 615592608 568448861
1 1 -76793079
370154692 1000000000 -303705435
290184624 560138558 265583479
315452003 634324982 932153621
765001059 329529152 754199063
211883373 127005675 -855875191
105543217 433551629 -26507570
47166161 592023510 -420693568
646707120 207523503 -311676542
378868977 878235862 -40681147
684306164 201125558 906781375
1000000000 923840915 785363326
453553943 683196041 -595820675
442071971 1000000000 85871284
307060882 505139185 -687348547
100123851 515258526 784703125
364969083 700622913 -55953083
1 796620547 -693924474
1000000000 206861508 980660350
181024248 719280864 334180392
405800556 495524391 282508024
62248060 518426567 -607287641
706330972 170227181 39837982
181951046 618952839 622203038
638037228 689719319 726546640
192458079 1 -451057125
1 96902650 -35947904
419337774 1 233309263
773852482 406427715 795878077
230251276 1000000000 720653429
491565794 285855279 292762157
661738044 10397364 634265287
1000000000 707173655 -195558749
70478980 680650155 939591461
394269297 834184891 231846507
451306575 749551356 -790097098
372352814 1000000000 -626433764
779663745 849162503 810289232
607529757 625207371 -750441534
1 986209536 601492401
573926813 1 -315040041
901842184 1 87669754
237799176 1 636102685
429366881 825967548 -275743401
526047030 887647395 -303944983
69872938 1000000000 528772717
1000000000 724910062 429039776
788130280 352238981 131597048
246866885 1 -196628174
737877752 228394215 188605874
840073993 117608868 -992035330
616714967 614412293 -38266558
195658349 437637084 176081190
356873221 462304014 -946837346
119781106 1000000000 -719407284
496708782 258191587 580583107
70132307 220013474 696585412
159467336 755754122 -941265519
380200317 1000000000 502643877
91579417 581572196 140940365
566065961 253897140 -234626081
37717871 415459475 960333056
242479486 1 635778479
638980257 11088064 -290974729
47407543 673500047 -509675989
972936559 470563116 -373477485
103502471 694671168 -285927668
202297396 230371610 457108353
383136589 494911448 813064061
148124811 619813120 740407656
971670733 895247346 109710203
963025282 63856787 -744227831
159237957 507379252 61991098
426841519 51141686 -918588060
843418356 314471235 -738469487
1000000000 14788773 464781058
486058657 620636946 -613177230
710099252 80787952 998076849
983616050 593763154 -668603348
235417370 429182150 -400119524
386929865 931886504 260282604
377809658 132944042 -577458834
409648218 311406867 -427915140
903087168 405835321 564608082
832388098 536845643 636422004
1000000000 482408707 -290488963
1 711287628 503485149
989544291 286518107 680045972
814431798 200640498 -47829801
384378294 788108334 -777700927
705935619 302859779 712779989
361194334 758881098 -24976245
807715663 771472897 176973645
340947089 626126062 -309560131
192381375 908550352 -175553044
900970175 670363829 -636361841
706221664 561242686 778687280
115956616 293660263 -542927324
1 1000000000 -999211263
276976238 728068312 156527673
698907523 918637448 -187329259
731861528 98057576 46506712
815937596 119030693 211544586
57138426 494658529 -989798963
960223146 887955144 303072672
130508098 160968431 -424800829
444684991 54839577 -489987012
989186044 728110316 -508210685
319308131 219310435 846586086
1000000000 181138821 495957802
1000000000 644885380 336980399
390811269 1000000000 -81970966
1000000000 955839422 -252123274
1 893632370 319472937
227447632 650338981 -554368945
68095714 1000000000 -523227996
584169764 773446600 -678977284
274751013 256897436 -913252277
286888003 261738272 -368823152
919375725 969039782 -432060450
272691541 894364504 567343072
916214439 1000000000 124631059
524292232 110037349 -793389401
350729261 784594422 710678571
955468751 539045772 738875041
1000000000 563030843 376640846
240145736 44150600 630109261
281442747 501815445 -316912939
341895461 172105842 -898546599
625488293 297451897 -606042458
67531484 358528649 -942401364
275707537 240658941 -719491787
387307233 893712746 426641800
539669430 881588792 535881762
56347160 584024334 287418308
1000000000 491831421 -609962391
40484368 749315060 -401921143
937408074 1000000000 602799415
272614958 62754788 928251915
716273131 715609510 -516134423
727199615 199978409 390226194
697505099 941848272 -208339172
926485214 101870637 123280336
923561565 850299756 -442431172
495419672 569352734 845307367
45338863 782835993 99905427
307077842 982757654 -955673011
668683532 225269608 581000358
882677701 1 -758349040
531782804 1000000000 58236406
61696350 186552259 -570767574
927694179 181921052 -80769708
678461651 198869167 -170077789
83953725 984046425 -65133427
287066126 1 -872986356
808924623 585761324 706289377
436955227 505091560 481589428
253754848 167411159 424847612
892304960 335344317 -892461481
257404461 358757932 -540588336
1000000000 219166145 723194475
224377445 1000000000 -127495942
1000000000 586637784 -899559466
492842486 914527548 814743939
993743472 950817233 -250327895
505626778 1 -183898654
348420967 222875925 -103474007
567888977 1 801283425
38894783 438915150 -296912255
795979746 486017758 928571154
604626130 390169469 -863183192
1 3775311 232059402
221016544 1 -937210061
531615979 1 -757694715
563525873 549139228 442524019
133163913 701665277 -788567822
1000000000 906247447 32865601
886668868 753474120 -812948971
523267430 473194445 201510954
672509182 1000000000 908783355
113670353 799438598 996971389
291702926 429954059 420575380
481417830 946787359 28373127
718073714 1 -723424820
747718066 210371681 -668944575
1000000000 151803852 408709255
500540099 765149704 -776650609
144589552 912318976 417109767
704294786 983479256 208662226
995320020 200919325 -804412312
1000000000 477961777 -321797515
633898177 1000000000 139121171
516793392 136131296 293386480
540111366 563750799 852290172
1000000000 431962213 -246036341
1 173146137 805220189
37472303 1000000000 -950085074
810951067 1 -956275247
977230999 79285257 220088058
394772193 937887562 -775990512
992118107 50969598 -398318558
1000000000 191329496 -603104259
1000000000 540869011 663380385
865785973 752243835 -888960583
103353289 619162505 -869688882
682460097 178805873 16307964
506389776 901203077 251805290
93976214 357298369 340962660
478384835 535616598 895634172
1 429148617 519507852
46684296 433130254 -751915277
760679348 826207087 -230505844
356592534 1 -577412214
91802045 775290810 -966505924
440446959 773987317 -756524941
860724489 262704246 -75693859
373028179 575646812 133081238
65920826 690310537 873086459
940773803 226250156 94787512
856404064 346016196 491179372
446090353 1000000000 579799694
79932269 875625785 120853828
4124267 113118134 -185739025
297985083 1 766960273
237238027 1000000000 199818559
456094836 50871796 -817070360
908595695 133283424 -311248071
262102014 834318900 -364130660
1000000000 701037071 905908340
890730780 369527021 828181708
152172922 946017280 -115638438
287350567 207529691 610012708
709424543 835337387 -852624554
553141074 329242901 -248868550
1000000000 769774054 -598891990
405600108 673733422 218487043
773646310 812084613 -347965499
461397213 473861889 316504958
1000000000 510936161 -638311922
795002117 1000000000 -174517058
624560384 1000000000 26235982
193346132 450126739 611832870
778311262 661239552 306646818
52640685 624531223 -279280015
21093285 156439122 -294227120
13077036 957999915 812784907
800725431 214337651 163276376
889388103 704125877 635819940
210317075 1 246884713
261145661 91443192 -652425654
1 974950248 460659729
1 70322806 -796448937
927044273 280031731 -696234647
28801940 240287814 -12643056
776145916 137733070 -479758342
528941935 554650503 -640343694
524003236 34796589 -495858008
418350346 71430919 65971104
755635453 298162440 482402923
177500498 833614327 -785852386
816693397 454874345 -53538385
745578704 1 982338728
648159169 543488323 -906333919
206217502 795369733 819167309
763887580 285251544 -855266007
