1000000000 1000000000 1000
1 838117459 -775935523
177942878 178653905 163794227
880662739 357653271 763955583
510192620 695227057 -161692903
1000000000 903116976 -865808862
531782804 1000000000 58236406
1000000000 193261781 -296110049
1000000000 456773060 -773929173
717255053 1000000000 -100659696
975492128 443312339 271775657
474271372 849448529 545489677
59758896 278170394 -223616598
1000000000 329806514 -65109625
8092958 1000000000 664134195
225900693 1000000000 840806063
928403672 1000000000 -60829311
1000000000 39276823 533327553
386750663 368274874 -981724252
481966513 795279239 453340393
679936385 451109405 -953489346
547090880 1000000000 -996738033
310913244 1 532004249
444482479 525510867 57369363
31795459 1 622698122
1 132411405 33194303
534626749 735086295 377964327
811794613 911495456 503578219
41817042 1000000000 758015861
645808461 1000000000 -114833733
308558677 1 190841509
1000000000 998856679 -491651088
1000000000 391987715 218522478
166359137 423836419 68293280
735805723 328810119 -478458161
620235706 1000000000 -82088721
1 329735031 -179623267
1 846867530 831887211
104839756 1 -833095015
1000000000 203726554 -452151414
827825355 155836027 -402976693
811365882 213689069 -834607286
613589444 184942259 868592012
846147023 1 237830602
1000000000 400471922 730257418
1 337593301 -807593400
913622882 674533964 -274044536
1 478522317 -345015488
572617658 651711189 -744369314
638615758 884780702 176821186
1 421046151 286657442
705246195 815097938 149103986
74620155 243728372 -473741479
962508470 674510805 -32151194
608460543 1000000000 92776216
855274364 904631689 -178370443
1000000000 60521490 793575044
351402996 213409866 -67819200
670464825 264089020 547499080
251602146 92734649 -635971767
180323665 726276530 -122315563
1000000000 679285846 405473151
356592534 1 -577412214
302189724 260667796 95020909
1000000000 376017232 -267433531
444196968 365427563 -473473839
150018399 600099506 87516075
803877457 801003481 10891939
1000000000 701037071 905908340
548187126 581175380 -757443630
660145156 436796441 8019697
325165640 100127869 928073078
1000000000 529213649 -258893714
645763206 650342228 -635961755
1 534431843 34372915
857455387 1000000000 -523526324
764350938 1000000000 -895103105
487454458 109589143 499051702
291299329 1000000000 -516577929
1000000000 586637784 -899559466
867490402 551820978 757893109
355582296 100053059 193730124
310213590 705882869 -911460567
624560384 1000000000 26235982
410421493 570821889 -773587112
631739370 637453309 609227318
845296918 452582678 -583883338
959084813 317549645 -35822247
68095714 1000000000 -523227996
387812075 580141650 -368427061
1000000000 245667223 -268290225
370070945 992080612 -71194003
1000000000 158455681 486638483
839045046 555935113 492708774
291693294 703461190 212911120
254951457 183225755 -481590549
255808160 524709319 304098449
561172892 90139416 -740159248
156965243 505562691 923988336
716564824 118589616 934093095
310012848 381515533 -295271250
1 347737433 630247
201266378 1000000000 -87075061
161914972 199176992 -357308245
278575313 672318584 -175640074
796170763 732939421 344102050
396726614 595558813 918935989
975503091 1000000000 669538383
448575274 799638705 641749701
347913444 972354756 -211075800
1000000000 406956852 209392213
980853598 1000000000 165475827
562353561 920215818 -123876834
303515493 659006992 854543958
1 644114883 502357284
440545745 1000000000 -609275116
345740470 532293011 298793402
21798959 1000000000 -463572872
1 750620052 -995094295
244140215 1000000000 442588660
484532943 333557315 -870900938
548162716 1 608557203
1 520090322 571813214
333198881 135215385 184475900
1000000000 327727687 124788650
1000000000 847184893 319668658
386924195 1 463727894
224377445 1000000000 -127495942
1 429148617 519507852
841558789 286898398 809071722
786495090 1 495437189
877989456 322137376 491483881
116061374 414673742 297813704
1000000000 615592608 568448861
32400476 1 -131914240
196900186 615003893 423103332
569732258 1000000000 -45710620
501751430 414747195 448780452
1 343652359 419209919
572115975 1000000000 -450885663
619225313 704409243 -586531891
1 71315232 -413815499
1000000000 124894291 543567180
584330310 1 475288779
419337774 1 233309263
219075421 146369995 -631134169
161211812 859383949 -266048389
1000000000 504819389 656578848
882570168 547965767 -224916327
31274280 231293630 -152825112
210914112 1000000000 -392034037
467728681 1000000000 780557902
165068915 924664903 -998347830
567888977 1 801283425
301907647 980894858 722464268
57089858 680410220 -481100716
1 322060549 -793373156
1000000000 724910062 429039776
1 995383069 526829465
938591384 481689076 -148634631
1 533922661 -208739967
1 496536833 425376197
901842184 1 87669754
1 888638062 582084532
180646256 763428461 783487959
133796127 599487315 475614883
946785750 1 625570402
1 965209641 423241505
651124025 979155114 -637169524
965666083 686068494 41165157
237238027 1000000000 199818559
1 974950248 460659729
1000000000 191909461 -930434024
728513611 1 -622832927
235710203 527895421 334744458
643370819 1 -430375391
736148436 940411140 267731020
939887148 974138448 501488227
560785335 292253659 992874961
250151278 1000000000 -939981731
740838070 708823421 -981823226
341235268 1000000000 -476960427
552266262 36223611 420993243
481166532 166325596 520744029
965482812 1000000000 -717789450
224665897 329984394 -315431031
682832024 1 -694669574
399291150 24779452 -902751911
1 348301751 -612819495
137333748 345531744 -467565713
1 375151473 -51585900
179014270 785701244 -427227999
1000000000 906247447 32865601
839223247 559608966 -880171179
1000000000 918357759 -459223826
422345312 177228808 -338653333
514462641 1000000000 -337854026
617850392 492582426 230158994
420328175 41346527 -73167913
418164832 402070311 -210891933
90964449 115681270 -258002542
476516936 111411017 -653586390
1000000000 955839422 -252123274
1000000000 947776591 -41684627
325215282 521878114 -407756102
52905389 714495394 59279418
431093477 1 -271444052
108957679 962066735 -736339181
390811269 1000000000 -81970966
193822529 125480607 -719103961
578952605 291064860 -565460334
890190782 135819344 99103071
813516240 190536641 814386843
251557437 685697126 -591728394
1000000000 504812699 -10493813
810447239 935315751 -974346094
425683265 671425115 432951679
935676782 1000000000 635182177
728209719 1 155964996
217947626 526113254 -132630629
1000000000 158272147 -514405909
263312496 1 788530059
323983234 93752920 -830213690
787808210 1000000000 872085637
517293823 643902432 324904745
867791753 565769035 -985807061
1 893632370 319472937
227389063 883615070 -685652906
648708961 956727064 -89162361
1000000000 355484085 321785397
1000000000 605407185 552723801
372153152 1000000000 -655392609
229521885 436168576 185193581
873352046 345135264 -713313370
1 439554827 -19349597
1 819790788 -300511096
729978102 1 135173583
1 765439261 -29299391
740195586 52078151 -30147465
969693720 1000000000 393539592
563459729 172577799 -201672706
1 801792284 -1277290
818587645 106382880 867851056
1000000000 191329496 -603104259
561516444 451431191 -401151852
504016248 703370770 448016
925636795 1000000000 981011841
881350120 802265201 -396165829
850191223 343568032 -247111160
1 929050373 -508174895
672509182 1000000000 908783355
566928337 1000000000 500659549
344714822 1000000000 -861962026
1 403346929 -802018030
667688800 600588346 -539870385
1000000000 644884213 -233495492
309679120 931994167 -865541726
49390847 723878139 29733588
1 52209936 -688974572
272909400 883345371 31705290
246866885 1 -196628174
380070635 918142538 838267133
1000000000 566827883 130264103
886237803 277801239 -112190876
324041190 320114805 28681981
25017608 528694452 868657654
601903614 650121609 -893484597
541624013 797340312 842567208
749075992 1000000000 798873919
1000000000 566280832 -497816302
757368192 948215742 770651865
621160537 114329064 -307119113
1000000000 245695009 -673939098
1 803306026 -553996638
877445409 256551622 -436412132
1 199970740 -286221997
1 393169540 391267004
766464318 1000000000 426970589
78873257 1 399132477
703152671 500903943 -687454196
1 210222405 -905164556
482093250 1000000000 32153894
1000000000 150397756 -85105576
698418657 991458327 323675792
1000000000 1 -997191686
910080765 109059912 -283273756
881402709 1 -728321718
129182001 1 -886472074
1000000000 219166145 723194475
633898177 1000000000 139121171
552416153 98821441 -785993183
294253042 113505219 -407812508
886040918 786664224 568313626
573926813 1 -315040041
740723171 1000000000 -275232155
1 89393740 -28460376
244440875 229727888 995658770
36200159 753017289 -380659340
1000000000 431962213 -246036341
160536764 2972192 -699946486
458883690 817667343 912319178
648950490 1 -833148456
1000000000 974886793 -87150454
769160439 29687117 597334864
613578994 1 -68078274
629391745 393327195 718746535
266117651 1 -652842962
653411748 1 -608890878
947284561 502543229 407875377
911533098 1000000000 -208911110
907365976 504637373 954232825
446090353 1000000000 579799694
101538062 4787552 -636901780
113749584 1 791924024
520239870 1 274768135
75049955 721342225 -629199002
882677701 1 -758349040
670403043 850066824 -601176388
506362607 242853914 -858399664
246582712 1 747948837
497348237 1000000000 -926404881
606704983 645136674 720408593
160465931 3939359 828039853
1 725503164 -755569885
617472471 264644273 -94208535
28444386 38008415 -582280037
1 954019017 964937371
225000968 373189864 945913956
549474010 705322091 951487369
121484855 215602187 470015200
1 880062622 481068596
929026841 1 -104669002
341640394 778693827 874166659
955227822 1000000000 -870811893
447376004 598450143 387629932
189559427 554035482 55109353
463333927 653947835 -102193699
597650749 564633644 89667298
59327481 476518757 -588110167
847001958 1000000000 288711778
1 888415262 825258720
1000000000 82431039 907565108
976981990 392046090 436367036
990231478 166106476 509312071
718073714 1 -723424820
557360367 517772599 -972076365
146993402 1000000000 -676400672
807388849 499354761 351708034
1000000000 827748114 834439843
260046223 578840697 347669801
218653892 993382340 709815887
529427799 537544508 186847186
617398557 167296770 -377051555
555849227 1000000000 -179217089
1 711287628 503485149
926324337 992685568 254446682
261126479 347198451 799578232
655876152 1 659981266
660533037 203968167 -710321501
295988111 195343751 795597101
71556858 96956407 -950738093
642798144 593598186 -246160063
735450672 1 289531542
1 537149612 26332155
156149499 1000000000 -5999305
270267455 1000000000 -598217871
169878696 625825479 352854171
643878919 202533453 -4899979
1000000000 151803852 408709255
509491478 7744900 488242483
428197959 233523832 554756158
575918491 256718294 -888309473
337690101 868316061 -933606192
971358423 811582418 -547549290
572659020 567089956 -504140165
69290210 1000000000 595193613
690184841 650973081 -521948302
759776538 1 946069826
908857760 80333616 233196316
380503331 111544286 40772581
933704390 473828029 -869192467
74509671 1000000000 -964101208
432386806 34215422 232776097
846513863 425093589 212369783
46756627 1 299275258
454304065 558154084 -31848898
937194159 1000000000 -553581963
885351738 294272622 -55560137
653014571 1 -498610861
230251276 1000000000 720653429
370154692 1000000000 -303705435
407367053 1000000000 493307809
1000000000 771438939 213262835
428087147 543158829 -563847052
733980680 1 376083444
756629300 553237039 464969182
639280407 1 -406114860
1000000000 365344449 491053342
1000000000 477961777 -321797515
1000000000 668668538 432329946
288533552 938770805 816759502
287285350 1000000000 -946972902
620622002 1 -611209341
261367752 485108878 852388476
612033979 41368868 951451656
460290825 802167181 933429640
79525386 717192448 -184232188
1000000000 487868002 619677619
911946359 320577196 402269684
1000000000 2730078 412909433
1000000000 761234343 -468628947
308225151 994349074 -468736511
1 803069435 -858166256
568586839 11954930 -874595053
825793625 1000000000 191939793
287678523 234198740 512313639
297985083 1 766960273
882996899 166201362 161971317
1713393 170307241 -262815361
380252654 135605158 -295162456
576995892 1000000000 183336294
954275499 98523410 985080340
1000000000 974532397 207866570
672792904 851712415 -767213871
394955343 249806704 -752134058
813139214 552848174 -118912069
1 824834368 -215921266
907449127 953437985 -405618951
330469237 109289590 -588981491
755610110 861718436 856531340
1000000000 531409777 -239397518
380347398 264475414 784749809
496400374 175376681 746094824
1000000000 515331156 825496632
671131089 151096228 99952095
866012838 875396895 -839764533
1000000000 430722389 -899751964
481815900 346553051 -475277693
518482072 825430140 -355639177
957785749 1 -612769465
827528393 372401334 170286402
126249346 988296074 403473141
1000000000 644885380 336980399
297827580 158756314 -435758520
1 96902650 -35947904
139266364 906068446 -125180111
73021096 76014725 -809943895
520217300 951642764 -738983146
117395349 1 -216671646
1000000000 226488156 -527625494
1620052 278633710 -201408840
441473974 30022086 339732742
967495969 383291346 656943415
1000000000 1000000000 150556676
659553166 845248444 461778468
392376554 538968467 -237628022
25997281 59408335 -555235181
628001944 763555384 -979180436
1000000000 726182802 -760085728
695392325 1 848936375
172893562 1000000000 536388869
653600664 377063816 721899510
1 773423046 421124111
1000000000 947333175 728934628
1000000000 228595171 -351803840
731193724 530700112 170808043
252425454 26258416 968982838
449961831 164946440 33973615
1000000000 563030843 376640846
801510992 1000000000 -527346917
17071270 905073815 -708305897
365161255 600703639 -728443106
322523063 505041981 -645766070
327740288 441665320 663949331
532991512 1 -484158565
97038986 557364337 -518188818
175517379 637641651 475407863
121826636 1 -939343307
1000000000 529532087 -243283678
197139430 417523470 -542150778
88071981 1 313548625
232818348 1000000000 28848842
270295966 348243093 -454015094
1 649605867 707082752
980247116 530522067 518897949
1 29017142 -902637574
1000000000 181138821 495957802
274745146 574208110 811428652
1 287374322 -670012370
747013995 1 -460610708
67941538 75068125 395574060
891407512 1 201405226
616872432 898780604 -776235147
894837711 424868132 -388996533
1 69414894 -732756005
122274689 335850794 -680825325
526918852 1000000000 709497018
1000000000 546421984 391588641
358087993 990180497 648081451
770670807 1 860316842
535527100 556511612 -50206389
979963062 308753041 541250967
1000000000 672380702 278616054
177935144 1 -445279606
203473501 190957962 856719512
1 173146137 805220189
381013394 359171423 -279709811
432803560 655373175 -172633335
924819882 66665439 589902240
1000000000 800293235 -749505958
215171124 374077692 -848302645
1 271506876 -377450971
1000000000 21200131 -421601738
560051058 91955614 197730601
192458079 1 -451057125
1000000000 486964105 983528727
798716644 638308407 -442709948
633307270 662349414 490156424
134597400 54120358 -787086592
1 901362018 11413362
1000000000 339282637 -910682059
841842034 1000000000 -853565174
545395594 1 -297240601
63046527 563027003 436740448
275752680 125796623 -200258297
408265071 656330415 373125360
708077550 263026636 142786013
1 933287713 803501560
732115562 1000000000 -118969065
1000000000 274400761 255452634
1000000000 543452929 108208643
531615979 1 -757694715
378273737 1000000000 890057985
102046360 1 -763718349
466684603 571199131 -687961018
88797667 940300168 -445556139
1 367178258 -308371560
189131816 322341756 -126802547
539964965 537725580 14834965
11055043 981355635 -526592305
810951067 1 -956275247
434519553 404978235 42912267
1 61177405 -120934577
442071971 1000000000 85871284
483424014 536576783 -605754255
460918149 1 -103342473
1 375820924 629250401
405491078 1000000000 943086049
826947193 49829391 -489725050
580135115 939277001 789912319
534310196 838855282 -788456903
870061653 1000000000 -957165252
78778932 1000000000 620780235
1 693188912 520409622
108193609 625433236 -40314879
323315374 988960889 -12582555
970703561 33806908 -969977417
660295899 597574499 -547736717
405291132 1 933584423
1 122964956 554391951
354537083 837494143 614489098
245179765 406899899 23700450
1000000000 265950710 21713340
125427789 788600597 94278848
642899332 1000000000 -94256143
888691379 329456392 -309148339
943022013 286103499 -573855951
450373224 921421863 94330683
883316085 1000000000 -780627197
359254366 703626610 -480968322
1000000000 491831421 -609962391
29223648 8955864 793173980
1 75342892 -54646126
903850711 1000000000 346685411
861869009 758020764 -23715667
34420152 1 -682637513
1 470271817 382256735
221016544 1 -937210061
748051888 1000000000 117054100
293036845 527067790 732086829
285589522 1 -85177060
243001249 669400931 -118983829
947341352 1000000000 179284378
728919955 358052884 -747829197
1000000000 86017634 -910152499
274277887 1000000000 -559293639
255974438 414638667 -92224068
923164675 441652197 -409216609
795002117 1000000000 -174517058
331554120 950336739 -497970791
400655501 558208615 -101509508
520036229 80218132 192700238
1000000000 923840915 785363326
125883998 177804179 135281301
1000000000 707173655 -195558749
390446457 1000000000 -507455430
1000000000 974230797 -640749974
605994311 1 -586456680
582757366 736032861 607984486
428119094 1 -262962610
16876867 473038928 -90909794
97189071 819547094 -793934345
229212995 1 904667292
394177983 273280991 -73698922
1 1 -76793079
424189393 79232859 -13925563
1000000000 310554077 -667424006
833482007 68294959 475240154
553591620 536528189 30192434
499817071 593705512 -954244096
576561603 722637291 765990022
1 404424180 -400544909
593017993 878715011 -321667313
706117940 422473758 -359619121
1000000000 411737550 -646329137
301906020 1000000000 335048025
267072521 132108861 -400219325
1 317753942 -560205288
584202969 1 -564235018
1 654067322 268724936
576386269 1000000000 -344863551
414557208 992985760 -181603633
589969498 41723688 431792095
547901519 464318690 83398865
938830968 705665398 301714508
1000000000 96274340 743865020
479191673 583139818 -594528061
673936296 1 524848520
1000000000 756078717 797116265
1000000000 574206186 302740528
403485851 1000000000 -234408035
508136289 506996486 -461614315
332530180 169767797 -796781258
335952159 855448632 -868393128
763450114 1000000000 -390049617
372352814 1000000000 -626433764
1 565729617 -776333276
246451121 161379162 -683824866
634927769 437820387 -897294241
473690271 696740613 -329442671
396869498 278522000 292786539
1000000000 956280708 -426671190
147631759 719146709 340758902
521776887 140240982 772925626
625764481 1 669437341
243478638 669601498 715138232
436350045 562520296 -63129254
1 715721046 -65909952
984915039 195704320 -291410808
679960421 225200653 -63176436
806990682 684487952 -480473107
937408074 1000000000 602799415
1000000000 527531715 -367064487
133205256 438061752 -987617637
210317075 1 246884713
564664809 514341340 702374102
1 938491984 183567171
724382117 809739888 323974084
1000000000 296567966 -363771374
1 520256671 41059893
901926653 15314621 -525264682
688807033 79520235 855737113
133590402 760719102 929899967
933914977 310902178 -433376170
481345583 560385368 -988842040
278813339 661247055 594836593
646007862 1 -133409999
406571948 119211810 863520914
1000000000 619753751 681381093
683840992 565793489 741043487
745316991 1000000000 -823483744
873604101 454264731 -4763755
1 860782355 262539814
922286579 1000000000 -810225153
763407799 742824597 -837520786
365839246 1 -736461625
268569164 957134600 -206794253
517313469 1000000000 -598066551
1000000000 136360391 -556532045
440860967 1000000000 -494907635
157552324 1000000000 -673726421
908856179 1000000000 899492813
913240373 695108764 -185965568
15455272 269703607 496843735
161907309 1000000000 442918118
702825866 1000000000 -784528035
619891784 891266986 -192083553
553971003 992260096 -453400636
865192773 144696606 747383750
983309712 590473 -793565579
75958770 1000000000 549255059
385107566 97162802 814126698
1 857974615 112347993
1 3775311 232059402
337037036 1 507745627
796980977 28650549 900326531
1000000000 53779198 837110758
965131638 1000000000 669656730
682905342 798589407 227191156
1 6648292 -89652960
1 71902213 979148904
45211558 611172175 590313047
950232549 623753792 -358616702
116319917 53211277 740678866
1000000000 896494771 856813865
1 589809578 -500871555
355883588 66179706 888909127
1 264140888 -48801107
793613358 945436731 470190566
163076851 1000000000 -977237713
983514714 664054332 -455263630
460898230 515938553 619138938
588692162 1000000000 611647479
382493007 119733165 -490888367
375875602 1 -338780080
977109890 1000000000 895621726
935300075 234769246 688436479
1 273329382 -940442124
957696817 1 334280774
784967860 336508798 -904375694
1 288234491 13569526
331688951 1000000000 -389442353
1000000000 68842220 -935980945
157672689 47084382 -64983359
40754588 26624945 848767199
634356832 1000000000 363486183
657178464 6698959 -865555566
1000000000 439651028 -357117381
1000000000 209844766 729961955
1 478800267 -215352965
940517612 452655238 -290043968
382690751 1 -672233170
1 196646594 -748840839
1 804231960 -638683173
661912953 939917877 -127249014
948982170 381181969 914833908
510864419 790347048 -144270578
320624377 624573359 -720010862
1000000000 442058165 -410428605
4332810 937387488 640713633
180078206 76060537 -733095691
60422291 600013795 -527526497
844121410 265730450 -849278763
141015072 786199494 15599579
156097860 1000000000 437388097
851572475 270996915 163542483
916214439 1000000000 124631059
90258625 631623494 49885229
309737216 1000000000 -61166267
1 981483453 -645369750
650524439 1000000000 -258068300
1 679785114 -446586841
178645407 393302802 -479778052
343059382 373789564 115432869
341759816 1000000000 -431267107
621944525 1 887025140
1 533226773 -164215410
378982873 438300240 16846781
449883934 232602922 276256612
581877328 1 -258197991
392961159 987027210 518416570
1000000000 769774054 -598891990
34731668 1000000000 -969008097
1 642133209 260066096
268372278 145680594 137888671
747490291 434182439 910575363
229999539 746313349 398196705
175513377 1 -42645441
1000000000 224865816 -63042336
1 9475035 -667587019
3593117 600059323 -401619382
299672899 1000000000 626070457
1 422593543 -217047977
971394443 483612778 -497145407
1000000000 164751490 168714271
974428212 244527980 -632104384
344488477 1000000000 483233666
1000000000 229834922 511249258
1 595273008 -205269990
582907004 969522859 320893523
92585222 358812281 777984515
624775160 1000000000 -814268731
731269550 268048138 386906580
808758913 494616230 -361354734
1 486670726 -753316144
632464358 1000000000 -976788663
1 382349752 -246267155
617573089 1000000000 685876470
872041094 1000000000 495127604
952249593 1000000000 878611636
415290182 801115395 195773179
253728687 989371707 742480619
565103602 714351514 664248874
1000000000 406777343 82073822
596684959 500014779 -789428880
1 962666607 -911643258
111215935 1 373515916
662521764 749578147 713992939
719640764 1000000000 -889591983
131197580 111993552 40444268
1 674364919 -510431034
1 586888686 -779743238
787893122 1 464760012
147165820 525968478 547475450
1 471105818 898391758
449471731 89479947 778291459
939700204 1 -384494498
736073333 1 -55355528
884104726 608929057 361303317
212529252 1 -986811472
224227613 759056375 -539167965
237799176 1 636102685
821404212 1 344036930
286832812 591498903 -84066816
431342808 25420379 -274379386
414005162 1 -959554779
914684257 417608560 987232485
389011001 905072448 256914303
911161685 787262957 -727505521
769979634 49633745 -104034894
4885682 1000000000 869446519
836606298 1000000000 828388191
611072505 583583864 -417159716
893144855 1 -456444563
200947761 1 -285965959
690419825 1 -633840570
359416276 440765900 569185724
912245906 1 258098463
650994714 1000000000 -799149055
159293060 1 268032911
456944729 302006620 385837336
242479486 1 635778479
1 740022515 -118240018
1 158065002 689224301
255919153 53677293 933401467
1000000000 540869011 663380385
82585363 486760530 -600599310
829836245 465533107 -115439586
1 1000000000 -999211263
1 523074223 945749021
217700512 1 937804879
927254346 1 -579099056
1000000000 809344708 -806439440
863297944 99597419 997077386
1 827887610 -854260094
1000000000 566204351 -193171760
714302773 1 -183478979
850145507 232394112 267117928
1 295432686 398110690
533332209 640319480 760179348
204510839 1 -271188589
889284142 73832871 -529915921
605790493 349150925 -159579326
222543185 919895672 -318545212
1000000000 403145886 -370796913
936650259 723574773 -40157919
114592297 29954207 528265441
741781516 1 132936320
677913112 1000000000 -318467986
170421943 252581454 410722488
938336742 1000000000 -561817145
1000000000 639377033 -620147206
683891855 251855263 356710208
490940850 1 128805207
1000000000 514320451 -875923304
1000000000 510936161 -638311922
186296493 606825651 834495378
970424605 1 861399499
800533256 953319612 838150493
717833011 495379391 862194163
14550473 1 -115481494
565404383 1000000000 -836343306
699775947 298106083 -318710037
365566449 1000000000 278393786
837585472 616947975 896118095
468648624 1 -427932100
1 85774469 876999892
443025577 998427613 -344126426
1 70322806 -796448937
380200317 1000000000 502643877
393551103 409742143 -471126534
400207545 848397621 811926424
306375615 1000000000 -19066282
1 976868281 412983789
1000000000 482408707 -290488963
287066126 1 -872986356
762445031 782464351 936915393
508606800 517036139 -543386019
573143436 641400740 -648900073
671456943 1 -86738550
136873247 534343226 435119987
823415454 1 -753108084
678843925 336090576 -774086622
1000000000 351397719 -509334083
835305932 560219576 -449322320
251885577 775643916 -171026473
876505535 1000000000 537789915
1 906399306 -825685809
94574177 1000000000 346415643
902119164 1 779932574
308454805 560514026 -136232061
967590061 1000000000 -762689471
779506042 1 657870761
40920990 1 178033204
654464203 453181170 -155272457
1000000000 566944677 923030299
1000000000 14788773 464781058
1 986209536 601492401
1000000000 743624208 754855492
1 967926563 -221191236
1 373042083 397784388
547017233 61509667 -191525250
271962761 71788995 715807685
503275534 1 -330026705
970437602 867054635 -386830703
119781106 1000000000 -719407284
1 288923243 -396096045
745578704 1 982338728
432579815 15310872 -841845124
244812129 346681837 981247873
1000000000 206861508 980660350
813323912 570866826 248697947
185582298 689958281 -718780037
832305550 567222406 929180301
390142082 820347497 42300145
387161209 409920361 586118008
684457553 248724948 363077216
1000000000 310493858 -663163037
1000000000 776017622 425705357
1000000000 540539750 -90721097
399203768 205278752 -550495194
354775514 970695570 -688757559
942453306 866491312 -193365366
1 796620547 -693924474
449779276 68173317 744182736
578448885 570592596 -924302510
920821783 395142916 -462445832
1000000000 491185549 -922860270
1000000000 374988105 672726058
550649256 117708920 -86569556
37472303 1000000000 -950085074
299029287 164131588 596856049
201073234 18535442 699878163
172416788 96333701 -67317626
258454412 1000000000 253082256
638936754 1000000000 417816772
124104839 367397408 -207323317
907980173 239933346 -257442481
390441998 666364419 623718693
69872938 1000000000 528772717
505626778 1 -183898654
770194265 725221538 580897966
445579502 970926023 -957757204
596652418 112790505 390975877
784440620 334702106 -519394611
548029563 1000000000 -794263936
380623782 1000000000 -183767334
1 827395077 85283456
1 612817101 -162040081
330846219 537514021 425088044
786476636 1 -241973305
559069175 746126295 -705473512
757728201 894350205 981483293
311425644 434415780 738826224
229368426 407883163 -609745589
251341576 837073100 -334725808
1 926000661 -374159350
448693081 937368943 759311904
846727805 26363175 -619481327
714862847 839456643 -809541711
1 414344001 496506199
17319894 667998949 463145252
723109659 1000000000 845834671
1 970445364 285808327
1000000000 763154113 -162465102
967093843 670318155 431295140
721297710 783452092 -8946413
922219349 1000000000 283348709
1 262026912 -986784098
689296897 785751499 -490228817
540882828 392992471 285341696
409002876 166214767 92021586
768088302 487907933 -867019988
734869924 672572216 275661063
191306960 1 669362745
727692525 353766309 -579642687
161084274 1000000000 254694809
162654384 1 -713104943
1 85150559 -267149617
1000000000 92347156 -940382626
82364303 789548215 -607347217
601334467 121226706 -531328774
1 666795878 613609699
1 54972416 -333390280
332643156 1000000000 655060604
1 351008718 562608473
335981183 151192451 -999358817
152594364 242416881 29770216
826131972 1000000000 -232284708
511998725 443085480 -280932088
857491796 1 -256565182
