1000000000 1000000000 1000
644145821 693043822 -709753724
492216584 174522723 512194442
782207306 384440443 582773165
709942456 7135039 -590530484
573197279 987003485 321540140
90079136 1 -543319704
501814720 321109719 921206111
336354689 476893712 -914683573
1 372160028 587896591
680066894 828189575 -714903424
21585978 364582495 -1524013
813511133 946970702 -661633731
754507188 828151931 -365153786
979969972 820711895 -885147317
1 527311737 -130688025
178648653 909632850 -414140499
1000000000 842290535 -237640645
330078844 824781485 919858670
538295182 1000000000 646188730
907836692 884330166 842119608
1000000000 735633364 905823626
315479573 1 -541259585
987004361 189822322 109888690
1000000000 40647577 397540664
839398142 780254097 -826385528
102231430 437283333 -916253004
194336783 1 -730619583
1 682507043 919522572
1000000000 915150273 200564028
933447447 946052728 36536927
794421854 353986746 81597462
1000000000 407902112 390982837
69833550 85363266 78472014
23089325 1000000000 986990499
1000000000 897232640 -705778604
420403662 783785065 450027619
120007925 984915382 -468827455
979979623 224764825 -316969278
383606322 184548701 814027757
630292850 1 553594335
508665714 596443049 118565961
948608966 795863235 -604798544
617350478 1 327807476
453672917 238796408 -306568047
350603005 735469676 279442816
942624196 1000000000 225124642
870211296 798952788 -659802855
1 70401154 -228612345
1 470497059 -775994484
371020969 864197652 -72066733
820373027 1000000000 774310236
779759486 1 437026189
38648354 50893572 407418954
927274542 1000000000 438613840
956945634 597749989 -299125160
1000000000 163216621 914889800
81257093 407997432 -547778749
1 175913211 -371738514
322927866 1000000000 501849353
542368337 597862284 -853909756
1000000000 510475604 788595577
759198154 205089345 527457958
521097121 342253784 844382073
1 626691765 -256642865
567264571 1 -974233477
32957388 1 -706682240
8843194 390869460 895131010
244659945 1 -997346781
55462241 1 -23723767
92315209 489022280 879590987
986018895 1 -322029558
762741700 436039323 181783494
441791695 1 -492919893
507221277 1 627413711
961960584 1000000000 727995545
809647381 982596790 -310397674
624891495 758897854 -233919803
882046850 720284249 -309164593
757974073 271923376 -359086053
1000000000 647575571 837819510
703387341 381980602 496720479
437627887 247365063 186358240
1000000000 826824568 -526484006
536022047 135272893 444989777
1000000000 115517839 772083287
312328803 1000000000 -376374104
207680565 329534808 -876662665
722575001 322806506 618195295
578370891 1 884499155
865325638 1 -914695116
378029336 995922793 -666843635
529048174 1 -87000464
925539871 930108367 817206458
827438544 1000000000 799240078
158672882 269080518 -943965448
508551045 1 365380474
728427983 606807702 419679282
793237462 598945714 339396755
470646289 285432246 770330262
450978944 345904218 899447769
658409039 1000000000 -288775567
858370822 446875233 512330482
851531624 1 -213905717
647867208 1000000000 927422963
159688941 689666161 -676262615
432129873 284177630 -106213578
989821149 341041235 -787583637
111453833 672679887 66259425
746250937 673993118 773419006
402036798 447278142 491790673
754879393 1 -422138628
142321261 78846807 662307873
219311325 308162662 -493721873
319392189 1 80676617
1000000000 222852068 814685748
909502404 668028113 147734260
1000000000 39745928 -379367098
99697334 999995693 -69201849
1 944760643 -648022680
822761775 33530466 589366279
1000000000 811599071 114748332
6481334 929150745 -559857641
935150329 582638665 -163176230
636878157 1000000000 628084945
13695414 923101536 -682310183
105972987 1 -30045193
974660021 432236239 -117046596
316569140 754845437 670774511
745070718 196769606 -871633306
169084666 7966550 786631918
1000000000 19270737 -834884008
168049473 1 -535847723
1 827783021 770724163
169691885 308111329 -803925137
288590070 474841352 560101086
1 726634124 485238579
1000000000 944140762 1648564
892918871 488947409 -182918269
709075371 975313329 -755342698
1 122010283 -425971403
943101244 951339330 746493670
1000000000 631073704 -707361604
547861173 292035685 222491252
992716260 646781282 -792657712
815649702 36885662 805446471
60033022 658661215 -539220192
802328041 185939458 430407410
1 452235929 89713887
936718005 283639773 733829775
1 1506087 809788552
505979481 57367615 620750510
787623331 143673484 -98455943
908882669 1 149746927
688726998 1000000000 -55067574
87915941 1 97025052
1000000000 841371372 728953197
555357255 3971064 977327628
914190881 89811393 -588949932
990632738 518848909 276240294
1 579305808 721922616
850594007 10638962 955254468
356396834 1000000000 -905544776
470074222 310758212 -452721675
864010357 702812049 -212464875
951689424 1000000000 136950358
139112390 720449689 -191244388
823784901 37961638 -122740779
149973975 709937037 650561584
465262469 535918804 -256769970
404189304 1 454168463
65565779 500832267 596103223
1000000000 66881061 559731574
1 361114217 306322349
732769949 1000000000 531087015
1000000000 356373085 -615925730
841905326 767734043 172972704
1000000000 827828103 -963747735
1 914776120 836055266
1 902395850 724973683
330144239 1000000000 -848536608
721530621 456584036 -469035170
532538901 831840131 511526607
799712772 1 655254776
75732293 896311115 -124968768
1000000000 471770701 -901157898
1000000000 321226214 549801076
738456786 1000000000 82357400
412666181 189041903 767105263
268081213 443881089 102447002
577001870 666716705 -543833793
218254956 558778177 -515142769
1 520189643 -58017984
1 20026383 506531329
1 801980073 -1296966
472681507 1 -547839440
1000000000 18898923 -258429288
498113702 903400290 -920151509
401838703 1000000000 735079042
188838065 1 -908797358
407111780 108287797 251570002
72644883 392693707 372714662
171407380 1000000000 -21443310
1666516 1 699374784
405697027 388949603 120052445
553085485 451621818 702659887
535012296 610553015 -838923181
641644846 1000000000 -49110956
244874604 832446302 -581180155
180183614 92514050 346606693
1 231873663 -964921396
301030720 1 -995491521
607644936 117407859 -670539034
219100418 1 -27574733
40732298 1000000000 193060879
357506038 1000000000 212122750
1 22379286 393247338
81874522 61693704 851110908
53974569 1000000000 -68803210
1000000000 276477558 -957374598
680048950 1000000000 364386589
187016566 1000000000 16278768
206869243 385546008 -547647642
1000000000 710590122 308564080
1 280796979 -693979867
145258884 1000000000 958122783
469428715 473742218 -654977392
817501527 1 -730867372
123337859 529389941 10770709
849006832 446563011 832811067
469893598 1000000000 -849920847
179790218 189771442 935256062
1000000000 730458138 856183162
928632451 139126799 -919951061
1000000000 876145797 685880823
787342647 147238175 719602196
311640732 74409466 231210325
440700671 289951976 339563608
552763607 117572778 41546303
315713491 570535687 425561659
984502264 731933246 -532732145
943725421 981953568 -44543217
570169479 1 642615196
802641929 136594806 -972825793
496822597 138167726 601623360
606522104 807394646 -232981779
1000000000 184548978 -256098573
487924224 596154708 921158300
213489372 1 404949840
408497149 588798801 499180060
779277180 81326556 128828631
578041996 1000000000 426022721
377317235 1 -909062490
915901109 1000000000 139254365
594131752 846265432 416011730
939472134 748079475 -339852654
611185243 401647579 410809493
113738076 1000000000 516023392
64706175 1000000000 -882107162
608704959 400778478 99060658
1 196188996 -515954087
15295688 1 13611282
1000000000 661376731 845463943
358332559 489493551 -948213803
1 74962944 717679157
78257163 731157406 -219319980
1 496119040 -918522293
460982863 1 429797371
1 387865981 127397931
143256285 1 797097142
480464773 706964331 44743299
183236589 1 963286369
759224287 1 -605547684
1000000000 886409992 -24779531
880343338 463311572 708413734
964512747 1 695299120
1 168027104 -200601897
108691968 277611341 475546702
646650417 75061631 577312325
1 295165666 -173657783
1 327464450 -405791333
1000000000 556546563 -804436530
714575939 8157444 388022670
1000000000 146400448 -558235949
488906621 922699769 -137386733
712354176 670572813 -293796080
656741791 277168222 -360320247
882597275 1000000000 -558944294
695401111 276816713 -521184946
262120432 668872846 -412880017
1000000000 291966693 -138730428
1000000000 962981168 554600963
1000000000 621950107 289231720
667001401 23513798 912408336
1 511544895 694025805
802428489 118867871 284199996
712103898 1000000000 -447057348
1 947537548 -710526600
852070839 73839005 138213350
431093007 1 -528737775
627061795 455759034 591859728
1 86928454 528105589
793515867 534820309 477726138
691829520 1 -911020736
77896066 1000000000 81919660
483080631 109971550 -520513520
232242443 312155219 216305613
1 460395596 346606661
1 256354657 792885543
900024960 464909890 -79503174
1 372259438 322220270
675517383 946892128 180887523
256302166 1000000000 -640757585
155272129 481599745 936389678
672784391 77629104 -976275510
578751522 1000000000 -694020903
1000000000 234681758 -13294517
642240212 1000000000 -259918208
1000000000 782653744 -360370106
799445698 130126620 918156648
851172169 627388740 827992749
1 430720515 -413923412
718915064 1 -446828293
1 654203553 217945560
967261506 648549796 -576654400
294049847 885557908 115029732
165290298 1000000000 804966975
205861852 64500467 389551903
529971100 1000000000 199442443
500236272 97735064 -955284382
1 599209179 -287120348
697449432 273938904 70094689
121395237 314819950 802126094
511883771 540169350 627549776
456447978 1 -936038947
1 880052201 240956157
411305451 1 835147501
1000000000 285182480 597146798
799912941 795024737 -793059294
363224878 573707458 725884073
911207140 854781611 987455437
893161559 1000000000 -296112407
276721652 204541620 -774104632
373841322 271725956 -271319065
235359583 65411339 347071502
291575252 1000000000 -695305179
112663850 422297676 -179689213
235980174 1000000000 274606433
939741956 1 610157028
671183576 817770684 972478182
78340344 959360610 213032635
1000000000 488599215 -730300150
796413478 1 77857558
419946089 788550799 -595398118
1 229900753 -430645178
776046184 577959549 -880138063
164303135 201696567 -91067857
345309121 871144244 -427358935
1 194977892 346285463
1 4585349 -686062152
836233021 548423632 -946695124
261040184 653569776 400642260
618165554 251404784 681774692
879366393 485469563 -202200878
1000000000 631484003 387678117
1 282291573 -483237240
791663290 448729218 -90212391
777766191 1 598067296
1 524689121 939809785
672088450 39224324 757193103
187787554 223552998 163068776
1 380957474 864359402
221468362 147739798 992704620
574892809 248506539 1989897
71869107 651554319 790853033
833204454 247499409 112903011
848884590 1 909833931
252428621 319758070 -287654038
683283662 105862878 187452285
253241239 479720333 224000460
186947511 712590940 556338147
1000000000 217241908 -565458669
703014574 41321697 -341891857
973567665 1 261459296
1000000000 440013258 811314871
656297061 810807404 112112579
645448241 698455440 -189095488
1 793971495 960391016
912581865 14660186 757866659
290855595 331097144 743828398
745469509 17713849 354885331
1000000000 871508361 638771801
316016148 694057233 879905678
202785799 1000000000 575562862
1000000000 379827575 -883427352
1 704530437 379946753
609014048 38078710 588601918
1 272332069 834556043
853510852 1000000000 371578717
159317249 1 624643674
239398970 918275898 -157407711
79215717 1 11605028
361445094 973483406 -645717952
246794239 706117600 -64363162
159760012 280288500 955099029
835115427 500849988 579798410
1000000000 671429249 404018189
259470435 1000000000 758626939
477626572 1 -844677623
1000000000 552923028 897839114
578929743 1 -358203365
554252917 381843742 -282574533
525508651 703828261 -887229684
1000000000 987051475 -202301859
227243904 765950427 -173965735
351129040 391151622 -879853552
1 346426542 -16529463
545591496 314034753 102760443
49047093 844989429 -522404372
927255881 987872045 -980302087
228777926 1000000000 -273703662
1000000000 927647822 -192716633
577655379 1000000000 -404457646
1 405310933 -672322738
921735499 1000000000 -469422776
171762945 1 -86563587
477390178 1 562028259
293814836 207523428 989071049
958754493 1 268073103
1 381877727 -828755318
968212099 1 376684997
1000000000 842971099 -306608948
888902277 376350584 890312026
544495923 497335016 739846400
493677691 1 -829082335
1 260996063 171431454
595567545 486744943 524598490
807576739 907697780 569449271
54992166 917009688 -534081100
688841809 963877943 622892003
1000000000 740051464 278027237
1000000000 57562839 -221730415
148691187 439144040 -229904213
56732541 645911951 -211198655
498034878 99237802 929133443
826204898 248160564 857590564
901628438 434413009 -274910226
528432908 566574493 65676668
1 652719254 -295423001
1000000000 309313967 -899698851
515544542 967380440 -166582943
1 711142256 -6621174
86434891 1000000000 386450735
819163585 582887612 351889493
760593887 1000000000 -940810179
76612880 1000000000 462558286
705244352 655370647 965884460
1 573308187 993320232
1 583649811 781841517
259210342 1000000000 212911420
158216872 1 -53531743
1000000000 367616818 -453404560
307683924 921295613 -222857763
975949824 1000000000 -647550530
1000000000 1128525 393359657
1 472840329 -478453843
541210105 560544755 -412425654
1000000000 460482855 -424142827
1000000000 288642175 -327613405
251752235 1000000000 835454502
653965479 1000000000 -432274033
1 741988040 586440194
768567643 1 381005154
545612580 698438185 -205876859
788408144 388620801 -367655587
324060975 1000000000 460533480
207157387 196292470 499020951
873400328 1000000000 -6402541
639222591 855582425 36822904
34764011 28763479 -983956927
160089066 1000000000 -173703203
563447322 1 41926984
701623463 138283007 -936123918
679700309 1000000000 -816266128
907757826 485428651 140753641
569127763 1 657373922
778528998 489491543 409198047
801715953 1000000000 -546039745
387050541 165202658 36155619
104360060 601410162 955264154
711761563 294165862 34355023
548595256 1000000000 -34648231
1000000000 159120734 -405776022
271886411 869967101 760555395
818932548 320391467 867925171
173488233 636636900 64571613
492529800 1 236695975
873155045 1 137214496
135430421 830062796 -694908136
146172306 483732522 -946370550
354376692 768128803 -718392015
964072856 1000000000 -129257609
1 114685699 866743961
299360051 1000000000 -397194364
543834394 1000000000 181044266
1 878030085 726818916
711274785 1 -123652805
553541489 1 821090134
90973706 1 -860285553
658605152 1 209139577
550885975 441814380 196584922
162264741 1000000000 307849996
633435893 618774657 224682651
629499184 819845237 112478730
810717048 1000000000 -231419191
486782770 1 130263716
141845285 493463979 400774288
428601971 575890374 -169196439
1000000000 803127449 611069559
725189908 1 378751419
1 346384758 -972530607
434172541 1000000000 112808840
1 7227147 116816822
968971914 24613210 -458821173
298345913 28186462 -559970118
265776720 1000000000 -763747208
1000000000 485285270 -672985891
326981609 150880736 350191313
547126116 609879042 997717210
515422242 537337037 609876103
1000000000 86784340 -133690040
826463457 922498064 -700216041
23023661 1 66459087
855947154 1000000000 -974141120
817265446 1000000000 495555115
537559901 172650316 942532189
296407280 520569452 488474573
1 710009905 -600360952
39715786 499758844 -308455798
416944864 1 -933383870
326178513 1 -81358011
1 681475497 501559758
998162182 950667947 -895692687
752618177 253412064 510753134
1000000000 363590864 -230199196
10248751 1 -393307718
186206855 1 781107262
186265023 1000000000 -847815105
771405449 1 627195853
51868501 1 757888320
907026537 1 542145338
912124587 1 271432281
1 681801012 57818535
986225139 843768986 126334819
780309900 766392329 -197421261
956022316 457140356 335783430
525401854 4770398 780058452
1000000000 410811799 -706174412
115798723 1000000000 602650964
1000000000 765876725 563793243
85882770 508416556 -779211289
753187788 344066980 604428089
250557254 583029565 -247024024
1000000000 711665549 813697086
626807130 135622047 -593803977
791983207 953648697 -481011025
948925861 1 -659751062
226657315 688649142 -295613863
525978694 264566959 519991962
1000000000 219697859 185734649
419979081 121624015 678401401
141674242 334365274 399287480
1000000000 327497519 -783436664
427673177 170966650 542554000
390636967 47384176 569795474
929790964 331241414 -369457292
1000000000 462612636 278010127
143523380 550585982 -559361939
596972711 170206846 -517178623
134427244 769968360 -572650697
297983606 650088848 -870978495
1 260790589 -441753810
1 994470352 693137255
1 214446086 -552889453
629822722 1000000000 -615877270
713538112 1 -703532604
189173306 953142460 -647492826
205707684 910185599 -402137714
775935844 1000000000 -417484230
865406504 1 -523628861
645121149 1 -52187735
855798954 97739880 -963452030
1 39888517 -533797478
1 31986769 912061664
1000000000 360823007 979752675
9992342 716721640 -437372963
195871500 1 219406412
1000000000 765671417 766809184
951144652 80043166 -297549166
280120176 706177483 -613534794
625985835 583089798 -627546792
632479627 244881929 -226196046
42300954 25801330 -925363210
1000000000 377550445 598340431
837902095 799901758 947177540
626157945 958942980 918887160
988605076 750830518 464347080
337626448 1 209006509
1000000000 681882538 970716056
697059590 257786023 566201808
409640943 1000000000 -418924731
585113079 222493614 849754471
358476302 360684425 -206750836
871527851 1000000000 583770100
191182921 343213649 941107903
662972064 437350795 785739292
128107715 826325661 490259273
1000000000 468458008 681010606
280568919 835822980 -744698548
156452343 1 -917722290
782042912 930263585 -832568637
66157865 1000000000 -604476432
1 159430920 -925635413
1 932230901 923191109
777091762 802508948 -654554222
813437448 766421160 -471986104
769036299 674490063 -146004916
174269705 1000000000 -335375944
1 500012422 738803659
270293797 887722008 -225830431
370603650 534975416 -475308374
989129684 1 492593037
731962260 77867531 -216145277
817971052 1000000000 751994561
453438934 1000000000 -88232843
1 563678002 -827327614
908261262 761033167 959172983
214696780 449549830 150954907
868327886 914464061 99228341
171667543 83611302 -526839155
1 796528625 90176687
1 527165745 112923610
734945472 91835523 -906518158
453762586 1000000000 800076048
924628428 871661746 -371769075
615875552 12876361 -121589874
789396855 1 881242003
1000000000 916002798 74143492
566640955 1000000000 -743543532
1 318252641 -666414080
792732099 957779650 -430846065
589511416 1 48070583
1 743476165 -418781491
307343099 792691376 784945827
998799265 1000000000 124183349
520805863 1 -388871262
681331332 1000000000 -490819919
354186263 1000000000 835135025
675958345 1 714581777
915664906 922160388 -648084455
1 543219872 293553984
1 600598465 878729513
26684186 375410245 672396440
961383375 376347905 664004560
260739341 230710829 748997164
254025515 613829570 537480142
1000000000 793242164 -537888463
868624012 1000000000 681890181
963266101 295003073 262251228
23199091 159782512 42148947
1000000000 893367264 -508742514
820723592 269252129 -344639549
981697314 10710068 261764612
399224251 966841483 -83721220
446807771 301368729 989070187
1000000000 273545578 -270034646
1000000000 444533657 726881952
1000000000 261552223 196058453
937519923 1000000000 -843575410
833023275 308317258 91132399
582364915 817041630 703432146
120186774 217985463 -393440105
268387357 1 969699446
1000000000 249543220 23613862
134006961 78369391 23430403
4069899 360573433 -274662578
253117322 102119759 155017538
176033999 1000000000 962162056
1 683051627 14149309
680139149 369780701 795996855
1000000000 68740801 -89923628
1000000000 980374302 -419064606
162696779 1000000000 30102790
632558111 1000000000 -904758984
1 715162963 -269683224
405580749 316296718 52183997
897669721 1000000000 649593123
1000000000 514003987 495265057
273627878 660342595 277747220
413962494 398216327 -23837719
1 468461565 -995010792
980670849 584126534 -230022236
96690783 213827233 -817784104
760841941 1 -616846914
867282512 1 32324709
1000000000 806646177 -994211683
1 766701395 767524960
291153082 730212239 -532400192
720137883 379979828 -403460022
534513561 213616105 307321824
827829 179850798 618246808
814593663 1000000000 -433386293
210550902 307530585 -676410493
1000000000 427021056 -427652447
1 968146578 -174536123
720582506 1 -422897028
976139396 141564629 962898685
538055196 68792903 785335685
906607368 1000000000 -905052129
604330675 1 80122484
54068484 1000000000 -471342304
959920118 571619425 365468470
1 920372628 -933394760
253565280 1 -209347706
744147064 576257919 984529061
1 983302870 833161074
1000000000 402529820 448559284
126971095 1 -971668685
1000000000 610686194 23577529
360640547 899784157 362662129
1 233057854 -107331541
64442975 728280011 916259617
149412260 817393124 984929288
1000000000 222876983 364264523
1 470496408 300376040
104591725 483707496 456135843
1 309280965 -713471553
597437973 1000000000 26547138
137459718 551204497 495147666
1000000000 449324041 -84294615
718747699 1000000000 819334311
140778533 189653825 -92989146
675197562 787787187 -541173066
150364848 554107862 -465476232
122211532 971038754 -598512374
726283939 267589678 274689531
403593284 525012823 241827769
1000000000 96893483 475905630
420449020 623153348 -320743166
635505286 445141489 -8487798
599236734 283500971 865646191
622842658 884972785 -985104656
871023871 295257346 -594288452
17169241 1000000000 594461111
213668425 47831480 882410943
362571405 953276465 815930061
102490335 269926853 274887665
453110337 789544634 -940958754
403140025 1000000000 -959520466
728336051 575171317 256527016
993649314 1000000000 667429230
172661184 590735014 978420465
741374438 1000000000 108484471
487032170 876093961 -125117251
269359120 1 578466756
716729819 357631261 688254178
1 153730340 -220276820
577514411 630298640 361375658
921046201 1 -209858580
991992481 198532475 834464825
1 325792701 347896192
737743816 26046413 -848567816
427544223 1 -591637529
974608687 667671506 -81769276
937612549 1 -578830773
557096001 1000000000 93820243
1000000000 550577339 -379357395
605789596 1000000000 -368183857
161434014 452491142 391174505
986743552 877307983 510005323
745712135 675585710 81984391
1000000000 682849762 863595944
275498023 402828061 -257332808
192792558 415927008 534669237
1000000000 88472777 431809446
1000000000 807701102 823447154
761156627 269109709 666110711
907517647 91367308 296747423
1000000000 438053311 -717210249
507605529 1000000000 -237626615
1000000000 741593994 406969435
1000000000 690403409 -711674311
621766077 1000000000 -959496088
805834555 940609577 -819579560
980042554 1 718922700
1 923910959 296670512
1000000000 86185070 -772939624
944400658 924541059 -264849894
167679810 77601091 794234005
76614998 1000000000 646368755
617217013 893813262 -802994344
989046112 625778339 -44899309
463369656 1 -685995258
751889499 996776556 662836304
768709948 1 83797956
90132173 1000000000 -961563730
514854500 586283256 791946236
470000079 981604904 350278007
84324963 8633973 -684747138
1 80738034 -869825258
1 381563200 -673959370
90310749 117020313 -146228822
479275298 711220431 -76386445
1 723175092 -32490041
1000000000 373253408 983060831
883958434 790978966 -546123987
1 242581935 904924202
807037857 268597161 -89126505
1000000000 958297410 437781374
236306778 1000000000 639983461
190083298 1 763616346
7474367 174048853 675197035
151587676 875447646 -601139674
472843411 212480403 436287523
378994054 1 -343076104
886922714 776645963 -594772822
20366507 492366586 539819072
155382364 1 -692230990
88171020 1000000000 611833660
688277089 706090849 -822406855
998597310 197495908 -446611356
308616171 511434071 -454172386
71097580 1 -352210838
272005185 1 -469350644
45788744 76786390 264766868
782389481 1 549745157
227430157 1 846764043
378980301 853234325 -491038805
1000000000 562406107 -393153135
846448013 476451939 -948459709
828982670 616464979 -129047540
673624589 516915182 -859499567
222444554 594101467 -370075558
761403594 914821583 228501156
371255628 839844958 101210585
1000000000 742746726 -748667293
344200358 1000000000 362646382
824252669 362481386 772551381
86903330 1 -828877133
843527329 399192045 151320337
1 164217160 -155643876
489698279 212985750 28499224
36358501 645356211 -503672674
319838005 1 -292479407
881370536 791324119 -747852572
109975300 517147338 -993963829
238605207 395233754 -986137109
766313714 902931234 577641639
1 274322349 -790982327
607254137 548459414 -270489750
357344331 41832139 556931701
2587506 477111786 92843619
705645765 1000000000 -648571584
323321672 357032906 614328187
166060554 417138122 215338724
297661676 241951677 991357580
359456639 1000000000 178696153
1 607761869 837188976
274358202 308924485 962358565
86009594 292604126 -934518593
830471078 1000000000 707410025
977763527 663614819 24196555
939032524 291837384 -456816176
120800234 243945714 -826375242
747288436 502301895 -650587879
275377502 582244899 991658006
1000000000 238516660 380864122
409349577 1 682598644
1000000000 793626755 888946138
304104876 1 687790093
663549252 194298794 -845586665
1000000000 88855896 433868427
674036967 1000000000 -897044508
1000000000 779712881 -764151415
67427143 247639215 572314091
164171608 1000000000 -312580738
522124486 1 196605389
596832826 1 -652650362
37490325 79448721 -543171143
536527908 750474207 -680914498
861606833 334608809 649381606
1 458428079 -769922357
526851315 1 720060629
872668477 1 72936802
192021742 364516671 470331429
969198747 620321725 -834978664
1000000000 13862691 -159339608
402876356 1 409941245
315352616 88179808 -912433931
1 47484705 202187325
694401728 1 -362929286
567192301 836193310 -637317425
323192434 1000000000 608394936
1 738593019 847406851
1 722237968 519418034
1000000000 761730668 837994454
79662304 841474257 740740731
153655792 306483084 -675923554
1000000000 332427069 -136916147
104112525 553195743 161286239
793335190 942735069 -92845245
934238344 1 666663072
241294676 1 591229760
204331011 278827626 502664368
667779076 716331007 249099967
937243412 944722477 -529139436
186962601 709011480 -328808897
932731244 122265604 655587998
879309470 1000000000 44969904
456378062 776844165 293786662
55425812 1000000000 -535188635
902467216 269974504 -850522649
1000000000 936637461 -92050642
407166292 902071938 888247898
642775825 1 454003307
414165130 1 -667753029
913359120 1 547920639
718898491 930275804 140425863
669920088 570130706 -91590935
660983796 362370333 -459616993
339937674 176000970 964410941
94585020 1000000000 959324223
27810484 1 -202336473
276483053 1000000000 -791765131
519622988 516126038 572468392
138817021 1 -133195131
265621048 1 -497780692
477873282 423780633 886620718
209984679 916311128 -391007979
1000000000 620002570 948284894
1000000000 977890089 947264122
1000000000 878643423 -871016699
363493315 1 -769402670
1 362855769 -916529290
1 96699478 672417206
988172073 1 647662654
1 114566358 485066891
775468817 40464403 792061479
298440850 1000000000 -411489999
528007633 670199852 41431329
1 458214434 -99490730
21547019 1000000000 268058015
839639201 724200825 -501829733
1000000000 925852161 903547550
554971841 390845926 242335628
1 463668077 72867033
1 35526883 562150641
1 258938150 -192301461
715525937 1000000000 683220704
844712189 720686510 144134695
1 107807937 -552224967
1000000000 502668318 -537164967
932053083 218540413 542135440
80464797 864023490 -466880816
254328416 1 476807364
195899895 670504262 -289085741
1000000000 855597526 543441760
695085780 1 -586214253
66262883 1 414797906
524100579 670268786 583346296
1 259345343 -592978999
258572179 397034837 708268381
20357807 765116267 73514686
1 489894325 411701311
589914393 755201276 417710720
352175310 643776530 244690802
362966025 685017718 -302888665
652668733 1 -107882372
553189902 1000000000 934655188
1000000000 180241887 995717093
620460298 782852322 227826457
840675518 128565250 801950072
1 501259251 -216634620
653696477 397125588 906313488
1000000000 55300849 984351336
275017857 1 -209273930
802160485 489438105 7368069
537479417 338805381 71715726
587945415 949078215 580661699
894145029 948620331 237385486
636086515 974320314 495735109
341509992 1000000000 -675654172
780703428 504482990 -629298530
919484006 120082962 732877066
338150834 1 711649830
259360485 519035378 793702060
683209170 1 80156316
143873336 941822852 -338954756
132089843 374535374 683560127
585556451 615275487 -345563246
333514975 321020263 -159286981
