1000000000 1000000000 1000
276416768 977851629 544994173
821833101 978291425 901158719
403715212 109237662 -499246430
905274574 510734226 257861368
929747504 237258543 739342432
297236601 225062043 -718485193
877842135 828249708 593201399
276416776 977851643 -440115869
929230452 174087594 835028284
24963748 467391144 -872063181
929747496 237258533 -774015845
175848728 124637772 222746737
939578044 210603418 -146913035
391609888 238009877 102923262
444344521 55879853 -825620057
889569771 711831740 580502853
929736045 649026191 -457160620
181897181 62605006 226961382
877842131 828249710 879848026
711222797 537118337 137649084
242257279 286568458 -965849391
884694380 880795292 931893553
884694361 880795296 52309458
322011322 594006832 -384294089
248469645 539428634 -339960623
444344513 55879860 -861750340
889569741 711831747 -326382896
793780297 495948873 -446350031
884694384 880795311 546795509
248469670 539428610 744522548
24963746 467391124 877244314
935620468 504544923 -251556595
297236582 225062063 -508476924
181897155 62605050 -488569504
97077239 387642254 -291463934
444344510 55879857 733467455
24963760 467391148 -447953602
787774098 944392812 -532527937
793780279 495948864 -667446487
763207905 947304546 -160839147
704172831 504419605 -30727815
939578039 210603418 587343446
276416780 977851651 673965826
793780289 495948862 717092910
674619947 522423158 -447894614
960003553 628068946 977006984
530215459 988014328 19982797
285331776 397061509 -146072805
285331809 397061509 -832472523
793780292 495948849 408704447
486513347 186359863 -89179578
848586197 891007620 -607892549
403715233 109237682 -921414047
156180180 982594468 133368622
322011341 594006811 -627488686
929230458 174087576 -706642818
744794290 531739373 815301807
668077899 883102133 -462879595
704172811 504419618 -336206476
297236587 225062047 730188704
908736357 101507376 -119878305
674619935 522423162 908277636
156180198 982594463 930239215
929736056 649026225 346783620
763207897 947304558 -416498795
744794259 531739329 -351406324
848586236 891007683 441861845
821833075 978291421 -179050755
744794277 531739345 -519045605
929736025 649026216 372807724
668077889 883102126 -131032874
804028831 875344657 -910792258
71805050 771824686 -937721183
446425506 765904497 -504145529
486513380 186359867 724399865
81107769 320757144 -199943054
81107786 320757170 888429896
276416793 977851666 21873624
793780278 495948865 -494191685
530215436 988014307 -388906645
960003573 628068942 -865788843
697553402 986656211 -308945311
71805021 771824712 -740369543
486513390 186359871 467248532
884694394 880795286 190920263
793780295 495948850 594093559
97077252 387642251 -16390791
196404133 447788613 -891341485
446425528 765904508 -443901891
929747507 237258539 744492428
322011336 594006812 -764104152
787774065 944392786 384938933
530215425 988014326 -341304602
929230431 174087604 106385661
181897162 62605023 349102968
196404126 447788606 -222836160
929747510 237258505 -81141675
704172824 504419592 -555003316
804028857 875344673 320029222
929230480 174087598 -879000295
196404118 447788594 274988494
285331831 397061482 702352918
821833067 978291406 -90438085
908736394 101507379 191606970
960003557 628068924 683283203
908736386 101507361 -685985070
341216694 131050079 -236220512
889569728 711831734 942205277
804028844 875344662 990223245
709027041 953821037 -375540550
277038056 854084450 465410908
668077906 883102147 -144836196
530215421 988014335 -52411834
486513402 186359884 -1238560
181897164 62605032 -206480629
276416782 977851641 -534301961
821833062 978291413 801014274
196404132 447788620 -435807949
409453020 734663178 184777907
674619939 522423156 -63343033
905274568 510734209 784784459
905274543 510734220 3897382
929747508 237258548 246324976
322011326 594006825 -166344042
889569763 711831742 206319883
935620458 504544915 517764711
908736388 101507372 -2593908
711222795 537118347 757315356
486513353 186359866 -143360880
744794247 531739370 -60599548
341216721 131050087 670921030
322011301 594006846 -965455884
674619944 522423152 298674710
446425532 765904496 433204906
391609845 238009871 -959861775
285331816 397061495 -206044295
848586204 891007634 179128746
704172823 504419620 506658753
711222791 537118320 494090733
821833093 978291394 -192695748
188793908 651507395 -212401726
939578039 210603445 -806201105
409453015 734663197 -4260536
848586228 891007676 -165893264
929747492 237258539 -300736528
196404113 447788596 -945177702
929736027 649026224 204876674
929230448 174087590 -76474574
848586211 891007657 819252258
285331765 397061542 464690257
711222772 537118323 698019502
709027061 953821017 -884345535
391609889 238009886 629254907
697553405 986656214 279889756
530215447 988014294 -760924254
242257266 286568451 542084911
530215437 988014316 237506261
248469700 539428606 648184816
709027050 953821040 -103551947
24963750 467391134 -563933977
341216706 131050084 406189761
242257276 286568453 662147653
877842142 828249715 -192891395
905274571 510734201 152327883
509800179 591113480 -883699074
929230425 174087594 -622967560
793780274 495948853 -145807932
24963762 467391137 111219027
709027057 953821030 108463348
960003553 628068949 -550237944
188793883 651507395 -638616890
668077890 883102146 -783782316
444344514 55879861 -315414659
403715222 109237671 -506924066
848586211 891007649 -858765599
929230442 174087596 -361970277
711222781 537118352 -242377649
509800193 591113481 -888778732
444344514 55879854 -486653629
486513395 186359883 165238168
175848715 124637773 76064411
848586222 891007660 510377760
409453032 734663179 -725649218
935620449 504544916 -105416056
793780259 495948831 298122628
409453013 734663195 -742675200
81107802 320757173 -381015053
248469673 539428601 -144669838
960003561 628068949 460348721
181897194 62605039 -563551618
188793900 651507366 -544686225
711222790 537118316 -617252729
935620497 504544915 -630031038
908736371 101507346 -107720843
156180201 982594440 -570320757
905274569 510734239 474205063
929736043 649026211 -409369857
889569735 711831776 -555976866
97077249 387642245 -822012173
276416771 977851658 467127229
81107784 320757138 172058602
486513389 186359882 166988163
391609890 238009902 -373670781
97077258 387642249 918051769
322011319 594006831 928999577
242257272 286568438 -372755566
884694352 880795268 -99278194
403715235 109237653 633192726
276416781 977851632 927232741
697553408 986656232 124156836
804028846 875344661 909102324
285331781 397061532 -666198904
595114059 592032751 882123901
905274557 510734219 347633768
81107783 320757153 -825548849
848586225 891007656 409743560
884694358 880795305 -630600924
929747495 237258513 824298275
960003551 628068936 306344527
905274582 510734231 -346914459
595114065 592032759 54874018
929736019 649026198 -716691343
285331805 397061521 356425388
804028851 875344669 878032302
709027043 953821030 919781368
929230444 174087600 777836672
877842144 828249706 -126762542
391609837 238009886 -88573772
248469641 539428616 832469790
188793900 651507381 169123906
960003552 628068939 97173940
196404125 447788612 -493786293
81107783 320757137 -451465176
409453027 734663178 789698105
97077247 387642266 -992640699
156180195 982594454 165864029
595114075 592032735 187862610
403715240 109237652 528850723
793780318 495948832 -923537144
595114058 592032760 705949655
709027044 953821023 58765848
929736042 649026194 -689063999
322011309 594006833 -521968195
877842144 828249692 -620798976
939578042 210603432 208305154
668077893 883102141 -747230883
391609861 238009886 753757544
391609852 238009895 654711887
884694377 880795311 933977783
403715203 109237658 939105365
71805027 771824697 -203930069
935620457 504544904 762754122
188793885 651507384 385033843
285331782 397061510 617458662
81107789 320757159 526022751
821833069 978291410 751945741
889569723 711831768 722295673
175848696 124637778 -28701432
242257259 286568452 352647809
446425534 765904481 -506205628
711222794 537118329 459620802
530215432 988014300 610376386
181897179 62605020 -777324687
242257250 286568452 -49500461
804028834 875344672 -217395936
905274554 510734244 743516878
24963744 467391147 600325075
175848687 124637784 -869458593
276416789 977851654 -26610910
935620462 504544908 371921558
704172826 504419612 370299730
409453021 734663186 -799792558
889569767 711831769 -705953031
929230414 174087585 -964622561
248469634 539428609 699445761
908736394 101507377 -316848358
787774101 944392808 -928768182
277038092 854084436 26591162
929747488 237258520 982330707
908736343 101507385 -820460835
81107766 320757150 800397524
276416771 977851642 -610301721
322011323 594006837 -77266549
444344515 55879843 -349210146
884694361 880795283 -98970075
929747496 237258547 -848326922
341216727 131050076 -888688228
188793880 651507390 -377752303
704172807 504419613 -463855844
276416785 977851663 993705733
175848692 124637786 -869197113
276416800 977851666 248175345
530215424 988014317 -366361621
804028840 875344657 818195987
297236594 225062021 463629378
787774066 944392799 65395252
446425501 765904508 869607759
248469621 539428606 -509216139
793780281 495948876 703353226
889569732 711831782 -712518119
277038088 854084423 -143152308
509800193 591113465 -694873060
530215397 988014317 416538274
877842141 828249695 -654781169
181897177 62605017 -280290149
697553406 986656219 -862280480
884694351 880795292 -266471955
668077902 883102146 -957400775
248469642 539428623 -830570434
889569759 711831754 -43158267
848586222 891007665 987959517
674619948 522423150 749626969
509800176 591113467 322733725
403715221 109237668 480190464
889569733 711831763 -882264140
509800173 591113474 385853580
935620442 504544922 -496660258
486513386 186359878 -278208938
156180183 982594439 -975584093
939578040 210603423 -597172410
276416796 977851676 547372780
763207900 947304553 582883095
744794282 531739331 -67082722
409453013 734663172 -838967827
744794255 531739375 122552043
793780259 495948846 490665078
763207903 947304538 171325989
446425542 765904485 -550453131
297236587 225062010 -83337532
175848699 124637786 -15462722
674619912 522423152 -55319662
175848735 124637782 -633648141
242257283 286568466 980752468
341216753 131050111 -519055898
391609824 238009880 958243333
175848742 124637787 870697950
285331780 397061532 -547983080
446425527 765904490 -769344883
196404118 447788618 665372271
697553368 986656215 108953861
744794269 531739370 -612635816
935620462 504544933 33621752
889569753 711831757 890482025
848586212 891007665 586330853
341216730 131050077 540918063
181897191 62605029 919130117
409453037 734663176 -219084850
884694367 880795293 398950805
446425515 765904503 -250328502
277038083 854084440 292870834
409453026 734663193 -814172984
509800167 591113468 373801973
97077249 387642286 106083032
763207904 947304569 402892928
297236590 225062011 -814208855
889569730 711831770 -620260849
175848696 124637784 -17198542
821833072 978291409 80621732
595114082 592032745 521646142
668077866 883102150 -839289272
181897164 62605020 -900260339
935620445 504544922 115557152
763207880 947304568 -669250228
175848728 124637769 -816936212
793780285 495948847 -829393542
763207889 947304541 -704325608
877842147 828249721 228132706
97077238 387642255 500743359
744794271 531739332 572175510
530215422 988014327 523148901
939578030 210603423 -868149910
530215422 988014315 -253813751
24963752 467391145 -810768467
848586198 891007658 817280438
188793893 651507381 -480627050
668077867 883102147 -74597497
821833087 978291383 81623330
446425538 765904490 -244529789
196404121 447788627 -146968019
744794259 531739361 -213958888
960003542 628068931 587228404
409453024 734663186 329880799
156180202 982594474 498580738
24963754 467391141 874484271
889569735 711831743 458117377
446425546 765904486 -261928994
848586242 891007648 -264056539
175848713 124637773 539384661
848586221 891007672 -976611479
486513382 186359882 685175295
71805056 771824695 910174552
935620439 504544918 273144207
711222801 537118346 790964534
697553397 986656199 225423177
322011294 594006827 -457843256
156180203 982594450 -206808772
935620477 504544920 448785150
709027047 953821037 -847919795
446425537 765904495 -186521346
787774086 944392797 -137881834
929736037 649026217 343322943
285331826 397061527 -792669786
341216725 131050078 -548868201
763207909 947304571 -498768478
156180199 982594438 236279289
277038083 854084438 172015706
821833082 978291416 817519287
697553392 986656205 -405856539
322011302 594006837 366456628
877842135 828249710 -268463265
804028846 875344650 -463615386
884694394 880795300 -168697871
960003558 628068936 699959676
322011346 594006817 -793210354
444344510 55879849 -219491563
509800181 591113474 298849909
744794267 531739360 282238966
711222797 537118353 -40465888
595114086 592032743 -797725929
595114059 592032754 966864550
285331777 397061518 -991462585
709027062 953821016 -11513714
595114081 592032769 98779795
242257264 286568457 -650460936
929230474 174087596 -45863861
704172827 504419602 581081920
668077903 883102141 -215360537
889569750 711831754 -119728743
877842144 828249719 492889401
71805032 771824695 928877585
935620458 504544911 485533947
322011330 594006837 916500682
277038071 854084443 -793252880
908736376 101507353 -724097250
744794261 531739318 920509309
188793891 651507387 -254580112
341216720 131050088 288309645
711222787 537118341 266921406
509800184 591113476 -637215459
509800156 591113456 45963305
744794252 531739332 -179192595
908736384 101507358 -551519224
668077897 883102132 -976137790
709027058 953821026 736805103
391609837 238009868 566420148
341216744 131050095 717416409
908736388 101507366 74446972
711222781 537118354 -355704119
674619929 522423132 -577272829
277038069 854084441 -9558836
285331796 397061507 -675600413
248469648 539428613 -150077037
276416796 977851658 -365502199
744794267 531739364 683103319
196404128 447788608 -494950813
908736379 101507356 873008190
391609876 238009896 -497838483
242257272 286568450 -524607250
181897169 62605001 238416862
704172808 504419593 -759885383
960003545 628068943 -586894168
341216745 131050089 464358689
486513382 186359883 -550500833
391609858 238009886 622553646
509800153 591113465 575953408
446425547 765904491 -81480820
763207915 947304554 -626793919
341216718 131050085 159264085
787774076 944392793 -291691876
486513395 186359895 -678511063
277038070 854084454 -948150626
595114097 592032733 -461361485
156180211 982594452 -632734251
697553392 986656229 -531047507
595114083 592032758 -925737780
711222775 537118337 -772837260
341216723 131050073 788461208
929230460 174087588 -291052180
744794264 531739349 306788982
276416777 977851646 779455332
929736031 649026205 -673592710
409453036 734663191 -300784847
175848719 124637763 908154193
595114070 592032753 -471723431
787774085 944392760 -598359591
242257283 286568473 -341349129
81107785 320757146 -517582953
175848698 124637776 605616839
793780305 495948863 799575551
939578054 210603431 39941004
674619922 522423143 368461932
175848717 124637763 902460214
444344527 55879868 570354123
744794271 531739357 365618569
935620487 504544906 889984942
156180195 982594464 415858502
486513389 186359871 -179723045
787774082 944392783 -951873458
391609829 238009888 938252630
821833113 978291418 -12090282
444344509 55879856 854490040
960003548 628068941 678310364
181897150 62605034 -28933343
709027032 953821029 816654055
821833088 978291407 293363053
848586243 891007663 683476123
248469648 539428620 -711357187
674619939 522423147 -835929855
793780303 495948837 -122348067
709027050 953821023 268825149
704172831 504419610 923243249
905274553 510734238 -226069922
884694402 880795309 939286587
341216731 131050095 -330035429
486513366 186359871 585958248
905274570 510734219 -672671458
595114071 592032745 -409857751
960003554 628068925 222237529
285331801 397061507 -383126211
744794276 531739365 -582370808
821833081 978291398 80059046
787774069 944392789 -198901118
711222791 537118343 471277943
697553398 986656220 -521071352
787774089 944392782 -301374917
285331784 397061524 520056300
248469651 539428623 -978501684
763207902 947304557 61819557
24963739 467391133 754110763
444344526 55879859 -92187204
71805035 771824693 -778941397
248469633 539428640 109745787
744794282 531739367 549685338
884694384 880795279 913665247
763207912 947304565 -828536937
530215411 988014323 41357349
877842135 828249685 907170200
444344503 55879850 972303413
787774092 944392820 -547451404
391609875 238009892 884402069
81107795 320757161 210893794
908736385 101507368 752699004
939578053 210603417 446770056
486513376 186359882 -419096421
929736021 649026203 -439079057
908736379 101507375 -359822753
821833068 978291389 -829376610
156180190 982594465 -2162799
935620462 504544917 -943951551
960003570 628068943 -630017348
509800185 591113469 -817971553
71805041 771824681 -940268823
697553419 986656218 -996119049
793780287 495948884 270423545
595114071 592032743 395473419
175848713 124637771 -100731006
97077252 387642273 970395926
403715242 109237659 -546718606
530215446 988014309 922915328
444344520 55879842 -868110473
188793895 651507392 -800963459
595114047 592032764 90859294
277038078 854084425 -224104696
939578044 210603437 -565472364
929747493 237258546 767738402
509800172 591113463 -518083065
908736405 101507370 282784240
939578054 210603417 -842140802
889569726 711831760 739224287
595114074 592032731 717553885
804028857 875344676 -894321359
889569740 711831760 -775363379
787774089 944392796 623824183
763207892 947304553 234053916
821833068 978291394 934906176
71805036 771824681 44108128
276416794 977851649 -220379
668077879 883102148 45093855
929736040 649026207 -313403622
277038074 854084439 719805860
24963727 467391148 -872615708
704172834 504419605 99277725
24963742 467391133 -402536200
793780287 495948850 -338143411
276416784 977851657 -973253449
156180199 982594451 -977544179
188793886 651507365 225506609
276416803 977851670 -30494845
697553395 986656212 -281402985
341216708 131050082 -26046883
711222790 537118348 -663544324
763207894 947304556 -167559835
97077249 387642283 497850902
276416792 977851659 718921127
668077864 883102146 534979498
697553410 986656209 681177499
391609866 238009885 447074412
196404104 447788610 828830211
908736357 101507349 685028711
929230443 174087593 209961821
905274578 510734204 187937040
787774061 944392795 -424012281
81107780 320757160 -754699907
242257263 286568465 -693200468
674619927 522423139 943230961
509800177 591113473 848710939
929230454 174087586 -975407252
444344515 55879866 -538132885
674619948 522423145 215986580
744794251 531739318 -701381770
804028837 875344663 -55175742
97077251 387642247 -404248430
884694371 880795288 -415494849
276416786 977851656 -533121801
929747489 237258523 -443298635
297236579 225062017 424949717
804028831 875344671 903201921
509800187 591113484 948024901
181897147 62605034 57058252
905274562 510734257 782168404
24963750 467391126 917439671
297236597 225062045 395014755
793780267 495948859 -179523652
391609887 238009892 61408073
242257256 286568471 -476192434
704172829 504419606 -632530986
804028846 875344678 -526408818
486513378 186359876 172099314
929747499 237258534 -980823272
242257254 286568463 231866866
939578058 210603418 265100559
409453030 734663176 72282989
697553394 986656217 -425117030
297236565 225062010 314589187
71805027 771824680 996702451
889569739 711831745 -474841938
709027047 953821042 116923183
787774085 944392791 -670723472
787774097 944392782 -754113999
276416793 977851640 -639431666
509800167 591113461 530953248
297236593 225062019 -772009597
444344523 55879831 -955048543
446425518 765904503 416015216
929230462 174087590 838430960
242257275 286568480 813626155
595114083 592032747 -722991475
181897170 62605020 -90687778
935620458 504544943 -702409405
409453035 734663164 -458100238
446425556 765904479 -19590578
704172830 504419614 -449113185
277038082 854084439 608634474
156180202 982594465 464129112
97077262 387642236 -831276300
884694371 880795301 -854135033
674619936 522423129 -555557136
341216744 131050097 383205487
188793881 651507375 772714294
509800159 591113465 11937477
929230444 174087589 14009273
446425513 765904499 477303525
821833077 978291419 845074864
889569718 711831775 -217469221
97077271 387642255 641235488
322011313 594006843 850643338
97077247 387642259 -346647497
668077901 883102133 250070757
71805036 771824685 395472815
793780299 495948857 452204495
181897173 62605024 -207251310
175848721 124637763 -348547373
297236601 225062023 14306516
929747483 237258547 707644088
709027059 953821035 19316961
277038051 854084431 -91029598
929747497 237258532 -38864254
81107780 320757136 502470840
704172816 504419607 554349127
877842124 828249724 653785167
156180204 982594451 50343917
787774085 944392774 -241575249
668077902 883102145 -569223522
935620468 504544919 262768536
709027044 953821047 -945931531
403715219 109237642 -284213893
530215432 988014312 -254643426
403715218 109237668 859786819
960003556 628068934 256363996
674619931 522423149 -674660390
285331787 397061537 -478441833
188793885 651507378 -580216498
24963756 467391148 -160597330
929736039 649026229 -387726519
884694385 880795297 142025554
704172823 504419609 95361175
181897170 62605053 -164600918
71805024 771824683 381878397
935620482 504544901 684174082
248469658 539428615 282404799
277038062 854084436 -792486938
188793884 651507385 -30099571
704172834 504419613 -962351506
509800184 591113467 680692050
97077256 387642262 53545865
97077261 387642263 -757644448
697553393 986656207 -496124759
444344516 55879859 -183775664
409452999 734663182 -915567665
877842131 828249705 665676568
181897145 62605035 71106883
787774083 944392811 690788199
709027044 953821038 -690102486
175848679 124637769 97468835
905274571 510734226 -850285661
71805053 771824687 41962077
322011316 594006844 85322784
391609837 238009876 -258167156
297236594 225062023 -480851568
71805015 771824685 -94004147
709027048 953821027 -263880629
960003551 628068938 473872268
403715237 109237654 -772864170
709027035 953821033 -666068871
322011301 594006830 -984109392
787774086 944392788 -196469906
763207900 947304550 448694087
297236596 225062048 82294949
763207903 947304541 -1897485
24963766 467391138 184686105
674619953 522423161 202074436
530215398 988014308 571620628
697553380 986656202 69494039
697553391 986656209 -366542506
242257268 286568466 486556690
403715218 109237681 -127522655
711222778 537118358 690661071
905274575 510734222 -331746814
248469642 539428607 -207571748
277038065 854084430 -910807951
175848693 124637780 861769169
391609848 238009886 -716079339
763207915 947304556 -428401383
81107770 320757129 795805467
939578068 210603441 288844946
804028840 875344652 -948647877
403715224 109237654 -117573130
403715227 109237686 -209342536
196404123 447788626 -5543370
929747506 237258547 -200624120
960003550 628068952 343768605
939578055 210603420 -393174739
175848725 124637784 275109553
188793891 651507391 -589292723
929747510 237258520 -954385487
248469682 539428614 -681279100
71805029 771824708 787029721
446425538 765904500 380888527
908736398 101507360 645041877
929736048 649026228 416429864
905274560 510734226 427372468
595114072 592032751 -827320915
188793876 651507376 122283161
804028822 875344677 -32484288
196404114 447788626 -770209098
929230465 174087593 493426303
763207898 947304551 -924103099
763207893 947304548 -431708472
97077232 387642252 223884422
929230435 174087604 -866807861
711222780 537118353 434603709
71805040 771824678 -28419738
697553406 986656204 -572315883
196404136 447788619 774728226
242257270 286568466 442367565
297236588 225062018 978046127
97077253 387642257 949425287
709027033 953821050 -996040018
929747499 237258527 -339093968
848586232 891007665 -3998517
71805026 771824683 -354520911
877842136 828249700 -328456840
668077899 883102137 -895870731
674619946 522423167 788239356
821833104 978291436 -708420110
929747497 237258517 753892495
763207892 947304566 289298679
297236587 225062032 -446917584
486513375 186359874 -774546722
446425508 765904490 322193283
409453021 734663189 -256074510
884694357 880795275 -576612988
848586222 891007653 -121108907
277038075 854084443 -271195732
24963761 467391135 -101663243
322011307 594006841 -370662825
709027040 953821022 340641083
81107773 320757153 287231817
97077253 387642270 -934489500
595114070 592032750 -415732090
877842142 828249680 -23060638
744794272 531739360 -982389495
196404119 447788611 132978522
929736043 649026216 -377143701
674619932 522423147 -868448187
929736017 649026218 -814415184
697553369 986656229 -117337562
804028856 875344641 371569303
804028821 875344655 768743594
935620456 504544912 -588397420
341216695 131050086 918400743
248469668 539428630 -333787115
24963756 467391128 -776878577
939578045 210603416 974333851
297236605 225062032 -254475800
905274551 510734215 -390776263
509800173 591113460 -571613142
905274563 510734243 -94689927
877842117 828249706 553432311
908736373 101507371 -938972567
787774080 944392834 -337314366
960003553 628068952 298882227
668077916 883102151 9312661
403715214 109237682 199281681
156180205 982594450 -304763168
24963743 467391139 129356310
486513383 186359879 -130165845
889569748 711831733 499714686
848586218 891007651 -934048612
391609890 238009875 159079391
848586210 891007662 -629960706
81107779 320757145 954364304
848586221 891007645 631162768
196404119 447788585 -827525077
341216704 131050080 497064771
446425519 765904485 -505809925
403715231 109237661 -130259230
711222797 537118361 426741095
804028855 875344681 367420202
188793909 651507377 -815945246
877842118 828249708 -682518121
188793892 651507384 956639760
409453036 734663168 756829598
188793894 651507376 -650867779
81107788 320757168 -628109871
297236579 225062023 -347850764
403715213 109237675 -646337874
877842123 828249698 -637983888
793780290 495948845 466390772
908736365 101507361 814205593
297236591 225062016 785297456
908736364 101507349 -150018343
674619943 522423168 -692946108
285331813 397061520 660632360
322011316 594006828 -26400445
188793884 651507378 -777111119
156180197 982594450 523370270
704172817 504419613 57861325
444344495 55879855 103064962
242257269 286568461 481450976
929736025 649026222 523932413
929230468 174087595 253135224
181897164 62605004 593071673
674619940 522423137 200354622
697553382 986656214 -918723559
277038063 854084442 684137650
929736040 649026220 61163883
403715234 109237639 22683651
939578058 210603413 -584780533
277038071 854084447 299876307
804028831 875344677 -454507951
929736038 649026219 553423147
242257273 286568443 664233554
939578029 210603430 -214015783
196404137 447788623 618840528
24963744 467391152 -439655890
929736029 649026193 573981594
877842138 828249715 739448744
884694366 880795274 -688915092
391609837 238009899 -891764475
81107772 320757161 -951599086
81107780 320757162 57767387
668077907 883102136 -122540860
793780293 495948878 -524601016
668077896 883102143 364805405
908736368 101507363 -331712718
97077246 387642272 -316591460
595114079 592032758 788663805
821833089 978291412 -963906969
277038087 854084446 757592531
960003555 628068943 528228527
674619956 522423154 -622245182
285331810 397061522 -629609005
24963753 467391145 909172511
821833056 978291400 -44733109
81107770 320757168 -697817059
444344506 55879874 418242277
939578046 210603427 -896439751
674619944 522423158 815244426
156180187 982594473 606914564
905274583 510734202 -680457849
446425503 765904497 356283472
446425547 765904488 -312834830
704172830 504419597 -754317545
248469672 539428626 434972182
704172831 504419604 980676163
181897166 62605013 899135739
697553404 986656226 110270116
409453026 734663185 595081620
711222788 537118367 -101425956
595114046 592032758 -322196322
821833054 978291391 -237092521
877842133 828249718 402682968
935620462 504544930 -473390365
322011341 594006838 -522523077
71805051 771824674 -873353828
409453026 734663177 -360276448
486513372 186359894 -139694250
939578041 210603427 831690482
668077899 883102152 -339818148
711222784 537118328 893582674
711222789 537118348 -827520610
403715228 109237645 -585662540
884694356 880795294 -323574038
156180188 982594464 -305384591
341216717 131050079 298258286
196404112 447788571 -422413695
935620445 504544901 -592705902
530215412 988014340 155401623
181897179 62605025 -59159439
848586229 891007658 -153474847
71805062 771824696 -230257320
341216752 131050100 -321498146
530215419 988014328 -637015903
156180195 982594461 -982961584
322011335 594006833 599529008
81107763 320757152 647762292
248469687 539428612 -797735105
242257260 286568447 -215398448
877842137 828249698 -642221787
668077896 883102151 281189328
530215445 988014320 140923125
181897187 62605033 -796572347
486513376 186359873 -344429765
285331772 397061546 662341556
277038077 854084434 -1885368
939578046 210603436 847350119
248469638 539428607 286110403
242257274 286568443 -697793156
960003561 628068940 -780902810
285331762 397061512 813683700
444344507 55879869 944402154
889569738 711831758 -254449109
196404124 447788597 -676067388
884694383 880795296 242547740
905274570 510734232 244182627
196404125 447788616 65199368
763207900 947304564 457321776
905274557 510734206 -437669766
704172817 504419600 -498689033
821833066 978291387 516044505
24963752 467391127 -385794413
509800170 591113480 -511971275
409453031 734663183 567659209
787774088 944392822 688321497
929736034 649026231 -522324433
929747514 237258532 -519939292
509800189 591113460 876890258
391609835 238009871 -492037666
248469656 539428625 -897159505
297236580 225062025 697128247
960003565 628068947 337985155
97077244 387642267 -60044258
341216733 131050097 598929615
709027054 953821036 763507741
929747502 237258543 -758592033
744794275 531739354 244062421
530215427 988014322 -602489786
175848708 124637765 111697555
530215431 988014331 -711191082
156180202 982594471 -506925777
409453019 734663177 -628535823
285331788 397061521 -637409479
71805043 771824652 669938343
804028831 875344663 -156961455
804028849 875344677 -499611739
704172829 504419610 705912027
929230449 174087570 69765793
444344528 55879851 195512673
188793898 651507379 908110599
196404117 447788616 -708624408
929230438 174087588 -103574502
403715222 109237668 -592228216
444344505 55879870 216645005
71805041 771824664 -295410835
277038088 854084442 157866235
486513367 186359877 -10649063
297236589 225062030 -76578051
322011331 594006832 929299983
939578052 210603435 898185047
