1000000000 1000000000 1000
403876361 628904583 -911449162
656445723 805800375 -84649364
656445712 805800403 -535969033
656445882 805800415 545422364
785700654 211622783 -881488107
785700641 211622749 567040273
403876353 628904559 833710380
785700620 211622773 -478521198
403876418 628904582 981234150
403876327 628904661 200551215
785700720 211622757 -641988421
656445797 805800360 434111066
403876407 628904570 821486337
656445769 805800358 -270245313
785700610 211622835 -807364561
403876315 628904640 -292285178
656445809 805800337 -436607405
403876350 628904575 261625243
740013196 888746247 332046419
656445876 805800456 910810413
785700640 211622757 -432779218
656445769 805800327 579389528
403876299 628904604 545792048
656445793 805800253 92971636
656445800 805800375 -584216094
656445824 805800316 -767467952
656445818 805800331 30019901
403876410 628904567 346509841
785700623 211622770 584702682
656445872 805800382 -165649940
785700648 211622795 787201216
656445897 805800383 168456558
656445870 805800396 436432403
785700656 211622687 -659965974
785700677 211622817 -632160588
785700665 211622777 380014703
403876355 628904539 -554888858
656445858 805800360 933972810
656445808 805800329 11994768
403876331 628904654 -329031545
403876378 628904584 678173900
403876361 628904548 483795693
785700598 211622754 357656839
785700641 211622751 217960400
656445811 805800342 -716047090
403876338 628904651 -468082549
403876273 628904691 -284745764
740013186 888746213 520423148
403876348 628904572 -982809256
656445769 805800356 -678579523
656445814 805800373 -258747179
740013219 888746248 463580412
403876357 628904569 23038177
785700625 211622758 69118045
740013164 888746187 568911542
656445806 805800353 -92329288
656445814 805800308 -331380047
785700676 211622730 382232389
785700676 211622829 -825831974
656445856 805800393 -3462419
656445824 805800330 21995235
403876393 628904572 -478068548
403876335 628904540 -28139015
656445840 805800352 463079095
656445840 805800406 -999507728
656445855 805800294 -801256527
740013225 888746261 -692181729
656445817 805800386 180684770
785700629 211622885 -966536365
403876303 628904630 669667192
656445868 805800297 -246916502
656445769 805800341 -119227382
656445829 805800337 -754395241
656445872 805800369 765474007
403876314 628904626 66165286
403876352 628904660 856342426
740013235 888746249 805140689
656445850 805800331 -807111579
403876288 628904707 483107274
785700643 211622820 937554259
656445830 805800305 -692056192
656445868 805800345 4185769
403876373 628904549 -44329332
656445836 805800356 106446735
656445799 805800348 -874852521
403876390 628904580 885534627
656445753 805800340 -384872949
656445800 805800272 900827579
785700639 211622813 -321687685
785700588 211622880 -687246360
403876366 628904672 736679501
785700609 211622791 -278612481
403876329 628904630 705113985
785700653 211622724 -727085694
785700658 211622843 -371150101
656445815 805800321 406128288
656445781 805800363 -890818411
403876359 628904565 518441880
785700675 211622783 -462010019
740013227 888746245 -266186917
785700636 211622820 -641771239
785700590 211622777 -34368555
403876406 628904615 -791699864
403876419 628904619 -966070725
403876383 628904560 164473929
785700716 211622796 -653302987
785700638 211622859 646951254
403876340 628904568 -519375880
785700640 211622772 139198666
403876369 628904598 938637432
785700574 211622714 -491776676
656445829 805800324 -540703189
785700668 211622779 750727368
785700621 211622871 -772219805
403876354 628904552 776070650
740013230 888746260 461846275
403876383 628904569 764177348
656445817 805800322 47389417
403876306 628904577 -296507659
785700609 211622885 -269394471
740013201 888746227 -948401451
656445786 805800351 -242465966
403876389 628904598 -25271807
785700576 211622762 -981774488
656445871 805800367 961476735
403876313 628904705 -391911364
656445806 805800356 -911278137
785700712 211622756 748058831
785700632 211622866 -547049132
785700661 211622771 -733038295
785700665 211622860 390384987
403876453 628904662 -985751547
785700578 211622857 487406659
403876368 628904582 -236917028
403876446 628904555 471284753
740013225 888746211 -100685047
785700725 211622774 -483751457
785700638 211622767 942035908
656445784 805800335 378396782
403876428 628904600 382179431
403876348 628904569 -522402862
740013215 888746230 -301327887
740013139 888746180 34404299
656445833 805800396 713948640
403876305 628904698 -656646330
740013106 888746235 -228582994
785700683 211622821 -865571821
403876313 628904582 -242346392
656445835 805800397 290177708
656445837 805800391 -328600391
656445862 805800354 -549808884
403876319 628904591 414703037
740013200 888746241 996641282
740013158 888746269 -305910788
403876410 628904600 347828193
656445790 805800369 680214561
656445865 805800423 177576673
403876317 628904672 467494055
785700649 211622854 159586257
785700639 211622771 839153411
785700698 211622767 -359947556
403876356 628904580 -278744905
656445765 805800333 -305100338
785700643 211622738 -697584268
740013222 888746233 -203299057
403876320 628904509 -201119977
785700644 211622813 -163438973
403876349 628904586 39223662
785700644 211622762 -9163688
656445814 805800350 660260899
740013206 888746203 -909653719
656445763 805800340 768059762
656445895 805800378 418184264
785700661 211622757 -621134612
403876422 628904665 566923269
656445797 805800357 107081823
740013178 888746232 431332395
403876339 628904534 896687052
740013239 888746240 731964910
785700582 211622785 173397694
656445859 805800354 -295079787
403876336 628904651 -465103005
785700656 211622791 444994329
656445844 805800302 -881822887
656445797 805800354 345110618
656445814 805800352 -683527268
740013217 888746247 -296936675
656445843 805800352 751695684
403876287 628904639 -411823545
656445837 805800354 149394321
785700632 211622770 -52508234
403876402 628904604 -846649383
403876345 628904595 757923476
785700652 211622759 568770418
656445852 805800364 -159209955
403876286 628904573 -32857036
785700677 211622782 -340111644
656445821 805800339 -647837415
656445840 805800295 -306891063
656445791 805800331 109869263
656445825 805800368 -346458273
656445811 805800358 347813416
403876477 628904622 -885557161
740013236 888746279 827011796
785700564 211622872 -897292951
785700655 211622812 -884041823
403876391 628904546 -274747553
785700654 211622790 -336703407
403876338 628904613 416626077
785700570 211622813 -817699151
656445813 805800336 -882408958
403876316 628904549 -847802924
785700640 211622784 -372224808
656445819 805800336 -115444192
656445863 805800347 517737103
740013154 888746251 340231996
740013222 888746241 243811657
785700622 211622807 418464372
403876374 628904569 702695780
785700674 211622788 26260096
656445770 805800311 670975284
403876358 628904605 52056290
656445741 805800326 173114552
785700654 211622822 43518221
403876448 628904572 -721829904
785700678 211622836 -784665776
656445825 805800347 -768896984
656445858 805800397 149747819
656445781 805800376 821946915
785700632 211622733 552036417
656445804 805800325 -610116344
785700648 211622806 983579547
785700673 211622748 -784295058
403876394 628904600 -114449241
656445851 805800341 -449733840
785700629 211622861 829772282
403876297 628904555 -737000349
403876418 628904629 751145484
785700731 211622776 330875986
785700649 211622761 -935802635
403876361 628904547 178154013
785700563 211622725 319108231
740013196 888746215 -21445629
785700631 211622720 -399616258
785700640 211622717 -177490788
740013225 888746270 -692310641
656445799 805800368 68074425
403876353 628904523 -295005650
785700632 211622757 -548590496
785700662 211622770 176192147
785700632 211622812 -133270905
403876214 628904618 -359125713
740013220 888746302 -192669985
403876369 628904610 551055686
403876419 628904625 23564805
785700651 211622807 111852986
403876457 628904579 -267165869
403876371 628904558 -457088148
740013214 888746236 -532343837
403876431 628904684 343047068
785700687 211622802 883305898
656445825 805800314 -560008595
403876345 628904571 -427039389
785700595 211622774 852790537
403876328 628904522 7704975
785700611 211622807 492021176
403876347 628904627 482100195
403876355 628904581 736881941
403876361 628904565 -962862881
403876344 628904597 -922637259
403876360 628904514 859550466
785700621 211622743 903791028
403876314 628904592 735371821
656445852 805800344 629705099
656445801 805800343 -414789511
403876394 628904630 847802760
656445861 805800382 -921807617
656445795 805800371 -504051284
740013223 888746230 -139365425
403876384 628904573 -452458333
656445793 805800358 620523315
740013225 888746237 41025158
403876479 628904602 -314465068
656445791 805800363 -191234344
403876356 628904532 -339367413
403876395 628904601 511224243
785700609 211622803 -955043132
403876318 628904599 -108913835
403876418 628904581 80147877
656445820 805800347 -214786280
785700686 211622833 -446717203
403876352 628904620 -329814193
785700653 211622873 1627344
403876357 628904616 -155799024
403876352 628904523 113525918
785700686 211622779 -383529898
403876469 628904671 -752168967
785700612 211622835 600639912
656445845 805800325 822378355
656445837 805800326 -886894510
656445814 805800340 912250063
403876454 628904573 635439767
785700654 211622851 -609646869
656445859 805800417 658746221
403876355 628904607 -494392985
656445886 805800345 -935728038
656445925 805800374 935273763
403876378 628904573 -604427771
740013225 888746244 -403071504
656445826 805800394 919698297
656445871 805800389 -310736680
403876390 628904558 -200626124
403876384 628904542 -156503772
656445844 805800342 -311166969
656445933 805800402 -764367408
785700650 211622817 859641214
656445911 805800435 826148106
656445767 805800374 240447609
403876326 628904519 -188780588
403876417 628904528 -717887116
403876353 628904577 169773844
656445772 805800384 -986081527
656445831 805800430 -664995861
785700683 211622746 166477233
403876330 628904544 82645065
656445938 805800371 339958018
785700685 211622780 -988081042
403876398 628904588 -370951409
403876329 628904572 156384448
403876317 628904569 -848752316
403876354 628904590 39632452
403876445 628904619 156007172
403876349 628904627 -376458162
656445831 805800295 -732137133
785700658 211622836 -267385598
656445842 805800345 -217424709
740013238 888746238 -955233131
403876378 628904551 572320796
656445798 805800369 -545515090
785700649 211622802 583725251
656445832 805800375 350067909
403876317 628904669 78538948
785700664 211622886 -288092973
403876450 628904559 738197260
785700644 211622737 978798104
656445890 805800419 128811065
785700587 211622764 -450041687
403876388 628904515 -153602905
403876360 628904566 -801184400
656445816 805800349 -768200743
403876325 628904570 407393959
740013242 888746264 585095386
740013223 888746215 788055423
656445755 805800377 -367506948
656445779 805800396 -89250603
785700678 211622793 -116000242
656445808 805800328 646071194
403876296 628904648 850644496
740013236 888746249 317268045
403876296 628904606 -920881627
656445836 805800342 440632793
740013153 888746192 568718954
403876384 628904572 854352726
656445732 805800380 624850827
656445765 805800368 -259832638
740013156 888746242 -543792316
740013140 888746266 -89457655
403876322 628904550 -766495982
403876323 628904605 -998253123
656445826 805800350 -624653483
740013198 888746280 466640294
403876295 628904674 -353356768
785700682 211622750 305044525
656445817 805800375 -914155781
740013205 888746251 679345719
403876401 628904581 -126425362
785700659 211622768 217473176
785700638 211622778 -650887501
785700634 211622777 -705611252
785700642 211622745 -375950453
656445809 805800297 -950384514
656445789 805800365 368150966
785700693 211622774 58711371
785700609 211622734 600718279
785700677 211622806 -595048456
656445916 805800396 635599412
740013232 888746253 540650
656445800 805800386 -209020063
403876321 628904566 -846915683
403876381 628904577 910697820
656445850 805800391 -528918685
403876383 628904547 546509384
403876430 628904631 -690398532
785700621 211622850 648032201
785700631 211622802 969160812
740013190 888746284 534761043
785700663 211622791 80319481
740013212 888746213 -942286401
656445882 805800423 -272865182
656445807 805800385 659825941
403876402 628904646 -113111828
785700628 211622772 690742560
403876357 628904584 15154628
785700667 211622794 336886951
403876397 628904591 899988317
785700633 211622761 938813511
785700611 211622781 947222128
403876478 628904645 -643608969
785700643 211622822 467790477
785700614 211622866 -482895882
403876356 628904526 -139841377
656445893 805800426 -545231797
403876319 628904621 31556718
403876371 628904576 872359662
403876330 628904609 -697628981
785700673 211622738 -804662201
785700665 211622715 531783467
656445824 805800319 354262606
785700673 211622846 -687812306
403876315 628904591 -41848960
785700682 211622716 -854927694
403876333 628904567 -577284209
785700659 211622787 32385646
656445900 805800345 -162872549
656445797 805800322 542232919
656445824 805800368 45495475
656445876 805800367 -425569510
785700623 211622839 -347958666
656445821 805800344 -106571138
785700692 211622829 112945707
403876354 628904549 663189304
403876405 628904593 -352178679
785700605 211622801 -113668538
785700669 211622735 339786506
403876415 628904598 -158800643
740013207 888746239 -902930071
785700669 211622793 -606560236
403876404 628904562 910393509
785700600 211622823 -954049069
403876486 628904573 821821187
785700692 211622731 -573996551
656445883 805800341 374023291
403876339 628904590 891626297
656445848 805800396 767692539
403876323 628904610 -412239208
403876433 628904624 -124973333
785700663 211622736 732429205
740013200 888746254 -913139644
403876357 628904563 -381381677
656445754 805800348 432247810
740013210 888746208 -535742947
785700599 211622834 244338683
403876309 628904689 270193810
785700578 211622838 -963157779
785700595 211622730 391090573
785700644 211622801 411051437
785700616 211622757 381778218
785700623 211622821 -938008684
656445774 805800371 -447873846
656445792 805800313 291584468
403876355 628904586 -266565449
785700705 211622744 -503214104
656445750 805800401 51289729
656445771 805800346 881978189
740013207 888746246 -183752469
656445745 805800415 -973734141
785700673 211622812 511849688
785700702 211622803 -445338165
740013205 888746259 -715109631
403876384 628904606 -106261582
785700699 211622841 -385781874
403876439 628904582 -502392174
403876352 628904544 850235463
656445896 805800371 -230282068
785700637 211622913 409564423
656445789 805800357 -283439824
785700635 211622762 85550327
740013224 888746284 -429220698
656445843 805800351 744946436
656445868 805800400 -203801701
740013241 888746268 664882689
656445830 805800366 375085048
403876323 628904607 128485210
785700695 211622782 -956712438
403876336 628904637 541541218
656445840 805800402 -841582680
785700634 211622730 -808869623
656445793 805800325 -383935012
785700622 211622795 577468659
785700645 211622767 -661721414
785700625 211622826 906004908
403876333 628904629 -684314898
656445767 805800331 680327081
403876376 628904576 -792575571
656445760 805800386 752939713
656445772 805800325 422025671
785700589 211622873 44853456
403876382 628904522 -924748550
656445886 805800346 145935352
403876343 628904650 -528843121
656445829 805800355 250939038
785700660 211622913 806576313
656445875 805800405 51759632
403876334 628904556 956721814
656445875 805800412 328512099
403876353 628904638 924946284
656445756 805800423 -571632310
656445768 805800362 -122288348
656445812 805800378 -288089463
740013212 888746183 -312206200
785700623 211622717 -313280432
403876249 628904647 -243824920
740013135 888746187 486189061
403876382 628904596 957628296
656445717 805800405 -403871739
785700657 211622874 -193092477
656445814 805800332 -56259100
785700650 211622823 972716002
403876288 628904580 -429204807
785700677 211622859 191297707
403876374 628904553 415392105
656445875 805800376 -587573995
656445920 805800424 485122564
740013239 888746263 -700908907
785700664 211622779 113167043
740013237 888746202 -739714474
740013103 888746213 -52884503
403876308 628904603 -988164460
740013236 888746233 -730697122
656445803 805800276 -415020650
785700667 211622692 -288393814
403876330 628904549 -547244075
656445823 805800321 -615043700
403876365 628904573 130988593
740013219 888746216 -37512539
656445817 805800339 -327337872
740013224 888746271 903401042
740013173 888746303 688232542
785700599 211622791 371046806
403876348 628904548 341606099
740013238 888746259 -386189455
785700628 211622805 719025293
740013179 888746176 -565964363
403876332 628904652 -155574427
403876434 628904646 414042710
656445845 805800393 -592470390
656445823 805800366 847880390
403876304 628904614 10776441
656445897 805800371 83666224
403876393 628904605 477283565
785700689 211622748 -15565674
785700684 211622797 -338358408
785700632 211622850 -188849057
785700649 211622838 977455368
403876324 628904557 432779175
656445869 805800339 374346377
740013188 888746284 59651936
785700735 211622780 499454495
656445835 805800352 -201048316
785700639 211622743 -846499388
656445764 805800346 917510138
785700592 211622892 -630372303
403876338 628904599 839635189
785700629 211622838 377257461
785700635 211622784 -339055312
403876349 628904591 -544961520
740013200 888746236 -636203440
403876344 628904560 -338796052
785700634 211622869 178876828
785700618 211622812 974790365
785700667 211622814 10185987
656445825 805800397 -769321712
656445861 805800428 694781955
785700631 211622822 -649026859
656445811 805800329 -733215464
403876318 628904575 807838260
785700674 211622757 -877463344
656445908 805800312 -603023124
403876321 628904625 90989365
656445824 805800343 427108635
403876319 628904632 905781052
785700686 211622758 299445693
403876324 628904651 136414230
656445843 805800345 -384205922
740013180 888746221 688337569
785700668 211622828 591310954
656445786 805800343 13441269
656445886 805800415 -451463411
403876327 628904588 658492330
785700657 211622760 -893635612
403876391 628904627 -456674151
656445848 805800367 648398568
656445753 805800361 442255410
785700633 211622787 -458772736
785700615 211622761 -114731096
656445783 805800359 965282206
785700618 211622796 -595121577
403876351 628904628 106107135
656445859 805800330 -396710812
656445823 805800325 -602080871
785700628 211622802 -416290696
785700645 211622711 -228924938
403876417 628904583 -451447495
656445794 805800297 651575543
656445755 805800359 -749204287
403876340 628904596 811431092
403876315 628904644 343694619
656445836 805800409 582544449
656445801 805800336 -605797703
785700634 211622828 -107436831
403876302 628904652 453285253
740013229 888746271 -296003574
785700614 211622762 438976752
785700633 211622834 -407003381
403876374 628904625 54275349
656445867 805800401 -105286041
403876374 628904552 -697267197
785700674 211622811 -488101465
785700651 211622805 335661474
656445845 805800360 770974105
785700570 211622800 -443244886
656445925 805800373 102963748
785700585 211622803 180885978
656445848 805800420 -140612393
785700633 211622849 -463311127
785700659 211622802 736621964
785700641 211622734 242435546
656445917 805800395 423757304
740013206 888746297 345237660
403876429 628904579 621761281
785700657 211622859 -411288825
656445830 805800304 674775032
403876280 628904655 714391131
740013156 888746171 -993673426
785700611 211622854 705181172
785700629 211622833 127271220
403876341 628904595 -242000885
656445820 805800356 874500612
403876455 628904575 -502024621
740013150 888746168 662408096
656445805 805800337 -59165341
785700615 211622786 -133428657
656445859 805800338 226252362
785700644 211622819 53827280
656445821 805800391 -151893798
656445807 805800394 -145722797
656445790 805800309 597381842
403876453 628904589 317120454
740013155 888746225 305864063
656445801 805800384 -28219034
785700644 211622738 -792075597
785700647 211622799 395112209
785700625 211622833 -362459403
740013203 888746314 872570986
403876382 628904581 -578086634
656445760 805800370 -655228642
785700628 211622733 -469167832
403876337 628904572 -964604047
656445820 805800335 916909551
785700640 211622824 -834592366
403876356 628904636 -777807801
403876351 628904558 229950113
403876457 628904623 620616930
656445821 805800427 743600238
403876364 628904566 7556645
656445827 805800403 380402090
785700593 211622781 887112141
785700716 211622723 509385764
403876380 628904603 -962589633
403876310 628904668 -136206917
403876289 628904653 108375714
656445861 805800453 542079190
740013221 888746253 64237816
785700690 211622874 672899931
785700616 211622826 -136159047
403876329 628904568 -381678715
656445846 805800377 -861548959
656445850 805800335 -148311306
403876292 628904649 -662868111
656445825 805800354 -952570109
785700678 211622837 955079434
656445885 805800297 -9014970
785700664 211622725 668514004
785700693 211622716 80318380
785700609 211622740 12908802
656445778 805800345 -783173644
403876333 628904637 101302084
740013241 888746251 132740821
740013197 888746257 -790804962
403876301 628904645 504498413
403876391 628904558 343971918
403876386 628904543 -736153254
785700627 211622825 416613633
785700614 211622845 -673200027
656445838 805800360 -664682289
403876326 628904659 -282465480
785700637 211622796 -601541431
656445794 805800340 -161697888
785700623 211622738 -313673043
740013236 888746222 450754690
785700684 211622749 -56812250
403876335 628904642 -930971220
403876284 628904626 -536940121
656445861 805800407 116865714
785700594 211622719 142534184
785700668 211622798 -160949552
656445764 805800358 909873008
785700673 211622749 -669989939
785700632 211622833 -387361590
785700635 211622734 -984920746
785700623 211622795 -63872028
785700651 211622788 112088369
403876444 628904592 -498940538
403876293 628904536 905088303
656445865 805800357 13405559
656445846 805800337 159279221
785700613 211622850 203828941
403876442 628904615 776792939
656445819 805800338 -432376103
403876315 628904610 -51128524
403876341 628904579 -885656476
403876383 628904606 323998339
656445816 805800322 903515742
785700595 211622805 44759745
656445881 805800440 -162521071
403876391 628904645 -504913139
403876370 628904585 446655901
403876387 628904633 175520958
740013180 888746269 363792841
785700668 211622814 516003396
656445813 805800394 -63161093
785700644 211622763 282131753
785700609 211622879 -822603241
656445819 805800294 42749770
785700595 211622846 -885237263
740013185 888746267 -140135807
785700667 211622840 491783957
656445847 805800422 -726995334
740013226 888746250 -926264829
403876308 628904637 29295467
785700602 211622796 397405370
785700616 211622799 100074439
785700595 211622897 -198467118
785700682 211622775 494616473
740013203 888746285 -408496188
656445835 805800306 -254018032
785700655 211622827 478552973
403876383 628904546 288442191
656445835 805800423 -678223730
656445828 805800296 356411400
785700606 211622786 309019915
403876497 628904695 -205602320
785700690 211622820 -22790395
403876342 628904629 684880686
656445794 805800329 -631427697
785700676 211622794 -577900019
403876447 628904589 -198615323
403876361 628904577 84895922
403876328 628904654 -221096657
403876432 628904626 -270860583
403876405 628904534 -999947772
403876440 628904592 -390088907
785700693 211622758 961790767
656445795 805800376 744389293
403876332 628904641 153675185
785700611 211622780 -349335832
785700641 211622817 -41202563
740013188 888746241 -501869882
656445845 805800355 -261355710
656445753 805800335 610930560
656445798 805800342 795702520
403876322 628904583 27156703
403876364 628904588 623778298
656445929 805800368 97869673
785700616 211622761 -562229991
656445804 805800342 554678937
656445796 805800367 -823064989
656445876 805800366 730768893
785700652 211622790 -60492148
403876429 628904612 -670897744
656445796 805800387 276130973
740013206 888746323 448070057
656445746 805800387 475826241
403876449 628904589 -948626668
403876374 628904595 784103587
656445844 805800318 -123219145
656445858 805800327 864241615
785700619 211622834 -656698715
403876374 628904580 286793076
656445775 805800383 754872343
785700637 211622892 274909632
403876427 628904614 549505111
656445837 805800362 -301489343
785700605 211622873 -360622369
656445855 805800424 676941253
403876334 628904570 279327905
403876351 628904565 -418535615
403876256 628904582 -920301918
656445911 805800368 456680676
656445792 805800380 311465888
656445803 805800360 -991022845
403876375 628904559 132479610
785700684 211622742 920060266
656445812 805800306 103340615
740013177 888746310 -117317595
403876430 628904597 335017447
785700599 211622786 931207895
403876314 628904675 -922539177
656445720 805800334 -965622433
785700721 211622795 -24614986
656445803 805800373 744224092
656445852 805800419 17540311
656445870 805800398 -746882791
785700658 211622782 341854803
656445882 805800391 642440495
656445807 805800325 877232499
656445836 805800339 -388153542
785700623 211622891 -501392670
785700700 211622774 -122334467
785700643 211622751 140189844
656445736 805800383 -424543447
740013198 888746354 -733030861
740013229 888746254 948339627
403876368 628904531 -423320531
656445802 805800388 173043163
656445838 805800359 812567033
656445776 805800382 829348097
785700661 211622778 578017781
403876373 628904597 -661751980
403876419 628904667 765367351
785700621 211622859 -999232641
785700589 211622860 -794100654
740013180 888746242 762491115
403876477 628904597 -694898490
785700644 211622775 -577757525
403876344 628904530 -146032385
740013233 888746262 428954769
785700580 211622780 890291482
403876363 628904578 -381970051
740013226 888746298 -190099187
785700689 211622745 181563619
785700657 211622797 -45562084
403876387 628904549 12126838
403876360 628904580 112007146
403876359 628904540 -923998470
785700640 211622831 -417853599
403876310 628904648 147800728
656445871 805800323 -400887600
785700633 211622782 208587543
785700579 211622846 -430313418
656445789 805800329 730267675
403876389 628904510 39576489
785700614 211622880 -187003578
656445850 805800319 -983712691
656445837 805800309 -246673187
740013169 888746288 -534950817
403876375 628904614 -333385681
656445850 805800349 848610554
740013213 888746263 31310852
403876415 628904574 -696831045
403876434 628904600 -249270944
656445829 805800349 719435384
656445890 805800447 -775379395
785700695 211622781 -449467309
785700639 211622701 760125000
403876308 628904574 -503552025
785700623 211622669 70774975
403876386 628904626 -290883869
403876442 628904591 -488282149
656445801 805800320 -834099601
656445796 805800389 -522511361
785700638 211622865 955529983
403876387 628904581 -102602773
785700656 211622802 -826353447
403876407 628904576 556378971
785700682 211622811 -749589835
656445769 805800359 -614806182
656445909 805800353 -373950880
785700655 211622764 473821689
785700610 211622758 -281826054
403876334 628904668 -332271971
656445838 805800368 -354494481
656445798 805800357 -252615041
785700638 211622791 713547913
403876328 628904561 -392557684
785700577 211622812 424561672
403876344 628904548 383656201
656445853 805800387 266563632
785700622 211622809 -114642044
403876463 628904587 563081285
656445832 805800364 -895569790
785700664 211622761 -506103021
403876390 628904533 -850408409
785700621 211622795 166448315
740013231 888746199 -749422822
656445856 805800360 -875954311
656445802 805800369 390495761
656445845 805800322 904518794
740013178 888746265 -460988713
656445811 805800371 -952694439
403876378 628904590 -834106475
785700688 211622769 443866543
740013219 888746316 -578968751
403876425 628904618 511293035
740013236 888746262 309829042
403876345 628904576 -341124429
656445880 805800364 27756970
785700598 211622812 -591442439
785700644 211622754 -940694144
656445893 805800342 -44725101
740013168 888746194 -946577552
656445857 805800385 -213914773
403876359 628904621 -344147201
403876305 628904621 281069147
403876314 628904655 -373829721
785700608 211622859 541019089
656445741 805800394 -252495900
403876394 628904536 127056917
785700708 211622738 -486411550
740013223 888746288 -451419402
403876423 628904567 -583708887
656445712 805800396 -641838911
785700660 211622790 586840046
785700642 211622775 590284113
785700658 211622874 278488813
656445805 805800347 629374302
656445815 805800357 696474333
740013184 888746190 372439772
785700615 211622823 527374377
656445771 805800358 -540070100
785700721 211622721 -811188147
785700633 211622791 773384062
403876354 628904628 -938743997
740013222 888746277 63329797
403876315 628904562 831780573
785700683 211622789 512784617
785700625 211622685 544887816
403876365 628904595 723740498
403876364 628904553 -643300425
403876449 628904631 -222041028
656445780 805800393 196071517
656445826 805800362 675470859
785700624 211622698 -39836879
403876357 628904542 717682898
403876436 628904606 -865489952
403876326 628904595 -153345690
785700630 211622805 759930763
656445839 805800415 765080559
403876416 628904601 386498061
740013214 888746272 718457774
403876385 628904517 -333716557
403876277 628904664 -71614638
785700706 211622765 -693755893
656445770 805800343 949617525
656445836 805800330 -376220300
403876367 628904614 389005592
656445752 805800401 641808169
785700631 211622862 -752496069
403876423 628904588 10996705
785700671 211622769 731071415
785700619 211622803 159324609
785700640 211622832 -607339102
785700651 211622773 122675546
740013202 888746304 -677970376
785700655 211622879 890034519
740013200 888746257 -225518436
656445798 805800356 779262565
403876345 628904559 177942754
403876338 628904535 457415747
785700618 211622774 577417574
403876284 628904642 -184566656
785700630 211622774 8566741
785700597 211622849 50156975
403876369 628904538 276824632
656445838 805800365 -432704005
785700630 211622897 -622831962
403876394 628904545 -361468373
656445762 805800333 875307245
656445772 805800322 -660390218
656445860 805800427 -206968398
785700598 211622725 220491427
656445811 805800359 -695993292
656445847 805800376 -519246446
740013235 888746251 -239803809
740013228 888746275 767484087
785700600 211622816 -956526484
785700617 211622718 -902661242
403876352 628904634 -187402625
785700677 211622797 405847103
403876349 628904566 -979348738
656445886 805800373 -919879379
403876403 628904610 -283266819
403876375 628904527 -706550618
656445834 805800327 -1784440
785700650 211622849 -757073889
656445818 805800329 800118624
656445738 805800334 247331293
785700696 211622777 72735120
403876407 628904629 -422563473
403876391 628904579 906961039
