1000000000 1000000000 1000
784425560 309897358 226726078
906901588 915438825 765206621
20151010 306158953 -525892313
567320349 821816410 -711930347
470680436 101896258 -626038760
222716091 62231155 -32825684
875193105 735266643 354766762
307164897 444419358 -203509799
54249785 72976780 -404015825
69318540 182136577 397352617
32161370 35242738 -51273004
277929559 441059002 357167556
91203165 321807837 513128445
916367216 671004404 -775249452
470680438 101896256 419091142
411130807 421782286 -795419575
998511966 645974386 48655224
86857202 207527940 -362925828
222716088 62231158 454544013
39226417 686383574 686532381
710724854 512052368 -322223934
359218771 49599477 -170625664
403438472 262576097 -638621635
277929566 441058995 919517331
260970841 95834009 -175149388
11734525 530929957 -979031352
292279643 462836764 -279841905
52403563 157812649 430615895
980933061 948933211 287551329
54249791 72976774 116115719
980933056 948933216 730808106
154328063 500415763 26123218
403438475 262576094 -227439254
949642757 982022423 -611242444
140608339 179397150 392476369
277929567 441058994 -375267378
783833543 877456917 -403055708
307164911 444419344 204065919
196156096 43693053 909315187
470680444 101896250 -818251921
39226425 686383566 -340556802
69318531 182136586 907768361
20150992 306158971 -921895450
292279646 462836761 419070804
549859429 951537768 877962771
949642763 982022417 -249850056
411130800 421782293 947281820
154328034 500415792 -317175597
260970861 95833989 -759713116
11734528 530929954 -804438258
140608340 179397149 680762999
54249811 72976754 -709504630
716382077 654545192 -568643975
807286422 447428069 -34231980
906901567 915438846 -869158323
69318541 182136576 338596530
411130816 421782277 -297540628
567320372 821816387 -502065770
140608318 179397171 -423066577
916367211 671004409 -291093267
968040338 822312552 -716357391
140608337 179397152 -448406924
69318539 182136578 -477944750
658056491 825512882 419309938
424274752 275423710 886270037
784425569 309897349 911801396
91203171 321807831 120432577
39226414 686383577 549082221
980933067 948933205 43554618
54249794 72976771 -841734451
6170717 61449428 -484978089
11734540 530929942 879739698
980933080 948933192 -734073847
567320369 821816390 255265687
970816238 983713277 876783004
403438492 262576077 -782083328
39226415 686383576 -644114163
485608548 749567956 -720743924
65886704 563118437 -255805140
485608564 749567940 -661746019
359218768 49599480 532512013
710724863 512052359 -829978647
485608554 749567950 -183305329
52403561 157812651 -440221867
52823753 255290943 689217036
485608551 749567953 469110890
403438481 262576088 -54182637
916367203 671004417 -211788998
32161381 35242727 812332623
567320361 821816398 648519120
6170690 61449455 -109342678
411130823 421782270 753606339
470680432 101896262 -176341667
807286437 447428054 -52489349
485608570 749567934 684960551
485608560 749567944 765168807
6170711 61449434 -784956956
485608543 749567961 867694782
2401114 181691316 -285391466
52403581 157812631 794703542
6170706 61449439 454283894
577645240 436157906 17050757
32323941 689813603 194567882
307164896 444419359 134305870
875193106 735266642 484620608
549859441 951537756 -111544156
86857205 207527937 -898389587
65886723 563118418 -877729930
322864978 90833924 -467853686
949642770 982022410 -470829409
52823758 255290938 90472688
2401119 181691311 -580811267
949642776 982022404 260824826
260970851 95833999 -515302637
783833569 877456891 -83567074
998511976 645974376 872460462
549859432 951537765 909106463
69318551 182136566 -906599755
196156080 43693069 -176463425
322864961 90833941 411446722
52403567 157812645 -241699785
52823759 255290937 728204001
968040337 822312553 -967051659
710724849 512052373 708168009
11734537 530929945 87103790
567320350 821816409 114568193
916367196 671004424 -894451774
260970860 95833990 -552950024
260970864 95833986 -29451706
567320355 821816404 -226980761
32323943 689813601 187471267
307164909 444419346 -77635834
2401103 181691327 -628652342
783833562 877456898 91375633
627142623 771163643 946954782
807286431 447428060 992383942
52823757 255290939 -873580627
91203188 321807814 916491611
716382098 654545171 32592053
916367197 671004423 -656729309
658056497 825512876 494938591
411130811 421782282 715500397
2401110 181691320 588102457
916367212 671004408 633346646
307164899 444419356 983607233
32323930 689813614 792021815
658056480 825512893 -896943281
716382071 654545198 -644755095
710724861 512052361 815450677
39226419 686383572 -368369388
411130814 421782279 -51106697
916367207 671004413 -226652844
998511967 645974385 -203508411
880943605 843485974 -765150003
2401102 181691328 461597712
627142639 771163627 -431622353
784425566 309897352 655366013
968040362 822312528 611285578
222716087 62231159 164644543
411130817 421782276 -526568580
2401132 181691298 734426880
658056485 825512888 -796104407
322864971 90833931 584886557
359218758 49599490 161139788
949642756 982022424 598348889
980933052 948933220 -861071640
980933077 948933195 100428287
403438495 262576074 332166170
52823749 255290947 -792414206
627142634 771163632 440883200
916367205 671004415 669489778
577645242 436157904 962141703
807286423 447428068 741947129
260970853 95833997 858326467
222716092 62231154 927306284
20151008 306158955 -787575072
549859425 951537772 -434083193
970816231 983713284 987018838
654514633 424901251 -778586232
32323936 689813608 817946424
949642769 982022411 169564518
52403569 157812643 605696195
710724864 512052358 439392173
968040341 822312549 -907747558
86857206 207527936 -950918653
968040361 822312529 -870235210
292279637 462836770 394092984
307164918 444419337 -81516261
52823760 255290936 975968317
875193093 735266655 -140564774
880943610 843485969 -42771461
54249786 72976779 337308336
998511973 645974379 -220745133
658056487 825512886 -359299422
906901562 915438851 347894209
86857212 207527930 151315871
998511947 645974405 -659816642
140608333 179397156 928578124
307164903 444419352 -45342436
91203146 321807856 175564381
39226406 686383585 -957132488
54249807 72976758 -471887401
277929571 441058990 -518267771
567320356 821816403 277979853
424274744 275423718 565870413
11734539 530929943 -70000321
906901586 915438827 52878182
716382093 654545176 -555209239
86857196 207527946 -750530204
470680433 101896261 -630045346
403438476 262576093 222576563
654514625 424901259 -241373743
196156085 43693064 -518138755
54249799 72976766 100403177
260970856 95833994 -445226774
880943590 843485989 924459134
424274756 275423706 -637570429
783833542 877456918 -946401319
452859959 37585526 -723423742
359218750 49599498 168113127
807286415 447428076 -830848019
6170691 61449454 -952399581
39226405 686383586 281468487
783833544 877456916 632022549
577645253 436157893 145835036
260970846 95834004 -769110508
949642768 982022412 -600059092
980933060 948933212 -587122563
39226404 686383587 653172961
154328042 500415784 522939966
654514642 424901242 705976203
875193118 735266630 225642607
906901566 915438847 250495048
65886719 563118422 328616452
470680434 101896260 402876885
998511974 645974378 679426240
470680440 101896254 -639480713
906901581 915438832 356948308
710724853 512052369 -664452807
485608549 749567955 656848383
154328046 500415780 -259916891
627142622 771163644 220553134
710724848 512052374 897673673
654514620 424901264 -328314186
807286417 447428074 -290921507
260970855 95833995 -632509063
140608332 179397157 -263937817
322864972 90833930 706399187
322864962 90833940 872767258
906901591 915438822 -134890806
452859965 37585520 -850518906
906901583 915438830 -514164639
322864979 90833923 -69087962
784425564 309897354 917068973
916367204 671004416 -495684471
424274747 275423715 156255277
549859419 951537778 390877546
292279638 462836769 -820105251
32161349 35242759 380683613
322864982 90833920 733416005
32323934 689813610 -719769845
322864966 90833936 293415232
11734526 530929956 773206880
452859972 37585513 -470621026
658056498 825512875 -217438854
140608326 179397163 466426155
784425561 309897357 -22296687
91203152 321807850 556229110
69318556 182136561 -903215488
906901575 915438838 -622471216
32323924 689813620 663906203
65886711 563118430 363931246
6170714 61449431 27312850
6170694 61449451 -636579237
6170697 61449448 -507895032
359218753 49599495 -932384764
654514618 424901266 -906631715
452859980 37585505 691552552
86857210 207527932 226483825
452859949 37585536 -282144090
322864960 90833942 73285562
196156064 43693085 375424236
968040331 822312559 623165982
783833541 877456919 -533065889
403438469 262576100 -146603899
658056489 825512884 192232251
880943602 843485977 396041287
970816233 983713282 446150543
549859434 951537763 -405096319
916367193 671004427 -17705984
627142643 771163623 -538175346
710724866 512052356 150532241
65886702 563118439 126837962
20150997 306158966 -484082821
54249798 72976767 370799263
577645268 436157878 -791720644
52403568 157812644 822166601
916367201 671004419 -898235302
424274732 275423730 990407107
970816230 983713285 886092793
880943582 843485997 622091513
716382079 654545190 510017982
470680443 101896251 358103725
260970854 95833996 -787837812
277929572 441058989 737479452
577645266 436157880 -933896851
567320360 821816399 703315833
627142642 771163624 27928675
65886712 563118429 -670609891
403438486 262576083 -774951130
403438474 262576095 -736200356
627142630 771163636 483458119
292279636 462836771 -959145903
6170701 61449444 -954090409
196156067 43693082 -115692487
292279628 462836779 -892297613
968040359 822312531 -252286983
91203148 321807854 223536174
69318544 182136573 -496708110
658056482 825512891 38600282
452859967 37585518 504032836
222716086 62231160 -244161975
654514616 424901268 848189347
452859966 37585519 -697907766
470680439 101896255 114545471
277929565 441058996 -474073505
980933076 948933196 824098496
470680428 101896266 916137367
998511954 645974398 511133052
2401111 181691319 612777648
69318546 182136571 -320006886
39226408 686383583 90872525
627142625 771163641 -542358181
91203153 321807849 -748358824
322864974 90833928 476612732
949642767 982022413 -255592912
716382085 654545184 47203607
567320373 821816386 646789921
916367202 671004418 -711908351
875193095 735266653 241892381
292279631 462836776 -15059485
970816244 983713271 210572581
260970858 95833992 959383935
567320370 821816389 957021603
403438471 262576098 488891124
11734535 530929947 982670230
307164910 444419345 -15369202
277929582 441058979 -406201393
716382074 654545195 -914070917
91203166 321807836 971313177
260970848 95834002 248424196
154328038 500415788 -980660514
658056492 825512881 -980868393
86857195 207527947 -262205401
32323927 689813617 -88585054
32323940 689813604 -302100399
2401115 181691315 -267153483
716382070 654545199 508470844
880943591 843485988 574698530
452859971 37585514 289761150
65886707 563118434 657339473
260970842 95834008 275578266
69318547 182136570 161868528
968040357 822312533 -508914346
784425562 309897356 210541135
906901579 915438834 -980947395
807286411 447428080 -965621366
91203164 321807838 -492140660
411130813 421782280 635868223
39226396 686383595 -405798184
32323922 689813622 -720889955
784425553 309897365 -260689787
875193114 735266634 -764672136
452859956 37585529 -337836830
627142629 771163637 -397383291
949642774 982022406 -509168223
11734527 530929955 -58340883
359218754 49599494 86490142
627142638 771163628 -973662713
875193097 735266651 592087683
54249793 72976772 -447624766
980933058 948933214 562675490
784425544 309897374 -904032251
20151014 306158949 926179565
906901589 915438824 -276670769
54249803 72976762 -347327154
154328054 500415772 270803920
710724865 512052357 47313266
452859968 37585517 80920137
11734530 530929952 -750277399
6170703 61449442 15689748
452859958 37585527 -931085894
6170705 61449440 -732810949
875193102 735266646 148616756
783833535 877456925 248469589
783833550 877456910 868540962
783833566 877456894 961505937
916367209 671004411 -297654809
403438478 262576091 514920046
906901572 915438841 -537076702
20150999 306158964 9986682
6170713 61449432 -635376094
577645261 436157885 -694060571
807286419 447428072 944045944
52823746 255290950 802223709
998511977 645974375 -889147199
980933066 948933206 439509948
65886718 563118423 -978124439
970816226 983713289 953638417
577645251 436157895 -51807199
567320363 821816396 -256262734
2401116 181691314 245710930
32161367 35242741 907468787
906901582 915438831 966999224
880943593 843485986 515859165
949642773 982022407 228019122
968040335 822312555 828215442
916367208 671004412 355248621
783833547 877456913 975792562
52823768 255290928 -751800974
69318537 182136580 952762266
307164898 444419357 326202144
196156074 43693075 -238322667
916367206 671004414 -322374065
32161383 35242725 46619838
658056503 825512870 -645905899
39226420 686383571 -824819507
998511978 645974374 -540566842
32323932 689813612 971106377
196156077 43693072 614037035
880943603 843485976 68905243
411130818 421782275 714460911
710724858 512052364 -766828673
424274755 275423707 589820915
424274748 275423714 356118736
307164916 444419339 -829067521
86857209 207527933 650082467
807286418 447428073 -473284300
627142619 771163647 -51519374
549859433 951537764 736396297
980933063 948933209 -932442248
470680429 101896265 -435370068
424274749 275423713 532538501
20150991 306158972 -825593288
567320345 821816414 -655994224
52403566 157812646 -95934543
277929576 441058985 -839580815
54249810 72976755 770414289
140608335 179397154 825501997
807286414 447428077 394630842
86857218 207527924 -721168532
654514612 424901272 733755308
916367223 671004397 -57628974
710724859 512052363 383544761
2401129 181691301 826309015
807286416 447428075 -393924965
196156083 43693066 115851829
32161372 35242736 87659755
277929574 441058987 -561359902
710724840 512052382 -478304059
196156092 43693057 344317872
39226407 686383584 -904318164
6170712 61449433 -332485741
716382091 654545178 965713449
292279650 462836757 851726167
359218766 49599482 917181286
485608563 749567941 -689968242
140608325 179397164 635574916
452859962 37585523 -945565408
980933074 948933198 -454222596
69318534 182136583 -451829347
54249804 72976761 921708923
52403573 157812639 74384036
906901571 915438842 -446973905
784425555 309897363 -165716841
196156078 43693071 -910083156
875193117 735266631 932293239
196156073 43693076 -425302156
52823735 255290961 964829631
222716084 62231162 -24231320
52403555 157812657 -829982482
65886710 563118431 -525860542
916367199 671004421 -434859902
32161382 35242726 -119000420
998511975 645974377 555036640
32161377 35242731 964912869
403438473 262576096 -691237449
998511980 645974372 622617687
485608562 749567942 -412199118
784425550 309897368 -330269300
91203160 321807842 -221965796
39226422 686383569 -514270474
807286406 447428085 131690180
906901598 915438815 817888866
906901573 915438840 568516541
52823748 255290948 -473016484
359218756 49599492 672683804
322864977 90833925 -923459115
32323928 689813616 894070870
196156091 43693058 909933199
260970852 95833998 415521224
906901590 915438823 627061309
970816219 983713296 -303839475
322864992 90833910 773427916
783833539 877456921 -170039065
470680431 101896263 -766582394
65886714 563118427 -270377660
52403575 157812637 -563535850
654514610 424901274 36895280
875193110 735266638 601732268
154328048 500415778 345557545
20150986 306158977 1680011
916367210 671004410 611380418
54249805 72976760 -696357054
411130809 421782284 414744500
916367217 671004403 -603985135
154328053 500415773 584948364
32323939 689813605 140840052
549859443 951537754 -642246102
716382090 654545179 625043555
32161375 35242733 795914422
980933064 948933208 -351272369
11734534 530929948 -872287749
140608330 179397159 -409209935
577645249 436157897 -126214766
322864987 90833915 100449456
292279632 462836775 -757070758
980933068 948933204 -990607439
222716102 62231144 906639889
307164905 444419350 214054112
716382100 654545169 -478837566
452859942 37585543 581168692
54249790 72976775 505314646
2401125 181691305 -973367966
359218747 49599501 -757469475
784425558 309897360 305281171
222716094 62231152 111356236
403438464 262576105 18755365
154328035 500415791 818951006
403438483 262576086 -918600710
968040354 822312536 -237453363
567320357 821816402 -397545218
6170710 61449435 -379548298
86857198 207527944 -812063242
222716080 62231166 494644031
222716085 62231161 -896061011
32161359 35242749 -375185292
567320358 821816401 -132032743
52823744 255290952 629801755
65886717 563118424 -60370358
307164906 444419349 -710015773
452859969 37585516 -598283476
140608334 179397155 184438348
710724852 512052370 174582562
52823756 255290940 -720066145
880943598 843485981 -125838245
32161363 35242745 -414327245
549859415 951537782 945457721
998511971 645974381 -558834242
359218760 49599488 -938165868
880943607 843485972 399217639
968040333 822312557 413591659
627142633 771163633 -946679659
654514611 424901273 253195089
39226410 686383581 534545518
424274746 275423716 -857792858
91203178 321807824 -333277146
549859431 951537766 155977423
65886722 563118419 -367974821
6170698 61449447 774010278
359218769 49599479 315615838
485608559 749567945 305233851
654514622 424901262 -746603646
949642759 982022421 -359204893
154328040 500415786 614650121
154328057 500415769 -637367869
20150998 306158965 52957807
880943589 843485990 645112112
716382089 654545180 -670498061
784425572 309897346 -630944885
470680423 101896271 -260180050
222716089 62231157 206630328
968040336 822312554 -622384331
807286420 447428071 -518753975
949642762 982022418 926786988
658056483 825512890 -606978311
54249788 72976777 282756048
69318560 182136557 -533264868
292279644 462836763 -142602465
880943594 843485985 307510899
196156076 43693073 872368747
411130806 421782287 -253829152
411130827 421782266 -466152612
91203172 321807830 -570204121
807286427 447428064 189296217
11734532 530929950 381895179
91203170 321807832 395186502
20151001 306158962 -90073793
52403556 157812656 214394510
32161366 35242742 431621709
807286428 447428063 63584407
52403580 157812632 317051021
39226403 686383588 -826229492
403438487 262576082 122231476
949642766 982022414 642677145
424274762 275423700 195349383
654514615 424901269 734677379
359218757 49599491 623020443
627142627 771163639 979529376
260970847 95834003 868714734
196156086 43693063 155027833
91203175 321807827 -270206437
998511979 645974373 930512723
54249801 72976764 477780596
292279622 462836785 659760192
86857207 207527935 -710633001
86857222 207527920 -923595228
6170700 61449445 -708708843
260970849 95834001 -970426288
970816235 983713280 -290965783
222716099 62231147 865758892
292279625 462836782 -36364535
277929581 441058980 -360934920
424274754 275423708 -904343652
140608328 179397161 190902164
577645271 436157875 -918434156
567320353 821816406 -770124570
32161365 35242743 390698197
807286408 447428083 456535166
783833553 877456907 -816081766
658056490 825512883 198835397
32323921 689813623 332781894
968040324 822312566 141038634
222716096 62231150 203176709
32161353 35242755 -288751456
403438484 262576085 -461463496
52823755 255290941 -192667584
880943600 843485979 -244386526
424274745 275423717 -12134865
196156068 43693081 -261773052
627142631 771163635 846468193
39226427 686383564 -361527701
411130820 421782273 -291343088
577645252 436157894 -948801184
784425557 309897361 -571441711
949642753 982022427 906971250
577645250 436157896 -317343607
968040345 822312545 214607652
998511983 645974369 -487451195
998511972 645974380 -895668232
403438485 262576084 -57655885
277929564 441058997 -628489016
485608550 749567954 514680200
998511968 645974384 314182427
2401118 181691312 102071263
485608567 749567937 568761491
783833549 877456911 -84966894
2401100 181691330 458498418
307164902 444419353 -974240423
710724862 512052360 -216774416
424274764 275423698 -860236843
54249812 72976753 -588351467
154328058 500415768 -609700800
577645259 436157887 -655823676
140608323 179397166 288821537
277929568 441058993 89955787
970816224 983713291 -307302073
140608329 179397160 -461146654
411130824 421782269 -626336118
880943599 843485980 -909377715
307164891 444419364 135441209
277929583 441058978 845724951
140608324 179397165 885238278
470680424 101896270 231741145
875193100 735266648 178861204
658056486 825512887 798897003
140608322 179397167 -664914503
277929585 441058976 922791738
32161360 35242748 606909783
39226412 686383579 -298476021
875193101 735266647 499621391
577645254 436157892 -329751657
322864985 90833917 696473068
307164917 444419338 342560046
783833545 877456915 -301279045
577645269 436157877 -397198341
32161361 35242747 425402409
52823761 255290935 -931419656
52403565 157812647 -106664384
69318543 182136574 839513029
970816232 983713283 490384512
875193104 735266644 914045129
716382081 654545188 -907654318
292279634 462836773 -40094007
277929579 441058982 430240521
784425551 309897367 -217230294
65886726 563118415 -925336514
32323937 689813607 613709961
69318557 182136560 -741997244
154328049 500415777 580219815
783833558 877456902 -184600825
65886720 563118421 -441072620
784425563 309897355 36204795
968040342 822312548 -131118251
658056499 825512874 -194280253
980933075 948933197 -86416016
11734522 530929960 -441951564
307164908 444419347 -155131528
949642771 982022409 659211646
424274734 275423728 358235079
980933070 948933202 583538862
875193111 735266637 537930477
577645262 436157884 127781049
6170707 61449438 619585369
140608331 179397158 -733267537
970816229 983713286 -776678771
567320359 821816400 199943494
20151003 306158960 -901384513
807286425 447428066 791799225
784425547 309897371 -52998394
32161376 35242732 -727223996
65886716 563118425 -108952832
411130808 421782285 -566203648
784425543 309897375 -634753189
970816237 983713278 455734407
86857200 207527942 885097243
65886713 563118428 906185721
968040367 822312523 -940961858
32161371 35242737 -821398086
277929575 441058986 -352791535
710724855 512052367 -493237387
52403558 157812654 -752250672
549859436 951537761 -305080397
20150996 306158967 942411577
69318561 182136556 -225008298
411130802 421782291 157862952
52403572 157812640 -637508082
11734538 530929944 52271130
54249806 72976759 -49095228
403438494 262576075 127232070
32323917 689813627 -688449599
322864965 90833937 260291235
52403559 157812653 -295944128
970816221 983713294 -486114426
567320374 821816385 512819918
154328045 500415781 -284499716
6170699 61449446 -264591994
906901565 915438848 -420106191
577645243 436157903 222274008
20151013 306158950 260103683
52823747 255290949 173307925
307164914 444419341 -513821015
998511957 645974395 -564378110
154328061 500415765 -414128588
2401105 181691325 -23121484
710724860 512052362 39788722
411130826 421782267 -895299289
32323945 689813599 -789328632
222716090 62231156 -510392729
716382080 654545189 264678022
39226426 686383565 52460476
577645245 436157901 551291007
11734521 530929961 945076121
549859448 951537749 -42792442
658056484 825512889 -5770793
875193113 735266635 -2991793
307164913 444419342 -349467256
292279627 462836780 -476694161
2401107 181691323 289634258
485608557 749567947 448425316
470680442 101896252 506204923
716382082 654545187 -424077189
411130804 421782289 -423862053
970816225 983713290 -2385505
998511970 645974382 -217491555
549859430 951537767 -882715297
11734529 530929953 453962217
196156090 43693059 491803758
549859447 951537750 414755005
86857214 207527928 223679813
65886705 563118436 -696346739
980933073 948933199 -406289349
970816239 983713276 270232688
222716081 62231165 -83535687
52823754 255290942 -645078604
970816223 983713292 540875676
222716097 62231149 490053273
716382087 654545182 358517322
452859974 37585511 -335937707
2401122 181691308 883965824
807286424 447428067 -819224712
970816234 983713281 -673280417
359218762 49599486 209284216
627142626 771163640 -292707949
549859445 951537752 -525276022
949642752 982022428 874959214
277929578 441058983 -522467710
91203150 321807852 -991881384
222716101 62231145 -894450063
783833537 877456923 -727856812
359218763 49599485 -158710901
452859963 37585522 87930912
86857208 207527934 -214140331
654514637 424901247 -439569869
20151005 306158958 499302995
549859418 951537779 629826040
567320367 821816392 -910222640
485608556 749567948 497496589
91203163 321807839 -608689154
567320351 821816408 819612951
916367188 671004432 329159873
970816227 983713288 972027130
86857215 207527927 -549754958
549859437 951537760 -208156865
783833536 877456924 914754147
980933069 948933203 951727030
710724845 512052377 -145996683
65886708 563118433 314474447
20151011 306158952 -890183469
875193108 735266640 -69561868
140608336 179397153 612583634
470680435 101896259 318203383
154328051 500415775 -193570725
807286421 447428070 -927107384
470680421 101896273 46778493
949642772 982022408 -213820601
20151002 306158961 229900147
52403562 157812650 429064035
69318549 182136568 497644423
627142632 771163634 974416576
658056493 825512880 -570511281
470680418 101896276 -854252082
6170704 61449441 984898117
11734523 530929959 -625770520
968040356 822312534 227317940
65886709 563118432 365278930
359218764 49599484 622570011
424274728 275423734 158196276
277929577 441058984 -710183650
6170708 61449437 551283955
260970857 95833993 -72922824
54249800 72976765 -416756024
654514639 424901245 -793602902
359218767 49599481 582498737
32323926 689813618 -9965167
980933071 948933201 -943521141
411130830 421782263 -203392132
654514644 424901240 90777940
277929573 441058988 -371613797
52403574 157812638 548704712
52823751 255290945 -667324020
783833548 877456912 197589799
906901576 915438837 -978643589
292279630 462836777 239622351
549859423 951537774 -680487254
627142637 771163629 813735342
322864967 90833935 -441239319
2401108 181691322 344510680
549859438 951537759 -283313305
39226413 686383578 690497928
91203159 321807843 -890254877
807286402 447428089 -419340400
998511964 645974388 -337518188
52823741 255290955 -502978457
549859422 951537775 598773055
403438490 262576079 621389398
403438480 262576089 116897227
470680425 101896269 269281252
968040351 822312539 -392295839
577645270 436157876 -502024734
875193103 735266645 361998042
880943609 843485970 -995571236
970816240 983713275 -734942727
322864986 90833916 912950736
91203162 321807840 756434568
567320362 821816397 302753338
260970850 95834000 611589868
452859960 37585525 -334032938
11734517 530929965 760040796
69318532 182136585 -712965632
658056496 825512877 -798481400
716382078 654545191 306516901
970816228 983713287 -13676765
69318550 182136567 665830519
2401104 181691326 548987792
452859978 37585507 313152215
411130803 421782290 784829656
658056494 825512879 948167654
292279641 462836766 -588658800
32323925 689813619 210635725
359218765 49599483 -784825716
52403554 157812658 -686887076
880943612 843485967 -12035941
485608565 749567939 312874775
470680448 101896246 84432069
654514627 424901257 -990609162
222716106 62231140 -468153014
627142616 771163650 196690759
65886715 563118426 40729625
654514607 424901277 191652585
196156087 43693062 -84408642
20151009 306158954 276701100
322864976 90833926 51574559
32323920 689813624 -706893982
783833557 877456903 583536384
20151007 306158956 -981154458
452859976 37585509 187630871
322864983 90833919 792573419
140608327 179397162 -62584394
140608338 179397151 -676887217
292279635 462836772 -756027149
949642755 982022425 507173622
86857219 207527923 -609161940
577645255 436157891 -715861765
86857203 207527939 -162435505
359218759 49599489 -486777154
292279645 462836762 -344228019
968040350 822312540 -69198440
875193112 735266636 834595281
20151006 306158957 658011180
11734531 530929951 -181255353
154328044 500415782 -206660634
485608555 749567949 21494695
880943606 843485973 858643077
485608566 749567938 -939219163
52403578 157812634 426235001
52823752 255290944 -413558268
658056488 825512885 -230714589
277929580 441058981 671531038
949642761 982022419 -163841101
424274741 275423721 -249120101
783833540 877456920 454242366
39226409 686383582 -779386058
196156084 43693065 -134854561
307164894 444419361 437621105
452859983 37585502 -475943677
20151000 306158963 -477811786
292279647 462836760 672665584
875193116 735266632 654355678
424274737 275423725 912675655
359218761 49599487 -498502786
880943596 843485983 -478199321
154328033 500415793 949931666
292279639 462836768 795214636
880943618 843485961 939138218
424274742 275423720 -305526292
784425573 309897345 964924778
2401113 181691317 -812515344
577645247 436157899 -400107151
716382084 654545185 41200458
627142628 771163638 -218960774
710724856 512052366 -357947155
654514613 424901271 -22693749
716382073 654545196 763263523
260970870 95833980 586654332
222716093 62231153 -824776028
424274753 275423709 298698238
32161369 35242739 798941690
875193107 735266641 578602897
11734533 530929949 -846829883
11734520 530929962 -660582420
86857213 207527929 723769643
784425549 309897369 -574310057
968040352 822312538 465210589
906901585 915438828 -230364829
485608571 749567933 -531348618
32323933 689813611 -42423480
307164895 444419360 -803568309
322864964 90833938 -562270244
658056495 825512878 -980650421
52823764 255290932 94859670
222716098 62231148 522809733
69318553 182136564 -115842509
32161373 35242735 -138825573
654514646 424901238 993672102
2401117 181691313 -57722475
784425556 309897362 820451130
154328036 500415790 743147410
154328055 500415771 -873830526
91203181 321807821 -629272822
998511981 645974371 201131437
196156072 43693077 909648254
196156079 43693070 373279060
86857199 207527943 133496393
654514632 424901252 -285885089
424274743 275423719 -153289137
260970863 95833987 721733554
54249787 72976778 126302042
949642775 982022405 211033891
359218770 49599478 539180792
710724843 512052379 765886439
627142620 771163646 -525470067
91203167 321807835 -325197097
716382076 654545193 60252173
485608545 749567959 -491210753
980933065 948933207 410660065
69318559 182136558 19232230
880943597 843485982 -773164900
654514626 424901258 -414509368
710724857 512052365 -481246887
