3 1500 1000
3 1 369867945
2 3 -610379155
2 4 466143596
2 5 247966942
2 8 102976006
3 7 409570064
3 12 360949161
2 10 614803145
2 15 470495715
3 14 -503062393
2 17 499758075
1 17 306641543
3 19 826265160
2 21 677835727
1 24 792661048
1 22 617447388
2 26 -139341691
2 27 11470140
2 30 308729033
3 30 747472952
1 31 999997123
1 33 979873867
2 36 -548922753
3 36 335532391
1 39 555450307
2 37 -424802369
3 40 -891066333
2 42 986331960
3 44 334780888
2 43 739920375
2 48 -632731349
1 48 653797892
1 50 -205063171
1 51 -478980820
3 53 -281051836
2 53 -119112259
2 55 -467692154
3 56 281134186
2 59 -314206391
3 58 -277034744
2 61 -984048691
1 61 -999065654
2 65 857769230
1 66 -375903726
3 67 -518675596
1 67 777269253
2 72 346257150
3 71 619802768
3 75 675796844
1 73 -508584492
3 77 -636290908
2 77 -708777374
1 79 -306509398
2 80 -915591506
1 83 863672001
1 82 -765253491
1 85 602290805
2 85 366932902
2 89 672752778
1 90 356487486
3 93 -109908281
2 93 934920241
1 96 -87496712
2 94 912013961
1 99 -324267312
1 97 288141865
1 102 -42545071
3 102 863172537
3 104 -459335640
3 105 871248919
2 106 -786889195
2 107 989077268
1 111 202619288
1 109 37226101
3 114 695765559
1 112 46936758
2 116 663427168
1 116 -43762457
3 119 586311984
3 120 60241862
1 121 -886930428
1 123 -639694345
1 126 -180154420
3 125 436913800
1 129 380991537
2 127 858407330
3 132 -246088562
1 132 -139855291
3 134 319550434
1 134 498208311
3 138 -389662994
1 138 -848965142
3 141 -714824883
1 139 -62989332
3 142 -649339965
1 143 -38741915
3 147 568341824
1 146 -778124655
1 150 -602376216
3 149 750650803
2 151 120814073
3 153 170601268
3 156 -300161991
3 155 -153933618
2 157 482985654
3 157 288791878
2 162 339821329
2 161 827773098
1 165 862507971
3 164 -497178565
3 168 -670517671
2 167 250827780
2 171 -244599107
1 170 388376449
3 173 -464289392
2 173 -43829795
1 177 475652131
3 176 -670229747
1 180 -182808723
1 179 -855023884
2 182 -457441944
2 181 865102610
2 186 328501478
1 184 799713191
2 188 -56579353
1 188 -73868396
2 191 883622239
3 191 -596881621
1 193 310357106
1 194 -80767984
3 198 236585713
3 197 243360891
3 200 -992325990
3 199 196283319
3 202 -30281513
2 204 -605059919
2 207 -68875589
2 205 869467957
1 209 -153989689
3 209 678621430
3 212 355290457
2 212 703047277
3 214 532181966
1 216 214320603
1 217 309003333
1 219 121975529
1 220 525492589
2 221 782014815
3 224 -691186297
2 224 -178850887
2 227 -390270262
1 228 306644716
1 231 -491971513
3 231 577502771
3 233 -264984922
1 233 -513095952
3 235 827444820
3 237 683664992
1 240 -631794694
1 239 631914637
2 243 541908509
2 241 968958774
1 245 25517281
1 246 800971981
3 247 984708446
2 247 871019224
3 250 711573834
1 251 390009247
3 254 831052930
2 254 942302709
1 256 -870878102
1 258 244047636
1 260 -902967583
2 260 391641738
2 263 -117913599
3 263 325016915
3 267 191682668
2 267 -941972862
3 269 9471715
1 268 99476244
1 273 -723612957
1 272 12234594
1 274 -828075267
2 274 -601946273
1 278 -689034283
2 278 941757669
3 280 -35886338
1 280 371335158
2 283 641513825
1 284 411040948
1 288 703066217
3 288 867093847
1 291 -599374772
2 291 -992467216
2 293 36815959
2 294 601213744
3 295 616314671
2 295 475326488
3 298 380377467
2 298 322317399
2 301 -186931878
3 301 55257886
1 304 -797697678
2 305 787428912
3 307 -173692989
2 309 191196478
1 312 -973230814
2 311 -179168164
2 315 151938500
1 315 -352913587
1 316 -159429377
3 318 -958587931
3 320 -917651028
3 319 -758493009
2 324 -809530244
2 323 -939274790
1 327 -30253253
2 326 521168529
1 328 -896862208
1 330 479610674
2 332 356663029
2 331 -787396683
1 335 462017256
1 334 -329027361
3 339 -405450269
2 337 -775290098
3 341 -900405130
1 340 859011436
2 345 -928838953
1 343 -908068772
3 347 -827360836
1 347 -491235693
2 350 -886966811
1 350 -140671018
1 353 900113503
2 354 16036858
3 355 -237710711
2 356 -425080501
3 358 935458563
2 360 402597716
2 363 866830024
2 361 974054969
1 364 -597510877
3 364 426270045
1 368 -528951195
3 369 183831586
2 372 237134075
1 372 -806968599
1 374 168752151
1 375 -579477893
1 376 179244138
3 378 -810740240
1 380 905380247
1 379 971935938
2 384 847447221
1 384 -111162433
3 387 695876404
1 387 707923826
3 388 50318169
1 390 534168777
1 392 -231621643
1 393 448884286
3 394 629402289
1 394 731836935
1 397 -179460647
2 399 106734325
1 402 889207625
1 400 -259903713
1 405 105342681
3 403 836184578
3 406 -461657987
3 408 341019071
2 409 -969791711
1 410 -707052414
3 412 -630426669
2 412 -782321691
3 417 622914245
3 415 -58071776
3 419 -18491210
2 420 -635379141
2 422 -12738746
3 422 368263482
3 425 -573965193
3 426 -463460543
2 428 179320778
3 427 -899360886
3 432 489735441
1 432 840345413
2 434 -276798435
3 435 -988549751
2 438 -119301541
3 438 -437154218
1 439 -589795168
3 440 -442192058
3 443 668250701
1 444 814473439
3 447 -287424678
2 446 321933540
1 449 457615630
1 448 737452316
1 451 -970892539
2 453 724130847
2 456 253802442
2 454 -775543178
1 458 26350024
3 457 -432892150
3 461 253369514
2 462 -875872146
3 465 -698847949
1 464 -415590097
2 468 -40350021
2 466 -497467681
2 470 -587505192
1 469 -781889411
1 473 -449921536
2 473 -992958135
2 475 935386583
1 476 -606952406
3 480 211588791
1 479 -16696222
3 481 155699027
3 483 -184536221
3 484 -879094500
2 486 -536607914
3 488 999752010
3 487 980799193
1 491 -518025697
2 491 612013642
1 494 552822704
3 495 -461054466
2 496 -634614406
2 497 -945458250
1 499 -428592573
2 500 -495668774
1 504 -723903654
1 502 -736610441
2 506 -565097644
1 507 -61265447
3 508 371331893
2 510 -72587756
2 512 -520009275
2 511 -170090103
3 514 -204184290
2 515 -405819906
1 517 -441898227
3 519 -34838468
1 521 260802872
2 521 -493245171
3 525 482995173
1 523 436957898
1 528 493071358
3 526 113243173
3 529 441213472
2 529 -8096944
2 534 323242071
2 533 32129286
1 537 962935783
1 535 489724977
2 538 -359943113
2 539 384554054
2 541 740344201
3 542 -859343995
3 544 -918586144
3 545 887895972
3 548 178958060
2 549 -256114017
3 551 89043585
1 550 780716487
3 554 -143893824
2 553 -358677433
3 557 -216699885
1 556 617867681
3 561 143178046
2 561 -293733348
3 562 -101568337
1 564 218051155
3 567 150053565
1 566 -321217211
1 568 -142818362
1 570 -414907349
2 572 233744096
1 572 -457248362
3 574 488408470
2 574 336406261
1 579 -946197189
1 577 -844745790
2 582 -933520897
2 580 328075796
3 585 -20113126
1 583 -618492334
2 586 544306019
3 587 923298446
1 591 -227195568
3 591 -662833625
2 593 605610531
1 593 -857368836
3 597 -415737298
1 597 978246996
2 598 -137237690
1 599 868624760
3 602 -103417015
1 601 -31410461
1 605 -120053660
2 604 580752979
1 608 691416990
2 608 -935676149
2 611 206461715
3 611 -306020255
1 613 459356572
2 614 -826468710
2 618 -97765305
2 617 182058501
1 619 -546681062
2 619 -726165589
3 622 506586187
3 623 350159321
1 627 270638131
1 625 -297824639
1 628 -575156061
3 628 -950798586
1 632 643520263
3 631 259159956
2 636 -450649722
1 634 475538993
2 637 -625747951
1 638 -550663047
2 642 450091800
3 642 848531493
2 645 -411025720
2 643 -476243361
2 648 627657464
1 646 872461822
2 649 241102196
2 651 872324416
2 653 -869531314
3 654 -649217467
3 656 -221510596
2 657 -166333924
1 659 -599195767
2 658 -106106961
2 662 422620445
1 662 -462614060
3 665 -415753966
1 664 247027631
3 667 332291787
1 667 682579545
3 671 894639515
1 672 428644594
3 674 452444745
2 674 985057291
1 677 -889237682
1 676 18108334
2 681 -84717834
2 680 735334204
2 683 975230023
1 683 -949349574
1 687 -629317310
2 686 447741187
1 689 -930029623
2 690 -385962977
2 693 -616449169
2 691 -160236797
3 695 354570721
2 694 -454976017
2 698 -10179891
1 698 902141959
2 701 -624978825
3 702 66357294
2 704 -389064980
1 704 -425799506
3 708 -636124585
3 707 -327934562
2 711 467950683
2 709 -271626773
2 714 -406893311
2 713 -280223224
2 717 101748165
3 715 -390719998
2 718 -779292032
1 720 148979177
3 722 -542156058
2 722 375477294
1 724 -541948679
2 724 -312824710
1 728 -956352633
1 727 82731866
3 732 -818239219
3 731 -137465010
3 733 -741299449
2 734 491198451
3 738 430872307
1 736 -553265467
1 739 -150011014
2 740 486340356
2 743 789478766
2 744 -986782586
2 746 -820698612
1 745 613020787
2 750 469846204
1 748 -54918232
3 752 -261178628
1 753 798817207
1 754 914543547
1 756 -824648225
1 759 160476702
2 759 -423566615
2 762 285899364
2 760 -894761031
1 765 498276179
1 764 -308133366
1 768 154378277
3 768 -294040539
2 769 -335800264
3 771 -982249483
3 772 707839612
1 773 -335508572
3 775 293272368
3 777 -31942259
1 780 -203405237
1 778 391450204
2 782 674329900
3 783 -693457819
1 784 805456421
2 786 -708409852
2 788 -425626205
1 787 -482928201
1 791 -550945484
1 792 -308534905
3 794 -930070569
1 794 810189752
2 796 804329267
2 798 933630046
1 801 -239459333
3 801 411558260
2 804 -701936756
1 804 -848016956
2 805 505812647
2 807 -107688456
2 809 405596604
2 808 -703955546
1 813 -165730429
3 811 -569383747
3 816 -930899080
3 814 -869334622
2 819 446837828
1 817 307459626
1 821 -785271081
2 822 564369440
2 823 -135688688
1 825 898997212
2 826 -931257902
1 826 -884365175
1 831 858527824
1 830 815023778
3 832 189325120
2 833 -295016215
1 837 561766547
3 836 427252791
2 840 -328932454
2 839 694703905
2 842 558657697
1 842 377666090
2 846 232962645
1 845 -970585733
2 848 652556643
2 849 284041238
1 850 82304661
3 852 526233565
2 854 -543986237
3 855 58902820
1 858 460094177
1 857 577666180
1 861 664377541
3 860 -921885476
2 862 640693923
1 864 -848328400
3 865 -224658427
2 865 986349812
1 870 -413417947
2 869 -972469707
1 873 -535140217
1 871 -484993158
1 876 -128652595
3 874 -712748031
1 878 -600693901
3 878 -372585256
1 882 -222265191
1 881 864331286
1 884 536483898
3 885 59740526
2 887 -370486335
3 887 -994768889
3 891 -512452477
1 889 630062695
3 892 -820545802
2 892 -430327891
1 895 -95229345
3 896 684724426
2 898 606561639
1 900 -711518079
3 901 -561345734
2 902 -940618283
1 906 197760095
3 904 -222239473
1 907 -591248258
1 909 819380710
1 910 -52030893
1 912 -792797326
2 914 495840166
2 915 -74903844
1 918 -411208113
1 917 678121055
1 920 552555993
2 921 -953905982
1 922 -597253216
3 924 -144884557
3 926 -487937174
1 926 -851259541
2 928 -929594903
1 929 324345396
1 932 -760605462
2 933 492232028
1 934 -649156523
3 936 -762308972
2 937 -138280758
3 939 595646973
3 941 -674195077
2 940 583451814
3 943 123592302
3 944 7197778
2 946 -583392785
3 947 36810874
2 951 -569062591
2 950 -752741081
1 952 -168378933
1 954 -151998251
1 955 -467630682
1 957 204666426
3 959 -442657877
1 960 399054742
1 963 362758649
2 962 -24268376
2 966 -703278250
1 965 761464431
1 967 240092653
3 967 962685715
3 972 321473523
2 972 747709845
3 973 -660945128
3 974 -219307796
1 977 504475537
3 977 -88005620
3 979 -22055928
1 980 390456624
2 982 -492695295
3 984 521116620
3 985 660517125
2 986 -323309408
2 990 -252135372
3 988 -758170704
2 993 -829733946
1 993 -173817546
2 994 -557122960
3 994 662637611
2 997 536484065
2 999 781515830
3 1002 371504064
2 1002 587104446
1 1003 -277563934
3 1005 -860745186
2 1006 49151309
2 1007 -326679423
1 1011 -201273804
1 1010 -36452411
3 1012 -441873261
2 1014 -313008554
3 1017 909584146
1 1017 54838795
1 1020 -447028587
1 1018 977457230
2 1021 324050954
3 1022 653301126
1 1025 -361230435
2 1024 249681261
2 1029 -291868492
2 1027 -823930464
1 1030 -54469319
1 1032 -618314214
3 1034 349992823
1 1034 824015158
1 1036 -457784504
3 1036 395097482
1 1041 904758347
3 1039 -539574316
2 1044 -530090820
2 1043 -125602883
3 1045 474308117
2 1045 958030061
2 1048 -665507101
1 1048 267695747
2 1052 80377339
3 1053 -91337410
3 1056 237229469
1 1054 -855400344
2 1058 235964913
1 1057 415863078
3 1060 -55044370
1 1062 823893996
1 1063 384796682
1 1064 612969064
3 1068 -999777034
3 1066 466689649
3 1071 -270260145
1 1069 -662018911
3 1073 729112256
3 1072 720415662
1 1075 634702278
2 1077 629653332
2 1080 178530025
3 1079 590521467
3 1081 891874769
2 1082 725968891
2 1084 -965136006
3 1086 -152597796
3 1088 848423233
2 1087 163856199
1 1090 -664899774
2 1091 -635937650
1 1093 721957752
2 1093 -541828635
1 1098 677567255
3 1097 471323410
2 1101 314965584
2 1099 -19986306
2 1103 -170600692
1 1103 540093464
2 1105 239875067
3 1105 -103781509
3 1108 -376721389
3 1109 956615158
1 1112 387564253
2 1111 693667606
3 1116 668548271
2 1116 -503150494
1 1118 849069666
2 1118 671438425
3 1121 -589330391
3 1120 -617297645
3 1125 161895921
2 1123 260139216
2 1128 -816643073
1 1128 181915069
3 1130 3408661
2 1131 121087107
2 1132 844099037
2 1133 -694469788
1 1136 778070104
1 1137 114070445
3 1139 403345497
1 1138 -176474445
1 1142 159449282
3 1141 829626052
1 1146 135667730
2 1145 -345491010
3 1148 -222180796
3 1147 606689874
1 1152 -259467848
1 1151 917307944
2 1155 -932072047
3 1154 616897518
1 1158 15970457
1 1157 393635480
3 1161 -248503509
2 1160 -468531029
2 1164 484476951
3 1162 64325084
1 1167 -679588011
2 1166 734594967
2 1170 895380163
1 1170 -903479166
2 1172 -458355287
2 1173 873257383
1 1175 187236969
1 1174 -271153241
3 1177 56921814
1 1179 338160981
3 1182 -879532650
2 1181 606929576
1 1184 474686569
3 1183 285068909
1 1188 -986914833
1 1186 -733898067
3 1189 -55042649
1 1189 -623437164
1 1194 -223061405
3 1193 573788555
2 1197 551266594
1 1196 -699758913
1 1200 -299850815
1 1198 862356352
1 1203 856953208
3 1201 673303428
2 1204 697692156
1 1205 268154982
3 1207 559024834
3 1209 -673894656
2 1212 740789011
2 1210 198486605
2 1213 -778776090
1 1215 567439687
2 1217 757155844
3 1217 689833204
3 1220 -540007103
2 1219 246202542
1 1223 104216746
2 1223 -943541959
2 1226 261349996
2 1227 305779955
2 1228 549428128
3 1228 701834522
2 1231 343450329
3 1231 -962488805
3 1234 -97035417
3 1235 453313705
3 1237 757691724
2 1237 -491280934
1 1242 846003818
1 1241 1392115
1 1243 -602500457
2 1245 964332986
3 1248 -383985599
2 1247 988893062
2 1251 -168256972
1 1249 765120191
3 1253 428526997
2 1253 -531660067
2 1255 -987454630
2 1256 615268700
3 1260 404149767
3 1258 273997228
3 1262 276076953
2 1263 336613494
3 1266 901413465
3 1265 -144671237
1 1269 488217992
1 1268 -325751711
2 1272 688240848
1 1270 591003058
1 1273 309752762
2 1273 275803741
3 1278 -247325546
1 1278 732115826
3 1281 712841823
2 1281 73561132
3 1283 -816236116
3 1284 739736072
3 1285 -441984320
1 1286 -29282907
3 1290 284562648
2 1290 409991624
3 1292 -165846522
1 1291 -293699855
2 1294 291573039
2 1295 393107268
2 1298 -427531324
3 1297 -479322781
1 1302 562017088
1 1300 -324858082
3 1305 -306687359
3 1304 594660749
3 1308 52042458
1 1307 -934667018
1 1310 146209385
2 1310 21009429
2 1313 -537003295
1 1313 153633053
3 1316 310212898
1 1315 -697447391
2 1318 -606272105
2 1320 -424617278
3 1322 -597227252
2 1323 764287919
1 1325 226979431
1 1326 516661034
1 1329 -777418359
2 1327 -524517266
1 1332 -275228522
2 1330 -449481742
1 1334 556367499
2 1335 -412180492
1 1337 -753195804
2 1337 -80027069
2 1341 919859545
1 1340 -382655368
2 1344 -836923175
1 1344 46125457
3 1347 938975922
1 1347 974959663
3 1350 -19960086
1 1349 554002055
2 1351 -983602287
1 1353 122827341
3 1354 114726222
3 1356 468662187
3 1358 153112419
1 1357 391913832
2 1362 743993975
3 1361 -154338704
1 1364 -329728374
3 1364 286846947
1 1366 -252109954
1 1368 914042195
3 1369 867460761
1 1370 -607646390
2 1374 -284575358
3 1373 208897222
1 1377 695165774
2 1376 -830522914
2 1378 770326568
1 1380 -958635233
3 1381 956848351
3 1383 -725773947
2 1384 -867650064
1 1384 -967782818
3 1387 -295061219
2 1387 -547392308
3 1390 -709295130
3 1392 -91266274
3 1394 -663927161
2 1395 849247328
3 1396 904306739
3 1397 -346128040
3 1400 -390429339
1 1401 -954395301
2 1404 229231851
1 1402 -55342082
1 1406 101948844
3 1405 415077874
2 1409 -873697327
2 1408 -104676189
2 1411 -285778801
2 1413 -717380319
3 1415 -893285764
1 1416 737812708
3 1419 963933950
3 1417 -893535248
1 1422 -519099790
2 1420 -419473486
3 1424 858594422
2 1423 -272050891
3 1426 -52558461
1 1428 987101146
3 1431 -313548363
2 1431 852429215
3 1433 -184416903
2 1433 -340320180
2 1437 103663933
2 1435 -405887449
2 1440 411150921
2 1439 -54283968
1 1441 382980995
2 1442 607122124
3 1444 83837074
1 1446 104078771
2 1449 -35947127
3 1447 299318980
3 1451 96838211
1 1450 -80308304
3 1454 484686427
3 1455 -299051565
1 1457 -902576565
2 1458 -430588048
1 1461 -506342438
2 1461 -909528366
1 1464 -670628157
2 1464 -700453144
1 1465 -474120905
3 1466 355853356
3 1470 752617590
1 1470 -821207086
2 1471 599922478
3 1472 -222505586
2 1475 -154815586
3 1474 963298542
1 1478 -169966324
2 1479 365952195
2 1481 -959404344
2 1480 969644833
2 1484 -252850291
1 1484 -160025416
1 1487 -385504723
2 1486 -501750410
2 1489 -892981603
2 1490 590174576
1 1492 -600824325
2 1492 -322606505
2 1496 -223116597
2 1497 33553176
2 1498 390647358
3 1498 699238022
