450 5 990
1 5 0
2 5 0
3 5 0
4 5 0
5 5 0
5 1 0
5 2 0
5 3 0
5 4 0
3 3 -297385838
2 4 869765719
6 5 0
7 5 0
8 5 0
9 5 0
10 5 0
10 1 0
10 2 0
10 3 0
10 4 0
6 3 -578063351
7 3 -737465823
11 5 0
12 5 0
13 5 0
14 5 0
15 5 0
15 1 0
15 2 0
15 3 0
15 4 0
12 2 -97060089
13 2 -976423370
16 5 0
17 5 0
18 5 0
19 5 0
20 5 0
20 1 0
20 2 0
20 3 0
20 4 0
19 3 -809524942
19 2 -728889289
21 5 0
22 5 0
23 5 0
24 5 0
25 5 0
25 1 0
25 2 0
25 3 0
25 4 0
21 1 439708278
21 2 -289193460
26 5 0
27 5 0
28 5 0
29 5 0
30 5 0
30 1 0
30 2 0
30 3 0
30 4 0
28 3 -813530313
26 3 -676324385
31 5 0
32 5 0
33 5 0
34 5 0
35 5 0
35 1 0
35 2 0
35 3 0
35 4 0
31 3 111418607
32 4 627604518
36 5 0
37 5 0
38 5 0
39 5 0
40 5 0
40 1 0
40 2 0
40 3 0
40 4 0
38 4 -187391995
39 2 133882396
41 5 0
42 5 0
43 5 0
44 5 0
45 5 0
45 1 0
45 2 0
45 3 0
45 4 0
43 2 269438267
41 2 282961181
46 5 0
47 5 0
48 5 0
49 5 0
50 5 0
50 1 0
50 2 0
50 3 0
50 4 0
47 1 -230497778
47 3 -334979313
51 5 0
52 5 0
53 5 0
54 5 0
55 5 0
55 1 0
55 2 0
55 3 0
55 4 0
53 2 559069913
52 2 -305424308
56 5 0
57 5 0
58 5 0
59 5 0
60 5 0
60 1 0
60 2 0
60 3 0
60 4 0
56 4 -134992005
56 1 873613257
61 5 0
62 5 0
63 5 0
64 5 0
65 5 0
65 1 0
65 2 0
65 3 0
65 4 0
61 4 869217303
63 3 -846325876
66 5 0
67 5 0
68 5 0
69 5 0
70 5 0
70 1 0
70 2 0
70 3 0
70 4 0
67 4 -58470839
66 2 35015522
71 5 0
72 5 0
73 5 0
74 5 0
75 5 0
75 1 0
75 2 0
75 3 0
75 4 0
74 3 855628414
73 1 604074714
76 5 0
77 5 0
78 5 0
79 5 0
80 5 0
80 1 0
80 2 0
80 3 0
80 4 0
78 1 -14328121
79 2 -116821201
81 5 0
82 5 0
83 5 0
84 5 0
85 5 0
85 1 0
85 2 0
85 3 0
85 4 0
84 3 -430347469
83 2 -970450460
86 5 0
87 5 0
88 5 0
89 5 0
90 5 0
90 1 0
90 2 0
90 3 0
90 4 0
88 3 -874694614
88 2 -843911698
91 5 0
92 5 0
93 5 0
94 5 0
95 5 0
95 1 0
95 2 0
95 3 0
95 4 0
94 3 -835446525
91 3 -883991977
96 5 0
97 5 0
98 5 0
99 5 0
100 5 0
100 1 0
100 2 0
100 3 0
100 4 0
97 3 355154407
98 2 81806761
101 5 0
102 5 0
103 5 0
104 5 0
105 5 0
105 1 0
105 2 0
105 3 0
105 4 0
101 3 724027657
104 1 264200009
106 5 0
107 5 0
108 5 0
109 5 0
110 5 0
110 1 0
110 2 0
110 3 0
110 4 0
107 3 -786024869
108 2 -403516653
111 5 0
112 5 0
113 5 0
114 5 0
115 5 0
115 1 0
115 2 0
115 3 0
115 4 0
112 2 236111877
111 4 -78413299
116 5 0
117 5 0
118 5 0
119 5 0
120 5 0
120 1 0
120 2 0
120 3 0
120 4 0
117 4 -443937241
117 2 -14593342
121 5 0
122 5 0
123 5 0
124 5 0
125 5 0
125 1 0
125 2 0
125 3 0
125 4 0
121 3 -264781673
121 4 -672961002
126 5 0
127 5 0
128 5 0
129 5 0
130 5 0
130 1 0
130 2 0
130 3 0
130 4 0
129 3 -916540307
128 4 -295458909
131 5 0
132 5 0
133 5 0
134 5 0
135 5 0
135 1 0
135 2 0
135 3 0
135 4 0
134 2 413679397
132 3 964495529
136 5 0
137 5 0
138 5 0
139 5 0
140 5 0
140 1 0
140 2 0
140 3 0
140 4 0
137 3 701795650
138 3 -66696895
141 5 0
142 5 0
143 5 0
144 5 0
145 5 0
145 1 0
145 2 0
145 3 0
145 4 0
143 2 93694381
142 2 794925663
146 5 0
147 5 0
148 5 0
149 5 0
150 5 0
150 1 0
150 2 0
150 3 0
150 4 0
147 4 626804471
149 4 535104448
151 5 0
152 5 0
153 5 0
154 5 0
155 5 0
155 1 0
155 2 0
155 3 0
155 4 0
153 3 -479709441
151 1 -832058340
156 5 0
157 5 0
158 5 0
159 5 0
160 5 0
160 1 0
160 2 0
160 3 0
160 4 0
156 4 -921729646
157 3 4100697
161 5 0
162 5 0
163 5 0
164 5 0
165 5 0
165 1 0
165 2 0
165 3 0
165 4 0
162 4 549099157
161 2 -162080956
166 5 0
167 5 0
168 5 0
169 5 0
170 5 0
170 1 0
170 2 0
170 3 0
170 4 0
166 3 307270842
169 4 -665815730
171 5 0
172 5 0
173 5 0
174 5 0
175 5 0
175 1 0
175 2 0
175 3 0
175 4 0
174 3 444385883
173 3 932141907
176 5 0
177 5 0
178 5 0
179 5 0
180 5 0
180 1 0
180 2 0
180 3 0
180 4 0
176 1 -567308139
177 4 799271104
181 5 0
182 5 0
183 5 0
184 5 0
185 5 0
185 1 0
185 2 0
185 3 0
185 4 0
182 2 -985364993
181 3 -879713845
186 5 0
187 5 0
188 5 0
189 5 0
190 5 0
190 1 0
190 2 0
190 3 0
190 4 0
188 4 938211090
186 4 -540963872
191 5 0
192 5 0
193 5 0
194 5 0
195 5 0
195 1 0
195 2 0
195 3 0
195 4 0
193 1 -615775183
194 4 298092856
196 5 0
197 5 0
198 5 0
199 5 0
200 5 0
200 1 0
200 2 0
200 3 0
200 4 0
196 1 990707857
196 4 -174274744
201 5 0
202 5 0
203 5 0
204 5 0
205 5 0
205 1 0
205 2 0
205 3 0
205 4 0
201 4 479170215
202 4 262876605
206 5 0
207 5 0
208 5 0
209 5 0
210 5 0
210 1 0
210 2 0
210 3 0
210 4 0
208 2 -778146544
209 3 753743856
211 5 0
212 5 0
213 5 0
214 5 0
215 5 0
215 1 0
215 2 0
215 3 0
215 4 0
213 2 -965287122
212 2 -282335436
216 5 0
217 5 0
218 5 0
219 5 0
220 5 0
220 1 0
220 2 0
220 3 0
220 4 0
219 2 -774783014
218 3 650696735
221 5 0
222 5 0
223 5 0
224 5 0
225 5 0
225 1 0
225 2 0
225 3 0
225 4 0
223 2 856763128
224 4 925845764
226 5 0
227 5 0
228 5 0
229 5 0
230 5 0
230 1 0
230 2 0
230 3 0
230 4 0
228 3 937967172
226 3 965217537
231 5 0
232 5 0
233 5 0
234 5 0
235 5 0
235 1 0
235 2 0
235 3 0
235 4 0
232 2 206184211
231 4 90505737
236 5 0
237 5 0
238 5 0
239 5 0
240 5 0
240 1 0
240 2 0
240 3 0
240 4 0
238 1 -580263248
238 2 572220045
241 5 0
242 5 0
243 5 0
244 5 0
245 5 0
245 1 0
245 2 0
245 3 0
245 4 0
243 4 499619819
241 2 -943745018
246 5 0
247 5 0
248 5 0
249 5 0
250 5 0
250 1 0
250 2 0
250 3 0
250 4 0
247 1 300680527
246 2 -669012095
251 5 0
252 5 0
253 5 0
254 5 0
255 5 0
255 1 0
255 2 0
255 3 0
255 4 0
252 1 -909493387
251 1 689694140
256 5 0
257 5 0
258 5 0
259 5 0
260 5 0
260 1 0
260 2 0
260 3 0
260 4 0
258 4 850115481
259 2 -169775093
261 5 0
262 5 0
263 5 0
264 5 0
265 5 0
265 1 0
265 2 0
265 3 0
265 4 0
262 3 -812241020
262 2 756633867
266 5 0
267 5 0
268 5 0
269 5 0
270 5 0
270 1 0
270 2 0
270 3 0
270 4 0
268 1 -200904701
267 3 184143590
271 5 0
272 5 0
273 5 0
274 5 0
275 5 0
275 1 0
275 2 0
275 3 0
275 4 0
271 3 890873615
273 2 477596577
276 5 0
277 5 0
278 5 0
279 5 0
280 5 0
280 1 0
280 2 0
280 3 0
280 4 0
276 3 -481654164
276 4 816195572
281 5 0
282 5 0
283 5 0
284 5 0
285 5 0
285 1 0
285 2 0
285 3 0
285 4 0
283 2 359639553
284 1 159264222
286 5 0
287 5 0
288 5 0
289 5 0
290 5 0
290 1 0
290 2 0
290 3 0
290 4 0
288 1 -156047113
286 1 -990176842
291 5 0
292 5 0
293 5 0
294 5 0
295 5 0
295 1 0
295 2 0
295 3 0
295 4 0
294 3 -7057280
293 3 -970346414
296 5 0
297 5 0
298 5 0
299 5 0
300 5 0
300 1 0
300 2 0
300 3 0
300 4 0
296 1 -158464216
296 2 584812745
301 5 0
302 5 0
303 5 0
304 5 0
305 5 0
305 1 0
305 2 0
305 3 0
305 4 0
304 1 -275838798
302 1 -603659547
306 5 0
307 5 0
308 5 0
309 5 0
310 5 0
310 1 0
310 2 0
310 3 0
310 4 0
308 2 -9742749
309 2 182521086
311 5 0
312 5 0
313 5 0
314 5 0
315 5 0
315 1 0
315 2 0
315 3 0
315 4 0
311 4 635007832
311 3 605870068
316 5 0
317 5 0
318 5 0
319 5 0
320 5 0
320 1 0
320 2 0
320 3 0
320 4 0
316 4 -253810678
318 4 939010067
321 5 0
322 5 0
323 5 0
324 5 0
325 5 0
325 1 0
325 2 0
325 3 0
325 4 0
322 2 631723737
322 1 208841437
326 5 0
327 5 0
328 5 0
329 5 0
330 5 0
330 1 0
330 2 0
330 3 0
330 4 0
327 2 -129104600
328 3 -928176825
331 5 0
332 5 0
333 5 0
334 5 0
335 5 0
335 1 0
335 2 0
335 3 0
335 4 0
333 4 -136390543
331 2 561259946
336 5 0
337 5 0
338 5 0
339 5 0
340 5 0
340 1 0
340 2 0
340 3 0
340 4 0
336 1 825812505
338 1 -259054805
341 5 0
342 5 0
343 5 0
344 5 0
345 5 0
345 1 0
345 2 0
345 3 0
345 4 0
343 4 -445390308
344 1 -595855253
346 5 0
347 5 0
348 5 0
349 5 0
350 5 0
350 1 0
350 2 0
350 3 0
350 4 0
349 4 263687234
347 1 126990891
351 5 0
352 5 0
353 5 0
354 5 0
355 5 0
355 1 0
355 2 0
355 3 0
355 4 0
352 3 -505533803
353 2 -971647695
356 5 0
357 5 0
358 5 0
359 5 0
360 5 0
360 1 0
360 2 0
360 3 0
360 4 0
356 3 -909271922
358 3 152328845
361 5 0
362 5 0
363 5 0
364 5 0
365 5 0
365 1 0
365 2 0
365 3 0
365 4 0
361 4 729346770
363 4 -248930349
366 5 0
367 5 0
368 5 0
369 5 0
370 5 0
370 1 0
370 2 0
370 3 0
370 4 0
369 2 253292486
369 3 271538889
371 5 0
372 5 0
373 5 0
374 5 0
375 5 0
375 1 0
375 2 0
375 3 0
375 4 0
373 3 464763078
374 1 -349631575
376 5 0
377 5 0
378 5 0
379 5 0
380 5 0
380 1 0
380 2 0
380 3 0
380 4 0
377 2 215211569
376 1 -315179902
381 5 0
382 5 0
383 5 0
384 5 0
385 5 0
385 1 0
385 2 0
385 3 0
385 4 0
384 4 -799855211
382 2 267977957
386 5 0
387 5 0
388 5 0
389 5 0
390 5 0
390 1 0
390 2 0
390 3 0
390 4 0
388 3 501070152
387 4 -469484250
391 5 0
392 5 0
393 5 0
394 5 0
395 5 0
395 1 0
395 2 0
395 3 0
395 4 0
393 1 349094205
392 1 432736673
396 5 0
397 5 0
398 5 0
399 5 0
400 5 0
400 1 0
400 2 0
400 3 0
400 4 0
397 1 -917985560
399 2 31605339
401 5 0
402 5 0
403 5 0
404 5 0
405 5 0
405 1 0
405 2 0
405 3 0
405 4 0
403 4 666684164
402 1 259456405
406 5 0
407 5 0
408 5 0
409 5 0
410 5 0
410 1 0
410 2 0
410 3 0
410 4 0
407 3 2894006
406 1 128254508
411 5 0
412 5 0
413 5 0
414 5 0
415 5 0
415 1 0
415 2 0
415 3 0
415 4 0
414 2 820749526
412 3 -550258593
416 5 0
417 5 0
418 5 0
419 5 0
420 5 0
420 1 0
420 2 0
420 3 0
420 4 0
417 3 666693970
417 4 -285977003
421 5 0
422 5 0
423 5 0
424 5 0
425 5 0
425 1 0
425 2 0
425 3 0
425 4 0
423 4 -701550135
421 1 341265180
426 5 0
427 5 0
428 5 0
429 5 0
430 5 0
430 1 0
430 2 0
430 3 0
430 4 0
428 3 -387421265
429 1 -531528788
431 5 0
432 5 0
433 5 0
434 5 0
435 5 0
435 1 0
435 2 0
435 3 0
435 4 0
431 1 -915441981
432 4 -831937812
436 5 0
437 5 0
438 5 0
439 5 0
440 5 0
440 1 0
440 2 0
440 3 0
440 4 0
436 4 -960404520
439 2 192980769
441 5 0
442 5 0
443 5 0
444 5 0
445 5 0
445 1 0
445 2 0
445 3 0
445 4 0
442 2 317177988
443 3 -705894414
446 5 0
447 5 0
448 5 0
449 5 0
450 5 0
450 1 0
450 2 0
450 3 0
450 4 0
446 4 662127407
449 4 -303897989
