500 50
5 9 1 10 4 14 6 8 11 14 3 11 4 10 7 13 9 13 7 13 6 12 14 9 4 1 7 1 1 3 12 7 7 8 14 10 2 7 2 6 13 14 7 10 13 5 12 11 13 2
1 50 14 48 2 24 8 1 38 47 40 41 16 13 44 11 19 26 31 39 22 21 50 28 43 23 42 30 29 7 36 37 18 17 9 46 20 32 15 12 34 3 10 5 49 25 33 35 27 45 6 4
2 41 36 39 14 29 1 49 26 6 8 5 2 31 11 10 32 21 42 17 20 37 50 22 38 35 13 44 9 4 34 33 45 23 48 28 30 24 25 46 47 19 18
3 50 17 47 25 8 33 2 20 34 49 38 46 22 23 11 15 40 12 30 16 14 43 26 50 41 7 10 44 18 13 42 27 39 29 21 36 48 4 37 35 6 32 45 31 28 24 9 19 1 3 5
4 44 25 19 7 21 50 30 44 34 18 3 27 9 2 5 11 17 8 31 22 14 38 20 42 13 28 37 15 1 39 29 10 6 45 26 33 43 35 16 46 49 24 40 47 12
5 40 29 16 31 14 47 28 36 40 5 1 23 35 19 30 37 41 26 50 39 10 21 32 2 25 8 11 48 42 9 38 7 20 34 24 27 12 49 13 46 33
6 44 49 18 34 32 50 38 31 24 28 46 10 47 14 3 36 33 44 22 23 15 20 27 43 9 11 37 48 16 13 12 29 40 1 41 6 45 19 7 5 42 35 17 21 8
7 36 21 5 6 50 17 42 22 46 10 36 16 29 18 45 7 23 19 48 47 27 2 24 25 40 39 49 26 1 32 9 41 44 31 30 13 34
8 40 27 18 38 23 41 1 13 14 5 35 37 25 43 15 31 24 8 11 21 47 40 22 48 9 32 30 12 3 34 44 39 7 10 2 17 46 4 29 19 45
9 44 7 38 4 47 40 34 50 22 13 3 44 39 10 28 1 45 5 30 16 37 15 49 12 19 20 36 33 48 23 46 11 42 41 25 8 27 29 26 35 9 14 31 24 18
10 35 2 31 38 40 12 15 4 33 9 41 26 20 35 36 27 49 50 22 28 10 18 17 30 6 13 23 5 14 19 46 32 21 16 29 44
11 44 16 10 17 8 33 38 49 34 28 30 14 7 20 40 29 3 22 32 45 35 5 6 24 42 2 25 26 1 48 36 15 4 43 11 37 23 13 44 12 27 31 41 39 9
12 50 3 18 40 28 19 34 24 16 22 26 11 17 50 7 31 30 42 35 27 41 25 45 32 2 44 38 43 48 46 9 33 49 15 23 1 4 12 20 21 39 47 14 37 5 29 6 13 36 8 10
13 43 46 49 14 36 1 13 43 48 47 32 44 7 39 6 27 2 8 30 19 50 41 10 28 37 9 38 34 40 42 12 4 31 24 25 17 33 15 21 22 18 29 20 35
14 39 6 2 17 36 50 31 26 45 13 7 15 23 49 47 24 10 20 3 8 39 27 32 35 30 18 44 29 42 14 21 5 37 48 43 22 33 12 40 38
15 38 45 28 37 18 26 16 5 12 44 1 40 9 34 22 11 32 41 31 42 46 29 24 27 7 3 36 47 6 33 39 14 25 38 30 49 15 43 50
17 30 4 35 17 24 47 5 6 49 38 43 22 23 26 45 40 12 18 2 30 13 36 39 9 44 50 1 28 8 41 46
18 44 45 43 42 47 34 30 44 22 28 48 8 19 5 33 24 32 37 35 31 10 29 15 11 18 50 17 23 36 38 46 27 12 39 1 26 16 3 20 7 49 41 6 40 21
19 27 23 11 41 50 34 37 7 20 2 38 4 44 9 49 29 26 33 27 35 30 14 47 17 46 36 22 43
20 47 24 44 36 33 13 10 50 26 2 19 45 30 25 35 22 1 7 11 34 29 3 42 37 21 18 32 46 8 43 14 31 17 38 12 39 6 9 5 28 49 15 40 4 23 27 48 47
22 39 26 39 15 21 27 16 44 28 30 2 18 49 22 43 50 11 32 17 31 46 23 29 5 45 7 48 12 20 25 47 14 4 33 3 41 36 10 38 6
23 42 49 15 38 46 22 36 4 6 44 19 9 13 42 21 1 45 18 26 31 27 33 47 48 16 50 5 28 32 3 29 37 41 10 24 11 17 20 7 30 8 39 34
24 36 32 19 16 44 13 1 8 23 5 28 22 31 29 10 24 15 3 45 33 46 11 12 43 37 9 35 18 17 41 7 48 39 40 42 30 20
25 41 23 35 26 31 3 50 19 13 21 15 47 43 27 7 18 14 6 44 30 2 42 29 48 16 25 22 11 24 34 46 20 38 36 8 45 32 9 5 17 28 37
26 32 23 50 48 43 14 19 22 28 10 16 21 3 39 42 13 40 24 31 46 18 15 9 6 5 36 37 32 35 4 20 1 44
28 41 12 47 46 11 1 18 4 45 17 36 9 25 48 29 7 26 30 8 6 31 40 38 22 34 33 16 44 28 39 3 32 10 42 20 35 24 19 41 2 21 14
29 41 48 14 17 35 12 18 21 15 42 32 13 11 27 8 23 20 49 46 1 40 24 6 34 36 29 43 33 28 45 44 38 16 3 26 4 37 25 5 31 41 30
30 39 10 35 12 36 31 7 28 44 6 8 18 2 22 20 50 5 49 26 34 29 4 9 27 11 14 32 47 15 25 21 1 41 23 38 40 30 13 16 43
31 49 12 17 6 19 25 43 35 3 47 34 1 15 40 9 48 20 41 38 33 13 14 50 16 26 36 28 42 8 22 24 31 49 11 39 2 29 4 30 10 7 23 21 46 32 44 27 5 37 45
33 37 29 44 49 39 33 38 40 37 6 25 36 31 2 21 30 28 14 24 7 15 9 50 10 42 23 45 11 18 46 13 32 19 41 3 47 17 20
34 42 27 31 6 18 29 33 17 9 34 1 49 25 48 16 21 13 2 30 40 15 22 43 39 47 35 8 28 38 26 14 44 46 37 23 11 42 36 19 50 20 41 5
35 38 23 39 11 49 40 26 15 7 31 34 36 18 50 42 16 12 13 10 2 32 25 14 1 48 47 6 4 21 9 43 37 19 29 46 27 5 24 22
36 32 43 17 41 42 23 7 47 25 12 10 35 4 16 37 1 26 15 48 13 45 11 40 46 32 6 30 2 9 5 24 8 3
37 40 43 48 22 31 32 28 33 15 40 30 25 20 17 5 34 47 23 24 18 35 41 1 13 3 16 46 4 6 44 42 14 9 36 7 50 21 10 19 27 8
38 33 31 25 26 30 42 47 22 40 9 46 21 3 29 2 19 36 43 11 38 16 45 24 37 44 5 10 34 1 4 41 39 12 6
39 33 40 31 4 43 37 10 49 24 29 11 18 16 17 44 27 46 9 13 48 47 21 15 19 45 6 36 32 34 5 33 23 39 14
41 44 50 33 29 17 6 38 3 32 39 36 2 18 25 45 10 46 40 14 27 44 1 42 13 21 22 16 7 9 24 15 30 26 47 11 41 12 43 20 48 34 35 19 5 4
42 46 24 18 11 41 47 40 34 17 43 12 2 21 37 30 25 45 46 23 15 44 9 16 48 33 14 1 4 49 19 50 5 29 36 26 20 32 38 10 13 28 42 6 39 27 35 22
43 44 30 18 48 44 2 28 32 27 10 21 12 3 11 23 49 40 47 42 25 22 43 33 24 1 19 5 26 45 6 7 4 36 16 35 31 37 39 46 38 34 50 9 17 14
44 35 34 23 45 28 40 4 39 12 50 32 10 1 30 19 18 2 47 41 49 27 38 31 14 20 44 9 43 48 17 6 3 26 8 33 35
45 49 48 20 7 12 47 42 23 46 43 17 34 22 13 27 16 35 37 10 29 45 6 3 30 21 2 1 9 28 50 38 26 41 14 19 49 33 40 24 5 8 15 36 25 18 31 39 44 4 32
46 36 14 29 13 8 34 36 46 11 23 45 41 10 50 48 3 40 47 18 25 44 33 2 1 15 28 21 9 7 17 39 6 5 35 16 38 37
47 38 46 18 4 20 21 10 41 38 35 24 40 11 14 8 50 32 42 34 49 7 2 16 26 23 31 27 6 43 36 3 13 25 22 28 15 44 48 9
48 39 29 24 17 42 36 26 25 4 47 30 19 8 35 39 32 3 1 43 28 9 41 48 49 16 12 31 40 46 2 5 33 13 11 22 44 45 50 7 21
49 44 31 32 42 22 35 26 33 2 25 16 34 46 45 20 48 49 4 21 1 15 8 10 17 30 28 6 37 41 39 38 23 3 5 27 43 14 40 47 19 12 50 7 29 36
50 37 22 30 2 25 3 13 38 10 41 26 32 1 44 29 4 23 43 45 12 34 35 31 17 5 21 16 11 39 24 9 49 14 50 46 42 36 40
51 38 6 24 35 45 18 25 19 38 1 5 37 29 32 33 40 12 15 42 27 20 48 34 9 46 41 47 44 16 17 36 26 10 7 28 21 49 43 39
53 36 16 29 37 15 43 11 4 23 22 6 47 41 10 13 7 44 21 9 26 48 14 39 35 20 42 30 19 2 45 27 40 18 31 28 49 46
54 45 7 8 17 3 27 26 50 19 23 28 18 44 20 12 39 10 40 6 35 36 4 1 47 37 46 2 31 14 22 13 45 42 38 16 9 32 41 5 34 21 11 43 29 49 24
59 33 42 29 8 23 32 1 22 11 16 20 15 17 41 24 36 10 6 12 21 47 31 35 27 46 49 45 34 14 43 9 48 19 5
60 43 44 40 1 25 16 22 43 41 6 36 20 13 3 30 8 17 47 4 12 42 48 38 29 5 11 35 7 23 19 9 2 10 14 34 50 26 46 45 18 24 31 39 28
61 37 39 36 33 2 37 1 31 7 18 19 16 43 11 4 29 38 32 34 25 21 9 8 17 13 48 50 10 42 22 26 24 5 30 20 49 6 35
62 42 5 20 39 34 9 22 6 7 24 49 2 3 48 42 21 11 31 8 19 16 26 43 29 13 47 4 36 27 12 50 25 15 23 1 32 33 41 40 18 17 14 10
63 28 17 25 26 6 33 43 44 31 49 42 12 4 19 22 32 30 40 21 50 41 39 15 16 38 36 35 14 8
64 37 3 28 8 14 20 12 15 32 11 7 21 25 48 23 30 31 49 18 33 50 42 37 35 47 9 19 26 34 13 22 1 44 41 17 45 46 16
65 47 12 10 43 6 5 44 4 38 28 11 45 32 14 50 26 7 34 19 33 23 25 48 1 16 22 21 30 20 39 18 29 8 49 37 47 41 42 24 2 35 40 46 36 3 15 27 9
66 46 3 15 20 16 44 50 21 43 27 1 25 40 37 33 4 28 45 8 31 13 14 22 29 32 35 10 30 46 24 11 2 34 18 48 5 23 39 17 41 12 19 49 7 26 47 6
67 34 42 19 21 33 44 40 30 29 11 41 28 12 9 8 50 22 5 46 2 47 15 35 26 13 4 36 39 1 24 6 38 45 34 43
68 44 7 40 32 5 44 33 37 3 22 2 17 39 43 30 29 11 26 12 16 34 49 35 25 48 47 4 24 8 38 21 9 41 27 31 1 18 20 46 6 28 13 19 10 42
69 40 13 48 12 49 18 19 2 43 31 17 22 34 44 5 42 47 40 16 37 7 38 29 4 35 26 14 39 6 41 20 11 15 3 21 28 27 1 24 45 23
71 46 48 16 7 41 17 23 20 2 33 12 43 14 21 13 6 31 34 35 45 8 26 19 32 46 42 1 49 40 30 5 18 11 39 3 47 10 27 28 4 25 44 24 38 9 37 29
72 38 3 10 23 14 25 4 7 45 16 22 18 40 19 36 47 28 35 12 20 49 1 2 21 5 9 44 50 41 42 38 13 17 34 31 11 46 29 27
73 37 4 21 48 37 17 7 11 39 6 29 50 3 1 43 47 2 20 32 25 24 18 5 35 42 34 27 13 41 22 45 9 46 8 16 30 44 49
74 40 12 9 18 7 4 31 49 37 30 21 35 3 41 5 45 14 36 40 39 8 22 11 23 6 1 24 33 13 34 29 19 15 48 42 17 38 25 46 47 27
75 30 10 18 29 20 12 49 28 39 13 3 33 24 2 43 15 34 50 48 35 38 25 44 30 36 11 7 41 27 4 17
76 47 17 29 48 43 46 16 2 42 41 50 10 20 44 25 23 36 31 24 12 47 39 4 11 35 9 33 13 19 38 6 1 28 30 45 22 8 15 34 18 27 7 40 3 5 21 32 37
77 45 36 3 24 5 39 28 6 23 40 16 11 21 10 18 38 44 27 17 12 25 4 8 1 2 42 34 19 9 47 26 14 31 49 43 32 41 22 30 20 48 45 37 46 50 33
78 36 33 7 12 44 47 48 34 19 30 42 13 16 31 3 23 2 49 14 28 41 5 26 20 38 1 25 4 8 43 9 11 45 27 15 24 36
79 46 14 4 44 24 26 2 36 19 43 31 18 32 8 17 3 13 22 12 39 45 23 20 1 7 42 46 27 21 9 29 28 33 41 38 50 37 30 5 6 15 11 48 16 10 40 34
80 36 12 33 20 48 15 18 14 43 46 6 21 38 4 35 28 29 31 44 11 3 17 13 32 50 7 5 30 19 47 41 26 45 40 34 8 23
81 34 8 18 50 35 38 6 43 11 45 34 21 48 36 7 27 15 9 4 30 20 37 10 24 28 22 23 13 19 41 31 32 12 39 46
82 50 10 15 47 1 17 6 38 44 29 26 12 41 24 8 16 20 11 19 43 2 7 40 34 3 22 4 39 32 46 31 5 18 50 37 28 9 33 48 25 42 14 23 30 27 21 13 36 35 49 45
83 50 11 7 34 38 28 18 9 43 37 32 19 2 47 49 33 10 24 1 16 27 41 39 26 40 23 46 3 12 42 8 17 44 5 36 50 29 20 6 30 4 13 15 31 22 25 45 48 35 21 14
84 44 16 38 22 30 47 26 1 29 31 36 4 15 48 45 44 21 6 40 14 27 23 10 34 13 42 49 37 19 50 11 25 18 35 3 28 43 32 7 20 41 17 12 9 8
87 38 26 3 12 2 34 36 27 33 35 24 8 29 9 28 45 6 50 16 40 18 5 30 10 38 25 48 31 39 37 20 44 15 11 32 13 47 43 46
88 47 18 10 32 7 25 39 37 20 43 24 41 3 6 17 9 28 4 45 15 46 50 11 16 49 48 38 27 13 44 47 34 26 22 30 40 23 12 2 36 31 33 42 29 35 8 1 19
90 39 20 43 44 45 14 10 19 42 25 21 41 38 36 15 3 28 12 7 40 37 49 35 16 1 13 9 50 17 2 30 34 4 26 6 22 33 24 47 39
91 31 44 28 14 26 1 32 19 50 4 42 11 25 9 40 43 5 18 17 8 15 13 21 35 49 38 33 34 6 16 41 24
93 41 29 13 3 11 5 32 6 42 17 19 27 50 9 25 39 20 47 46 1 12 18 48 38 35 31 23 44 2 26 40 21 4 33 8 10 28 36 16 15 43 34
94 35 36 43 19 9 10 49 28 41 46 11 45 1 25 12 29 35 40 34 13 24 21 16 20 6 3 50 47 17 18 8 42 26 2 31 30
96 44 6 43 5 31 4 1 39 10 11 16 3 29 35 38 13 34 15 7 27 23 44 21 25 20 45 30 36 49 32 40 46 17 48 2 8 47 24 50 26 33 19 12 28 41
97 30 34 20 8 29 38 15 41 42 26 21 14 45 2 10 16 13 47 30 5 49 24 36 19 35 4 9 1 43 6 39
98 50 26 41 6 25 46 35 29 19 28 39 40 16 33 5 27 37 11 32 49 1 34 42 31 48 4 38 47 36 21 12 15 45 23 30 9 20 18 50 14 7 24 17 22 8 44 43 3 10 13 2
99 47 27 38 28 48 18 34 17 15 7 43 25 24 23 40 33 36 47 14 2 1 29 9 45 26 39 6 13 16 49 3 32 19 11 44 46 37 4 35 22 12 5 31 41 30 42 21 10
100 46 30 44 24 33 1 17 6 35 32 39 26 45 38 37 8 34 11 2 31 10 15 16 28 36 29 18 9 19 49 4 22 41 7 40 3 23 21 27 20 25 43 48 13 47 12 50
101 39 32 19 11 24 21 36 26 8 39 33 16 6 23 4 31 18 40 27 1 49 28 41 13 29 38 17 34 10 44 35 30 45 25 14 22 12 50 20 37
102 36 50 11 6 46 18 31 26 41 19 36 39 42 9 20 15 10 29 28 13 44 38 21 12 4 43 5 2 37 22 49 16 17 27 47 40 35
103 41 25 14 30 7 39 44 33 45 34 21 26 15 6 11 37 5 1 13 20 8 35 38 40 24 27 43 28 23 29 50 31 2 41 9 36 47 48 32 3 46 16
104 41 19 50 17 15 39 31 29 33 25 14 35 23 32 20 41 10 24 26 8 28 46 36 48 5 37 49 12 42 30 2 47 21 45 27 16 44 9 38 6 1 4
105 40 13 46 26 39 41 30 37 25 47 5 9 15 42 31 28 12 45 8 16 22 40 4 1 23 27 17 10 20 21 32 35 6 50 7 34 3 24 14 11 38
107 40 38 31 46 22 14 21 11 28 45 6 42 27 20 23 24 41 36 33 2 7 19 29 10 30 25 39 17 50 44 3 4 40 43 8 13 34 9 48 26 49
108 45 2 22 35 15 5 6 32 10 48 31 29 18 45 44 9 16 41 30 34 47 17 36 39 25 42 33 14 13 37 26 28 8 49 21 24 20 43 23 38 40 1 11 50 46 4
109 42 39 9 42 34 18 22 50 40 49 24 31 13 46 33 27 44 7 2 28 35 38 10 11 37 1 6 8 45 5 17 3 14 32 16 30 12 41 4 21 25 20 36
112 45 21 31 25 33 50 5 37 9 12 6 19 14 38 41 24 42 11 39 29 1 27 44 28 46 10 18 43 40 2 26 3 7 15 16 45 32 8 13 49 22 23 36 17 47 48
113 50 27 43 11 15 21 2 30 18 49 20 47 6 33 37 26 32 35 5 22 14 25 9 7 46 36 8 17 38 1 50 24 29 40 44 39 3 13 16 42 10 45 4 12 23 28 19 41 34 48 31
114 43 30 31 26 37 10 8 29 22 34 43 7 45 4 46 13 47 27 1 41 21 24 48 39 44 28 17 23 49 11 40 5 18 20 9 25 2 33 50 32 12 36 6 16
117 33 1 39 2 46 21 15 42 23 14 33 19 34 20 36 26 13 40 32 10 11 7 24 4 8 18 28 50 37 29 17 12 27 47
118 24 27 29 22 49 36 14 35 13 12 6 16 15 46 9 24 45 43 41 47 17 11 20 38 18
119 38 37 27 10 12 48 45 5 34 6 44 24 29 20 11 1 26 40 32 42 23 28 36 50 13 46 2 14 43 9 39 3 4 15 18 21 41 35 16
121 41 21 4 27 31 7 32 20 26 2 35 40 18 49 33 10 45 41 39 34 24 43 44 5 48 22 38 8 30 3 19 11 13 16 37 46 9 1 50 36 6 28
122 44 16 36 27 33 24 3 29 32 9 23 30 18 46 2 34 6 48 35 20 44 42 50 45 15 49 38 31 4 43 39 11 5 19 1 28 40 37 21 22 47 12 8 7 17
123 45 38 17 40 31 19 13 6 26 27 33 25 34 42 10 8 7 46 29 4 35 20 23 44 49 14 11 47 39 1 28 30 21 43 50 32 5 36 12 45 41 22 3 2 18 37
124 43 17 45 50 8 3 16 40 44 7 4 1 15 27 13 49 14 20 28 12 11 39 10 38 48 31 19 24 26 42 25 2 9 5 22 6 37 18 33 29 43 41 36 32
125 30 38 44 17 41 26 37 31 14 1 45 43 19 30 39 25 12 40 21 34 8 6 4 42 15 2 50 3 32 27 13
126 40 15 21 33 40 11 42 8 48 12 14 5 26 6 28 39 1 25 46 16 7 17 38 10 41 49 34 19 3 13 36 32 23 18 9 27 22 47 20 24 29
127 35 35 49 44 28 38 10 19 12 31 46 29 24 11 26 36 32 5 22 3 4 33 23 15 48 13 30 43 45 21 2 25 1 47 50 16
130 32 33 46 15 8 44 10 16 32 4 45 18 34 1 24 26 5 42 35 14 7 22 38 20 28 21 11 36 9 23 48 31 50
131 33 1 34 2 23 11 49 37 41 45 20 13 6 26 47 31 33 24 4 16 21 48 39 15 36 10 30 40 43 27 19 8 42 22
132 30 34 16 15 10 18 13 28 7 47 8 4 14 30 11 25 32 2 43 46 38 6 5 24 19 39 22 20 9 44 12
133 33 28 26 44 7 37 3 23 36 2 33 27 48 46 9 5 35 31 49 39 15 50 14 34 22 38 24 45 47 43 20 10 11 13
134 39 25 21 37 24 47 44 35 39 27 41 45 11 7 36 1 38 43 28 6 4 42 31 29 16 40 9 13 18 19 49 10 23 12 30 34 22 5 8 26
136 50 26 3 14 10 50 35 42 12 24 4 20 1 5 28 33 18 32 21 41 37 48 43 31 30 23 2 9 38 22 36 34 8 16 19 25 17 45 29 40 46 47 27 13 15 39 6 44 11 49 7
137 43 1 16 44 43 8 20 35 23 11 25 48 14 22 29 2 19 41 13 27 21 31 17 37 32 4 45 15 10 49 30 26 3 42 28 36 50 40 24 34 33 9 6 47
138 37 29 50 26 17 22 47 45 23 11 40 38 3 13 30 39 25 1 48 24 43 28 18 33 19 8 35 31 15 6 5 32 9 14 4 36 34 49
140 31 44 8 23 40 3 25 47 48 4 31 2 49 38 32 7 12 37 5 34 43 30 1 11 42 10 13 18 14 26 9 28
141 35 5 40 2 23 49 15 35 19 11 14 17 6 46 41 37 30 36 9 44 22 32 10 27 26 29 13 8 39 16 25 43 34 18 4 31
142 40 39 50 5 33 21 10 15 27 47 32 48 49 40 37 30 45 16 9 17 19 26 1 36 20 41 38 42 7 24 43 23 44 12 13 25 14 11 6 3 34
143 42 37 27 39 3 36 21 49 15 11 12 1 13 41 40 2 30 10 5 26 47 46 18 33 29 17 16 50 28 32 48 22 7 44 31 42 23 19 20 45 43 34 6
144 48 15 19 22 11 33 49 32 8 40 37 34 42 45 1 20 38 35 29 30 13 10 17 23 47 18 24 50 6 25 12 7 48 27 28 21 41 2 26 36 31 9 14 4 39 46 43 16 5
145 41 14 13 29 16 39 10 35 27 11 6 50 23 7 47 31 2 22 8 33 1 36 46 20 9 18 28 4 19 37 45 48 21 43 32 30 26 49 34 17 42 44
146 50 29 6 36 35 33 47 28 19 31 30 14 23 49 22 39 24 17 43 2 48 38 1 15 41 42 46 5 3 40 7 20 21 10 34 44 4 18 37 8 13 11 32 26 45 12 9 25 27 50 16
147 50 39 49 44 22 20 40 5 37 34 3 29 42 24 25 35 21 17 46 27 36 13 47 48 14 19 10 30 18 23 2 15 16 1 38 12 33 43 26 31 41 7 45 6 4 11 28 50 9 8 32
149 41 2 37 39 10 8 44 49 3 29 32 5 23 47 20 34 28 45 33 4 25 46 42 48 26 36 11 14 50 21 16 38 24 30 27 35 7 6 13 12 40 19
153 33 44 45 1 28 4 38 40 32 12 10 7 37 33 29 8 15 20 19 5 42 41 46 39 27 11 30 47 21 34 14 25 35 2
154 34 48 14 11 16 15 43 32 33 19 34 20 46 27 2 22 7 9 50 44 21 6 8 17 31 10 35 47 4 39 36 26 12 24 42
156 42 42 31 39 48 33 18 19 24 28 34 8 40 35 4 38 30 2 44 3 37 47 27 17 7 12 50 5 15 11 14 46 22 21 29 45 49 32 1 20 13 36 16
158 41 33 18 27 38 21 8 40 34 3 19 45 16 29 35 20 37 15 11 43 2 30 5 4 7 50 41 23 10 6 36 9 13 49 12 17 22 48 39 26 32 47
159 37 36 3 48 30 47 40 10 39 34 27 25 26 21 5 19 37 16 23 45 32 11 42 43 12 29 9 50 4 8 2 15 7 18 46 20 41 31
160 40 33 44 17 28 12 50 40 6 1 49 34 32 42 4 26 9 24 2 27 15 46 25 23 41 3 29 8 10 7 45 38 16 20 11 5 19 13 18 39 14
161 34 36 19 22 43 30 25 28 10 38 3 18 13 27 34 50 47 23 46 21 45 40 20 37 14 29 11 48 26 12 44 35 31 7 33
163 31 25 23 13 47 20 16 21 41 2 9 18 30 3 49 35 34 15 36 5 45 32 43 31 29 1 26 12 6 8 33 10
164 34 18 46 13 27 43 31 7 1 30 6 41 12 47 21 19 33 38 3 35 4 50 26 39 32 48 24 14 8 10 40 42 22 5 25
165 38 16 30 12 21 24 4 29 27 44 10 40 1 31 37 18 3 14 2 49 42 9 38 33 5 15 25 26 34 20 46 41 23 39 8 50 28 22 43
166 44 47 46 14 21 44 43 37 17 45 1 23 15 29 27 11 24 50 41 16 40 42 33 31 4 19 25 3 12 49 30 10 9 20 5 2 36 18 13 8 26 6 35 28 32
167 24 3 4 32 42 18 47 41 35 22 9 25 8 6 7 16 11 34 46 14 48 1 40 38 39
169 33 24 16 1 11 20 49 33 38 35 45 44 32 39 10 26 27 3 48 40 25 36 23 2 17 37 22 28 12 31 14 9 8 4
170 37 21 35 19 7 42 10 48 32 5 39 2 18 34 1 24 30 17 43 13 47 14 22 20 8 40 12 11 28 23 41 4 26 46 38 37 49 27
171 44 34 8 25 45 40 9 15 6 22 48 20 13 3 11 18 26 23 24 43 32 42 41 12 5 37 35 47 46 28 10 21 39 44 29 2 7 27 33 38 16 50 14 19 36
173 46 1 5 43 28 11 31 27 15 26 6 12 38 17 25 40 35 46 20 34 21 49 39 7 37 13 22 44 42 30 3 47 8 23 24 10 32 41 29 33 16 48 9 45 14 19 50
174 47 38 19 36 20 23 46 31 17 34 29 1 45 39 6 25 8 40 26 21 11 24 5 18 44 43 9 35 15 50 41 49 47 22 30 28 2 3 12 32 13 7 16 4 27 37 48 10
175 44 21 38 49 2 32 44 27 5 29 31 26 24 43 46 17 6 28 18 50 35 30 8 10 13 37 45 34 47 19 41 33 48 39 7 22 11 20 40 12 16 4 23 36 42
176 49 48 6 50 11 23 17 3 25 14 32 1 2 36 49 34 13 5 7 28 38 44 33 16 10 31 12 24 37 43 35 29 9 15 20 46 22 27 40 26 30 42 21 19 39 8 41 47 18 45
177 33 20 7 37 12 32 35 31 3 10 4 13 17 24 15 11 30 44 2 27 34 39 18 48 26 9 47 25 45 41 19 49 33 23
178 45 43 13 39 3 41 44 20 29 30 32 31 45 19 5 25 42 8 40 6 36 7 1 46 34 16 15 21 47 14 24 50 38 18 23 27 9 2 28 11 12 33 35 4 49 10
179 40 21 12 23 46 35 25 11 28 34 43 16 44 17 50 7 31 30 39 1 26 14 38 33 20 37 13 42 18 2 29 27 48 10 22 40 41 5 49 15 4
180 41 26 10 7 2 29 32 11 17 13 4 31 34 1 27 39 24 23 18 38 42 36 19 14 20 47 50 25 12 46 21 15 43 6 45 41 44 22 28 37 49 16
181 42 3 33 4 7 16 25 38 18 44 23 10 1 14 29 30 36 32 8 43 12 13 40 2 17 6 42 19 41 24 27 21 49 31 46 47 26 39 48 5 9 22 20
182 40 13 50 31 6 24 27 20 4 8 40 28 47 1 44 14 30 42 3 19 33 37 26 39 5 12 25 15 10 2 11 38 45 35 18 16 49 43 36 7 32
183 37 2 47 50 3 22 10 9 31 26 23 28 25 46 4 1 5 29 44 17 7 8 18 14 30 21 45 33 41 40 39 49 27 37 42 36 11 15
184 47 27 24 42 39 23 18 16 34 8 48 49 5 35 43 30 10 9 29 45 20 25 14 21 13 3 36 2 44 28 17 32 41 4 26 31 47 15 46 6 1 19 33 12 50 37 38 40
185 36 22 26 6 13 5 15 35 4 24 44 12 1 3 45 11 33 42 43 25 34 39 36 19 31 48 40 27 46 21 47 7 14 41 49 17 32
186 33 30 42 34 47 32 39 20 19 9 37 24 2 17 23 10 7 33 12 41 25 29 8 13 50 22 1 21 11 31 48 27 14 26
187 38 14 18 2 28 16 13 31 41 49 30 46 47 23 12 15 5 38 21 26 35 24 42 17 29 34 37 11 20 8 27 43 33 4 10 45 32 25 7
189 35 39 5 9 8 38 32 46 30 25 24 31 40 43 4 49 17 16 23 14 37 3 1 50 20 10 27 33 13 42 29 7 47 2 41 11
190 30 48 49 46 4 38 41 22 34 8 30 31 19 29 12 11 9 33 6 50 14 17 13 27 1 37 10 39 7 40 18
192 43 42 1 17 5 8 40 4 39 34 15 9 11 19 20 22 12 13 18 36 16 43 14 37 49 25 33 21 24 6 3 23 48 46 50 44 27 31 35 47 32 26 29 45
193 41 25 48 5 17 32 49 11 27 1 7 50 41 35 16 40 36 45 20 21 18 4 29 12 47 34 3 23 37 8 44 6 10 33 9 30 24 2 39 15 43 22
194 32 46 34 36 22 35 49 47 28 24 29 38 31 6 12 40 37 27 50 30 13 9 39 2 33 14 43 20 8 1 17 3 10
195 42 23 15 7 29 38 20 39 9 25 34 22 21 2 49 35 6 37 16 18 24 42 10 30 36 12 44 11 28 13 33 31 26 46 50 32 47 5 43 17 19 45 14
197 50 20 4 1 13 2 48 23 14 47 16 30 38 33 41 12 40 31 26 44 10 21 42 32 39 22 27 35 46 37 24 15 8 3 18 43 19 28 34 49 9 29 50 36 45 17 6 7 25 5 11
198 36 42 24 28 19 5 48 7 13 30 40 26 6 8 16 1 23 46 20 39 25 47 31 36 27 18 4 21 41 11 22 29 9 15 45 32 43
199 50 25 41 22 46 20 24 42 18 27 3 6 28 15 39 29 36 13 37 40 38 1 44 2 48 26 47 10 50 43 12 23 32 19 16 7 49 9 21 14 11 35 4 30 31 34 17 5 8 33 45
200 42 33 19 24 3 14 13 2 23 40 29 25 49 21 43 12 44 30 35 20 8 32 45 46 7 38 15 9 41 16 4 31 37 22 50 18 26 10 39 48 28 34 47
201 35 44 2 16 49 19 20 23 26 21 50 1 37 11 3 7 8 32 43 34 33 12 35 13 38 25 47 10 27 46 9 40 22 4 42 14
202 39 21 47 23 30 43 15 17 31 4 40 3 38 20 12 2 41 13 1 39 44 9 34 45 37 42 24 10 33 28 48 46 32 14 29 16 50 8 27 35
203 39 28 23 30 38 24 39 6 20 19 21 11 50 9 22 37 41 45 44 12 32 26 36 49 5 33 46 25 7 40 43 16 15 17 13 2 8 42 3 27
204 39 25 10 50 24 31 46 2 43 29 40 47 11 14 33 26 4 9 22 15 42 16 7 13 6 35 41 44 17 38 8 45 30 34 1 20 19 49 21 32
205 50 39 16 37 20 50 15 44 8 18 9 19 24 21 45 22 41 12 48 13 26 40 33 38 42 27 5 25 3 2 4 34 11 32 10 49 14 7 30 31 17 47 23 1 36 29 43 35 46 6 28
207 44 13 27 3 8 50 16 23 17 21 46 30 2 24 25 31 10 43 34 48 40 42 41 47 29 15 44 32 5 7 39 11 18 1 26 38 37 19 20 14 35 4 9 6 36
209 49 11 44 14 47 10 9 38 22 20 33 39 41 18 3 45 23 34 50 49 4 32 6 29 28 48 16 42 36 46 43 15 35 40 13 5 25 8 21 30 19 27 31 1 24 26 17 12 7 2
210 37 14 23 49 35 29 2 39 37 33 24 42 9 8 13 7 1 12 25 22 28 34 21 47 3 19 36 44 6 16 46 5 27 18 48 45 50 40
211 38 1 11 42 18 16 44 10 8 41 48 40 39 46 27 3 49 9 23 31 21 17 19 7 6 24 32 33 43 29 2 26 34 35 30 14 38 13 20
212 44 27 44 43 31 26 6 36 38 15 4 18 29 17 10 21 30 34 46 9 7 12 5 28 41 19 35 16 32 20 11 24 42 1 8 49 45 40 22 37 13 47 2 25 48
213 39 5 19 25 18 50 26 17 3 30 48 1 41 31 47 22 28 10 27 37 49 45 9 35 8 14 15 2 42 39 38 16 29 13 46 34 12 11 43 24
214 31 15 42 40 13 14 30 3 19 25 18 45 11 21 41 7 1 47 31 32 2 27 5 35 28 12 39 46 6 26 16 48
215 26 27 47 16 39 17 44 10 30 13 8 1 29 33 9 2 11 48 40 3 6 32 12 15 5 28 26
216 44 38 24 13 28 16 36 43 22 34 25 5 37 31 17 40 18 19 50 4 46 14 8 44 42 10 45 48 33 21 32 20 30 3 27 29 1 49 41 9 39 6 23 2 7
217 50 45 5 29 43 31 46 10 36 17 15 41 1 47 49 48 21 27 9 22 34 6 25 38 19 12 35 37 14 24 13 32 33 16 44 2 50 8 3 7 26 30 42 18 23 40 28 20 11 39 4
218 48 30 44 35 49 20 11 16 39 18 40 38 28 15 36 42 43 23 19 47 14 7 4 17 22 8 3 33 5 10 32 2 41 48 9 46 50 29 31 26 34 13 1 37 27 45 6 21 12
219 50 40 44 46 27 29 1 4 13 49 3 24 23 17 15 25 28 8 14 50 39 16 32 26 33 18 12 10 20 22 34 38 42 31 35 36 37 7 41 48 47 43 6 9 45 5 2 19 30 21 11
220 40 13 26 22 9 5 21 24 42 31 17 43 44 27 30 25 11 6 29 33 23 40 49 28 10 18 15 35 39 12 19 20 8 2 32 37 46 38 16 47 7
221 38 1 34 20 42 31 45 43 25 11 4 16 32 41 44 15 9 27 49 17 38 8 35 40 5 22 46 6 3 23 24 47 14 30 48 10 33 26 2
222 38 36 28 47 30 2 25 9 35 22 10 12 41 48 31 13 42 46 50 44 5 39 3 26 17 19 49 11 29 4 37 7 27 24 18 34 21 32 40
223 26 18 42 32 43 17 3 47 40 19 30 2 4 16 39 50 41 1 45 34 20 24 36 22 15 27 31
226 46 37 5 16 19 14 15 17 32 48 26 25 9 20 6 44 36 10 21 40 42 23 28 2 18 34 49 12 22 46 8 43 33 1 39 47 35 3 30 41 4 50 7 24 45 27 31
227 27 11 6 32 7 3 27 47 49 5 12 50 8 24 44 46 38 21 10 43 14 31 28 37 45 2 22 29
229 49 46 3 19 34 49 35 31 41 20 10 4 40 27 43 18 24 22 28 25 15 16 32 39 38 26 1 47 6 12 21 7 50 42 13 37 29 14 17 36 23 11 44 33 2 5 45 9 8 48
230 50 7 50 47 4 2 44 30 23 17 21 49 46 25 36 38 6 32 28 34 19 12 39 13 45 27 37 22 18 24 40 29 35 41 16 9 5 33 48 26 8 3 31 42 15 20 43 14 11 1 10
231 40 39 36 10 50 16 8 5 33 24 12 15 18 37 20 34 32 21 13 17 25 41 40 30 19 11 49 42 47 38 4 9 1 44 27 3 6 28 48 31 2
232 36 33 20 13 30 46 45 9 19 3 26 24 35 50 14 17 40 39 15 27 41 38 31 43 18 36 16 11 12 1 4 23 10 25 47 2 34
235 47 21 46 32 25 40 49 20 3 27 38 13 5 43 26 17 22 24 7 4 9 47 19 34 45 36 42 1 29 2 23 33 39 18 41 35 16 28 44 37 31 50 10 14 6 15 12 30
236 50 50 44 24 6 26 48 25 27 40 1 43 35 8 17 14 18 2 9 20 49 38 10 30 22 29 15 42 3 36 19 28 11 21 37 23 41 7 45 46 4 32 16 12 33 5 13 39 31 34 47
237 40 40 4 38 7 43 8 10 41 29 39 30 37 36 15 13 48 27 1 35 9 19 23 24 47 3 26 22 33 2 25 17 18 28 32 46 5 34 11 31 42
238 47 4 35 39 47 5 38 30 43 33 18 2 34 8 20 22 16 37 12 45 31 25 11 17 32 48 41 27 44 6 46 3 36 23 1 10 28 14 26 49 50 21 24 29 15 40 19 9
239 48 48 36 31 10 37 25 46 27 33 5 7 14 19 44 9 49 43 1 30 40 18 8 32 20 29 11 12 38 47 17 42 41 3 15 6 26 35 34 2 45 39 13 50 22 28 4 24 23
240 27 46 19 36 27 22 5 2 37 39 12 48 9 38 25 47 13 28 43 26 11 10 1 34 20 50 35 3
241 40 31 33 50 4 43 12 19 23 41 34 9 35 39 17 38 30 47 24 44 13 32 7 40 6 42 36 16 49 22 25 28 2 3 18 11 15 48 10 5 20
242 35 38 16 19 47 1 50 34 14 3 42 29 10 46 11 28 24 23 2 26 17 49 41 21 37 45 25 4 31 9 36 30 33 20 15 32
244 42 42 3 29 22 7 27 28 25 19 48 46 44 49 24 11 14 2 39 20 5 18 38 15 34 21 9 8 33 31 30 50 1 35 37 17 32 12 10 36 16 23 40
246 43 44 36 28 15 13 2 7 45 46 12 30 29 11 3 23 42 24 40 17 20 35 14 22 38 6 49 34 48 8 18 41 33 43 5 39 19 50 21 4 27 31 9 47
247 40 23 21 24 20 7 32 37 11 47 2 36 43 12 29 48 10 1 9 19 49 14 16 18 38 15 3 33 41 31 34 40 50 4 22 45 26 44 5 30 39
248 45 7 30 33 23 3 2 18 20 34 8 22 11 31 12 39 43 46 14 29 19 25 49 50 1 44 21 4 15 5 6 13 37 16 10 27 45 32 35 41 47 17 40 38 28 24
250 48 48 25 37 23 7 45 24 46 2 11 18 3 41 19 50 9 8 43 26 40 10 20 44 36 1 13 49 14 27 39 17 35 4 32 33 42 12 15 38 47 22 28 16 5 30 31 6 21
251 49 32 16 35 25 38 42 50 49 41 18 34 45 4 9 13 26 37 19 20 2 43 30 11 15 47 14 27 36 46 28 12 48 17 8 1 31 44 23 29 40 6 24 3 33 10 21 7 39 5
252 43 12 13 8 11 46 15 3 45 23 20 32 31 2 40 37 34 38 42 44 26 19 14 25 33 9 6 7 30 5 49 43 21 28 41 36 1 4 16 27 24 39 10 35
253 38 21 17 7 3 22 31 24 36 41 15 26 40 13 46 18 28 6 30 16 2 50 48 19 25 9 4 5 47 38 42 39 35 45 23 1 14 43 12
254 43 48 5 19 32 26 38 1 43 17 31 10 28 45 23 22 18 36 20 34 3 30 15 24 2 27 14 49 46 35 41 33 29 21 6 37 9 44 40 11 42 8 47 13
255 41 47 6 37 48 33 10 34 32 3 49 7 43 17 16 20 28 50 44 1 11 40 42 14 8 22 30 12 45 2 36 29 13 27 41 25 23 39 26 5 15 21
256 41 48 20 1 44 18 35 39 5 28 2 30 46 8 45 31 11 47 43 26 12 49 9 37 21 29 4 25 16 36 15 13 27 38 41 14 33 7 10 42 6 40
257 37 23 16 22 38 47 30 39 17 11 43 50 25 45 18 31 20 24 27 26 37 5 10 6 15 9 49 21 33 19 40 34 12 42 44 35 1 13
258 37 35 4 39 48 47 42 38 41 30 16 24 10 37 34 19 22 33 8 40 28 21 3 36 46 1 44 50 9 27 6 23 26 49 12 45 11 13
260 35 23 14 37 43 16 29 48 31 46 12 35 19 47 49 50 5 21 38 25 13 32 40 30 6 34 22 44 36 33 42 11 20 18 45 15
261 42 27 28 40 2 44 46 50 20 10 41 32 49 48 17 23 47 39 43 38 15 12 8 7 30 29 42 3 36 22 35 31 25 21 14 19 45 9 6 24 13 37 18
262 43 19 16 15 37 33 3 11 13 5 21 26 42 12 39 8 17 27 49 48 7 10 20 6 34 25 36 1 45 2 9 43 24 23 30 40 46 38 4 35 14 44 18 22
263 40 44 36 39 9 3 29 32 7 13 15 47 17 11 22 19 43 35 33 49 38 10 40 8 23 34 50 4 31 41 6 27 20 18 16 5 1 37 45 24 21
264 45 19 33 36 44 16 41 9 15 14 4 10 35 6 20 28 38 5 3 12 1 30 39 48 25 31 40 29 47 8 49 2 27 37 43 17 22 13 42 32 7 45 24 46 11 50
266 44 26 21 44 37 10 40 25 18 43 24 4 16 31 32 17 33 13 50 42 20 34 11 49 22 8 47 6 36 3 19 39 7 1 23 41 48 2 14 38 27 9 30 46 15
267 44 20 48 15 19 28 37 29 40 23 8 9 16 1 17 30 14 42 32 49 31 18 11 13 46 50 27 26 33 41 43 35 4 2 10 47 5 39 36 3 45 44 22 7 34
268 42 33 42 36 41 9 45 19 49 22 6 43 12 27 24 28 26 14 25 2 23 7 8 40 4 44 15 1 32 17 5 46 35 34 38 30 18 47 50 3 37 48 39
269 43 25 22 5 42 40 28 23 26 29 37 35 21 10 50 32 31 47 17 49 43 7 33 48 41 8 45 27 9 46 11 16 24 15 12 34 14 30 1 13 19 3 44 36
270 43 49 2 40 19 9 50 21 39 44 43 36 32 8 47 30 37 25 45 7 29 35 38 3 31 16 33 48 12 24 4 1 5 11 14 6 22 41 27 26 10 15 18 13
271 34 6 20 47 12 15 39 43 33 8 45 44 11 26 29 16 5 10 23 24 37 42 31 41 30 40 2 19 17 14 48 9 25 50 32
273 35 6 31 44 9 15 1 4 10 34 41 26 49 39 12 36 46 35 3 19 32 13 38 7 22 28 50 14 42 45 17 37 33 20 5 25
274 47 38 18 13 10 41 37 27 36 43 24 17 23 34 5 44 39 2 9 33 29 15 40 48 14 25 50 32 47 1 49 21 3 11 8 31 16 42 7 4 12 22 20 45 46 35 28 6
275 45 50 30 11 35 15 40 20 24 10 33 13 25 4 22 49 42 47 16 36 17 23 29 37 44 8 48 9 41 21 38 45 46 7 1 31 27 18 14 19 39 28 34 3 26 2
276 45 41 29 3 9 18 30 42 4 17 48 10 5 28 7 34 35 6 2 40 46 21 27 39 16 36 8 44 49 22 15 45 19 13 12 47 26 33 25 37 11 24 32 43 31 14
277 46 48 13 19 28 42 8 36 18 9 11 39 29 50 2 31 41 27 26 30 15 6 5 4 14 37 22 45 16 44 46 3 34 40 12 38 24 10 32 23 43 33 7 35 1 20 21
279 32 23 38 48 27 30 41 7 37 46 24 40 13 15 33 14 12 35 4 9 11 32 2 17 10 16 1 45 19 34 22 50 36
280 30 14 30 42 23 38 36 40 41 12 20 17 9 8 24 1 49 28 5 26 37 33 3 47 27 29 21 31 34 32 2
281 38 24 38 3 5 26 48 22 49 12 11 15 1 50 7 10 43 4 47 16 42 25 35 41 36 31 33 8 17 27 21 40 14 2 28 44 29 23 9
283 33 4 7 9 14 43 37 21 35 12 34 40 32 27 8 47 15 41 44 25 28 18 2 49 46 45 50 1 33 22 42 13 29 30
284 47 6 2 49 20 11 22 27 41 44 45 7 3 33 15 32 17 39 13 34 5 38 18 24 42 37 29 50 36 40 10 16 35 23 21 12 25 1 30 48 19 14 31 28 47 26 43 8
285 38 39 12 26 49 38 28 9 37 25 7 1 2 45 4 30 48 14 8 3 16 43 40 29 42 11 36 5 34 27 10 35 31 19 18 17 47 23 24
286 40 7 42 22 40 4 31 43 9 17 47 28 33 49 8 27 18 35 5 24 25 29 19 14 32 50 1 46 30 21 3 44 37 11 39 34 10 2 45 23 20
287 43 18 42 20 1 48 41 22 32 6 44 24 43 30 14 47 11 19 26 36 29 16 5 35 7 31 49 9 23 38 33 17 34 45 21 27 39 28 37 2 15 25 50 12
288 43 15 30 2 42 29 13 7 5 4 41 8 19 50 1 44 45 48 16 18 32 25 35 27 36 21 38 31 23 17 28 37 33 11 47 20 6 10 12 46 22 49 43 39
289 32 32 3 29 6 23 7 5 48 49 18 37 1 36 2 47 11 42 27 34 50 35 4 21 28 19 10 46 14 9 40 45 33
290 39 3 4 15 42 41 49 24 21 11 26 36 47 43 50 32 38 2 40 35 6 30 22 9 37 27 25 45 14 18 44 19 10 46 29 12 5 13 20 28
291 41 37 46 23 8 44 40 3 31 49 36 27 45 7 4 18 22 2 28 11 35 32 13 42 19 26 9 5 10 50 39 15 17 21 29 24 30 12 43 20 1 14
293 50 15 46 11 35 38 41 12 20 26 13 28 1 24 43 25 30 21 22 5 42 37 8 3 19 9 7 27 2 40 45 6 10 16 47 31 18 48 23 32 33 50 39 44 17 49 29 36 34 4 14
294 35 46 18 29 36 34 11 6 17 37 10 5 49 47 14 3 28 12 24 19 15 48 38 45 7 40 31 39 9 21 25 4 8 1 30 42
295 37 13 48 14 42 38 27 21 28 45 33 20 16 22 26 5 1 3 15 8 41 37 24 11 19 31 44 12 9 4 10 49 50 46 43 18 7 47
296 34 11 40 2 23 10 3 15 46 18 41 44 14 43 50 36 45 32 30 5 4 17 25 33 21 12 6 49 22 48 26 27 13 31 39
297 34 26 27 30 13 48 11 12 7 39 28 16 41 37 24 23 20 42 43 21 22 29 9 32 50 4 33 34 46 15 35 38 18 25 8
298 31 21 30 42 4 14 47 18 33 11 29 31 20 25 50 43 19 40 8 32 27 9 49 7 17 34 46 44 22 48 3 39
300 39 38 15 12 29 24 42 27 7 5 10 6 34 26 8 21 23 39 32 22 18 43 1 33 46 20 28 49 11 19 25 37 35 45 36 44 9 13 14 50
301 50 5 41 2 14 23 24 46 15 11 4 49 40 42 17 16 7 18 3 50 29 34 8 26 31 10 38 39 6 33 45 25 22 12 1 9 44 43 32 47 37 19 30 35 27 36 21 13 28 48 20
302 31 29 24 13 2 17 37 11 26 19 36 46 39 41 45 8 15 30 33 9 5 14 49 32 21 40 3 28 44 43 38 23
303 50 21 20 43 6 18 36 35 44 28 46 49 42 19 10 26 17 9 24 38 32 2 23 3 16 33 39 47 40 50 15 1 4 7 27 25 5 12 30 29 8 14 41 31 22 37 13 48 45 11 34
305 49 6 42 23 34 38 28 4 40 21 18 32 1 33 14 12 16 3 30 50 22 48 37 19 25 27 36 26 9 49 46 39 24 45 41 15 35 7 13 20 17 2 47 11 31 43 44 5 8 10
306 46 33 46 44 21 5 40 45 25 1 48 19 22 9 27 26 17 18 43 16 31 32 42 41 38 23 37 8 2 15 50 14 10 3 24 36 29 49 11 39 4 30 12 6 13 7 28
307 47 7 2 6 39 28 13 38 17 18 26 19 25 43 9 42 22 1 24 27 10 37 34 41 12 4 50 11 32 45 47 5 31 20 16 23 35 3 49 44 8 46 29 36 15 21 33 40
308 42 23 49 27 38 8 42 24 3 46 43 44 26 18 37 1 20 9 2 36 22 13 40 14 30 19 11 31 6 7 21 4 35 12 33 32 48 10 16 15 45 25 34
309 39 39 7 46 45 20 2 16 26 3 10 9 30 28 17 44 29 42 12 25 13 8 37 48 31 5 22 21 27 47 23 6 33 18 34 35 38 4 14 43
311 43 23 19 43 11 41 30 18 44 1 38 42 39 31 10 36 22 40 21 8 32 28 46 4 26 17 37 25 45 14 9 50 24 12 47 13 6 3 35 15 5 29 33 2
312 37 6 31 30 29 20 4 26 47 41 15 42 9 3 16 48 10 1 22 2 25 50 11 7 12 44 21 23 34 43 17 38 27 45 37 49 33 8
313 36 13 24 29 26 47 40 43 46 28 16 9 33 42 36 19 27 23 12 11 30 41 21 38 48 14 5 49 2 6 32 17 3 37 18 44 20
314 43 19 47 1 45 16 23 50 2 4 13 43 33 17 22 3 7 39 14 28 21 36 18 35 6 9 27 29 38 24 32 20 15 46 11 44 41 25 26 31 10 5 34 42
315 30 46 25 3 2 48 23 26 4 15 49 44 43 13 28 22 16 24 7 32 29 33 18 45 21 34 50 38 20 30 17
316 39 40 38 49 11 3 34 27 20 15 19 35 36 26 4 21 14 24 48 32 8 9 1 47 29 23 6 25 17 18 33 44 30 13 12 22 7 50 42 45
317 38 41 19 21 42 47 29 33 14 18 8 11 1 10 37 36 43 23 20 44 49 40 26 32 28 25 30 22 4 12 39 24 6 9 31 50 7 15 34
318 43 40 31 41 50 12 20 2 14 7 29 24 26 35 23 42 17 13 19 8 4 36 30 34 48 21 28 46 5 18 27 39 6 25 11 9 1 37 49 47 3 43 45 10
319 35 30 32 43 16 15 5 20 11 35 22 25 19 42 17 29 3 10 8 27 34 38 44 1 48 21 37 13 49 46 26 40 45 39 2 36
320 44 33 11 16 22 3 13 8 29 48 19 7 9 26 47 39 6 12 36 45 44 17 43 49 23 21 31 37 18 35 4 50 46 28 15 27 2 5 10 42 40 20 1 32 24
321 34 10 40 1 41 46 3 18 2 39 16 20 50 30 28 9 29 43 13 26 45 12 37 34 32 4 6 38 47 19 14 11 35 44 24
322 45 9 35 46 27 44 34 49 41 12 28 24 4 43 15 38 47 3 18 19 6 17 5 22 39 20 40 25 23 45 13 1 48 36 21 7 8 32 33 2 10 31 29 16 30 50
323 36 13 48 2 32 15 22 41 37 24 17 3 18 40 10 44 36 1 28 38 7 39 12 11 49 16 47 33 6 5 21 46 35 50 45 30 8
324 50 46 22 16 12 44 45 21 42 37 43 34 29 49 40 2 26 9 31 50 3 25 15 14 11 27 30 24 47 35 23 36 4 10 5 20 28 13 6 38 32 19 7 39 18 48 8 41 33 17 1
325 32 1 2 47 31 25 7 48 28 24 39 34 42 3 32 30 12 15 43 46 29 17 11 23 40 49 8 50 45 18 33 41 44
326 26 16 35 49 25 6 45 22 8 47 9 50 4 18 17 29 39 11 10 41 2 31 26 43 12 13 30
327 44 40 15 20 26 28 30 35 32 24 31 25 44 23 47 39 34 43 46 16 4 2 50 21 48 37 41 10 9 27 1 5 3 13 7 42 17 18 29 38 36 14 6 8 22
329 37 45 21 15 34 11 3 42 26 16 24 28 32 44 48 4 25 10 27 38 29 8 36 2 50 19 18 20 12 9 49 23 5 37 33 46 6 13
332 44 4 48 14 8 10 22 34 7 11 49 36 15 42 9 41 31 26 44 16 35 43 50 20 1 23 33 38 40 3 37 18 13 47 19 24 17 29 2 45 30 28 21 6 27
334 31 8 39 17 48 25 12 7 29 33 10 46 49 6 22 31 36 3 14 13 20 9 45 38 5 11 32 2 23 43 1 18
335 38 25 8 46 47 14 21 16 39 36 19 49 44 15 26 6 18 4 30 33 43 37 17 13 5 32 40 35 20 9 24 27 42 7 48 45 34 3 23
336 47 43 24 22 15 23 11 45 21 2 7 4 48 26 12 41 47 20 14 35 13 37 50 39 46 17 25 38 6 44 8 1 30 18 36 16 31 27 29 49 19 32 28 9 3 33 10 5
337 36 20 7 4 31 50 34 30 24 13 33 12 8 6 39 28 15 43 48 1 16 3 9 23 35 41 36 47 18 14 2 11 38 29 42 44 17
338 33 29 18 21 30 3 49 7 42 37 24 23 12 44 31 33 6 46 39 34 40 45 27 36 2 20 26 16 28 13 15 5 9 17
339 40 13 44 22 18 2 38 16 46 20 17 43 49 42 24 9 25 30 36 10 45 4 8 40 14 6 50 34 47 29 33 41 7 37 3 31 19 15 48 1 11
340 37 28 36 20 18 8 2 11 29 17 26 32 33 48 43 50 46 5 39 42 7 10 15 13 27 25 4 14 44 37 41 31 47 30 12 19 22 35
341 39 21 31 29 9 1 34 35 50 38 39 6 37 7 32 4 2 47 30 48 41 10 8 12 26 49 28 17 23 27 14 46 25 5 43 11 19 40 16 22
344 29 5 22 19 1 39 44 14 31 46 17 49 42 11 47 50 6 8 35 25 45 38 33 28 43 3 20 48 2 36
345 41 38 44 15 25 39 34 29 8 41 20 3 42 49 33 27 40 19 17 4 43 9 11 16 7 10 30 47 36 50 46 1 26 13 37 32 28 22 48 12 2 35
347 36 40 46 27 29 44 4 28 22 11 5 9 26 39 36 25 34 19 37 23 47 17 1 10 3 12 49 21 8 30 32 13 50 42 48 6 18
348 41 26 10 8 41 18 15 9 16 14 42 28 25 33 4 7 21 34 30 11 39 38 6 36 1 5 27 22 12 31 2 19 37 17 40 3 46 35 24 48 23 32
349 22 25 36 7 30 29 22 38 50 31 42 19 37 10 33 28 17 15 18 27 41 4 11
350 38 37 12 19 14 18 28 9 8 23 16 1 24 26 17 43 46 3 11 45 27 20 25 6 21 32 5 44 38 4 39 22 42 33 36 7 2 47 48
351 35 33 1 17 10 31 24 38 49 32 46 6 11 47 13 27 12 22 7 9 16 34 50 18 29 35 42 3 23 20 15 25 43 5 28 40
352 43 27 44 23 10 1 24 34 33 20 38 36 40 41 45 28 37 19 13 16 47 42 9 25 30 26 35 48 17 15 5 14 43 2 21 31 12 46 32 18 11 49 39 3
353 44 44 3 30 22 7 4 8 28 14 1 26 33 29 38 46 40 12 36 15 9 25 45 13 16 48 34 6 17 35 43 19 5 39 47 11 49 24 32 18 31 42 41 10 20
354 30 8 10 22 44 36 17 34 25 32 19 29 49 1 50 13 2 24 3 38 9 42 26 28 11 14 30 35 39 4 45
355 46 14 37 30 41 2 46 34 19 1 25 42 35 15 5 43 20 21 7 47 22 50 4 28 44 26 9 23 36 17 6 48 16 33 10 27 18 49 3 8 45 13 40 31 24 39 32
356 50 33 23 32 17 41 38 5 42 7 22 3 11 16 46 12 6 14 43 35 20 36 26 13 25 15 34 49 28 21 29 9 27 1 10 18 2 30 8 44 24 19 4 39 48 37 40 47 50 45 31
357 46 3 50 20 26 30 17 28 32 45 19 44 34 1 43 9 46 41 39 38 14 11 37 22 12 35 40 33 8 25 36 18 23 47 13 42 31 7 49 5 2 48 29 10 4 24 21
358 41 40 50 10 22 3 8 31 42 32 28 29 44 34 36 1 9 49 14 26 41 47 45 17 7 37 21 39 35 20 5 23 38 25 2 33 15 48 46 18 6 16
359 33 9 21 48 10 38 39 23 47 19 7 33 28 41 26 1 34 31 37 13 12 3 42 30 18 32 40 36 8 44 35 46 20 16
360 38 41 14 29 19 35 24 12 37 34 28 42 5 10 1 17 43 48 45 9 15 32 3 39 6 46 38 11 7 18 47 31 8 27 21 40 23 4 36
361 46 9 49 33 3 6 14 23 47 29 17 13 46 26 16 44 5 28 18 50 48 40 10 27 20 31 21 42 12 22 30 24 4 41 39 25 11 43 37 7 2 8 36 32 34 38 45
363 45 12 28 8 50 46 32 6 47 22 13 36 10 15 29 20 7 48 37 2 25 42 41 43 40 24 44 23 30 45 14 18 49 34 11 3 5 27 35 1 9 17 31 33 4 38
365 37 20 4 49 46 6 13 36 21 45 10 2 5 16 41 27 28 38 9 32 14 22 50 29 19 48 8 33 12 26 34 35 7 1 30 23 47 25
366 39 32 14 36 48 3 17 37 16 47 34 15 24 25 40 4 11 29 6 9 28 12 42 39 23 27 31 35 13 8 26 46 10 1 33 50 5 30 41 20
367 40 40 13 48 18 2 8 17 46 10 19 36 43 31 16 5 38 50 41 45 22 1 12 24 7 15 28 4 6 14 9 11 49 33 27 26 21 44 35 25 23
368 47 20 31 27 48 49 9 45 34 28 19 7 15 16 35 24 44 37 2 23 25 47 18 42 3 39 40 13 36 41 33 8 43 11 10 17 30 4 22 50 14 32 21 6 12 5 38 26
369 40 48 31 25 16 11 29 37 42 7 32 19 4 17 9 45 8 28 43 35 10 33 47 23 3 27 20 22 49 13 2 36 26 38 46 1 40 12 39 21 15
370 36 18 37 22 4 17 33 12 16 42 25 27 48 6 30 32 46 14 8 41 47 43 15 28 39 20 5 44 13 3 40 23 35 50 19 34 49
371 50 48 36 15 3 11 10 17 33 22 5 12 38 40 49 23 18 7 50 35 43 30 19 6 34 8 21 29 46 4 13 39 37 20 32 31 44 47 2 16 28 27 41 42 45 1 9 26 25 14 24
372 35 1 4 25 50 37 15 3 32 14 47 49 30 19 28 20 43 39 22 48 35 24 17 31 41 13 46 16 42 26 7 23 12 21 9 45
373 35 32 34 8 13 46 14 6 18 12 38 45 25 28 10 37 15 33 35 43 31 11 27 21 40 1 44 2 41 50 17 47 29 26 48 49
375 43 24 10 33 26 47 46 22 39 21 35 27 7 37 31 20 41 16 38 30 36 9 45 42 15 28 19 5 4 25 17 29 11 50 1 40 43 34 32 23 18 12 13 8
376 48 15 10 3 35 25 48 38 5 6 13 9 11 19 31 22 26 41 23 32 27 16 4 45 21 8 43 37 39 34 28 24 7 12 29 36 44 2 30 50 14 49 18 40 42 20 33 1 47
378 41 33 2 48 1 17 42 35 40 28 23 46 49 21 32 5 38 11 8 45 36 47 15 26 3 7 29 14 24 44 22 10 39 9 20 31 4 18 25 41 12 30
379 43 15 28 31 37 41 40 2 35 49 29 21 7 16 30 32 6 10 1 13 9 8 46 14 22 26 34 42 3 47 24 12 45 44 25 17 11 43 36 50 39 20 23 5
380 33 21 50 42 14 15 36 16 30 22 9 29 20 45 12 32 2 23 49 25 7 4 43 28 46 34 39 31 13 44 24 33 10 18
381 47 31 49 50 43 24 5 1 42 44 6 23 47 32 20 15 13 45 34 21 29 35 11 3 14 18 41 16 37 48 2 19 26 27 10 33 12 46 39 25 28 38 9 36 4 7 22 40
382 38 9 35 1 21 14 29 22 34 49 26 4 5 18 38 15 50 44 31 47 12 33 16 41 2 28 46 3 36 19 7 24 11 48 6 45 17 20 25
383 28 35 27 33 34 41 7 17 42 48 25 22 44 2 31 38 18 4 14 5 3 32 6 26 24 28 10 30 23
385 37 31 47 25 32 24 49 29 39 16 26 14 43 13 12 41 35 11 34 1 22 46 17 7 38 36 44 5 33 30 10 45 15 9 6 37 48 42
386 41 45 13 2 26 19 44 1 18 6 28 33 38 48 21 50 41 42 25 10 34 4 14 15 36 30 17 12 5 16 29 31 24 23 37 40 11 35 49 7 43 3
387 41 33 22 44 45 48 27 19 5 34 10 20 30 11 42 38 18 21 6 1 28 40 14 13 8 47 7 26 39 12 29 37 3 43 25 17 36 4 15 16 23 46
388 40 30 11 28 40 20 36 33 1 37 45 12 6 39 16 47 18 35 48 10 41 31 5 22 4 46 24 26 14 9 2 49 44 34 8 19 25 13 50 15 29
389 50 10 13 38 17 23 8 26 18 29 6 11 7 27 34 39 41 36 12 20 15 4 2 47 30 21 16 42 46 24 22 49 19 35 14 31 33 37 43 25 9 44 45 3 50 1 48 5 32 28 40
390 50 38 47 11 48 19 27 37 13 41 36 15 17 21 49 30 35 25 3 29 18 9 24 28 34 6 44 4 39 23 46 8 31 14 32 40 5 50 45 26 20 42 16 33 22 2 12 1 7 43 10
391 41 10 9 25 17 22 7 5 20 11 48 3 42 47 2 18 13 37 30 44 16 36 38 14 27 49 35 6 24 28 23 33 45 15 4 1 12 41 32 26 40 34
393 43 5 7 29 31 46 9 21 15 22 3 4 14 17 35 23 10 43 6 1 13 18 34 39 45 40 16 47 44 11 48 41 25 38 24 28 50 2 27 20 19 30 49 36
394 32 3 2 19 5 9 28 21 23 45 8 29 10 35 44 33 14 7 40 38 48 36 11 32 15 46 26 41 42 1 24 13 20
396 17 50 38 15 5 49 46 43 6 24 37 4 40 29 32 45 35 17
397 39 9 29 2 47 35 8 37 50 3 41 42 5 24 27 26 16 11 44 25 45 30 46 7 4 33 43 15 14 49 40 20 38 19 10 34 17 12 39 13
398 38 43 26 30 33 36 25 34 31 24 50 42 28 7 4 27 16 2 13 11 18 9 41 39 44 46 29 6 15 14 22 35 20 5 37 38 10 17 3
399 43 32 43 9 50 11 42 3 45 48 41 15 13 27 21 8 39 31 10 46 26 7 14 22 49 24 2 37 12 20 29 47 28 33 19 40 36 17 23 18 6 5 4 34
400 37 28 13 14 29 30 20 26 41 45 3 18 50 16 8 35 6 4 5 19 31 49 27 17 36 37 48 22 43 46 25 34 15 24 42 40 12 39
401 39 22 7 6 30 9 12 27 49 46 33 3 8 11 42 1 38 37 25 45 29 20 16 4 32 24 19 40 44 28 14 36 2 10 23 34 43 26 13 15
402 40 41 21 43 5 13 14 9 33 4 35 20 2 48 37 40 50 42 38 23 39 34 19 3 7 24 17 18 10 49 16 15 28 36 32 29 30 27 46 44 47
403 34 5 14 20 41 1 19 34 8 43 6 47 46 45 28 12 3 42 22 25 29 27 48 38 2 10 39 49 33 23 17 50 40 32 18
405 33 12 34 10 15 50 11 40 27 13 29 39 5 47 16 44 43 46 3 41 14 37 21 24 35 36 1 18 7 20 9 42 45 2
406 44 22 42 25 18 39 21 47 37 40 2 9 46 8 17 50 33 26 7 45 43 49 6 36 23 48 13 31 16 38 30 29 34 27 1 11 14 10 32 35 3 28 12 41 15
407 35 50 17 26 21 45 48 4 24 37 28 6 42 18 23 11 29 22 5 10 9 19 47 25 40 35 3 43 2 44 30 15 46 41 13 16
408 45 4 2 12 43 20 27 10 22 14 37 40 6 32 11 38 46 18 3 16 25 39 48 31 36 13 49 8 23 33 7 47 35 28 15 41 34 50 19 45 30 21 42 44 17 29
409 45 41 50 26 45 3 4 11 44 49 32 7 40 38 20 48 17 25 15 24 19 6 8 35 27 34 23 42 14 21 36 22 31 47 16 29 5 18 33 43 28 1 2 12 9 13
410 47 23 22 50 21 44 12 24 17 20 8 16 48 9 25 43 40 42 34 26 15 27 49 35 45 31 4 6 11 39 32 14 7 5 38 33 46 36 47 37 28 30 10 3 18 13 19 29
411 42 35 20 31 48 18 44 49 3 47 21 16 19 5 50 15 27 11 28 45 38 39 2 25 36 6 10 8 4 24 37 46 32 12 34 42 13 17 23 29 33 14 40
412 31 31 4 28 13 25 14 15 41 24 12 45 27 17 50 30 3 16 42 6 44 37 34 36 33 40 49 7 9 32 5 29
413 31 50 39 42 9 11 37 43 26 5 45 22 29 48 2 36 12 1 7 28 14 25 49 23 46 35 44 47 41 15 17 16
414 33 19 47 14 5 11 10 15 49 45 22 8 25 46 31 29 13 35 32 26 16 34 44 4 24 36 41 6 38 28 39 43 42 50
415 34 36 46 33 47 34 31 28 49 13 38 16 9 21 10 20 14 29 17 27 6 24 12 41 42 23 1 35 43 8 50 30 48 19 3
416 35 4 26 37 11 2 15 31 34 27 47 49 6 38 46 48 3 8 36 39 12 24 9 23 33 10 25 45 22 21 1 29 13 20 43 40
417 28 24 27 2 36 47 13 42 39 45 16 40 6 31 20 17 1 44 19 5 32 25 37 14 15 33 46 23 49
418 43 39 24 29 26 14 19 4 42 47 17 15 5 27 21 6 31 11 20 40 43 35 28 2 34 46 33 22 12 36 48 3 45 10 18 25 16 30 9 44 41 37 8 13
419 38 23 34 31 26 27 21 14 7 48 32 37 45 38 36 8 15 40 44 47 50 28 20 9 3 12 1 46 16 33 35 25 5 22 24 39 19 18 10
420 43 4 22 1 18 35 19 47 13 45 27 21 15 33 49 16 12 2 34 10 14 37 17 32 8 29 50 31 46 28 25 36 42 40 44 6 43 5 3 48 41 39 9 11
421 44 8 3 27 48 11 40 20 30 23 22 1 37 38 19 5 42 39 4 17 18 7 46 50 41 36 15 31 49 6 44 32 35 14 29 16 26 47 13 21 43 25 45 33 9
422 42 7 11 48 15 31 29 18 25 30 36 10 35 23 8 1 46 39 5 47 27 40 45 28 9 16 4 6 26 41 37 3 19 13 49 22 43 14 21 20 44 50 33
423 42 20 34 10 27 1 30 43 45 3 6 8 15 25 48 50 7 37 19 18 14 9 41 13 38 46 32 40 4 16 44 28 21 26 11 36 39 42 47 31 5 33 24
424 31 40 29 6 42 49 10 11 37 31 44 12 21 35 34 23 16 33 46 18 17 9 48 13 32 25 27 1 43 45 22 36
425 35 43 12 14 27 41 4 37 2 45 17 3 5 40 32 19 8 36 24 49 48 23 15 50 31 16 9 33 46 26 28 18 44 6 34 35
427 32 14 9 43 8 23 26 42 16 45 5 33 6 20 10 13 34 27 24 29 22 40 49 30 2 47 41 48 1 46 32 39 28
428 44 33 12 22 10 9 43 8 25 34 40 23 15 7 14 17 24 32 50 27 44 5 21 48 29 41 35 13 37 4 16 26 19 11 39 36 28 45 47 42 1 49 31 18 3
429 38 21 7 42 10 39 31 47 25 40 24 11 14 16 44 26 36 48 50 45 13 29 30 46 38 28 15 35 17 18 9 1 5 4 41 34 8 33 43
430 50 40 33 38 21 12 6 3 2 41 24 27 15 34 36 45 18 26 47 43 30 48 49 42 13 8 4 32 23 9 10 35 20 11 29 17 7 46 25 1 50 28 39 14 22 31 44 5 19 37 16
431 36 45 44 25 15 42 9 30 27 46 41 16 23 6 36 40 4 50 1 14 49 10 18 33 22 2 47 35 3 24 34 37 21 11 8 38 43
433 33 25 26 50 15 35 10 49 9 37 18 13 38 20 39 1 4 44 46 36 14 45 5 34 2 7 8 30 33 40 48 11 42 17
434 50 12 43 11 6 21 26 4 29 50 38 1 9 30 36 24 19 7 22 23 45 28 27 17 35 46 48 37 49 40 41 18 2 44 15 5 20 39 33 3 25 8 42 47 32 13 16 14 34 31 10
435 47 7 13 29 30 44 2 48 40 23 45 39 47 24 9 20 22 32 1 15 37 4 25 6 19 35 41 16 14 17 12 3 28 8 26 21 11 5 46 49 10 43 31 27 38 33 42 50
437 44 22 30 4 48 36 20 38 3 8 39 24 46 26 37 17 29 18 15 45 16 35 43 40 28 49 47 6 41 10 5 31 25 44 23 9 2 27 1 33 14 21 50 19 7
438 38 22 4 11 34 12 39 24 9 45 48 28 26 47 50 13 8 35 36 38 46 30 19 2 7 29 5 18 15 6 21 33 32 43 17 14 23 16 20
439 39 35 15 22 27 20 28 38 42 24 12 32 43 17 25 45 31 26 33 46 44 11 40 1 4 14 29 3 2 30 49 23 9 47 13 39 21 18 10 36
440 50 25 14 42 44 31 8 43 21 1 36 23 41 12 15 18 5 35 24 29 46 7 28 4 45 19 17 10 33 9 39 22 27 32 6 13 20 50 30 3 40 47 38 37 2 26 49 48 11 16 34
441 34 2 41 26 36 9 37 49 8 29 33 3 12 30 22 1 27 14 48 16 19 10 6 15 40 45 47 39 13 34 28 44 38 50 31
442 45 37 29 15 4 6 28 38 8 46 23 34 14 20 13 44 9 27 11 2 12 40 49 18 47 26 22 31 36 30 5 43 33 3 1 41 32 7 39 35 24 50 42 21 10 48
443 38 9 16 5 39 32 36 26 31 4 46 24 49 3 17 15 28 19 12 14 48 42 11 1 30 47 7 23 34 25 33 13 29 6 44 50 43 2 18
445 41 25 13 1 14 17 48 23 33 34 24 26 10 35 20 28 40 21 39 30 32 43 6 19 5 2 41 16 47 37 50 4 36 22 29 38 27 12 46 3 8 11
446 35 5 39 31 41 22 38 30 6 50 43 13 40 20 45 11 15 23 42 49 29 48 25 28 9 47 36 10 18 26 1 33 12 46 19 21
449 28 35 40 22 11 34 45 38 26 20 48 41 7 12 21 29 5 42 30 23 10 1 6 27 8 31 44 47 37
450 48 1 23 2 21 34 24 42 33 17 38 8 15 31 20 6 36 28 40 3 11 16 39 29 43 46 27 5 25 37 50 22 18 7 32 12 49 47 26 30 41 13 14 35 45 44 9 10 19
452 50 20 49 42 44 16 8 43 48 25 27 24 45 6 10 47 5 15 13 30 34 18 40 4 7 9 19 21 50 35 31 3 46 17 33 36 1 26 29 37 12 23 38 32 11 41 39 14 28 2 22
453 37 45 43 8 2 18 10 7 25 32 31 46 11 24 29 12 44 37 13 5 35 50 3 17 15 33 41 34 38 36 26 6 14 40 9 48 23 30
454 36 22 18 38 50 44 7 27 16 8 4 23 30 46 2 43 14 32 3 1 33 19 49 39 9 11 31 25 28 48 13 5 12 37 15 20 34
455 42 1 15 19 47 5 10 21 50 32 36 27 42 23 22 13 7 26 6 24 48 9 46 38 16 39 4 11 3 17 37 40 43 41 28 29 35 14 31 25 2 33 34
456 33 15 30 43 19 28 17 11 12 9 40 13 49 37 25 3 1 29 39 33 6 35 31 8 4 5 36 2 23 18 41 42 16 14
457 42 34 19 6 3 23 5 10 4 42 25 37 41 17 8 15 35 45 50 18 40 44 26 31 49 14 21 12 32 48 30 22 27 46 11 29 43 36 39 16 9 20 33
458 50 5 25 44 38 28 27 41 17 37 36 13 30 7 12 43 50 20 42 45 23 34 31 11 6 22 40 29 4 39 21 47 16 9 19 3 24 2 32 18 10 14 46 35 48 8 33 1 49 26 15
460 38 26 2 36 7 17 32 13 15 20 1 25 29 42 3 41 30 21 6 28 8 45 9 11 49 35 44 50 24 5 39 40 18 12 43 47 37 10 38
461 45 5 50 33 7 2 6 15 20 29 43 23 1 3 42 32 10 46 38 27 41 19 37 11 31 16 48 22 25 8 40 49 17 47 21 34 18 24 12 26 4 28 45 39 36 44
462 39 17 34 33 41 21 28 6 1 22 29 2 39 50 23 27 24 9 31 5 37 45 40 4 16 18 30 20 44 35 12 25 32 48 19 3 11 13 47 7
464 39 7 41 49 2 50 16 31 21 8 26 23 12 14 34 5 4 9 25 6 33 24 40 22 10 28 38 32 43 42 13 11 35 27 48 17 20 36 37 30
467 35 48 50 35 28 4 16 42 20 14 32 15 18 10 45 7 43 44 26 23 27 49 24 13 40 34 36 3 25 11 41 9 31 5 46 12
468 44 48 49 11 13 9 17 25 19 27 26 40 5 35 46 38 20 6 34 31 42 30 45 10 29 3 14 1 4 12 15 47 41 39 8 23 43 2 37 16 28 24 36 18 50
469 39 35 21 37 24 27 42 41 50 38 28 1 45 14 43 20 23 44 30 19 22 31 29 26 2 15 49 18 17 13 3 36 12 25 16 32 10 46 11 8
471 48 44 4 15 13 2 42 29 6 34 32 30 37 40 19 39 7 17 27 23 28 10 9 43 14 41 49 18 33 50 22 46 45 38 16 12 24 47 35 5 3 20 21 31 36 8 25 48 26
472 33 19 21 29 37 5 9 14 13 8 7 45 27 24 31 50 11 39 44 47 35 16 17 4 40 12 20 42 10 36 6 25 15 38
473 37 43 25 28 8 19 38 34 10 4 6 40 9 5 39 21 36 14 23 47 20 16 13 44 32 37 45 11 18 27 2 26 30 50 41 35 17 22
474 34 8 44 13 15 29 1 3 17 45 48 34 9 41 32 10 22 46 21 50 26 20 5 40 39 6 28 4 23 19 18 47 16 37 14
476 50 23 43 24 48 30 5 21 7 32 35 1 27 47 44 20 33 9 38 49 22 11 13 3 15 8 2 42 29 31 19 37 16 28 39 4 46 10 45 14 41 25 6 26 34 36 50 12 18 17 40
477 42 49 15 45 18 47 25 22 19 17 5 12 3 48 37 2 8 30 9 16 7 11 43 41 35 32 27 21 50 46 29 40 38 10 23 14 6 4 28 31 44 39 13
478 41 7 28 12 9 3 30 6 32 26 14 5 43 49 37 16 50 48 23 42 1 20 44 2 24 36 10 11 38 47 40 33 41 21 39 13 4 46 17 45 29 19
479 34 4 12 46 15 44 50 40 34 36 21 49 29 1 26 23 18 48 22 5 47 37 43 35 11 8 13 27 3 42 25 16 19 7 30
480 43 10 14 38 50 9 30 41 17 7 43 29 47 37 45 49 24 8 2 1 6 44 31 23 21 32 42 36 16 40 11 20 18 26 39 25 5 4 27 13 22 46 12 19
481 43 1 29 23 46 28 11 48 30 8 31 34 37 3 4 7 21 10 47 18 25 33 2 38 40 27 49 42 12 44 32 26 14 19 41 39 16 43 6 35 15 50 5 9
482 44 17 45 4 50 34 10 2 6 18 25 27 13 49 28 7 22 24 8 30 1 44 20 38 3 21 12 33 46 31 48 26 35 39 19 41 15 43 11 16 47 32 14 42 37
483 34 39 12 24 35 41 6 3 10 15 7 22 42 45 27 21 18 47 5 33 23 37 40 36 16 4 19 32 31 48 43 8 38 26 49
484 40 37 39 22 36 30 13 9 18 6 29 32 1 3 23 40 10 21 49 38 48 25 45 7 4 20 11 15 17 33 16 46 14 41 26 28 5 47 43 12 50
485 36 21 3 27 30 11 41 29 38 6 15 5 40 47 13 37 45 18 12 34 14 32 33 10 31 26 2 50 43 19 4 39 7 17 44 20 46
486 35 14 36 41 13 19 18 34 48 43 16 35 29 5 4 12 42 38 15 32 44 6 17 7 10 11 23 49 30 46 21 3 20 1 39 8
487 49 12 22 46 34 8 2 1 31 40 32 10 33 23 9 7 50 18 14 6 17 39 30 47 26 24 4 27 5 42 25 20 3 11 36 16 45 29 35 49 21 43 13 37 38 15 44 28 19 41
488 41 28 31 49 3 46 8 30 40 20 19 33 22 13 38 17 29 42 41 11 26 14 9 27 37 23 21 2 34 16 15 35 32 44 18 50 5 4 45 6 1 7
489 49 30 6 20 35 14 45 38 24 49 34 41 27 2 50 48 29 37 26 46 16 33 18 42 47 28 3 36 32 9 15 8 39 43 12 19 5 1 7 21 4 31 44 17 11 13 22 10 25 23
490 34 31 37 29 24 7 50 44 26 28 4 38 48 3 35 10 30 11 2 21 33 1 32 19 43 5 49 16 23 41 47 27 14 6 40
491 36 32 16 25 12 11 14 47 49 43 6 29 31 20 26 46 44 33 30 9 15 27 28 17 8 38 37 21 4 13 35 48 36 45 42 40 5
492 40 2 45 37 39 25 50 12 4 5 8 41 36 35 31 40 32 43 1 42 33 22 10 17 29 44 11 28 19 20 27 6 48 15 24 3 18 26 23 46 47
493 29 33 15 44 46 11 41 20 17 19 13 8 38 26 29 23 10 2 27 25 3 34 14 7 4 42 48 37 47 36
494 39 46 6 44 18 37 15 33 8 39 14 1 28 27 36 7 21 19 34 48 4 43 30 10 22 32 13 41 38 23 3 45 29 24 50 17 31 20 42 47
495 39 32 14 43 35 3 1 23 29 39 6 22 47 44 27 7 37 8 11 31 20 42 41 2 5 28 45 13 30 40 49 9 4 50 48 46 19 17 33 34
496 41 5 18 11 47 38 23 17 7 29 46 14 2 39 40 31 26 21 27 6 32 19 42 37 8 4 44 16 25 20 30 43 45 35 34 24 36 12 3 22 15 33
497 50 1 4 48 6 40 9 34 47 35 7 45 8 15 46 3 19 17 20 18 42 44 16 32 49 33 36 26 30 43 22 28 50 27 38 14 11 37 39 23 10 2 13 29 25 5 24 12 41 31 21
498 42 30 33 6 4 43 23 3 25 19 10 34 13 28 2 47 12 36 38 21 40 37 15 17 41 46 22 8 48 5 35 42 44 50 14 9 32 39 11 45 26 16 1
499 34 6 36 33 7 23 28 41 47 22 1 38 24 39 13 19 9 11 2 45 17 3 50 29 40 21 15 46 27 49 34 30 35 43 16
500 43 31 7 16 5 28 17 14 2 49 34 25 48 10 29 37 43 9 42 4 30 27 12 44 50 26 22 11 8 15 38 40 20 24 19 35 32 46 1 23 36 39 41 33
501 49 33 36 20 12 10 9 5 46 17 19 15 25 40 2 27 48 8 21 47 42 38 43 31 7 32 44 39 6 13 37 34 29 35 16 14 26 22 30 23 24 3 1 4 50 18 49 41 45 28
502 38 31 14 25 26 9 50 41 36 17 30 23 12 8 48 18 11 22 32 10 34 42 15 29 43 38 2 49 19 24 3 1 33 37 40 16 20 13 46
503 45 4 50 49 16 36 20 18 17 12 42 19 21 38 30 32 43 45 2 31 27 33 3 5 37 40 34 39 26 10 6 28 25 15 23 7 11 48 35 46 29 8 22 44 14 47
505 44 18 23 32 44 43 11 34 29 28 21 2 14 12 6 47 41 30 27 39 42 5 9 38 26 50 45 33 13 8 46 35 48 36 17 16 3 31 37 19 40 10 1 4 22
506 24 14 21 25 44 47 18 2 8 42 20 50 43 11 16 41 22 28 36 39 27 26 31 24 4
507 40 25 30 37 12 26 7 34 10 13 4 3 49 35 45 8 43 38 27 31 36 19 28 44 40 18 1 48 42 9 41 24 2 17 5 16 50 11 46 23 14
508 42 33 42 39 25 31 26 2 20 40 11 22 3 12 44 14 38 13 8 4 15 43 18 16 17 47 10 21 36 41 45 1 28 49 34 35 30 19 6 48 46 50 32
509 42 35 31 41 39 32 49 12 38 16 19 44 18 33 22 28 1 3 43 2 9 25 45 21 42 6 47 17 30 36 13 10 23 20 29 24 34 15 14 5 46 40 4
510 45 34 45 7 16 43 21 15 20 27 3 50 47 44 17 18 14 39 26 32 12 29 35 31 30 6 42 8 28 36 22 9 1 37 41 40 33 4 2 5 24 19 10 25 49 48
511 50 11 43 15 12 50 9 2 4 17 48 31 46 22 5 35 13 20 8 24 27 44 1 34 49 37 33 7 10 3 25 19 36 45 16 47 14 6 29 42 39 18 32 28 21 26 38 41 30 40 23
512 41 44 42 24 23 16 45 10 25 49 31 48 21 14 8 17 37 13 35 47 19 12 4 1 46 40 22 3 26 34 29 36 32 50 27 38 33 15 9 20 41 43
513 33 23 14 43 34 39 5 45 48 10 21 15 18 12 25 47 28 4 49 27 32 33 3 42 8 44 22 26 29 11 40 16 9 1
514 41 12 18 41 49 11 36 4 14 43 38 35 3 9 10 5 20 40 30 31 37 1 13 15 50 2 32 22 21 17 47 7 46 16 44 42 29 45 48 19 26 25
515 47 20 19 29 12 22 24 32 42 46 36 1 48 18 4 9 43 11 21 10 14 33 41 17 40 27 49 47 39 13 44 8 15 5 7 3 38 37 35 50 6 31 28 2 45 16 30 26
517 48 37 10 25 20 3 11 48 24 1 16 32 34 23 17 19 42 14 27 22 40 50 45 4 30 35 18 9 39 44 8 49 28 13 5 29 46 21 26 6 15 38 47 12 33 7 43 31 2
518 46 10 4 35 29 36 9 49 39 11 40 14 26 41 1 3 45 32 34 27 44 23 37 19 28 6 18 17 43 15 16 12 22 47 7 38 8 33 48 50 42 31 46 2 25 20 30
519 38 44 50 46 48 38 23 19 36 29 6 45 14 24 13 31 40 42 17 49 21 43 1 47 12 2 8 39 5 15 30 27 32 7 11 28 3 25 33
520 43 22 19 37 39 33 23 26 32 3 38 49 21 17 1 2 11 42 4 44 16 6 27 13 20 31 46 29 12 14 43 10 35 47 25 30 5 8 36 18 40 15 41 50
521 40 26 32 34 29 10 30 41 38 48 31 13 46 36 23 33 45 18 5 15 49 6 25 3 43 42 9 14 28 7 37 16 4 24 39 1 35 40 19 11 44
522 33 1 11 27 14 12 37 50 24 7 44 26 25 16 28 49 9 36 4 5 39 35 32 19 38 23 30 17 34 18 8 40 31 33
523 46 4 32 22 21 14 11 31 40 19 10 17 43 49 20 50 1 12 30 24 26 25 8 39 29 48 38 34 9 23 46 37 15 16 36 41 18 13 42 6 35 47 44 5 2 45 27
524 43 28 32 38 44 48 17 30 45 22 41 20 9 27 26 34 29 43 16 15 8 31 24 1 4 39 10 50 13 5 46 25 18 33 6 40 12 36 2 35 21 14 3 19
525 31 20 8 24 25 29 1 5 35 46 6 7 32 2 49 28 13 10 4 33 17 3 9 27 39 21 40 48 47 42 41 44
526 43 47 21 12 46 37 9 20 44 24 26 13 10 5 31 7 14 43 42 17 1 2 22 16 6 11 33 8 48 38 34 49 36 30 27 18 32 45 4 28 3 41 39 19
527 43 33 45 28 1 47 24 14 40 10 39 36 11 41 19 34 43 6 5 26 31 22 8 25 50 37 30 46 27 29 13 21 18 12 15 35 42 20 2 38 3 16 32 4
529 30 3 25 17 45 50 9 27 36 21 8 40 31 12 47 1 30 18 49 44 38 33 20 2 37 15 16 39 14 7 43
530 36 23 22 24 39 31 44 12 1 9 8 30 19 2 21 28 13 10 27 43 11 16 6 5 50 42 4 48 38 15 14 33 47 46 25 26 20
532 33 6 10 1 5 32 37 13 48 33 41 2 45 14 25 8 12 28 21 40 26 18 38 9 50 34 47 29 7 23 35 39 44 20
533 50 12 29 40 3 19 1 23 6 38 5 15 10 14 46 37 18 11 47 20 42 24 33 27 31 35 26 8 41 7 32 50 17 48 36 43 34 4 28 13 25 44 16 22 2 21 30 45 49 9 39
534 50 37 36 39 47 8 49 45 20 30 25 3 1 18 50 21 42 44 33 43 38 19 34 9 40 10 24 23 22 13 16 48 14 2 32 35 46 31 5 4 17 26 28 12 41 29 27 6 15 11 7
535 38 13 50 15 39 16 28 38 21 32 17 41 23 14 34 10 47 11 19 45 24 36 1 7 26 27 30 4 3 22 43 44 48 35 6 46 25 40 29
536 50 38 48 39 34 35 14 33 25 28 12 3 15 40 19 5 8 26 30 23 45 17 2 43 24 31 10 20 9 41 36 13 29 21 22 50 46 4 11 7 37 1 6 42 18 47 49 44 27 16 32
537 47 39 19 48 8 50 44 21 1 9 20 12 16 22 30 27 32 40 26 15 14 24 11 37 35 23 13 43 10 33 5 17 49 47 29 18 4 28 31 45 3 36 2 25 6 41 34 42
538 37 1 16 43 29 18 9 34 27 33 15 48 24 46 3 50 42 23 7 26 20 8 6 30 35 40 37 41 44 22 4 5 12 36 45 21 10 47
539 44 5 26 48 50 43 29 37 6 21 20 25 22 39 24 1 18 32 28 12 4 16 31 3 33 13 14 2 30 19 15 10 8 38 9 49 36 46 40 45 11 23 34 35 41
541 38 13 43 36 22 5 24 28 17 31 7 26 30 35 41 21 2 44 50 10 40 38 25 27 33 45 1 42 3 15 9 29 6 20 34 11 37 46 18
542 37 30 48 37 43 15 35 16 26 21 42 13 36 28 33 29 1 31 47 34 22 32 27 17 10 44 8 3 45 46 25 2 7 9 24 5 18 50
543 45 6 44 45 27 20 50 13 14 39 18 34 9 2 48 10 15 11 47 23 40 29 16 8 31 17 19 36 21 24 46 25 42 43 1 12 35 28 7 32 30 49 22 4 33 41
544 41 6 3 27 19 21 17 15 31 43 28 48 10 42 2 44 11 40 29 38 20 49 47 25 12 22 34 37 18 35 50 32 26 4 45 14 9 24 30 5 7 8
545 33 50 1 37 11 33 28 13 35 7 36 4 41 19 43 27 9 34 12 2 15 47 20 38 14 16 3 48 49 44 46 42 40 24
546 39 47 27 32 14 26 23 25 46 12 22 41 9 37 42 34 33 13 44 50 29 49 24 2 30 6 21 28 38 19 8 20 3 17 16 40 36 43 48 10
547 38 21 7 10 20 45 25 9 13 19 36 30 6 26 44 46 12 4 47 27 28 39 17 41 34 33 35 3 11 1 43 2 29 23 16 14 42 24 38
549 34 36 32 1 31 27 49 13 33 38 15 22 19 12 5 14 46 34 18 28 35 29 45 20 11 26 4 44 40 9 37 43 23 50 7
550 47 4 14 43 5 17 10 20 7 1 37 41 8 31 2 30 46 35 27 48 22 19 32 49 45 29 21 15 9 11 28 33 38 13 18 24 44 40 6 50 25 36 26 23 3 47 34 12
551 32 26 35 34 49 16 44 39 37 28 25 33 6 9 40 4 17 1 7 27 38 43 5 23 47 18 15 19 3 20 48 29 45
552 37 9 41 25 49 40 38 26 30 6 47 42 21 20 22 33 50 31 37 44 43 18 1 8 2 35 17 39 7 5 46 4 32 29 24 12 13 45
553 39 32 19 22 2 25 14 11 26 13 43 18 3 15 50 42 27 41 46 24 48 31 45 1 21 7 6 39 17 20 37 29 12 4 40 44 16 28 38 8
554 44 49 41 22 48 38 27 13 39 32 10 30 18 11 26 37 1 25 50 34 36 35 29 15 24 5 6 28 44 19 47 46 7 40 45 12 20 33 17 2 14 21 3 31 9
556 47 20 47 6 33 1 46 10 34 44 42 26 35 50 28 4 8 11 30 45 22 12 29 39 2 31 48 9 21 27 5 13 25 16 36 41 43 40 3 32 19 17 15 37 18 7 38 23
557 34 47 39 41 44 8 14 19 3 10 28 7 18 13 26 43 38 1 33 27 23 49 6 42 29 31 20 12 45 50 21 5 37 30 32
558 47 30 32 17 33 40 10 45 3 47 26 12 6 16 38 36 15 4 28 21 1 48 35 22 24 9 49 46 18 42 37 29 11 8 14 25 34 7 2 41 5 13 50 19 20 39 31 27
559 39 46 4 12 48 16 43 2 36 1 32 8 31 26 20 40 39 13 41 33 34 15 30 29 27 44 5 35 14 23 50 11 45 17 6 19 22 42 38 3
560 42 12 7 42 35 20 38 34 47 32 9 4 15 40 41 19 18 39 24 26 50 36 27 16 5 3 43 1 11 22 10 6 44 13 25 28 37 31 23 45 49 8 30
561 50 33 25 37 40 12 36 38 22 15 3 39 47 50 31 32 14 24 4 9 1 29 8 46 5 41 2 35 16 18 49 26 11 6 45 44 28 23 17 43 20 34 10 42 7 30 21 48 27 19 13
562 45 20 37 13 36 43 30 2 21 5 29 40 50 45 38 8 14 9 4 48 35 44 1 10 41 26 3 17 34 15 39 28 12 25 18 47 42 46 19 16 27 22 6 23 31 24
563 33 8 2 21 25 36 31 24 14 17 9 35 12 33 38 23 37 50 47 48 16 43 40 45 42 39 27 26 30 18 49 1 19 44
565 43 42 27 1 25 6 37 45 10 11 38 36 28 50 7 41 3 48 46 14 19 4 32 5 30 34 39 20 33 43 12 21 23 29 44 26 40 35 15 13 16 47 8 18
567 44 35 42 19 1 24 25 4 26 33 39 40 6 44 2 38 9 15 46 11 10 8 47 37 16 20 45 30 49 12 27 31 13 22 36 41 48 29 23 18 43 21 3 14 5
568 30 24 16 30 27 36 15 35 23 37 4 8 38 45 1 19 50 14 5 10 13 34 40 39 6 46 3 2 48 31 26
569 48 39 17 19 26 9 10 49 43 25 3 45 1 28 22 5 20 44 8 12 47 41 11 23 13 36 2 35 40 6 7 15 38 18 21 46 31 24 34 42 32 37 4 50 27 33 30 14 48
571 46 21 34 10 1 24 12 27 40 14 18 30 45 7 29 33 37 13 6 41 50 2 11 16 49 28 15 8 19 3 20 39 23 35 46 36 44 47 17 9 5 42 31 26 25 22 38
572 33 12 26 8 39 46 28 22 5 6 1 33 20 38 10 43 45 16 4 32 19 21 14 9 13 24 29 18 48 7 41 37 30 31
573 31 33 19 7 12 5 21 6 27 44 18 3 38 50 4 28 16 11 13 10 46 42 22 39 43 8 2 17 30 36 45 48
574 46 5 13 19 6 16 35 12 49 48 42 8 34 43 11 9 23 28 1 50 21 36 27 45 41 20 18 47 39 14 46 26 31 22 7 37 4 29 30 17 33 38 10 2 15 3 32
575 42 25 11 34 3 45 4 43 1 8 17 31 32 22 40 5 48 14 18 36 49 44 46 19 9 23 38 26 15 6 47 7 39 20 16 24 50 42 27 30 29 21 33
576 38 39 48 4 8 3 27 43 42 10 1 44 26 17 15 33 5 21 36 32 28 30 35 11 9 14 31 41 13 18 16 29 19 50 24 20 12 2 23
577 36 26 22 1 36 18 25 11 31 47 50 2 34 28 46 19 6 49 38 12 5 44 43 45 24 35 8 20 10 17 41 21 23 27 4 33 16
581 29 27 47 45 24 28 9 39 5 7 41 26 19 1 2 22 34 48 25 43 37 6 49 35 3 23 21 38 16 10
582 43 42 9 27 31 11 50 15 34 35 48 18 6 30 7 36 25 3 32 44 33 24 26 13 40 39 49 45 37 4 1 2 38 16 22 43 17 28 21 41 46 47 10 29
583 34 2 11 47 34 40 39 15 25 27 32 22 18 26 30 42 28 20 50 31 46 13 19 7 36 10 24 29 23 37 16 3 4 8 45
584 38 13 8 42 50 14 6 44 43 15 2 22 10 19 30 12 18 17 29 26 16 24 4 1 25 40 21 49 39 38 45 5 23 47 3 7 41 34 32
585 40 6 25 10 43 2 46 42 32 44 12 37 19 3 13 31 4 22 45 39 50 48 34 41 23 47 27 28 26 33 18 15 24 36 7 21 8 20 11 17 14
587 40 45 9 2 47 17 6 22 7 30 18 37 49 28 19 29 3 21 4 25 8 41 43 27 48 33 42 1 32 26 34 36 15 44 50 20 24 16 11 39 5
589 40 17 10 9 14 42 21 13 47 39 20 31 41 25 6 43 16 7 18 8 32 33 12 4 5 15 45 19 29 38 40 26 36 44 3 11 34 50 27 35 28
590 45 29 18 27 4 47 14 23 45 2 10 6 20 43 50 19 48 37 46 9 35 13 36 16 31 15 49 11 21 22 17 5 33 38 41 26 8 12 7 3 40 1 42 28 32 25
591 34 19 32 42 46 15 50 41 35 7 29 39 37 33 10 27 34 38 22 43 14 23 44 47 48 26 28 18 21 25 12 36 5 40 13
592 31 26 4 37 11 34 42 10 36 32 15 28 45 1 14 44 23 38 8 47 18 24 41 3 19 5 17 16 49 9 21 31
593 40 50 24 31 3 9 33 19 48 49 38 45 4 36 25 12 26 1 27 5 34 41 32 22 29 18 17 23 15 11 28 7 16 13 6 20 14 43 46 47 8
594 50 9 39 13 24 50 48 26 2 28 34 46 23 17 49 12 25 4 16 36 11 42 37 19 8 15 41 27 1 5 32 43 21 14 33 10 29 35 44 38 45 30 47 31 18 3 20 40 6 22 7
595 38 10 28 14 32 34 45 42 24 43 30 19 36 5 9 46 21 12 13 33 44 23 20 25 26 8 16 39 2 37 31 48 6 7 3 47 22 1 41
596 39 42 20 31 26 11 5 14 32 47 6 2 7 12 10 33 8 48 13 23 25 40 49 24 41 22 3 37 44 19 34 43 45 30 15 18 4 50 27 46
597 43 21 39 25 44 34 27 47 18 50 48 30 10 4 26 37 3 11 13 20 1 16 32 5 14 41 17 9 22 45 38 31 46 35 19 28 42 40 8 2 15 6 12 43
598 45 42 46 44 50 20 48 1 19 27 13 31 2 36 4 24 22 23 37 29 10 12 41 32 16 25 28 30 14 9 34 5 35 18 45 11 3 40 38 8 43 49 26 47 17 7
599 40 17 3 30 47 42 43 48 1 2 44 41 23 39 13 24 14 45 50 32 8 28 19 40 35 38 25 37 15 20 36 5 4 10 34 33 11 18 46 29 31
600 39 38 49 21 35 37 36 1 48 20 34 26 24 18 2 11 27 14 25 33 9 12 5 42 40 8 45 47 19 44 23 29 7 6 10 22 3 50 30 39
