3000 5
335 16146 45610 36199 44520
30 1 3
99 1 1
119 1 1
127 1 5
144 1 4
208 1 3
222 1 5
224 1 2
232 1 4
233 1 3
281 1 2
288 1 3
304 1 3
317 1 4
331 1 2
349 2 1 4
388 1 4
402 1 1
427 1 4
470 1 3
604 1 5
671 1 2
678 1 3
680 1 4
705 1 1
777 1 3
806 1 5
819 1 1
844 1 5
867 1 4
880 1 5
909 1 4
953 1 1
978 1 3
1042 1 3
1186 1 2
1229 1 5
1315 1 3
1344 1 4
1353 1 3
1359 2 3 1
1377 1 4
1382 1 4
1401 1 4
1447 1 3
1502 1 1
1520 1 1
1528 2 4 5
1584 1 1
1589 1 3
1629 1 4
1684 1 1
1736 1 5
1786 1 4
1802 1 2
1938 1 2
1952 1 3
1954 1 2
1997 1 5
2019 1 2
2115 1 5
2241 2 1 3
2265 1 2
2327 2 5 3
2367 1 1
2399 2 2 1
2411 2 4 5
2429 2 5 2
2443 1 1
2449 2 5 1
2453 1 3
2518 1 3
2522 1 4
2589 1 1
2631 1 4
2656 1 3
2706 1 3
2708 1 4
2781 1 3
2867 1 2
2879 1 4
2885 1 5
2914 1 2
2952 1 3
2978 1 2
2996 1 5
3041 1 2
3053 1 5
3059 1 1
3086 1 1
3106 1 2
3149 1 3
3312 1 4
3355 1 1
3359 2 5 4
3371 1 2
3404 1 2
3406 1 5
3428 1 5
3455 2 1 2
3482 1 3
3502 1 5
3570 1 2
3634 1 2
3646 1 1
3655 2 1 4
3697 1 1
3728 1 2
3815 1 1
3818 1 5
3864 1 2
3878 2 4 5
3885 1 2
3955 1 2
3979 1 4
4064 2 3 2
4112 1 1
4158 1 2
4163 1 5
4176 1 2
4178 1 3
4195 1 1
4240 1 1
4257 1 2
4311 1 2
4357 1 4
4382 1 4
4433 1 1
4477 1 4
4578 1 2
4594 1 5
4714 1 1
4722 1 2
4727 1 5
4749 1 1
4886 1 4
4888 1 2
4904 1 3
4955 1 2
5045 1 5
5073 1 1
5084 1 1
5115 1 1
5119 1 2
5137 1 4
5169 1 2
5179 1 4
5188 1 3
5207 1 4
5209 1 2
5220 1 3
5237 1 1
5245 1 4
5290 1 1
5305 1 1
5306 1 2
5335 1 3
5370 1 2
5372 1 4
5380 1 1
5383 1 5
5413 1 1
5512 1 4
5545 1 2
5567 1 5
5625 2 1 4
5665 1 5
5718 2 4 2
5730 1 2
5736 1 4
5855 2 4 3
5888 2 2 5
5915 1 5
5922 1 1
5923 1 1
5948 1 4
5963 1 1
6007 1 3
6026 1 4
6046 1 3
6060 2 3 4
6116 1 5
6127 1 5
6179 2 3 1
6200 1 4
6310 1 3
6336 1 1
6351 1 1
6369 1 5
6390 1 2
6440 1 2
6443 1 4
6461 1 4
6490 1 2
6542 1 2
6630 1 4
6634 1 3
6650 1 1
6731 1 4
6735 1 1
6758 1 4
6797 1 4
6807 1 2
6853 1 1
6882 1 4
6890 1 4
6952 1 1
6954 1 4
6976 1 2
7049 1 3
7069 1 5
7081 1 4
7102 1 5
7106 1 2
7138 1 4
7208 1 1
7222 1 5
7232 2 5 3
7366 1 1
7368 1 4
7370 1 4
7406 1 4
7414 1 2
7430 2 5 1
7474 1 3
7526 1 4
7549 1 4
7623 1 5
7688 1 1
7695 1 1
7755 1 3
7794 1 4
7861 1 1
7875 1 5
7876 1 4
7884 1 1
7893 1 2
7915 1 2
7921 1 4
7937 1 1
8043 1 4
8054 1 3
8124 1 4
8195 1 5
8206 1 3
8214 1 3
8245 1 3
8257 1 3
8279 1 2
8346 1 4
8360 1 3
8387 1 4
8398 1 3
8422 1 1
8426 1 5
8431 1 4
8467 1 4
8471 1 1
8476 1 3
8497 1 5
8535 1 5
8548 1 5
8611 1 3
8628 1 1
8633 1 1
8682 1 3
8730 1 3
8755 1 1
8984 1 5
9007 2 3 2
9009 1 2
9034 1 3
9051 1 5
9081 1 2
9088 1 1
9129 1 3
9221 1 5
9232 1 5
9261 1 5
9292 1 2
9338 1 4
9398 1 5
9420 1 3
9421 1 1
9475 1 3
9506 1 5
9533 1 3
9535 1 1
9553 1 2
9559 1 5
9596 1 2
9627 1 3
9665 1 2
9721 2 2 1
9745 1 2
9784 1 3
9794 1 5
9795 1 2
9817 1 2
9827 1 1
9839 1 5
9962 1 1
10010 1 5
10011 1 4
10016 1 4
10047 1 4
10053 1 5
10071 1 5
10095 1 3
10108 1 4
10118 1 5
10124 1 4
10167 1 4
10193 1 3
10253 1 1
10255 1 3
10264 2 2 5
10281 1 3
10305 1 5
10323 1 5
10331 1 3
10346 1 2
10367 1 4
10393 1 3
10397 1 2
10404 1 1
10484 1 3
10498 1 1
10522 1 3
10545 1 2
10587 2 5 1
10603 1 5
10605 1 2
10617 1 5
10672 1 3
10785 2 4 3
10892 1 5
10916 1 4
11034 1 3
11154 1 1
11172 1 1
11216 1 2
11253 1 4
11263 1 1
11282 1 5
11294 1 4
11311 1 3
11334 1 2
11353 1 5
11383 1 3
11412 1 2
11427 1 1
11435 1 4
11485 1 4
11668 1 5
11691 1 1
11775 2 4 2
11788 1 5
11891 1 5
11924 1 3
11954 2 4 3
11983 1 4
12012 1 4
12036 1 1
12068 1 1
12100 2 5 1
12153 1 1
12224 2 3 5
12234 1 4
12268 1 1
12276 1 5
12307 1 3
12312 1 5
12528 1 5
12562 1 5
12565 1 5
12569 1 3
12599 1 5
12643 1 3
12655 1 4
12693 1 3
12696 1 3
12737 1 2
12746 1 2
12803 1 4
12830 1 2
12963 1 4
13059 1 4
13140 2 2 5
13175 1 5
13208 1 1
13213 1 1
13262 1 4
13309 1 4
13347 1 3
13349 2 4 1
13427 1 2
13439 1 5
13441 1 5
13445 1 5
13476 1 1
13488 1 5
13513 1 5
13531 1 5
13701 1 5
13703 1 2
13762 1 4
13769 1 1
13770 1 1
13827 1 1
13845 1 3
13849 1 4
13880 1 3
13882 2 3 2
13887 1 3
13895 2 5 3
13924 2 4 2
13936 1 3
13963 1 4
14018 1 5
14037 2 4 5
14076 1 1
14095 1 4
14201 1 3
14210 1 5
14220 2 5 3
14226 1 3
14235 1 1
14254 1 3
14294 2 4 5
14384 1 1
14408 1 3
14411 1 3
14412 1 4
14426 1 4
14464 1 2
14477 1 5
14540 1 4
14562 1 5
14596 1 3
14603 1 4
14631 1 5
14685 1 2
14740 1 4
14759 1 5
14774 1 4
14775 1 2
14816 1 1
14821 1 5
14827 1 3
14849 1 1
14858 1 2
14863 1 1
14874 1 2
14882 1 5
14963 1 3
15010 1 3
15033 1 5
15038 1 4
15039 1 1
15045 1 4
15047 1 4
15056 1 3
15173 1 1
15219 1 5
15252 1 3
15273 1 1
15275 1 1
15333 1 3
15343 2 1 3
15362 1 4
15367 1 2
15448 1 3
15467 1 5
15586 1 3
15596 1 2
15626 1 2
15644 1 4
15649 1 5
15679 1 1
15681 1 5
15685 1 2
15695 1 2
15715 1 5
15731 1 2
15816 1 1
15830 1 1
15843 1 5
15845 1 5
16025 1 5
16039 1 4
16101 1 2
16144 1 4
16164 1 4
16171 1 2
16192 1 5
16200 1 5
16201 2 3 2
16243 1 4
16296 1 2
16357 1 2
16368 1 2
16474 1 4
16491 1 2
16501 1 5
16542 1 5
16544 1 4
16545 1 5
16550 1 5
16551 1 3
16557 1 2
16592 1 5
16618 1 1
16620 1 3
16644 1 3
16655 1 1
16658 1 5
16712 1 5
16731 1 5
16735 1 5
16879 1 5
16931 1 5
16950 1 1
16988 2 4 2
17053 1 3
17059 1 2
17082 2 5 3
17102 1 4
17147 1 5
17177 1 3
17178 1 2
17213 1 3
17262 1 4
17265 1 4
17287 1 3
17327 1 1
17335 1 4
17395 2 1 3
17416 1 5
17470 1 2
17551 1 2
17552 1 3
17630 1 2
17646 1 5
17694 1 2
17725 1 3
17755 1 4
17766 1 3
17836 1 3
17851 1 5
17853 1 5
18003 1 2
18067 1 2
18089 1 4
18152 1 4
18153 1 5
18162 1 3
18194 1 2
18206 1 5
18227 1 5
18250 1 2
18264 1 2
18265 1 5
18287 1 1
18396 1 5
18399 1 3
18406 1 1
18442 1 3
18497 1 5
18703 1 2
18749 1 4
18787 1 1
18823 1 5
18860 1 4
18875 2 4 1
18881 1 4
18919 1 2
18944 1 1
18960 1 1
18975 1 5
18987 1 5
19006 1 4
19025 1 5
19061 1 2
19117 1 4
19140 1 3
19147 1 4
19193 1 3
19206 1 5
19333 3 1 5 2
19478 1 1
19590 1 4
19625 1 5
19627 1 4
19679 1 4
19689 1 2
19704 1 3
19712 1 2
19824 1 4
19855 1 2
19935 1 3
19939 2 5 2
19964 1 3
19969 1 1
19999 1 2
20011 1 4
20059 1 2
20076 1 3
20104 1 3
20152 1 5
20194 1 5
20218 1 4
20230 1 3
20291 1 3
20405 1 3
20420 1 3
20445 1 2
20550 1 4
20551 1 3
20586 1 3
20606 1 2
20616 1 4
20691 1 1
20702 2 1 5
20704 1 3
20763 1 2
20807 1 4
20815 1 1
20886 1 5
20923 1 4
20962 1 4
20966 1 1
20995 1 5
21002 2 4 3
21045 1 3
21157 1 2
21183 1 2
21221 1 1
21257 1 5
21260 1 3
21287 2 2 3
21301 1 1
21363 1 2
21373 1 3
21398 2 4 2
21451 1 1
21497 1 2
21507 1 4
21515 1 4
21584 2 5 2
21605 1 5
21653 1 2
21657 1 5
21678 1 4
21708 1 3
21772 1 1
21780 2 5 3
21799 1 1
21827 1 3
21833 1 2
21880 1 1
21896 1 1
22011 1 4
22078 1 5
22084 2 2 3
22093 1 3
22128 1 5
22129 1 3
22135 1 1
22144 1 5
22172 1 2
22255 1 2
22279 1 4
22285 1 5
22291 1 3
22442 1 4
22446 2 5 3
22563 1 4
22591 1 2
22608 1 5
22661 1 2
22676 2 1 4
22682 1 5
22693 1 2
22753 1 3
22763 1 2
22773 1 1
22804 1 3
22807 1 5
22837 1 2
22845 1 4
22853 1 5
22992 2 4 5
23040 1 5
23043 1 5
23066 1 5
23129 1 2
23170 1 2
23205 1 2
23211 1 3
23234 1 2
23266 1 3
23275 1 1
23457 1 2
23533 1 2
23556 1 1
23563 1 1
23629 1 5
23719 1 2
23776 1 2
23788 2 1 5
23916 1 4
24003 1 4
24005 1 2
24138 1 2
24193 1 5
24278 1 4
24290 1 1
24334 1 1
24371 1 3
24379 1 2
24461 1 2
24487 1 2
24581 1 4
24729 1 4
24730 2 1 5
24779 1 4
24821 1 1
24840 1 5
24890 1 4
25026 1 2
25049 1 2
25059 3 1 3 5
25071 1 2
25146 1 2
25169 1 5
25257 1 1
25264 1 5
25280 1 4
25384 1 2
25410 1 3
25443 1 3
25469 1 4
25492 1 2
25666 1 3
25668 1 2
25671 1 1
25678 2 1 4
25703 1 2
25750 1 5
25756 1 2
25757 2 1 2
25763 1 1
25809 1 1
25826 1 4
25835 2 2 3
25838 1 4
25880 1 5
25897 1 3
25954 1 3
25965 1 1
25996 2 1 3
25997 1 4
26015 1 2
26028 1 2
26038 1 3
26170 1 2
26172 1 4
26204 1 1
26249 1 2
26266 1 5
26310 1 1
26319 1 5
26354 1 3
26363 1 1
26375 1 2
26440 1 1
26450 1 2
26475 1 5
26489 1 3
26501 1 1
26552 1 3
26640 1 1
26677 1 4
26772 1 1
26796 2 4 5
26850 1 5
26864 1 5
26865 2 2 5
26867 1 4
26892 1 3
27009 1 5
27022 1 5
27026 1 2
27145 1 5
27153 1 2
27155 1 4
27166 1 1
27251 1 3
27257 1 5
27262 1 3
27269 1 2
27277 1 3
27319 1 3
27358 1 5
27369 1 3
27372 1 3
27447 1 2
27475 1 2
27499 2 4 3
27505 1 2
27507 1 5
27532 1 2
27639 1 1
27660 1 3
27663 1 2
27676 1 1
27679 1 2
27712 1 5
27713 1 2
27741 1 3
27747 1 4
27780 1 3
27841 1 4
27863 1 2
27868 1 4
27877 1 4
27930 1 3
27980 1 5
27984 1 1
27989 1 5
28012 1 4
28059 1 3
28085 1 4
28167 1 3
28236 1 1
28260 2 5 3
28366 1 4
28374 1 3
28386 1 4
28388 2 1 3
28464 1 1
28478 1 1
28529 1 3
28575 1 3
28604 1 4
28607 1 2
28632 1 4
28639 1 5
28695 1 5
28711 1 3
28767 1 4
28779 1 5
28910 1 4
28941 1 2
29054 1 2
29070 1 3
29085 1 5
29145 1 4
29168 1 2
29188 1 3
29199 1 5
29208 1 2
29212 1 3
29237 1 5
29273 1 3
29311 1 5
29315 1 2
29319 1 3
29341 1 2
29358 1 1
29417 1 5
29488 1 3
29635 1 4
29641 1 1
29657 1 3
29691 1 4
29696 1 4
29736 1 1
29757 1 3
29769 1 1
29844 1 5
29862 1 3
29976 1 5
30169 1 3
30183 3 2 4 3
30227 1 3
30249 1 2
30256 1 5
30312 2 2 3
30315 1 1
30327 1 1
30355 1 2
30465 1 5
30467 1 1
30525 1 5
30534 1 2
30598 1 5
30606 1 1
30621 1 2
30641 1 3
30731 1 5
30750 1 1
30832 1 2
30857 1 1
30898 1 2
30907 1 5
30934 1 5
30935 1 3
30936 1 2
30941 1 3
30946 1 4
30985 1 1
30994 2 2 1
31018 1 1
31059 1 1
31062 1 2
31067 1 4
31084 1 4
31085 1 3
31111 1 4
31225 1 4
31286 1 3
31306 1 1
31314 1 3
31334 1 3
31391 1 5
31395 1 5
31409 1 2
31429 1 2
31466 1 2
31496 1 4
31499 1 4
31505 1 3
31525 1 1
31530 1 5
31559 1 1
31564 1 3
31574 1 5
31601 1 2
31629 1 4
31769 1 1
31843 1 2
31856 1 1
31896 1 3
31956 1 2
32022 1 2
32038 1 2
32123 1 4
32132 2 3 2
32152 1 3
32160 1 4
32220 1 1
32238 1 3
32247 1 5
32307 1 4
32366 1 2
32383 1 3
32386 1 1
32419 1 1
32421 1 4
32471 1 5
32493 1 1
32617 1 5
32633 1 5
32650 1 3
32690 1 3
32722 1 5
32791 1 2
32800 2 4 1
32831 1 4
32918 2 4 3
32929 1 4
32951 1 1
32996 1 4
33007 1 2
33082 1 4
33090 2 1 2
33139 1 5
33163 1 1
33187 1 2
33231 1 4
33238 1 5
33298 1 2
33342 1 4
33343 1 3
33349 1 3
33376 1 5
33413 1 3
33472 1 1
33480 1 1
33507 1 5
33549 1 5
33552 1 1
33609 2 2 1
33613 1 5
33621 1 2
33639 1 3
33642 1 4
33664 1 4
33704 1 5
33766 1 3
33772 1 4
33811 1 3
33848 1 2
33965 1 3
33971 2 1 2
33991 1 3
34001 1 3
34019 1 4
34022 2 2 4
34026 1 5
34039 1 2
34069 2 2 1
34197 1 1
34200 1 1
34208 1 3
34244 1 5
34371 1 4
34401 1 2
34428 1 4
34460 1 1
34508 1 4
34519 1 3
34661 1 3
34674 1 4
34708 1 3
34720 1 4
34742 1 3
34765 1 5
34777 1 2
34804 1 1
34833 1 1
34838 1 2
34841 1 5
34874 1 2
34905 1 3
34909 2 2 1
34914 1 1
34922 1 3
34924 1 4
34969 1 5
34980 1 1
35045 1 5
35057 1 3
35061 1 4
35074 1 4
35117 1 5
35150 1 5
35170 1 4
35193 1 4
35197 1 4
35251 1 2
35270 1 2
35279 1 3
35301 1 3
35320 1 1
35329 1 4
35343 1 5
35351 1 4
35364 1 4
35380 1 4
35418 1 5
35431 1 5
35457 2 5 3
35471 1 2
35484 1 2
35518 1 5
35524 1 4
35570 1 3
35579 1 1
35607 1 2
35632 1 4
35666 1 2
35789 1 2
35836 1 3
35860 1 5
36019 1 5
36034 1 2
36150 1 5
36178 1 5
36231 1 1
36278 1 3
36341 1 1
36374 1 5
36409 1 5
36420 1 4
36467 1 5
36502 2 2 5
36509 1 3
36548 1 3
36588 1 3
36591 1 1
36609 1 3
36706 1 5
36731 1 1
36782 1 5
36795 1 2
36857 1 5
37020 1 2
37063 1 4
37152 1 4
37167 1 3
37173 1 1
37278 1 5
37284 1 4
37291 1 2
37360 1 3
37371 1 5
37376 1 5
37409 1 3
37444 1 2
37462 1 5
37468 1 5
37498 1 5
37530 1 1
37533 1 5
37612 1 5
37635 1 2
37700 1 3
37750 2 2 3
37802 1 3
37838 1 3
37841 1 4
37844 1 3
37847 1 3
37873 1 2
37922 1 4
38019 1 3
38087 1 2
38096 1 1
38186 1 2
38215 1 2
38270 1 1
38360 1 2
38516 1 5
38521 1 2
38554 1 4
38609 1 1
38620 1 2
38633 1 2
38656 1 2
38659 1 2
38772 1 2
38846 1 2
38847 1 1
38875 1 4
38912 1 2
38938 1 5
38964 1 1
38972 1 5
38982 1 2
38984 2 1 2
39021 1 4
39055 1 4
39061 1 5
39077 1 5
39128 1 3
39131 1 1
39146 1 4
39184 2 4 5
39187 1 3
39217 1 5
39219 1 2
39249 1 5
39320 1 2
39403 1 1
39429 2 1 4
39520 1 3
39523 1 1
39558 1 4
39591 1 1
39729 1 4
39756 1 3
39768 1 4
39779 1 4
39792 1 2
39830 1 3
39845 1 3
39878 1 3
39891 1 5
39930 2 2 1
39967 1 4
39998 1 5
40003 1 2
40011 1 1
40025 1 3
40041 1 4
40043 1 2
40064 1 1
40077 1 4
40105 1 4
40126 1 5
40143 1 5
40216 1 3
40255 1 2
40268 1 2
40293 1 4
40306 1 2
40327 1 5
40388 1 3
40413 1 5
40420 1 5
40464 1 2
40498 1 5
40500 1 5
40517 1 2
40525 2 3 1
40541 1 2
40544 1 3
40609 1 2
40714 1 1
40727 1 1
40748 1 5
40756 1 2
40809 1 2
40818 1 1
40858 1 5
40907 1 1
40908 1 1
40926 2 4 2
40932 1 3
40952 1 4
40996 1 3
40998 1 4
41018 1 4
41019 1 3
41024 1 2
41029 1 3
41073 1 5
41079 1 2
41103 1 1
41111 1 3
41119 1 4
41170 1 2
41251 1 4
41255 1 1
41271 1 4
41303 1 2
41305 1 1
41470 1 5
41482 1 1
41505 1 5
41535 1 2
41549 1 4
41596 1 4
41603 1 1
41639 1 3
41647 1 1
41667 1 5
41670 1 5
41699 1 3
41741 1 3
41749 1 1
41758 1 5
41763 1 5
41773 1 3
41777 1 4
41793 1 4
41799 1 2
41845 1 4
41887 1 4
41915 1 5
41933 1 5
42014 1 2
42032 1 3
42044 1 3
42065 1 1
42078 1 1
42120 1 2
42133 1 5
42134 1 4
42181 1 2
42310 1 1
42331 1 3
42380 1 2
42414 1 3
42489 2 2 4
42506 1 5
42512 1 2
42517 1 3
42552 1 4
42733 1 1
42754 1 4
42814 1 1
42890 1 3
42934 1 3
43004 1 1
43054 1 2
43088 1 2
43103 1 1
43137 1 3
43259 1 3
43316 1 3
43318 1 4
43325 1 2
43354 1 2
43387 1 3
43428 1 4
43442 1 5
43465 1 3
43487 1 5
43536 1 5
43550 1 4
43552 1 1
43642 1 4
43665 1 4
43716 1 4
43724 1 3
43743 1 5
43789 1 3
43828 1 3
43857 1 4
43868 1 2
43881 2 4 5
43944 2 2 5
44015 1 4
44048 1 1
44208 1 1
44209 1 1
44238 1 1
44247 1 4
44304 1 3
44309 1 5
44325 1 2
44338 1 2
44444 1 1
44445 1 1
44524 1 3
44544 1 1
44567 1 2
44577 1 1
44589 2 2 1
44592 1 2
44614 1 4
44619 1 3
44658 1 1
44677 1 5
44686 1 1
44758 1 5
44774 1 2
44782 1 5
44854 1 2
44855 1 1
44860 1 1
44914 1 3
44957 1 4
44963 1 3
44992 1 3
44997 1 1
45001 1 2
45055 1 5
45090 1 2
45141 1 4
45142 1 5
45178 1 3
45184 1 5
45194 1 3
45214 1 2
45261 1 2
45273 1 3
45413 1 3
45447 1 3
45508 1 4
45514 1 1
45527 1 1
45541 1 2
45547 2 4 1
45607 1 1
45625 1 4
45657 1 3
45696 1 2
45697 1 1
45701 1 2
45704 1 2
45718 1 4
45720 1 2
45758 1 3
45789 1 4
45841 1 1
45916 1 5
45962 1 5
45967 1 2
45979 1 2
46074 1 1
46124 1 4
46134 1 4
46193 1 3
46213 1 2
46214 1 1
46289 1 4
46303 1 4
46432 1 3
46437 2 3 1
46472 1 5
46486 1 4
46521 1 3
46562 1 3
46573 1 2
46584 1 4
46586 1 2
46638 1 4
46679 1 1
46688 1 1
46744 1 4
46759 1 5
46825 1 1
46911 1 5
46918 1 5
46936 1 2
46958 1 1
46979 1 3
46991 1 4
47038 1 5
47040 1 5
47079 1 5
47153 1 2
47194 1 3
47201 1 5
47204 1 4
47237 1 4
47293 1 4
47311 1 5
47469 1 5
47542 1 5
47550 1 1
47576 1 5
47591 1 4
47660 1 5
47663 1 5
47681 1 4
47707 1 4
47725 1 2
47740 1 5
47825 1 3
47914 1 4
47921 1 3
47960 1 5
47980 1 4
47986 1 2
47996 1 1
48028 1 3
48056 1 1
48085 1 1
48091 1 4
48105 1 3
48172 1 5
48202 1 5
48217 2 4 1
48221 1 2
48252 1 2
48428 1 4
48459 1 5
48517 1 1
48544 1 1
48612 1 4
48636 1 5
48695 1 3
48726 1 5
48730 1 5
48765 1 5
48821 1 5
48843 1 1
48912 1 4
48942 1 2
48947 1 4
48961 1 5
49059 1 3
49073 1 2
49076 2 2 3
49108 1 2
49110 1 3
49119 2 3 1
49130 1 2
49145 1 5
49206 1 5
49233 1 3
49253 1 5
49353 1 2
49368 1 4
49408 1 3
49410 1 5
49432 1 3
49443 1 1
49541 2 3 4
49555 1 3
49571 1 2
49604 1 3
49619 1 2
49629 1 5
49633 1 5
49638 1 1
49679 2 5 3
49710 1 5
49725 1 1
49735 1 3
49783 1 3
49844 1 3
49852 1 2
49882 2 1 2
49973 1 4
50007 1 5
50023 1 4
50037 1 2
50052 1 2
50124 1 1
50131 2 4 1
50229 1 1
50277 1 5
50299 2 3 1
50386 1 3
50394 1 5
50468 1 2
50524 1 3
50577 1 5
50633 1 5
50711 1 3
50819 1 5
50833 1 1
50837 1 1
50856 1 1
50922 1 3
51104 1 2
51163 1 1
51217 2 5 2
51401 1 3
51418 1 2
51428 1 3
51442 1 2
51460 1 4
51476 1 2
51527 1 2
51608 1 3
51711 1 5
51777 1 4
51783 1 4
51803 1 1
51832 1 2
51849 1 3
51854 1 3
51860 1 3
51876 1 2
51940 1 1
51987 1 2
52007 1 4
52066 1 1
52113 1 1
52126 1 4
52128 1 1
52140 1 2
52147 1 3
52163 1 1
52274 1 3
52316 1 3
52399 1 3
52439 1 4
52462 1 3
52476 1 5
52499 1 2
52502 1 4
52509 1 4
52516 1 2
52564 1 1
52607 2 3 1
52628 1 1
52632 1 1
52703 1 5
52709 1 3
52751 1 2
52807 1 4
52810 1 4
52867 1 1
52871 1 1
52872 1 3
52953 1 3
53035 3 5 1 4
53101 1 3
53194 2 5 3
53212 1 2
53220 1 4
53264 1 2
53267 1 5
53277 1 3
53359 1 1
53364 1 3
53415 1 3
53427 1 1
53448 1 2
53559 2 3 4
53660 1 1
53700 1 4
53705 1 5
53712 1 1
53717 1 5
53723 1 1
53767 1 1
53777 1 5
53793 1 1
53843 2 5 1
53895 1 3
53897 1 3
53906 1 4
53977 1 4
53988 1 4
54006 2 5 1
54008 1 4
54023 1 3
54045 1 1
54048 1 5
54056 1 5
54095 1 1
54097 1 1
54123 1 2
54137 1 2
54154 1 4
54160 1 5
54204 1 1
54209 1 1
54224 1 3
54262 1 2
54273 1 3
54323 1 3
54450 1 1
54493 2 4 3
54496 1 2
54499 1 5
54509 1 1
54592 1 3
54593 1 3
54638 1 3
54719 1 2
54728 1 3
54767 1 3
54785 1 3
54812 1 4
54821 1 2
54839 1 1
54847 1 1
54923 1 1
54970 1 4
54982 1 1
55001 1 1
55025 1 1
55061 1 4
55113 1 5
55146 1 1
55173 1 4
55233 1 4
55243 1 3
55318 1 5
55337 1 3
55385 1 1
55390 1 3
55391 1 5
55414 1 1
55512 1 3
55559 1 2
55565 1 4
55591 1 5
55622 1 2
55705 1 3
55718 1 1
55725 1 3
55731 1 1
55740 1 4
55759 1 1
55810 1 2
55817 1 3
55856 1 5
55879 1 1
55892 1 5
55893 1 5
55924 1 4
55925 1 4
55970 1 2
55974 1 2
55984 1 1
55989 1 4
56014 1 2
56094 2 5 3
56097 1 5
56105 1 2
56116 1 4
56120 1 4
56266 1 3
56267 1 5
56296 1 3
56307 1 5
56327 1 1
56349 1 1
56356 1 2
56385 1 3
56387 1 4
56414 1 3
56434 1 3
56440 1 1
56468 1 1
56486 1 5
56545 1 2
56549 1 4
56565 1 4
56575 1 2
56739 1 5
56779 1 2
56868 1 4
56894 1 1
56908 1 4
56910 1 4
56991 1 2
57015 1 2
57039 1 4
57055 1 5
57085 1 5
57156 1 2
57188 1 2
57208 1 3
57242 1 5
57309 1 2
57312 1 4
57356 1 3
57392 1 4
57415 1 1
57466 1 2
57478 1 5
57578 1 5
57595 1 5
57644 1 4
57647 2 5 3
57712 1 1
57719 1 1
57768 1 4
57788 1 5
57813 1 3
57816 1 2
57832 1 2
57864 1 4
57924 1 1
57963 1 5
57968 1 4
58004 1 4
58016 1 1
58031 1 1
58125 1 3
58143 1 1
58193 1 4
58194 1 1
58275 1 2
58279 1 4
58295 1 5
58318 1 3
58441 1 5
58444 2 4 2
58447 1 2
58458 1 4
58511 1 3
58669 1 5
58763 1 5
58854 1 5
58870 1 4
58887 1 2
58905 1 3
58932 1 1
58956 1 3
58989 1 5
59019 1 3
59031 1 3
59056 1 4
59070 1 2
59116 1 2
59122 1 1
59143 2 5 4
59162 1 2
59206 1 3
59304 1 2
59331 2 4 2
59339 1 1
59360 1 4
59374 1 1
59414 1 1
59417 1 3
59467 1 2
59496 1 5
59503 1 2
59541 1 2
59653 1 3
59663 1 3
59728 1 5
59787 1 5
59834 1 3
59843 1 3
59858 1 4
59860 1 5
59897 1 1
59933 1 3
60015 1 4
60040 1 4
60062 1 2
60068 1 2
60086 1 2
60240 1 3
60242 1 2
60263 3 5 3 2
60299 1 2
60314 1 5
60354 1 3
60379 1 4
60421 1 1
60465 1 2
60472 1 3
60480 1 2
60534 1 4
60539 2 4 3
60557 1 1
60591 1 1
60595 1 1
60606 1 1
60615 1 2
60655 1 5
60752 1 3
60753 1 3
60782 1 2
60794 1 5
60869 1 4
60872 1 3
60899 1 5
60901 1 5
60926 1 4
60940 1 1
60986 1 1
61005 1 2
61090 1 1
61110 2 4 3
61115 1 3
61120 2 4 5
61190 1 2
61205 1 5
61215 1 1
61257 1 5
61300 1 3
61429 1 3
61467 1 4
61471 1 5
61482 1 5
61492 1 2
61604 1 2
61605 1 5
61623 1 3
61694 2 5 3
61719 1 2
61725 1 3
61811 2 2 4
61828 1 4
61833 1 1
61846 1 4
61897 1 1
61959 1 5
62002 1 4
62005 1 3
62063 2 2 1
62117 2 3 2
62137 1 2
62170 2 1 2
62194 1 1
62230 1 3
62255 1 3
62330 1 4
62363 1 5
62384 1 4
62389 1 2
62435 2 2 1
62437 1 3
62448 1 4
62466 1 1
62487 1 3
62511 1 3
62516 1 1
62528 1 4
62564 1 1
62633 1 4
62725 1 2
62752 1 3
62885 1 4
62900 1 4
62991 2 3 5
63005 1 2
63034 1 2
63036 1 5
63042 1 5
63067 1 3
63083 1 4
63144 1 3
63196 1 2
63228 1 3
63236 1 2
63306 1 3
63380 1 3
63410 1 2
63414 1 2
63416 1 5
63424 1 5
63447 1 4
63535 1 2
63594 1 1
63622 1 2
63627 1 5
63641 1 2
63644 1 3
63670 1 3
63703 1 1
63795 1 3
63816 1 2
63886 1 3
63912 1 1
63932 1 1
63980 1 1
64089 1 4
64133 1 3
64147 1 2
64200 1 3
64222 1 5
64255 1 5
64281 1 5
64314 1 2
64432 1 1
64486 1 1
64503 1 4
64545 1 5
64573 1 4
64580 1 5
64657 1 4
64660 1 4
64675 1 2
64715 1 2
64732 1 1
64751 1 2
64763 1 3
64777 1 5
64831 1 3
64904 1 5
64961 1 2
64997 1 4
64999 1 1
65022 1 5
65114 1 1
65124 1 1
65272 1 5
65302 2 3 1
65393 1 3
65467 1 5
65527 1 2
65691 1 4
65705 1 4
65775 2 3 1
65787 1 3
65794 1 4
65819 1 5
65881 1 2
65887 1 3
65917 1 3
65952 1 4
66034 1 4
66087 1 3
66157 1 1
66197 1 5
66211 1 2
66216 1 5
66257 1 4
66262 1 2
66283 1 1
66342 1 3
66359 1 1
66384 1 1
66399 1 2
66422 1 2
66450 1 4
66485 1 3
66557 1 5
66560 1 2
66603 1 4
66618 1 1
66627 1 5
66649 1 1
66656 1 1
66741 1 1
66759 1 2
66767 1 1
66781 1 4
66807 1 2
66810 1 3
66842 1 2
66861 2 5 3
66889 1 3
66915 1 2
66936 1 1
67042 2 1 2
67079 1 2
67086 1 1
67091 1 1
67125 1 4
67127 1 4
67134 1 1
67180 1 5
67264 1 4
67326 1 1
67352 1 3
67438 1 2
67452 1 2
67455 1 1
67475 1 3
67526 1 3
67628 1 2
67636 1 5
67726 1 4
67782 1 4
67801 1 3
67806 1 1
67813 1 5
67853 1 2
67902 1 5
67910 1 1
67939 1 1
67960 1 1
67978 1 5
68048 1 1
68071 1 4
68116 1 5
68130 1 3
68157 1 1
68162 1 1
68187 1 3
68191 1 3
68251 1 3
68254 1 1
68280 1 5
68302 1 2
68320 1 2
68338 1 2
68347 1 3
68351 1 4
68392 1 2
68416 1 1
68422 1 4
68465 1 2
68518 2 4 2
68533 1 2
68540 2 1 2
68547 1 4
68561 1 4
68593 1 1
68740 1 2
68744 1 4
68764 1 2
68777 1 4
68794 1 1
68870 1 4
68875 1 5
68911 1 5
68927 1 2
68968 1 5
68987 1 1
69016 1 3
69110 1 1
69112 1 3
69132 1 3
69156 1 5
69160 1 4
69173 1 2
69182 1 1
69187 1 2
69261 1 3
69288 1 5
69362 1 5
69365 2 2 1
69373 1 3
69386 1 2
69402 1 4
69404 1 1
69422 2 3 5
69447 1 5
69474 1 5
69517 1 2
69529 1 3
69592 1 1
69596 1 3
69622 1 2
69623 1 5
69722 1 1
69771 1 5
69830 1 2
70003 1 4
70081 1 1
70082 1 5
70137 1 5
70156 1 5
70182 1 1
70278 1 5
70295 1 3
70319 1 4
70375 1 2
70415 1 5
70438 1 2
70523 1 1
70526 1 1
70583 1 1
70590 1 5
70594 1 3
70606 1 2
70624 1 3
70777 1 4
70837 1 2
70873 1 5
70892 2 2 4
70937 1 2
70952 1 4
71012 3 4 1 5
71041 1 1
71120 1 5
71121 1 4
71166 1 3
71170 1 3
71201 1 5
71204 1 2
71205 1 2
71238 1 5
71299 1 4
71301 1 2
71323 1 5
71382 1 4
71387 1 1
71403 1 1
71437 1 2
71485 1 1
71508 1 5
71537 1 4
71547 1 5
71638 1 4
71674 1 5
71786 2 5 3
71798 1 1
71815 1 2
72005 2 1 5
72051 1 2
72070 1 1
72107 1 1
72114 1 4
72141 1 1
72171 1 1
72216 1 4
72236 1 2
72256 1 3
72334 1 5
72341 1 4
72397 1 1
72412 1 5
72487 1 5
72497 1 2
72547 1 4
72549 1 2
72550 1 5
72590 1 1
72600 2 1 4
72607 1 3
72640 1 3
72648 1 1
72745 1 2
72755 1 4
72794 1 4
72913 1 1
72988 1 4
73000 1 2
73058 1 5
73066 1 3
73093 1 2
73140 1 5
73144 1 5
73199 1 5
73208 1 3
73239 1 3
73274 1 2
73309 1 5
73350 1 3
73384 1 5
73391 1 4
73403 1 5
73488 1 1
73505 1 2
73514 2 5 2
73541 2 5 1
73568 1 4
73575 1 4
73622 1 5
73653 1 1
73684 1 2
73759 1 3
73769 1 2
73815 1 2
73825 1 3
73827 1 3
73861 1 4
73863 1 2
73879 1 1
73882 1 1
73891 1 3
73935 1 5
73961 1 4
74014 1 1
74016 1 4
74032 1 4
74039 1 2
74084 1 1
74123 1 2
74152 1 2
74157 1 5
74189 1 5
74204 1 5
74217 1 4
74263 1 1
74336 1 5
74339 1 5
74424 1 4
74452 1 2
74455 1 5
74500 1 3
74514 1 3
74530 1 2
74539 1 1
74571 1 5
74572 1 2
74600 1 3
74673 1 2
74675 1 4
74777 1 2
74809 1 3
74876 1 3
74877 1 2
74910 1 2
74937 1 3
74973 1 1
74983 1 3
74996 2 1 2
75010 1 3
75016 2 5 4
75039 1 5
75048 1 2
75075 1 5
75106 1 3
75127 1 5
75180 1 4
75209 1 1
75214 1 1
75310 1 1
75313 1 4
75374 1 4
75403 1 4
75413 1 3
75426 1 1
75435 1 4
75480 2 2 3
75514 1 4
75520 1 4
75606 1 5
75607 1 1
75645 1 1
75704 1 2
75802 1 5
75803 1 2
75810 1 5
75825 1 1
75845 1 1
75847 1 1
75849 1 1
75875 2 4 2
75919 1 3
75937 1 3
75956 2 4 2
76044 1 3
76140 1 1
76226 1 2
76230 1 3
76263 1 4
76312 1 4
76364 1 3
76377 1 4
76397 1 4
76429 1 5
76495 1 5
76498 1 4
76522 1 2
76530 2 5 3
76609 1 1
76610 1 1
76650 1 4
76688 1 3
76702 1 5
76718 1 2
76733 1 2
76746 1 2
76747 1 5
76837 1 3
76895 1 5
76909 1 3
76924 2 5 2
76977 1 2
76987 1 4
77001 1 3
77038 1 5
77048 1 4
77091 1 2
77104 1 3
77182 1 2
77185 1 5
77194 1 5
77258 1 1
77284 1 2
77287 1 1
77309 1 2
77412 1 5
77426 1 5
77464 1 1
77476 1 3
77489 1 3
77616 1 4
77636 1 3
77660 1 4
77781 1 4
77838 1 3
77871 1 5
77874 1 3
77934 1 3
77972 1 1
78067 1 3
78075 1 5
78102 1 5
78134 1 5
78193 2 5 3
78229 1 1
78308 1 5
78345 1 4
78350 1 5
78356 2 3 2
78410 1 4
78412 1 3
78432 1 3
78465 1 3
78467 1 3
78498 1 4
78544 1 5
78592 1 1
78606 1 1
78614 1 2
78627 1 3
78634 1 4
78660 1 4
78683 1 4
78684 1 3
78805 1 2
78930 1 4
78955 1 5
78964 1 1
78973 1 2
79002 1 4
79023 1 3
79056 1 3
79110 1 1
79126 1 5
79129 1 5
79152 1 2
79167 1 5
79170 1 1
79185 1 4
79244 1 5
79263 1 2
79310 1 2
79316 1 2
79356 2 3 4
79359 1 1
79421 1 2
79448 1 3
79453 1 3
79476 1 2
79487 2 5 1
79496 1 5
79531 1 2
79557 1 2
79587 1 3
79693 1 1
79767 1 1
79769 1 2
79790 1 1
79800 1 4
79829 1 1
79833 1 4
79850 1 2
79868 1 2
79912 1 2
79928 1 5
80019 2 1 5
80033 1 4
80114 1 3
80140 1 1
80203 1 3
80230 1 1
80231 1 4
80298 1 4
80304 1 5
80373 1 5
80387 1 1
80429 1 5
80430 1 4
80433 1 5
80439 1 3
80469 1 2
80532 1 2
80543 1 5
80661 1 3
80667 1 1
80743 1 4
80745 1 1
80805 1 1
80810 1 4
80869 1 3
81002 1 4
81008 1 4
81100 1 3
81109 1 3
81115 2 2 3
81142 1 5
81177 1 3
81207 1 1
81263 1 3
81276 1 5
81370 1 1
81410 1 1
81421 1 3
81471 1 4
81518 1 4
81547 1 2
81551 1 4
81565 1 4
81605 1 5
81627 1 5
81663 1 4
81693 1 3
81751 1 5
81785 1 1
81809 1 4
81814 1 1
81815 1 4
81831 1 5
81832 1 5
81871 1 4
81939 1 4
81959 1 2
82025 1 5
82028 1 3
82073 1 3
82087 1 4
82120 1 5
82204 1 2
82283 1 5
82304 1 4
82305 1 5
82375 1 1
82469 1 1
82504 1 2
82546 1 4
82584 1 4
82618 1 3
82635 1 4
82639 1 1
82693 1 4
82746 1 3
82826 1 2
82827 1 3
82843 1 4
82854 1 2
82858 1 4
82873 1 3
82899 1 5
82926 1 3
82977 1 4
83041 1 1
83103 1 4
83120 1 1
83127 1 2
83166 1 5
83170 1 1
83187 1 1
83210 1 2
83260 1 1
83286 1 3
83303 1 2
83318 1 1
83332 1 1
83354 1 4
83383 1 3
83460 1 2
83482 1 3
83555 1 4
83589 1 2
83621 1 3
83660 1 2
83664 1 5
83665 1 2
83765 1 5
83853 1 1
83865 1 4
83878 1 4
83893 1 4
83920 2 1 3
83941 1 3
83953 1 2
83961 1 1
84024 1 2
84042 1 5
84055 1 5
84060 1 2
84091 1 5
84096 1 3
84107 1 4
84173 2 4 5
84174 1 2
84207 1 1
84216 1 2
84250 1 4
84345 1 2
84351 1 2
84353 1 4
84356 1 5
84380 2 3 5
84396 1 1
84403 1 1
84424 1 4
84496 2 2 4
84499 1 4
84641 1 5
84646 1 2
84653 1 2
84671 1 4
84682 1 2
84687 1 2
84689 1 2
84722 1 1
84773 1 5
84774 1 3
84822 1 3
84866 2 4 1
84880 1 5
84912 1 1
84933 1 3
84982 1 3
84994 1 4
85012 1 4
85036 1 1
85045 1 1
85048 1 3
85091 1 5
85118 1 4
85142 1 4
85155 1 3
85250 1 1
85277 1 4
85322 1 2
85399 1 4
85424 2 2 5
85485 1 4
85493 1 4
85534 1 4
85561 1 4
85574 1 5
85584 1 3
85591 1 4
85637 1 2
85747 1 3
85807 1 1
86017 1 4
86060 2 3 4
86062 1 4
86065 2 1 5
86068 1 4
86072 1 5
86101 1 4
86124 1 2
86167 1 2
86226 1 3
86337 1 2
86359 1 3
86364 1 4
86402 1 4
86432 1 1
86437 1 2
86457 1 3
86458 1 4
86474 2 1 2
86547 1 2
86554 1 3
86568 1 3
86571 1 3
86577 1 2
86643 1 1
86644 1 2
86646 1 1
86654 1 1
86723 1 1
86792 1 1
86795 1 5
86827 1 2
86998 2 3 2
87005 1 1
87011 1 1
87054 1 5
87160 1 2
87161 1 2
87172 1 1
87221 1 5
87226 2 4 5
87248 1 3
87279 1 2
87335 1 1
87344 1 5
87365 2 1 2
87390 1 4
87419 1 4
87480 1 5
87489 1 5
87549 1 5
87566 1 1
87581 1 3
87599 1 3
87621 1 3
87645 1 1
87677 1 1
87702 1 1
87721 1 5
87785 1 1
87796 1 5
87820 1 1
87826 1 4
87914 1 5
87916 1 3
87930 1 5
87951 1 4
88004 1 5
88017 1 2
88043 1 1
88145 1 3
88186 1 3
88203 1 2
88230 1 5
88241 1 3
88248 1 4
88252 1 2
88328 2 2 3
88436 1 1
88458 1 4
88468 1 5
88471 1 3
88531 1 4
88549 1 5
88565 1 1
88568 1 3
88569 1 4
88603 1 3
88625 1 1
88636 1 5
88660 1 4
88691 1 5
88746 1 3
88779 1 4
88922 1 1
89003 1 3
89027 1 2
89063 1 1
89094 1 5
89199 1 2
89210 1 3
89255 1 1
89267 1 5
89280 1 5
89368 1 1
89432 1 2
89433 1 2
89444 1 4
89473 1 4
89475 1 4
89493 1 5
89511 1 3
89542 1 3
89552 1 3
89563 1 1
89588 1 3
89608 1 4
89611 1 4
89659 1 4
89667 1 2
89704 1 3
89725 2 3 5
89752 2 5 3
89769 1 5
89785 1 4
89819 1 5
89888 1 2
89912 1 3
89933 1 2
89998 1 4
90035 1 2
90048 1 2
90096 1 3
90098 1 5
90124 1 4
90151 1 1
90183 1 3
90231 1 5
90241 1 4
90258 1 4
90276 1 4
90289 1 1
90291 1 4
90368 1 1
90381 1 1
90400 1 4
90426 1 3
90462 1 2
90507 1 1
90541 2 2 5
90562 1 2
90652 1 1
90711 1 3
90732 1 3
90737 1 4
90758 2 4 3
90773 1 1
90779 1 3
90846 1 2
90908 1 5
90929 1 3
90954 1 4
90963 1 2
90978 1 2
90990 2 5 1
90995 1 5
91011 1 1
91019 1 4
91068 1 2
91071 1 5
91077 1 1
91079 1 4
91136 1 3
91139 2 3 1
91151 1 5
91162 1 3
91189 1 1
91200 1 3
91201 1 2
91213 1 5
91216 1 3
91286 1 4
91306 1 5
91348 1 1
91365 1 2
91372 1 4
91392 1 2
91428 1 3
91479 2 2 5
91569 1 3
91591 1 3
91594 1 2
91624 1 2
91646 1 4
91651 1 3
91659 1 3
91771 1 4
91860 2 5 4
91861 1 5
91907 1 5
91922 1 1
92009 1 5
92060 1 2
92090 1 4
92104 1 2
92113 1 2
92115 1 1
92165 1 2
92223 1 3
92229 1 2
92264 1 3
92352 2 4 2
92360 1 2
92393 1 1
92467 1 2
92491 2 1 2
92559 1 4
92564 1 1
92605 1 5
92609 1 1
92611 1 4
92616 3 1 3 5
92620 1 1
92627 1 5
92681 1 5
92689 1 4
92727 1 5
92746 1 2
92764 1 2
92774 1 1
92776 1 3
92819 1 4
92824 1 3
92874 1 4
92886 1 2
92935 1 3
92938 1 2
93014 1 2
93057 2 4 3
93058 1 1
93074 1 1
93174 1 1
93179 1 5
93222 1 4
93317 1 1
93354 1 1
93382 1 2
93384 1 5
93443 1 3
93457 1 5
93483 1 3
93494 1 2
93569 1 3
93606 1 3
93644 1 1
93658 1 2
93704 1 4
93723 1 3
93757 1 5
93770 1 1
93827 1 3
93845 1 5
93898 1 2
93900 1 1
93902 1 2
93921 1 3
93995 1 2
94018 2 1 5
94088 1 5
94105 1 4
94195 1 3
94218 1 2
94219 1 1
94257 1 3
94261 1 5
94282 1 2
94337 1 3
94389 1 3
94415 1 2
94476 1 1
94495 1 2
94506 1 4
94522 1 4
94553 2 1 3
94563 1 5
94610 1 5
94635 1 1
94656 1 3
94663 1 5
94726 1 5
94732 1 2
94778 1 4
94783 1 2
94826 1 5
94846 1 3
94855 1 5
94894 1 3
94969 1 3
95018 2 1 2
95046 1 5
95061 1 2
95073 1 4
95119 1 2
95152 1 4
95166 1 3
95232 1 2
95249 2 2 4
95280 1 3
95348 1 3
95366 1 2
95376 1 5
95378 1 1
95412 1 5
95460 1 1
95463 1 2
95515 1 2
95529 1 3
95531 1 5
95623 1 1
95651 1 1
95652 1 1
95654 1 3
95687 1 1
95717 2 3 4
95729 1 5
95765 1 5
95784 1 1
95798 1 1
95805 1 2
95864 1 3
95887 1 2
95919 1 4
95929 1 2
95989 1 3
95990 1 4
96013 1 5
96044 1 2
96086 1 1
96087 1 1
96108 1 5
96145 2 3 4
96153 1 1
96185 1 2
96315 1 2
96321 1 2
96340 1 3
96398 1 1
96402 1 1
96446 1 4
96497 1 1
96520 1 2
96558 1 1
96640 1 3
96700 1 2
96772 1 4
96848 2 5 2
96853 1 1
96886 1 1
96890 1 3
96976 1 4
97058 1 5
97060 2 2 5
97062 1 1
97065 1 1
97118 1 2
97126 1 5
97148 1 4
97190 1 3
97261 1 4
97385 1 1
97406 1 4
97417 1 4
97451 1 3
97486 1 1
97529 1 1
97608 1 1
97680 1 3
97728 2 3 1
97737 1 1
97875 1 1
97898 1 2
97906 1 4
97921 1 2
97930 1 2
97945 2 4 5
97948 1 5
98084 1 3
98094 1 2
98137 1 1
98151 1 2
98158 1 4
98163 1 1
98253 1 4
98475 1 4
98504 1 1
98561 1 5
98564 2 1 4
98663 1 4
98699 1 1
98810 1 3
98813 1 3
98816 1 1
98862 1 5
98888 2 2 3
98892 1 5
98929 1 5
98936 1 5
98994 1 5
99093 1 5
99098 1 1
99141 1 2
99155 1 5
99244 1 3
99266 1 2
99269 1 3
99278 1 4
99307 1 5
99518 1 2
99632 1 1
99659 1 4
99700 1 1
99703 1 2
99767 1 3
99786 1 3
99834 1 5
