199 57 28
42 22
60 100
181 189
143 124
178 108
158 127
26 94
44 154
173 152
155 54
4 174
67 3
58 28
23 128
106 138
103 166
40 196
19 115
48 176
15 2
89 11
5 130
2 147
33 111
63 39
13 10
176 138
190 118
88 44
97 164
138 158
24 66
141 179
171 167
102 98
100 167
79 136
175 159
119 131
117 28
173 138
2 19
103 117
17 177
53 87
42 181
61 90
141 10
180 84
105 112
23 139
186 125
191 6
17 72
21 49
173 65
29 151
131 172
34 143
126 89
163 80
17 21
118 13
176 198
145 99
98 56
92 148
176 91
77 79
101 117
150 39
104 129
38 78
97 188
99 173
35 104
176 19
3 5
32 92
71 102
17 19
195 10
126 81
18 126
184 103
122 39
84 110
5 34
13 112
168 175
187 67
77 108
38 59
59 119
9 70
57 144
44 81
119 162
25 144
26 10
128 14
61 71
171 62
171 198
166 114
36 59
161 197
153 163
30 127
111 28
73 22
6 15
177 133
112 89
127 85
93 113
141 194
79 128
51 160
22 117
63 69
27 123
169 199
159 192
123 156
12 98
1 18
98 183
147 25
143 43
31 3
175 176
75 156
174 96
28 193
84 130
186 46
146 105
171 77
70 13
32 5
142 7
79 97
198 13
74 48
82 6
176 16
71 186
128 135
24 36
140 146
50 2
77 161
132 7
113 160
182 63
165 45
83 81
42 155
119 76
6 87
160 36
170 119
13 55
35 168
120 21
68 96
153 113
156 77
67 36
40 178
86 186
116 190
198 151
157 195
63 10
103 67
109 110
41 35
47 114
63 121
142 134
173 149
184 137
52 165
40 7
45 103
96 147
61 20
19 37
195 8
79 186
95 17
98 199
3 107
100 64
117 198
185 148
