600 101 713
2 38 84 89 67 64 60 86 74 37 55 0 82 42 88 87 64 86 23 41 78 46 62 64 24 40 74 65 54 43 56 29 25 18 83 57 16 63 25 31 30 94 96 7 1 96 39 83 28 61 47 48 69 19 63 98 53 52 96 60 100 54 84 45 17 5 51 37 46 51 85 100 64 92 14 67 86 3 56 57 69 21 92 41 37 73 64 56 69 37 19 28 27 14 25 76 86 85 5 56 77 26 11 51 10 41 55 2 92 26 28 23 49 48 7 28 1 32 68 14 92 67 20 81 16 78 20 99 94 83 45 32 56 47 27 24 23 38 64 52 34 71 37 99 75 43 45 58 56 33 70 72 86 41 35 55 88 18 91 20 80 34 49 47 97 42 49 95 77 46 3 74 86 82 76 13 81 56 40 60 92 87 6 73 71 41 47 45 13 89 10 22 94 54 19 99 10 20 36 100 6 85 60 93 35 98 74 17 26 79 65 81 38 92 93 6 27 69 17 93 53 64 80 75 98 41 16 48 39 2 70 80 76 82 60 28 30 57 34 3 49 35 84 38 26 59 22 87 27 33 75 19 0 53 31 75 93 66 4 100 33 38 19 17 53 79 70 8 73 37 38 74 12 88 28 24 20 42 65 87 43 4 44 92 61 70 85 99 26 94 26 22 78 30 28 34 95 6 50 28 58 21 44 25 4 34 83 71 93 69 70 4 12 75 19 67 8 70 91 41 27 81 49 67 46 93 98 70 2 59 7 90 43 42 39 76 22 22 82 12 81 90 75 74 34 17 63 63 27 42 65 26 11 30 2 80 11 95 87 67 12 77 73 26 65 48 71 76 26 55 89 97 19 37 85 56 3 19 33 46 84 81 36 94 56 99 89 89 0 7 58 91 25 15 63 61 22 15 6 44 93 3 23 41 81 86 77 5 74 8 23 31 78 66 30 61 2 16 42 60 83 21 14 24 27 80 61 67 9 80 59 50 0 84 95 5 98 68 17 60 55 42 69 16 61 79 33 53 13 50 97 23 78 77 41 11 99 62 87 25 98 75 17 5 29 63 1 73 62 43 42 56 73 30 25 72 87 87 14 6 95 43 23 73 96 66 9 67 8 65 91 76 37 63 18 72 40 84 15 84 22 44 99 97 72 49 84 65 87 46 87 22 71 15 71 32 13 21 84 37 99 90 86 12 1 91 3 45 99 47 73 18 74 71 14 54 10 96 77 49 61 51 51 20 81 100 83 92 44 37 76 84 60 25 8 67 19 90 85 27 8 62 49 41 14 58 17 41 84 10 31 9 0 52 14 1 93 21 69 77 64 15 87 52 34 27 6 16 79 26 11 73 41 45 46 18 47 13 81 95
239 513
323 525
1 301
189 528
32 349
333 366
83 506
328 413
51 531
298 465
132 467
348 384
138 531
181 217
156 303
133 357
300 512
266 425
389 454
117 496
402 531
333 431
125 327
60 344
432 452
69 516
135 188
290 331
8 556
346 557
6 72
447 483
199 521
338 379
79 371
73 444
135 441
11 369
164 533
241 406
133 364
113 171
212 425
4 51
92 479
88 204
185 467
54 298
428 501
168 565
319 457
363 529
402 568
167 221
19 242
92 569
510 516
96 564
200 370
237 382
202 527
323 483
298 356
154 214
211 265
255 456
320 378
51 226
157 385
134 218
392 518
32 511
148 598
187 398
146 535
80 293
228 300
348 558
58 270
228 388
27 278
17 23
86 384
68 220
139 494
121 441
127 554
117 457
84 158
377 490
152 309
120 402
346 546
488 491
288 495
82 346
16 208
116 331
129 361
210 426
143 407
6 342
386 448
84 370
30 317
140 447
14 111
118 533
72 240
310 350
180 377
56 168
347 380
192 542
127 578
257 407
461 489
467 538
169 259
232 360
529 546
126 463
95 423
126 136
154 406
171 502
50 497
106 381
221 507
99 321
368 529
106 434
43 478
366 382
54 522
463 579
179 265
369 396
351 510
69 315
62 513
222 461
26 464
139 585
154 402
255 457
340 356
518 578
374 576
184 575
400 493
110 344
400 580
442 578
266 461
30 323
353 392
23 306
171 547
55 492
409 449
401 437
499 564
142 411
74 444
12 246
121 458
203 206
244 458
524 536
61 332
248 280
114 224
523 596
259 346
127 146
191 215
147 512
194 540
29 566
244 502
228 375
208 550
513 571
407 558
367 436
491 549
6 406
25 269
313 408
330 547
419 538
120 279
264 362
275 560
326 471
378 573
164 413
253 563
121 361
42 267
10 184
166 366
365 517
34 187
349 471
17 158
329 416
228 295
234 524
199 540
112 281
105 588
423 517
49 99
364 376
59 422
236 513
270 356
85 256
313 557
245 311
97 104
27 30
135 270
110 369
220 583
35 49
14 528
305 465
498 589
139 564
224 371
412 514
343 470
254 364
84 136
545 590
22 107
73 438
123 422
277 345
183 504
447 486
410 507
193 361
240 241
68 276
26 397
141 359
19 110
61 65
348 440
73 138
377 446
541 596
175 466
236 517
213 231
91 573
416 477
193 534
132 213
238 509
437 589
295 423
397 439
52 123
415 551
48 323
40 279
234 537
125 443
126 401
71 576
57 338
125 205
369 580
76 169
217 280
80 277
310 597
138 423
143 376
346 463
43 92
22 579
38 350
89 570
258 587
238 300
157 275
65 503
112 166
216 544
241 300
21 327
310 380
473 492
63 227
211 385
360 428
233 238
98 105
39 315
25 545
121 343
147 228
224 490
413 567
175 234
278 533
97 442
357 469
253 598
229 510
183 369
173 535
117 429
538 567
31 466
217 507
28 587
33 186
317 318
245 506
169 403
453 567
39 359
93 359
83 469
5 5
177 203
256 281
377 428
194 371
20 521
175 382
454 542
324 340
281 346
6 320
388 476
111 498
75 236
44 101
400 544
122 312
223 356
212 584
128 415
186 466
139 381
81 96
357 440
281 587
197 392
293 370
2 398
209 231
439 509
109 367
3 23
165 390
6 451
70 236
311 432
33 306
37 385
30 537
296 570
92 381
124 408
178 404
236 438
244 463
195 479
252 288
212 444
301 564
181 295
285 436
262 436
152 408
55 374
258 479
415 546
398 466
388 554
42 216
492 518
162 202
465 465
115 303
83 574
406 469
118 513
445 555
352 547
16 456
182 511
88 539
140 333
76 322
333 342
28 524
33 104
93 446
239 557
177 446
248 576
16 177
75 443
426 462
17 297
10 534
247 450
36 128
102 121
254 292
85 291
471 589
267 429
190 531
363 433
343 471
8 395
26 488
260 327
282 455
314 493
342 434
40 480
206 330
180 214
5 132
367 385
299 453
482 510
337 521
352 597
102 282
43 395
40 312
453 491
65 157
287 411
31 149
419 594
197 225
143 570
481 580
529 582
91 354
212 513
206 210
9 127
65 127
223 397
89 310
14 520
494 599
290 519
263 384
5 383
12 142
161 538
200 559
90 98
259 600
222 326
236 544
149 439
65 473
332 482
165 448
55 276
370 376
47 498
36 260
54 465
62 115
377 412
376 494
89 529
206 236
290 294
393 462
169 237
2 199
349 533
42 575
132 166
174 532
160 360
97 204
391 474
212 339
251 559
189 456
485 588
31 234
146 336
354 391
211 543
119 391
35 386
44 63
228 231
218 249
180 273
312 568
514 518
256 574
243 392
114 206
336 582
404 525
512 550
133 163
117 362
227 527
535 587
298 464
208 267
396 559
33 292
238 339
43 277
376 513
225 498
41 90
142 308
147 580
195 300
80 84
249 353
156 410
294 587
33 581
357 497
142 287
262 516
317 475
372 399
368 496
66 531
151 190
475 515
248 252
403 443
10 596
140 457
210 367
41 461
396 546
528 579
474 531
13 210
220 359
17 364
215 434
60 474
481 549
7 386
18 95
257 372
110 337
390 594
5 289
129 529
132 394
199 440
43 124
212 444
236 266
435 531
221 465
358 468
102 205
68 495
139 562
444 536
448 473
262 511
54 61
64 287
77 131
173 289
94 167
437 449
39 332
178 228
266 454
117 524
23 168
160 199
125 153
278 475
428 465
290 383
110 438
165 211
361 476
257 313
129 190
222 325
172 530
132 443
157 533
82 576
37 115
54 72
197 269
118 229
449 533
27 493
300 539
130 563
53 279
141 184
339 368
272 558
130 521
230 526
19 65
18 92
290 522
174 258
269 509
255 523
82 442
221 538
337 545
535 563
152 219
27 529
290 454
74 138
77 548
421 575
90 294
364 460
199 513
102 126
227 512
352 519
151 446
274 390
208 276
262 273
467 575
120 341
245 556
273 506
13 320
360 362
251 260
37 443
61 351
87 503
240 265
279 414
23 150
42 76
34 270
21 484
377 469
327 472
86 234
12 290
257 365
246 319
480 569
116 590
583 588
105 124
9 300
303 492
19 107
23 530
341 466
318 379
109 451
472 485
59 352
118 368
147 440
297 299
74 136
77 483
25 145
56 419
128 314
55 481
153 548
42 285
98 345
294 422
420 565
489 507
288 481
51 568
125 283
69 220
75 568
256 393
42 546
59 148
19 481
131 373
34 477
161 327
