999 31 1000
1 1 25 20 26 8 30 30 7 30 2 0 30 23 18 17 14 15 2 12 8 6 7 28 13 6 24 20 13 20 25 26 0 12 24 5 18 28 0 14 1 23 11 9 11 21 6 24 30 10 10 10 14 7 4 8 7 28 22 9 30 5 23 25 15 27 28 20 21 0 25 1 12 30 20 22 26 1 19 10 14 0 12 16 20 11 12 12 11 18 19 5 21 16 11 11 22 18 20 18 7 20 21 28 21 11 19 12 7 19 10 12 7 10 10 11 9 8 2 0 1 1 19 0 15 20 27 16 19 24 19 8 25 0 12 18 11 9 30 18 26 13 24 9 4 0 18 17 14 26 16 22 7 28 19 18 13 25 8 27 17 20 12 2 9 25 23 27 26 19 9 13 14 19 22 1 17 7 27 11 19 16 5 13 9 15 9 15 7 18 14 8 11 4 2 5 23 29 17 15 5 27 5 11 19 11 7 5 30 24 15 12 17 22 20 13 3 8 18 17 6 5 24 8 27 12 6 15 8 18 29 23 16 10 4 27 6 16 22 30 12 24 30 27 15 0 25 16 18 8 13 24 20 11 7 9 9 1 14 9 6 22 7 14 11 4 16 6 21 25 15 28 4 24 30 24 9 21 0 8 6 27 9 20 4 18 0 5 12 7 18 2 9 9 0 8 11 3 6 21 25 16 27 19 30 22 2 10 14 20 20 25 23 15 25 5 16 22 18 1 19 4 13 24 16 14 11 12 27 11 30 14 24 16 6 8 26 18 26 26 16 23 20 23 11 9 18 18 26 10 11 15 27 27 22 3 0 25 23 12 12 10 23 1 24 27 14 29 15 2 28 13 17 26 19 29 12 1 2 7 21 1 2 2 16 6 2 12 29 16 6 13 27 24 14 29 20 23 5 14 17 11 13 8 9 22 6 0 14 13 11 21 26 4 30 3 2 16 15 28 9 16 28 9 15 30 6 20 4 29 7 12 15 7 30 18 17 19 3 18 13 21 4 6 10 29 5 21 27 2 26 15 2 18 22 7 21 13 16 28 6 24 21 22 18 28 14 29 6 3 1 16 6 6 14 13 17 30 5 6 9 15 20 14 11 18 13 26 2 9 9 23 1 7 20 22 30 4 1 23 4 3 2 3 20 2 23 26 20 28 21 13 9 9 13 24 25 0 14 25 27 11 10 7 27 13 28 11 18 3 15 16 28 24 16 17 1 12 24 12 6 13 15 26 8 0 16 5 22 24 19 16 5 21 8 22 11 21 22 1 10 23 20 7 27 19 14 22 14 1 25 22 15 0 13 5 29 0 18 0 16 16 24 1 23 1 15 25 17 21 25 8 18 16 17 5 21 7 27 10 15 10 13 19 23 15 10 16 5 14 9 26 30 25 15 12 16 26 10 10 8 23 30 1 19 13 0 27 9 25 5 22 6 23 22 22 24 7 29 13 18 2 6 17 14 28 30 1 7 18 25 10 8 6 17 29 16 18 27 16 24 5 10 7 22 4 5 3 15 14 28 9 19 26 9 10 6 25 13 6 25 2 13 4 20 8 18 20 1 25 11 6 3 25 13 27 19 23 23 20 27 23 5 17 9 25 30 5 28 5 11 20 28 25 7 6 2 27 25 28 20 23 21 30 14 6 26 7 26 1 14 4 30 15 21 12 25 24 18 26 17 3 17 1 2 19 18 21 4 23 6 17 10 27 18 28 7 28 0 15 30 6 0 5 24 19 2 12 15 20 8 3 14 17 6 7 1 29 1 27 22 26 27 22 19 13 13 2 19 7 12 20 6 30 4 20 19 21 14 15 10 19 7 1 0 7 18 24 15 26 13 16 22 23 11 3 19 26 17 6 9 4 24 5 19 23 12 6 10 2 15 29 12 12 2 19 9 2 12 24 15 5 19 13 25 30 25 21 12 15 25 29 6 21 14 29 7 2 2 15 8 12 18 10 5 8 6 23 29 30 3 7 21 5 20 1 18 8 30 30 16 13 4 29 14 26 30 5 20 27 26 20 1 24 5 18 12 28 13 22 10 23 15 9 20 4 4 0 29 29 10 15 14 6 30 30 30 22 13 23 15 9 27 6 8 17 6 4 22 22 1 9 2 28 1 26 16 10 24 27 25 4 12 22 12 25 23 6 7 28 13 14 24 0 25 28 4 7 6 30 18 4 5 10 6 11 8 30 28 22 3 5 13 14 29 3 29 21 23 20 5 14 24 25 23 13 8 22 16 17 19 7 25 13 11 30 13 4 14
3 195
222 558
238 255
589 817
470 989
98 694
162 990
741 770
385 407
599 736
244 627
365 662
158 293
456 489
96 675
800 816
876 960
104 271
444 679
249 878
87 355
779 867
416 988
540 991
342 519
800 989
30 743
579 688
267 545
305 406
603 931
122 137
118 720
686 980
280 766
935 947
835 928
457 755
551 776
585 936
378 779
61 567
347 943
717 925
278 557
267 636
24 357
716 998
639 966
586 593
703 803
550 993
324 781
832 867
538 887
880 993
199 528
652 862
381 963
520 661
669 722
148 835
863 892
253 993
69 772
250 965
8 787
390 527
395 870
294 462
308 398
91 562
109 119
61 659
309 693
488 753
168 182
8 526
360 801
90 866
123 258
329 903
67 731
386 741
533 569
79 344
275 433
16 314
639 649
369 798
370 556
88 229
252 277
308 582
565 767
671 788
455 535
828 830
247 956
163 600
147 337
152 281
3 293
768 996
585 786
73 795
881 944
228 897
405 734
334 408
275 807
214 854
12 864
300 375
637 946
236 767
222 833
186 926
183 320
78 651
418 855
641 856
123 863
181 521
337 975
73 485
367 728
568 768
913 972
343 767
383 800
36 309
182 527
61 594
11 346
303 878
486 738
282 513
172 713
284 978
239 493
632 680
174 682
289 374
281 901
91 475
708 885
194 703
309 433
91 817
248 281
224 688
8 492
200 327
546 575
354 963
450 614
356 844
345 985
217 505
206 853
588 767
622 832
152 408
704 835
311 582
606 911
147 888
544 803
203 885
435 450
410 728
423 806
597 740
768 806
197 757
620 641
82 733
922 973
225 503
120 916
520 854
169 942
417 731
233 703
249 793
271 859
107 168
11 608
110 831
200 719
139 767
431 856
92 301
97 274
240 643
357 469
823 985
42 347
943 944
268 951
235 509
408 834
45 974
162 825
43 911
115 473
509 810
85 491
104 794
678 792
859 941
507 565
87 675
77 635
796 990
274 787
494 551
89 667
85 322
18 169
351 988
309 902
612 801
384 756
438 487
145 968
312 342
104 778
524 791
449 908
281 958
67 992
643 970
217 689
4 572
264 790
282 920
11 587
600 719
97 519
651 944
160 873
147 387
114 656
470 586
276 876
603 978
594 863
603 760
167 445
212 506
161 197
362 576
126 378
157 426
148 317
296 908
799 917
683 866
263 592
210 838
473 993
753 776
367 847
596 758
15 608
403 869
299 716
319 892
714 789
315 620
808 871
669 856
827 835
439 892
395 784
668 959
43 66
453 875
371 770
492 706
439 768
335 560
377 418
370 496
317 760
31 701
74 895
708 806
199 580
159 729
754 859
236 880
458 692
474 722
48 519
69 338
570 750
645 646
55 82
264 852
190 910
9 737
178 979
394 698
30 183
899 933
32 537
1 485
771 872
871 916
124 746
71 374
639 848
95 653
831 929
686 911
317 514
80 413
228 347
199 649
290 566
557 721
175 809
124 256
200 714
247 791
319 903
23 979
484 921
269 886
275 356
63 669
234 822
793 924
119 219
26 998
77 849
322 790
102 216
566 690
183 773
230 783
302 870
438 500
674 834
548 940
321 923
348 726
250 850
15 333
760 935
374 846
71 914
32 626
96 831
257 996
72 518
309 812
235 258
137 690
154 908
468 764
431 502
118 866
755 799
438 583
68 320
218 521
579 802
115 279
274 470
131 467
141 786
806 994
604 944
406 816
171 753
407 937
29 475
127 927
110 490
386 660
41 86
11 855
2 167
70 982
115 651
41 392
884 989
188 813
207 393
269 645
279 547
144 735
325 503
631 911
207 780
347 663
296 823
219 593
590 722
530 825
103 245
503 954
842 885
254 261
205 297
572 590
68 858
214 969
295 605
173 552
387 520
129 987
494 651
164 825
587 671
145 969
418 635
221 283
744 869
140 156
108 739
247 681
322 960
843 874
123 145
419 572
44 204
66 682
457 558
386 477
426 639
317 857
121 344
385 830
287 299
140 229
232 653
688 758
525 772
550 886
264 451
155 789
138 902
538 796
46 977
260 693
867 989
170 327
334 799
38 618
529 922
341 526
11 885
221 563
505 792
241 724
602 682
168 351
642 963
450 985
299 667
169 215
784 895
710 934
465 474
27 346
255 601
514 786
470 605
5 491
385 478
23 921
17 274
321 995
204 238
231 479
54 411
664 833
600 673
51 190
65 604
673 831
269 463
368 589
182 506
119 897
361 394
321 473
141 713
228 384
200 822
386 421
3 620
660 699
174 295
905 951
328 364
147 221
536 806
73 915
299 538
116 746
623 939
345 404
121 338
64 443
471 980
686 817
599 604
32 55
64 151
199 281
160 971
270 626
399 407
664 763
28 306
374 473
567 669
803 812
689 706
107 311
200 456
574 768
562 575
656 861
2 421
360 464
429 987
441 551
119 642
219 921
730 766
280 322
766 822
542 675
486 680
46 414
97 230
36 107
310 711
167 255
435 942
545 912
497 557
497 627
47 251
108 780
10 808
10 906
11 316
388 503
52 300
115 754
66 430
391 997
132 488
91 779
329 495
103 351
644 900
493 881
767 858
231 570
68 296
137 878
624 747
589 997
483 865
42 540
817 960
161 745
109 584
210 341
527 864
629 790
753 756
191 279
347 544
30 453
747 815
320 934
543 596
342 469
53 212
584 609
281 337
509 880
131 200
44 929
117 696
312 469
395 705
298 525
253 576
350 687
75 348
224 366
471 582
295 481
331 759
99 126
69 177
487 539
596 911
55 713
632 972
536 704
113 784
747 845
719 808
634 917
69 523
22 812
124 421
277 523
209 874
627 834
773 925
630 877
202 784
26 796
75 237
278 942
431 647
826 932
669 792
139 485
298 539
326 628
554 701
241 544
474 714
107 570
559 607
40 70
506 617
410 413
642 746
581 835
553 608
513 627
434 470
723 931
165 904
337 822
289 378
88 979
144 717
221 503
695 729
50 459
159 214
508 594
175 192
322 902
530 685
55 309
761 948
247 331
251 946
255 503
89 570
34 220
120 239
657 809
383 993
361 935
707 970
815 899
799 972
689 962
612 703
243 770
896 948
321 387
275 537
879 984
247 949
723 822
207 656
950 964
50 788
193 222
351 704
99 612
279 751
484 555
287 308
667 950
647 881
630 655
477 890
411 631
152 326
266 602
443 944
124 311
271 836
113 259
823 959
53 204
23 655
307 665
37 385
757 979
44 114
423 682
6 902
57 845
57 134
817 946
23 844
238 985
691 755
283 373
248 467
369 836
151 899
363 893
398 936
309 971
205 449
167 870
79 260
227 573
428 763
341 860
244 257
417 701
28 705
365 365
247 258
742 991
686 794
430 623
807 848
38 42
142 469
250 282
316 342
345 644
249 287
720 746
577 685
615 680
405 711
421 792
780 858
518 836
544 646
54 783
361 872
583 872
174 657
186 731
490 804
5 590
482 747
465 611
79 982
532 830
380 429
606 898
268 943
262 473
259 342
553 910
3 713
462 804
351 829
814 976
593 973
18 744
491 535
532 726
112 608
430 723
293 847
696 904
118 852
222 388
530 702
61 216
678 697
570 901
493 635
131 646
343 799
668 732
471 501
725 850
386 411
163 178
26 364
101 943
190 321
33 983
295 961
131 245
304 644
357 929
302 929
450 971
735 795
392 642
119 801
618 940
367 453
416 587
583 988
157 771
81 433
196 996
313 844
92 365
662 856
227 338
379 496
383 387
235 737
278 297
339 442
3 395
115 450
141 207
478 973
43 741
108 171
745 865
76 300
61 750
364 600
487 776
314 676
88 95
414 422
176 721
835 890
601 841
264 294
114 458
336 372
274 824
349 903
162 471
48 937
674 748
591 666
17 74
888 987
292 626
210 772
336 344
97 843
384 779
42 137
262 907
21 828
93 165
465 551
566 621
393 506
827 888
2 225
196 421
846 982
386 724
108 512
58 352
341 857
68 300
72 838
107 613
566 824
527 909
858 912
388 484
747 987
496 590
144 178
31 137
445 690
366 698
239 922
246 392
265 864
168 822
34 521
5 649
216 732
327 555
674 710
273 604
654 837
328 778
230 908
430 748
926 967
753 983
394 581
37 109
100 944
126 862
828 891
326 794
380 708
277 429
134 431
154 683
286 997
272 913
29 48
746 892
235 942
494 978
516 801
80 270
404 650
745 902
360 890
518 861
361 770
153 260
621 685
523 705
818 884
96 96
213 344
40 830
560 673
724 956
703 794
201 390
486 805
256 696
431 787
354 544
593 751
56 627
293 665
609 699
404 512
954 992
314 551
653 925
821 885
79 907
209 748
581 849
632 830
557 872
783 881
5 309
22 231
340 987
707 950
361 892
924 946
193 244
779 913
336 481
313 601
131 478
125 298
335 393
414 945
430 795
85 765
723 862
342 726
400 618
794 839
258 507
207 983
213 374
815 904
7 418
33 678
256 790
93 111
643 813
5 808
501 837
134 833
595 812
396 836
266 895
282 707
397 539
298 725
407 726
228 528
489 603
681 873
285 452
