1000 20 1000
6 6 16 18 3 13 0 2 19 2 9 11 2 12 0 14 5 5 5 6 11 9 6 18 2 13 7 2 19 14 8 8 16 10 15 0 14 19 0 15 7 14 1 10 16 10 19 19 2 14 15 0 9 18 15 4 1 14 7 10 4 11 11 13 19 15 16 11 6 9 4 6 2 12 14 6 12 18 16 1 9 14 14 19 1 18 11 12 0 3 16 6 6 5 13 0 15 0 8 5 8 14 10 15 13 9 0 10 6 1 4 12 6 8 14 3 5 2 10 17 0 4 19 10 13 11 0 7 10 4 19 12 19 2 7 19 15 16 13 4 12 17 19 17 18 0 1 9 18 14 4 8 3 10 12 16 1 6 9 16 2 17 18 14 8 2 18 12 18 19 1 19 1 7 17 11 2 6 9 1 9 14 1 9 19 11 0 16 11 14 11 15 2 4 4 9 15 7 14 15 11 19 11 18 1 17 6 2 11 0 8 1 3 2 12 11 1 11 13 7 9 3 15 19 8 8 11 14 0 0 8 1 13 4 14 8 5 17 14 18 14 4 12 2 19 8 15 6 19 1 0 9 7 17 3 19 0 8 6 10 1 6 9 19 19 16 4 12 3 10 0 0 19 15 10 1 12 4 0 5 17 10 10 13 16 17 16 4 14 12 13 12 1 0 18 17 3 10 16 7 4 11 7 15 2 8 8 12 2 1 9 12 7 9 7 4 7 14 10 12 0 7 11 6 17 6 1 8 10 17 1 13 2 17 9 19 6 14 3 14 16 12 17 14 10 12 7 8 14 16 15 3 14 12 4 4 5 11 19 10 11 9 5 18 19 15 2 10 13 4 6 7 8 5 3 6 14 10 18 5 5 2 15 6 12 17 18 1 9 8 7 14 4 2 8 10 5 16 0 15 14 8 2 16 19 9 2 14 4 12 5 15 15 19 7 2 0 6 9 4 16 6 12 19 3 18 4 15 9 17 7 9 3 13 2 12 4 0 16 1 1 9 19 18 13 18 4 19 16 17 9 17 2 1 7 12 19 8 7 11 10 8 6 9 6 13 2 9 14 12 11 1 0 9 10 13 16 16 1 2 11 17 1 18 2 12 15 17 11 0 9 3 7 7 2 18 6 19 17 0 8 18 19 6 5 7 0 2 7 15 7 6 15 9 4 2 14 19 15 11 18 16 4 1 6 0 6 14 6 14 15 8 8 12 13 9 16 12 11 10 5 1 0 15 1 4 13 1 1 6 17 5 17 9 18 13 5 19 11 13 12 17 4 5 1 14 9 8 15 17 5 0 18 9 2 7 8 5 7 13 14 4 12 8 2 13 15 7 8 10 7 13 10 14 9 16 12 7 3 18 6 10 17 16 1 8 13 10 17 16 11 2 4 4 6 10 9 12 0 11 14 16 6 15 4 8 8 2 19 3 17 8 2 9 11 0 2 4 10 5 19 2 19 6 8 10 10 17 11 4 19 2 3 10 0 8 6 18 10 15 14 12 7 2 13 15 16 19 16 5 14 18 0 16 3 0 10 12 4 4 9 7 1 7 3 6 11 1 8 1 12 12 4 11 13 7 0 7 15 11 11 10 16 9 16 8 15 7 1 0 3 3 0 8 10 1 9 12 6 12 0 9 14 6 12 4 2 14 16 16 0 8 8 10 5 7 8 16 5 14 13 13 17 4 12 4 1 4 0 16 12 4 6 6 4 0 8 10 0 3 19 10 7 15 3 5 9 14 1 7 0 2 6 0 14 1 1 18 15 6 7 16 9 7 14 6 7 11 6 9 6 5 8 7 9 0 9 13 14 8 8 10 6 5 13 16 0 6 19 19 18 15 12 19 19 9 3 5 9 4 7 11 15 17 3 8 19 6 17 2 0 11 9 10 9 12 15 12 0 14 13 12 19 14 11 6 14 1 16 18 16 3 8 10 4 1 16 16 3 14 10 6 8 8 9 2 3 3 7 4 12 0 8 11 19 12 2 5 18 14 10 18 15 5 3 14 1 4 6 13 12 18 7 2 14 0 4 3 0 10 5 15 12 5 5 11 8 15 16 11 11 3 8 9 5 7 16 10 5 7 9 19 1 10 8 11 5 5 12 5 17 11 15 3 11 7 0 0 8 0 12 8 14 19 14 9 18 16 7 15 16 17 7 12 3 11 5 1 17 4 3 1 2 17 12 18 13 9 10 17 15 16 9 14 10 3 13 18 19 14 4 9 12 13 4 14 13 14 3 1 15 5 6 9 0 8 16 10 2 9
99 514
44 695
657 737
208 793
262 401
645 845
8 207
696 845
742 743
406 704
542 559
493 699
122 688
26 560
77 570
511 719
36 408
311 663
256 267
42 133
798 811
251 570
370 681
170 298
133 239
482 965
191 763
186 950
228 567
485 741
219 972
164 344
407 883
312 769
447 813
132 840
197 853
48 425
487 719
123 469
349 395
568 839
215 539
271 903
411 634
462 824
395 612
12 542
169 367
192 616
364 776
603 927
369 580
180 583
223 255
27 769
257 623
171 383
56 876
62 534
87 449
439 698
677 741
637 663
452 572
482 863
153 312
730 934
44 137
184 251
391 410
362 494
277 956
324 726
246 530
345 554
227 281
196 291
23 418
303 434
657 736
479 551
874 956
334 565
159 472
106 479
479 926
468 719
677 845
464 792
131 258
533 805
403 984
77 233
101 308
147 796
123 818
433 611
299 463
911 924
473 937
19 372
66 156
350 647
630 814
110 905
138 905
150 880
516 628
164 779
913 980
192 261
779 836
747 947
338 802
323 746
402 798
96 133
682 782
27 450
97 163
195 597
764 979
871 884
95 457
142 518
50 731
12 592
112 814
210 976
423 503
277 764
773 993
335 825
425 481
327 478
862 876
429 617
209 400
549 998
369 656
264 778
235 888
273 307
390 748
116 789
252 900
176 397
47 711
250 482
387 781
615 872
529 667
559 644
555 814
351 691
129 879
97 376
543 629
547 954
240 918
42 293
89 260
349 706
92 748
366 369
621 987
137 566
77 671
13 440
491 726
529 893
434 682
526 566
584 645
402 901
579 788
376 466
386 813
206 573
718 786
87 424
584 596
354 380
6 658
804 912
353 663
562 837
149 417
81 758
271 593
17 377
120 594
354 371
816 923
305 635
191 848
714 727
259 534
127 836
22 241
341 777
216 503
555 724
254 894
107 751
511 973
19 979
591 940
171 485
109 278
55 922
641 846
354 956
62 66
137 216
582 908
442 960
755 885
535 985
921 966
157 745
103 977
70 362
418 960
375 456
368 925
651 689
94 137
601 969
132 308
350 380
496 499
125 923
56 359
744 929
108 802
609 794
478 900
84 279
168 300
518 794
145 967
236 345
417 602
88 162
278 987
359 636
335 717
387 388
93 600
382 480
235 548
227 969
306 964
208 751
394 441
261 525
410 636
330 680
53 941
38 633
571 910
5 645
38 188
112 162
432 766
269 715
78 644
554 688
776 977
356 469
83 832
33 876
443 650
850 982
509 670
382 425
29 150
145 434
99 528
309 692
334 638
497 835
574 842
676 752
395 973
708 933
450 785
23 643
375 897
1 420
574 868
49 457
367 667
115 822
23 367
324 669
492 968
663 870
112 545
288 453
59 592
509 632
545 735
80 336
337 984
314 370
383 750
64 847
196 936
384 668
462 627
187 265
810 811
574 771
22 983
332 690
371 547
709 887
42 876
166 585
495 898
451 495
302 911
7 328
176 430
54 182
533 706
307 320
181 512
315 475
216 709
542 633
620 911
470 857
551 717
1 527
874 961
256 613
316 916
287 314
483 773
664 727
383 524
61 485
663 673
3 536
334 640
772 817
144 359
4 167
212 244
209 680
169 292
4 99
144 277
662 800
564 720
264 821
756 789
26 936
71 514
610 955
158 627
14 398
199 472
361 974
681 871
649 897
227 793
116 411
207 688
788 904
790 981
147 285
190 974
510 731
337 511
304 366
77 228
839 957
887 949
142 467
403 762
329 904
370 626
186 644
507 783
345 825
560 599
350 543
26 592
100 319
440 552
357 510
399 440
537 670
336 746
34 655
823 831
56 80
946 999
708 983
278 997
273 595
41 830
271 804
108 883
634 674
414 905
69 90
293 823
530 636
185 304
936 978
824 942
354 999
92 803
726 878
479 942
426 589
559 763
603 869
821 899
353 748
271 667
482 564
41 646
427 565
225 629
233 322
155 278
775 917
263 774
358 918
319 572
801 870
791 976
703 738
328 829
505 791
195 486
212 952
280 912
618 777
179 727
869 922
208 808
217 549
210 931
508 757
270 812
210 698
292 680
378 913
155 989
476 988
340 966
274 830
171 465
107 262
287 400
37 315
293 457
56 334
141 452
532 672
29 622
314 317
275 827
577 751
878 888
513 772
530 966
681 903
741 904
368 559
110 443
283 663
424 507
853 922
599 925
10 468
312 729
109 280
205 960
241 806
318 702
470 782
56 884
832 912
541 832
564 833
746 926
5 366
291 833
101 939
472 620
228 607
753 931
187 996
60 151
507 705
764 788
145 958
704 887
557 568
933 970
101 293
319 802
381 742
207 891
66 883
592 792
431 800
205 413
57 734
129 266
541 825
677 769
558 823
162 825
175 297
203 207
682 756
122 132
923 940
28 689
620 942
594 824
176 838
38 668
356 584
295 532
40 112
324 658
173 358
209 367
166 793
306 691
150 358
106 334
593 647
329 399
818 917
401 487
614 721
714 740
108 815
251 944
378 519
346 836
523 655
64 869
4 39
483 827
1 750
135 159
156 558
453 585
146 785
464 589
200 606
234 715
19 777
872 993
268 610
252 294
21 705
782 850
74 677
458 625
258 276
197 488
646 871
457 476
302 749
199 300
48 787
246 369
398 770
305 639
96 778
606 608
432 920
410 451
537 964
119 323
308 331
575 834
249 979
776 790
86 791
977 988
76 591
417 895
311 961
431 788
505 651
335 994
98 234
282 822
234 418
352 955
392 843
84 459
45 584
542 700
73 107
214 691
793 893
11 852
346 965
794 878
382 827
33 158
265 912
288 477
197 586
580 937
47 627
702 705
315 406
747 793
695 934
409 427
330 681
679 852
868 968
29 144
312 761
149 755
538 612
237 533
284 784
39 48
81 240
471 503
96 408
21 244
265 278
463 468
193 789
374 534
427 791
674 891
105 998
207 217
166 575
170 510
854 867
61 120
4 765
528 553
791 973
89 906
292 529
749 827
32 896
268 607
302 379
270 463
446 492
37 382
767 823
160 351
613 840
266 446
737 865
308 470
552 971
370 810
29 675
623 917
35 534
34 109
878 882
148 722
148 869
339 607
218 393
463 925
24 115
243 281
573 927
721 875
35 392
226 291
238 780
595 926
393 839
435 760
186 683
54 708
149 969
351 940
181 555
243 692
591 647
161 833
153 770
272 706
206 227
275 551
66 533
263 286
357 418
373 670
772 897
261 755
83 638
679 783
577 804
408 483
307 366
524 717
89 988
69 260
358 650
306 348
164 314
46 944
741 925
788 963
510 814
598 637
515 643
649 664
315 412
420 821
421 886
84 194
83 277
111 209
114 424
362 656
671 820
352 608
781 794
359 426
26 79
145 214
141 157
12 354
40 392
244 538
347 689
464 822
108 699
397 675
227 556
414 490
37 377
654 690
772 988
762 923
121 978
285 565
420 744
69 552
190 270
544 881
458 508
323 902
561 800
410 487
371 558
593 760
105 436
66 963
360 424
974 977
705 773
851 903
657 706
176 363
322 852
564 953
445 487
113 709
144 924
480 744
310 675
821 881
586 713
120 623
916 997
678 692
624 730
335 622
582 642
378 387
274 997
4 213
619 830
371 937
30 859
432 605
50 292
56 896
347 882
200 309
826 968
488 580
92 730
50 104
388 852
217 855
157 398
61 289
171 346
25 660
309 441
390 877
147 756
98 669
254 994
331 776
202 207
284 522
534 723
18 967
440 524
687 700
140 639
35 116
398 748
405 697
587 865
124 440
682 697
225 637
504 848
197 865
805 828
631 964
695 980
779 977
875 890
370 935
197 583
325 665
2 429
489 506
768 967
415 979
338 955
682 699
351 806
98 526
501 746
176 410
361 961
766 971
681 714
391 575
910 995
184 341
609 796
127 297
151 983
19 735
745 883
533 796
168 298
472 782
615 873
166 814
488 529
125 581
389 750
128 804
172 652
340 639
42 480
534 954
462 932
216 450
635 697
916 944
19 508
97 595
508 619
80 564
234 725
552 641
267 985
398 408
586 775
68 826
97 197
93 495
91 751
48 695
454 749
397 884
129 837
134 592
125 578
646 670
133 678
104 798
645 958
149 196
579 777
79 101
180 828
683 762
120 840
361 872
214 274
19 466
632 810
28 192
660 826
323 897
453 691
267 581
874 990
236 816
554 766
549 711
93 496
214 506
298 763
470 678
334 880
401 589
16 671
310 677
271 801
724 942
209 967
506 651
661 682
370 542
798 842
153 427
355 567
108 398
41 596
215 420
420 896
142 583
724 962
772 830
622 685
408 823
394 843
209 658
305 728
227 904
147 433
308 915
36 874
276 515
323 939
161 392
300 443
168 327
630 926
8 758
518 752
317 600
339 992
748 918
405 569
199 445
49 825
1 174
123 164
179 310
137 378
169 712
343 589
229 970
313 534
496 954
657 972
552 552
339 717
63 361
227 592
293 794
673 676
4 534
3 203
380 785
50 99
102 389
680 809
300 690
464 756
310 979
594 694
133 404
322 762
395 752
706 742
