1000 30 1000
15 25 9 12 12 0 16 14 1 26 15 11 14 21 8 5 12 10 26 21 25 3 10 27 2 22 4 24 12 23 17 5 24 27 22 29 12 5 9 16 21 15 0 10 16 2 21 13 25 9 22 7 28 29 28 2 23 28 16 10 0 12 15 20 7 29 5 5 22 6 9 4 10 3 10 14 9 19 4 26 15 3 25 18 1 18 28 28 3 7 13 22 0 20 29 21 21 8 15 25 17 11 22 29 27 10 6 10 21 17 21 27 29 3 29 4 7 13 7 14 28 19 18 25 6 24 18 15 20 27 13 29 6 0 18 14 4 2 16 4 4 25 14 26 27 27 1 25 29 11 4 12 6 8 25 25 11 26 28 18 8 4 19 1 20 4 17 27 2 2 8 3 10 25 2 18 22 10 11 16 19 29 14 3 2 10 20 11 18 8 27 22 16 5 5 4 2 20 14 6 10 2 5 4 22 21 1 2 12 5 2 20 14 25 12 18 20 16 26 3 21 16 22 21 18 2 14 3 5 17 16 9 18 21 26 0 13 29 16 0 27 9 28 1 18 20 17 20 4 15 14 25 27 28 29 5 11 14 11 15 17 16 18 11 27 5 29 7 10 1 26 9 19 26 3 14 15 0 13 2 4 4 13 11 13 26 11 25 8 9 26 9 26 5 14 13 19 21 29 5 17 21 17 20 3 10 1 5 17 8 1 18 3 28 4 9 4 22 13 6 4 25 13 27 9 7 17 12 8 13 0 24 3 12 4 13 26 6 8 17 4 21 15 23 10 11 6 5 24 12 8 4 26 25 27 23 16 29 23 6 20 23 4 14 14 10 27 24 17 20 14 6 17 7 9 16 26 22 8 2 7 25 14 26 4 2 3 2 19 15 15 25 16 24 4 18 26 22 22 9 12 28 6 29 12 26 14 19 2 14 9 4 18 24 22 14 8 13 18 13 25 7 29 17 13 22 1 3 0 10 25 0 10 12 19 18 5 15 28 13 16 5 15 23 3 29 4 14 13 18 24 19 29 4 20 2 20 11 24 18 5 11 25 13 12 19 15 1 1 6 14 6 14 26 14 10 7 14 7 6 2 6 6 23 16 19 12 24 29 18 3 26 20 10 2 1 3 6 2 27 11 7 9 4 12 11 22 1 18 27 4 4 11 14 17 5 17 0 17 11 26 0 25 4 8 16 3 19 24 19 15 0 6 13 9 27 25 12 3 24 11 17 28 14 19 6 16 13 23 0 14 29 26 21 27 17 24 10 1 0 10 18 4 18 15 22 3 17 10 10 18 23 5 28 27 17 6 24 20 23 29 2 0 9 2 29 24 3 23 11 6 15 5 11 24 23 27 27 13 18 10 6 5 13 14 5 13 14 15 18 21 2 9 11 11 20 7 22 13 29 5 9 2 11 13 10 8 9 26 17 1 24 5 6 7 11 13 1 3 13 2 24 4 2 27 1 10 12 10 14 7 9 11 25 1 24 28 0 20 2 11 5 13 17 15 20 26 29 19 0 28 4 27 2 10 5 25 16 16 2 7 25 27 15 6 13 21 29 3 4 17 4 12 6 29 22 15 10 10 25 0 5 28 2 20 6 11 12 0 28 6 2 29 9 10 24 11 25 6 1 17 25 29 4 24 9 5 0 27 3 22 26 10 7 1 26 7 28 5 28 10 15 8 29 17 9 9 5 26 29 12 25 21 8 25 12 21 11 13 2 14 19 19 19 17 6 1 16 26 0 18 19 11 8 23 0 6 7 8 1 13 11 17 22 23 26 22 15 21 3 22 25 3 28 26 3 14 1 27 12 11 19 6 19 8 19 22 26 9 5 14 1 12 7 3 12 18 0 20 25 4 20 22 15 6 12 27 13 11 21 29 17 1 28 9 12 4 20 0 11 2 9 11 15 5 21 19 6 15 19 13 18 11 11 27 4 19 16 23 17 6 27 8 7 12 21 3 8 17 15 12 3 15 29 26 26 0 29 25 13 27 23 20 21 19 5 1 29 27 7 1 10 14 20 24 19 2 26 8 6 14 13 25 21 17 26 0 7 4 13 25 2 28 23 9 18 16 19 24 19 24 20 23 7 21 2 13 6 29 25 14 23 26 22 7 1 24 22 25 10 0 23 18 0 6 12 3 8 3 28 4 25 23 12 10 28 14 8 15 9 0 26 9 0 24 27 24 1 20 20 6 2 9 7 20 29 24 21 24 28 2 24 5 21 28 26 20 22 26 1 27 23 10 11 16 1 29 19 7 8
97 606
900 987
653 692
620 995
635 685
562 938
328 463
340 771
227 903
464 993
130 340
204 415
267 573
45 151
478 898
304 828
631 675
368 997
131 349
253 897
764 790
491 890
114 317
198 727
545 547
126 343
673 930
494 908
583 902
232 972
463 738
78 702
921 946
527 564
568 578
300 906
599 783
188 537
886 930
683 716
261 931
497 861
247 885
566 989
392 582
145 195
233 259
479 543
156 880
625 760
26 173
60 397
362 487
236 425
546 613
271 394
635 704
399 794
342 583
156 690
292 779
262 708
302 880
424 635
379 640
234 562
241 362
782 876
295 918
286 950
67 839
39 397
903 993
7 587
216 258
589 935
788 851
339 558
459 582
600 665
120 229
445 518
417 583
262 521
395 643
469 603
232 946
468 930
419 948
120 984
305 791
3 293
275 660
511 664
214 739
261 882
651 934
684 831
183 539
62 711
755 761
672 758
31 34
282 723
477 878
93 450
16 94
636 775
137 624
197 297
37 126
592 618
258 510
308 596
129 199
598 636
621 928
248 383
68 306
229 736
849 950
623 834
58 586
350 518
148 692
401 707
277 997
327 760
285 405
329 469
44 968
523 699
249 697
118 243
669 714
101 489
228 896
481 623
450 844
245 288
358 765
678 782
349 961
336 977
473 858
171 772
101 763
12 363
170 533
475 910
40 285
948 987
888 922
456 996
925 962
729 785
738 922
738 845
50 201
30 33
579 858
387 418
177 813
357 665
616 687
314 876
507 567
415 739
422 567
8 312
268 929
73 635
152 883
390 870
125 972
640 960
523 867
405 560
44 689
605 833
96 555
368 833
438 663
314 315
492 770
55 977
837 947
444 979
781 987
280 484
104 784
400 542
458 541
696 750
82 528
207 311
547 827
170 992
30 607
688 843
164 367
90 208
42 231
160 557
11 430
473 971
46 303
621 658
17 483
180 320
290 448
169 861
302 464
567 886
483 917
211 912
466 834
521 964
91 380
387 707
697 816
124 603
96 511
12 126
299 793
839 938
93 682
315 779
616 896
5 778
281 601
300 401
136 222
144 590
52 461
452 590
125 352
226 857
86 634
605 782
649 674
202 355
699 745
332 530
736 858
770 778
47 392
260 340
134 291
880 903
549 826
190 486
584 655
619 916
44 56
577 613
330 440
44 352
505 914
917 974
652 674
317 696
286 657
123 385
152 640
622 958
22 474
111 441
439 560
347 972
238 736
77 120
537 769
726 751
405 843
141 227
324 500
334 377
489 883
30 102
29 887
168 731
725 887
421 684
34 668
62 550
72 699
336 885
454 472
12 585
866 960
219 995
58 240
207 730
399 494
518 537
358 539
489 520
286 519
798 830
576 727
112 852
202 421
687 774
658 712
376 456
768 795
483 630
117 747
292 418
673 918
14 258
175 710
103 327
218 722
16 273
405 494
79 237
286 529
396 735
749 874
16 73
430 491
168 327
329 356
318 337
523 726
577 648
738 865
533 649
201 701
165 312
137 199
149 964
321 897
90 109
233 955
37 641
490 516
299 320
416 613
681 831
76 816
245 364
384 961
350 631
16 420
125 512
637 993
250 799
364 517
270 754
301 544
73 222
398 628
472 829
347 742
323 557
194 474
216 437
562 570
32 651
451 671
540 708
317 736
638 713
330 435
585 729
642 696
53 790
276 572
799 987
224 769
57 895
218 620
107 243
561 926
130 649
229 993
284 693
664 895
418 675
564 567
206 569
322 981
74 568
645 645
511 792
375 626
273 802
69 406
221 756
418 435
173 322
132 851
470 617
28 803
388 552
496 553
391 396
121 739
753 824
764 892
631 978
2 312
3 284
19 488
175 749
232 855
403 809
433 898
711 795
615 890
620 792
650 822
494 879
537 607
565 698
207 840
212 687
97 432
181 777
473 512
441 840
389 718
130 965
235 849
47 677
303 994
103 783
138 344
159 463
285 374
16 485
67 689
283 646
39 669
272 681
668 774
459 647
490 857
15 120
61 636
89 432
66 221
394 894
371 431
553 803
257 462
200 970
9 501
106 488
151 739
281 433
330 894
267 944
215 815
393 749
272 860
86 629
478 634
287 388
335 593
448 745
313 864
69 654
297 669
75 738
679 763
216 376
98 358
241 585
848 925
65 943
317 947
349 524
226 726
417 562
161 670
686 969
340 868
199 263
283 444
670 973
137 524
458 478
53 700
709 739
339 712
325 715
168 934
1 835
320 640
695 932
462 784
507 759
580 783
300 995
477 499
152 242
172 851
613 710
691 706
172 310
346 753
711 852
207 356
162 621
855 974
5 848
228 760
169 684
191 329
487 502
413 806
629 691
47 733
133 450
799 998
395 650
639 980
257 335
171 807
541 864
160 213
641 924
284 312
96 209
406 545
238 863
88 177
283 825
307 387
100 436
179 244
608 991
215 536
156 166
347 562
210 866
378 472
49 595
73 90
454 623
178 844
249 897
613 662
751 904
68 218
178 350
142 780
294 483
454 849
562 613
7 248
472 493
177 695
80 805
60 916
594 683
178 706
130 542
34 749
645 826
325 499
690 924
3 152
295 678
70 578
665 867
36 452
370 662
230 627
155 206
450 745
81 274
18 68
80 183
585 797
148 766
204 245
756 813
481 962
7 266
111 622
828 995
314 754
437 826
495 593
143 570
22 481
775 941
679 789
183 500
505 628
113 592
647 956
477 826
801 984
158 232
170 988
89 112
111 896
444 992
15 423
621 724
80 196
943 943
682 728
260 742
661 861
708 874
160 509
224 252
324 554
126 481
288 618
871 900
7 295
325 766
406 795
480 560
404 968
335 421
101 644
150 171
106 193
379 962
581 843
678 836
376 504
129 897
560 881
103 652
196 615
345 984
331 822
344 985
5 416
442 791
381 739
24 860
93 946
250 951
376 850
298 566
595 841
139 944
837 908
314 451
112 524
91 168
165 926
245 650
60 208
28 617
641 917
304 816
77 733
45 706
4 542
148 725
571 773
179 691
373 594
118 346
953 970
39 794
401 846
681 759
420 754
877 889
157 659
523 787
236 391
217 414
830 957
741 932
119 808
514 652
494 769
132 148
549 714
422 476
666 774
497 845
442 723
580 613
124 755
631 885
343 892
220 293
212 233
359 832
410 487
847 979
231 988
424 952
442 838
301 508
578 774
124 232
560 725
379 1000
347 700
378 426
162 455
815 969
193 288
496 822
439 876
285 297
80 486
729 955
328 998
5 378
244 917
267 977
312 324
256 791
572 986
91 617
37 41
704 797
277 350
817 978
89 316
92 467
159 228
745 840
406 944
240 904
853 896
519 982
20 617
306 707
30 596
852 939
349 681
515 724
351 644
149 156
6 800
333 372
404 714
478 973
170 976
230 893
615 926
152 581
55 223
444 729
497 821
501 561
364 650
361 534
312 644
350 354
950 997
10 341
479 682
532 791
508 743
180 565
278 422
874 925
452 839
277 822
501 650
196 742
525 606
414 912
262 945
479 639
127 525
408 935
754 908
3 608
725 965
532 780
82 843
116 404
123 425
624 904
449 727
147 570
934 981
863 964
514 815
720 997
72 235
296 522
691 757
56 120
102 723
594 995
831 879
299 644
620 799
89 691
363 586
676 813
232 512
312 989
289 904
78 119
114 841
173 447
193 303
304 822
244 622
223 581
470 943
205 950
66 910
107 840
592 704
149 603
190 694
100 163
524 951
505 725
262 573
327 896
213 385
387 635
647 687
206 371
185 917
133 773
1 53
245 258
436 477
798 923
61 644
356 973
515 552
517 703
744 956
91 213
143 727
108 461
64 468
720 956
96 273
118 685
320 979
645 972
681 773
522 806
679 811
112 268
701 896
821 989
416 496
326 634
431 736
55 434
118 203
443 707
185 767
337 812
210 550
470 938
256 802
68 199
384 713
77 96
535 778
609 740
267 351
406 592
108 462
160 838
667 792
557 772
126 228
733 843
89 773
400 900
416 482
324 914
207 271
147 392
869 919
856 897
487 802
578 940
287 588
231 548
882 966
151 258
494 841
828 851
16 92
638 839
38 200
312 478
509 883
709 911
155 382
905 968
287 959
586 694
573 935
429 451
717 939
408 934
253 818
257 997
99 366
508 533
660 810
723 850
359 689
188 568
318 884
316 455
261 951
64 626
637 831
419 422
8 363
555 804
862 962
183 398
292 522
592 857
411 854
79 649
144 995
378 945
15 919
204 799
351 408
56 263
101 949
177 317
46 900
228 795
663 797
167 946
585 994
773 970
448 962
118 375
300 914
97 497
215 777
655 935
14 386
468 784
863 979
340 537
398 468
62 348
214 365
702 765
427 986
95 637
102 905
444 870
785 854
157 999
422 672
107 354
58 906
99 804
61 503
69 178
510 683
66 277
530 984
276 419
537 543
104 799
268 982
184 379
294 533
402 405
449 913
719 933
204 364
180 629
24 979
373 708
587 890
219 378
288 574
672 918
243 748
710 863
148 976
302 460
659 792
305 959
62 373
10 35
581 946
661 683
