1000 500 1000
125 393 374 142 279 467 108 184 416 390 115 45 167 12 274 329 174 32 95 62 454 267 154 403 37 259 139 401 266 129 486 86 9 492 319 139 191 266 441 375 462 0 286 125 335 137 300 452 175 138 452 260 193 10 210 277 127 256 397 44 375 94 441 119 311 391 47 393 437 240 278 22 113 143 152 254 454 191 445 86 15 306 388 450 460 334 322 114 4 179 166 14 39 189 494 96 247 418 484 275 160 75 88 292 228 215 339 322 200 387 469 403 102 387 434 273 116 213 275 325 268 218 13 428 19 488 448 314 171 194 337 339 377 108 382 44 278 165 201 343 256 498 309 258 362 424 192 316 266 93 309 438 420 369 470 269 223 22 318 159 98 280 16 32 109 97 336 173 492 332 480 450 14 405 457 48 364 72 44 385 12 51 487 309 177 346 256 64 384 325 329 157 82 298 393 344 438 58 470 172 283 91 451 80 153 327 203 408 310 312 40 69 455 264 315 271 218 180 185 412 357 130 402 68 170 340 199 342 482 132 419 493 326 427 30 122 439 68 236 215 256 160 111 151 249 301 20 201 47 293 17 482 114 469 157 177 234 430 155 354 134 99 195 27 53 367 222 27 246 299 260 238 297 116 171 315 429 124 399 187 471 305 114 488 483 171 63 458 390 354 251 267 165 402 51 112 483 81 230 452 21 398 115 430 101 320 355 417 159 90 49 5 282 337 306 404 209 442 384 315 142 196 42 267 232 496 187 419 26 415 307 126 65 188 479 61 333 163 25 9 197 370 133 7 216 194 485 374 355 379 89 103 136 202 158 296 453 1 413 404 187 136 398 243 230 116 350 328 239 43 108 453 406 163 323 298 285 179 325 104 118 433 22 262 399 350 471 445 448 433 161 213 186 269 456 173 318 209 34 198 323 35 135 141 231 314 431 134 314 365 362 462 206 304 220 490 444 29 478 77 324 87 472 235 237 203 417 113 451 11 339 28 376 261 344 497 203 463 455 2 194 490 38 131 357 191 55 244 203 488 66 4 265 159 493 432 374 368 369 179 301 213 297 87 56 291 401 204 303 390 280 38 444 284 491 440 303 184 281 6 239 492 294 28 312 295 422 120 54 177 141 159 181 430 174 156 404 141 299 349 346 18 21 257 466 356 460 372 127 164 407 115 380 2 163 46 128 336 43 196 172 367 453 432 8 435 289 449 120 107 268 222 424 77 481 73 287 94 95 414 406 395 221 283 104 338 417 477 244 5 468 176 163 360 369 469 29 372 229 447 157 160 407 59 422 69 183 119 366 301 228 76 202 298 98 231 248 72 461 60 15 359 358 468 227 494 105 205 201 154 129 482 33 465 51 469 128 73 153 228 48 271 4 70 388 475 375 240 247 310 301 472 85 396 133 475 51 371 185 140 158 38 440 362 347 226 378 69 351 174 202 421 147 273 230 445 18 97 40 61 80 239 207 414 152 294 308 75 106 173 370 117 191 348 217 57 48 342 400 369 170 46 253 288 373 240 462 85 162 370 178 426 300 128 490 110 274 144 446 383 151 421 23 338 21 489 126 457 107 313 183 412 57 345 245 284 493 138 344 29 78 474 199 347 155 362 184 431 142 413 491 372 152 381 113 197 30 190 123 19 241 260 48 19 98 216 382 155 105 202 134 242 147 386 15 422 443 404 433 123 227 252 243 497 221 389 400 424 461 84 317 411 390 361 396 415 348 423 423 63 58 73 46 344 172 210 26 497 330 300 119 201 233 396 265 460 147 250 457 224 291 66 121 386 230 121 211 146 141 326 486 435 294 199 200 162 379 118 495 159 403 149 78 489 402 361 260 219 132 206 302 210 84 486 150 231 253 437 254 449 103 25 353 41 281 319 402 469 476 31 487 326 288 487 335 20 62 351 458 483 271 59 359 212 407 329 64 271 145 266 95 24 179 67 150 168 484 188 429 13 419 8 56 92 190 25 464 52 343 74 48 98 363 305 284 434 352 466 75 71 181 70 18 487 272 200 262 337 214 74 206 398 410 255 376 322 499 456 234 27 31 67 275 79 368 27 425 341 205 419 55 7 450 317 394 108 321 331 259 155 48 3 50 280 182 297 239 34 112 82 364 169 450 459 20 447 473 142 100 179 345 327 242 210 220 91 335 425 395 415 263 436 226 128 493 52 409 354 392 270 468 300 232 229 42 22 48 493 107 349 73 456 134 77 244 225 287 397 431 223 110 148 276 290 352 217 288 376 321 410 83 267 208 124 341 81 114 395 71 36
428 547
28 860
132 941
537 849
881 915
323 846
659 891
477 788
583 850
533 703
5 572
557 734
642 930
178 620
32 691
117 151
82 888
543 562
722 825
338 550
544 751
302 996
328 402
279 568
230 323
557 891
677 829
328 562
8 816
584 775
468 929
508 625
311 622
47 47
642 838
512 885
686 716
251 554
100 506
522 758
429 658
600 814
51 974
50 60
548 752
300 534
506 681
860 991
314 545
242 759
320 941
394 921
514 742
511 592
193 680
288 719
1 654
133 395
185 279
77 369
505 697
770 835
440 455
79 893
14 648
205 935
490 772
102 602
509 793
10 149
173 803
356 632
358 714
285 951
427 532
111 885
181 745
532 925
676 734
476 651
439 915
234 677
525 560
488 513
30 107
186 730
427 962
392 569
737 755
409 459
717 745
516 848
23 241
113 346
179 830
547 667
257 430
529 972
171 688
931 986
206 637
235 377
610 801
857 918
776 787
111 659
169 318
165 452
299 914
341 672
819 955
61 69
690 796
170 662
672 831
684 860
7 768
399 991
431 727
739 740
273 717
505 773
499 853
217 517
203 697
321 844
493 875
729 938
303 929
528 822
350 499
102 622
544 858
256 608
257 372
819 849
507 858
243 452
281 906
31 223
481 968
135 370
176 980
35 239
502 929
333 686
138 310
92 986
286 834
82 237
258 669
928 979
182 378
330 414
716 954
198 630
744 752
273 435
247 826
964 973
19 61
305 315
664 771
285 832
762 857
467 775
585 687
227 518
313 935
538 739
29 551
269 456
371 897
88 579
345 553
410 463
20 136
222 337
452 503
5 690
48 52
215 367
154 363
113 853
257 452
674 782
53 612
376 503
288 497
28 349
671 897
586 677
866 890
232 586
12 338
430 439
390 445
227 713
86 748
274 586
180 749
423 635
103 190
898 929
210 796
201 750
38 853
16 333
585 743
334 554
43 170
423 456
967 983
447 661
523 931
558 932
8 997
837 851
165 448
77 768
524 960
457 461
111 296
388 454
303 525
447 643
171 528
315 700
19 728
472 777
306 442
64 576
211 257
479 871
30 491
170 495
11 881
44 459
256 417
801 911
26 402
491 876
355 518
300 772
196 252
300 895
712 769
150 181
384 954
272 274
232 781
392 647
79 380
854 962
678 767
544 582
253 597
759 952
391 873
174 391
46 860
289 713
941 976
515 923
366 569
10 517
224 601
145 277
11 583
426 996
714 953
491 813
290 642
61 602
754 758
513 931
794 841
548 919
192 626
529 894
291 774
805 823
382 936
405 569
674 916
246 610
630 701
249 964
370 396
42 697
657 815
42 646
594 657
2 601
407 714
223 846
526 527
215 646
639 949
752 808
67 202
129 591
585 630
653 827
271 628
359 545
828 934
380 926
96 381
404 956
88 774
245 964
482 496
68 327
230 232
327 702
538 711
75 295
196 239
97 275
417 505
2 525
269 274
49 850
303 960
153 792
581 817
244 303
405 697
350 581
270 776
61 140
18 895
343 980
151 362
854 991
330 882
523 600
758 995
161 700
97 154
511 802
158 939
357 934
100 406
616 927
282 560
123 952
101 143
45 790
55 881
177 675
125 701
210 916
470 825
820 970
298 676
119 398
325 372
27 146
98 672
177 954
17 805
472 580
547 583
251 361
74 874
63 579
186 310
492 734
386 608
111 310
154 958
289 902
490 888
81 339
52 741
333 519
656 789
384 482
386 627
115 672
427 758
285 728
455 616
9 683
612 839
402 790
319 807
250 791
301 930
202 964
404 954
632 763
599 800
335 443
409 831
424 626
149 754
596 780
465 734
162 647
410 531
395 872
218 581
127 463
434 477
180 253
514 945
316 785
261 612
128 761
495 663
534 637
42 249
308 994
597 656
515 819
335 687
518 872
15 677
553 976
130 783
155 941
205 319
321 365
241 529
304 909
73 254
23 792
633 642
483 889
181 855
37 106
117 360
401 447
18 941
817 925
189 766
763 882
306 479
910 949
42 934
8 829
280 437
73 628
461 987
417 954
489 971
568 997
411 785
680 949
218 429
188 641
146 245
244 941
581 641
348 905
24 843
216 866
409 662
674 846
30 645
123 485
866 952
140 675
138 893
534 978
711 797
458 528
654 663
135 898
527 714
764 906
134 910
259 743
742 847
819 909
418 823
627 846
638 697
558 847
124 318
223 270
259 996
271 860
667 699
245 797
561 854
451 770
429 761
271 987
398 730
328 837
76 482
43 671
724 816
473 898
344 748
681 915
488 987
500 789
351 608
311 339
412 548
374 467
217 854
654 686
737 854
195 799
321 609
174 892
161 377
287 643
577 879
332 916
239 885
287 980
450 898
147 277
30 812
245 646
504 674
7 809
795 973
663 708
488 891
467 599
272 505
297 568
128 346
730 888
493 944
160 757
511 750
692 939
202 817
188 239
773 827
283 859
885 968
325 772
211 313
680 978
675 733
20 512
543 822
240 291
279 719
463 876
701 763
258 929
172 260
44 819
693 765
328 334
92 590
476 777
99 452
472 805
103 510
391 871
567 733
65 643
492 801
266 935
482 969
308 482
275 315
767 845
334 456
188 718
429 870
107 877
485 760
386 470
1 928
312 629
298 353
738 797
163 884
696 735
279 643
478 681
904 952
571 601
549 591
497 965
323 852
602 685
243 734
682 990
477 831
108 341
44 391
204 948
661 887
530 894
383 483
533 545
92 541
711 753
229 706
220 370
602 990
246 795
37 280
201 666
229 895
295 601
72 945
394 823
526 583
140 223
364 591
74 607
350 613
308 979
489 752
40 836
212 544
453 675
729 997
460 674
21 609
573 702
250 407
579 653
439 442
206 861
84 831
190 269
494 950
381 677
137 768
177 577
104 803
207 214
828 996
533 958
58 212
428 662
85 184
377 987
327 772
465 996
344 1000
814 880
468 759
479 848
171 456
144 981
150 735
99 216
827 850
936 981
489 835
542 671
608 895
824 854
562 827
149 461
521 958
335 413
173 523
311 826
38 539
201 457
10 24
125 473
516 824
463 673
273 341
276 528
48 549
282 767
340 584
370 716
454 955
363 654
325 949
59 782
393 902
443 592
323 863
217 695
744 839
106 887
31 619
205 555
485 489
68 293
447 965
180 747
954 958
31 930
533 730
35 706
377 861
301 816
50 342
117 690
201 463
41 152
487 945
694 940
364 488
792 910
333 796
182 424
44 656
579 732
429 913
88 956
214 483
40 204
402 782
211 239
258 407
274 946
167 228
617 721
68 854
135 994
697 732
58 443
82 590
651 930
332 938
82 652
641 652
229 953
266 918
407 859
402 657
859 995
279 723
394 787
411 740
418 491
177 874
22 193
472 858
108 736
311 440
79 855
314 371
557 753
113 603
82 702
416 509
14 400
240 858
128 764
85 434
6 427
17 949
333 663
964 993
933 987
6 127
798 929
892 894
593 840
787 916
420 818
206 662
231 674
233 792
27 706
623 784
154 538
234 524
292 714
515 816
590 670
250 979
281 845
878 957
52 452
349 434
650 759
133 763
371 626
429 901
61 232
30 107
461 970
658 902
19 538
384 829
276 741
547 948
700 850
438 764
159 805
124 589
120 634
455 970
149 152
63 867
551 903
193 987
438 716
179 789
361 500
153 713
579 608
462 748
97 827
10 366
611 714
483 545
850 959
314 979
583 914
261 512
246 313
246 817
466 987
560 736
156 826
562 806
276 485
188 788
437 938
195 883
87 187
321 777
261 703
15 780
442 528
185 768
106 826
164 519
135 823
33 702
583 827
447 754
304 832
154 627
846 858
427 535
936 981
407 633
331 957
392 447
208 470
485 652
644 824
704 914
157 620
505 610
112 281
6 474
363 955
197 965
120 338
804 822
239 527
88 848
48 97
156 273
253 872
358 693
881 925
136 439
237 806
775 780
265 525
526 668
345 627
366 655
926 977
66 810
391 859
479 691
107 360
135 326
124 399
178 577
308 873
118 251
436 994
792 918
235 740
208 503
463 864
464 653
243 987
291 904
162 207
230 701
225 762
2 112
428 625
646 927
476 612
394 938
65 276
452 530
37 874
280 498
487 875
293 557
220 425
24 225
153 789
576 817
587 684
104 232
639 922
728 802
142 487
438 791
757 892
204 620
46 121
683 886
437 714
8 309
442 957
525 885
63 257
54 147
214 840
33 719
283 321
10 655
155 709
35 398
229 980
72 161
218 802
216 797
87 162
143 162
30 874
116 702
225 706
12 621
83 866
355 661
808 983
274 629
191 509
220 808
343 620
210 764
699 879
466 467
488 919
120 151
21 70
958 959
681 700
916 977
879 984
146 215
557 834
96 515
57 242
532 796
248 363
6 75
116 362
59 632
372 807
70 957
188 603
6 922
642 990
722 788
211 583
677 953
402 708
380 411
52 953
4 364
305 325
66 937
198 867
339 721
786 810
88 391
331 552
587 822
661 926
154 674
148 609
755 920
127 680
405 521
504 925
126 247
497 867
119 668
432 823
174 765
40 702
