1000 100 1000
55 11 84 79 68 92 61 75 20 71 76 72 92 8 28 0 99 51 98 76 53 43 96 12 44 22 98 61 68 8 64 86 99 25 39 48 0 10 45 44 5 83 21 81 99 14 31 3 45 22 44 87 41 39 84 60 54 61 1 10 81 71 5 70 19 21 14 54 78 78 2 63 4 20 94 46 18 47 62 18 64 61 37 69 28 12 60 3 56 67 27 51 73 45 24 45 47 55 24 8 26 98 13 19 61 99 51 99 79 23 61 64 43 87 18 90 35 97 99 5 85 21 7 14 87 8 70 72 48 15 53 88 52 17 7 19 0 94 42 16 74 73 27 57 83 85 64 77 85 58 79 59 56 49 46 6 27 43 3 26 77 42 13 20 8 10 69 39 16 35 14 67 95 93 36 40 6 29 74 13 90 92 57 14 34 14 9 36 78 40 54 62 73 87 47 13 39 63 39 34 3 11 98 49 85 86 18 1 77 82 27 12 65 98 97 24 77 0 88 6 24 68 19 36 69 45 25 82 95 49 34 73 0 8 78 46 0 24 93 30 84 43 76 71 43 94 15 71 0 77 91 13 58 29 9 65 20 95 25 50 14 85 12 84 13 66 56 72 14 82 98 95 2 86 94 2 68 37 14 49 43 89 3 93 27 68 36 52 20 0 11 86 24 16 3 20 20 42 51 71 58 26 70 14 65 27 58 19 8 67 23 57 50 52 46 45 54 16 80 95 91 73 21 60 75 52 99 18 63 24 11 4 62 48 86 66 90 60 55 81 65 42 39 74 66 76 77 57 72 50 20 52 48 91 45 65 42 8 5 88 55 89 50 69 35 83 25 47 88 43 0 95 20 76 74 84 4 66 28 40 57 51 75 86 8 31 19 82 86 61 30 20 30 95 29 26 83 80 7 58 2 29 3 75 9 50 2 61 29 41 45 33 87 81 59 28 79 8 17 68 38 75 86 65 64 68 44 95 31 91 16 26 42 43 14 58 61 49 47 36 38 55 57 56 65 51 59 95 12 24 70 22 53 88 28 62 9 18 66 1 48 41 36 91 62 35 3 73 46 65 20 22 75 91 70 93 46 89 41 55 30 37 56 26 46 15 68 70 28 67 18 26 11 21 45 16 29 90 35 80 51 17 16 5 38 0 64 17 94 30 5 99 49 51 81 35 22 72 84 9 61 6 97 84 25 73 68 67 58 73 54 3 89 63 83 74 92 90 58 42 84 22 71 9 51 88 48 17 36 85 78 86 7 17 19 23 53 81 56 94 83 67 61 31 62 74 0 34 12 25 13 29 46 93 0 54 71 80 25 78 0 2 75 27 54 37 49 14 94 7 78 82 11 99 91 49 74 1 95 59 33 70 47 69 26 46 79 23 76 50 77 73 16 89 67 93 61 7 93 15 42 81 12 45 24 93 46 42 44 44 85 4 30 34 48 83 77 47 96 13 60 52 56 17 42 23 84 85 93 19 64 12 39 0 46 25 49 79 8 53 30 11 33 71 0 54 97 44 74 42 87 32 6 84 52 48 88 7 6 39 89 27 57 96 90 98 78 21 55 49 89 15 71 3 42 52 35 74 83 62 43 21 5 88 0 54 92 78 98 36 63 86 38 83 35 39 46 92 71 67 95 56 46 94 80 40 49 82 60 89 60 84 27 42 49 48 27 43 26 78 25 34 78 1 36 50 12 34 92 81 35 21 29 28 30 36 21 69 98 78 71 91 80 6 10 9 89 39 17 85 70 50 61 11 88 36 15 32 47 58 47 99 26 85 51 26 43 71 38 59 43 3 67 67 51 12 95 24 81 26 51 97 50 42 86 68 10 35 23 41 51 66 66 82 33 31 36 2 94 87 37 96 41 96 45 32 63 88 73 89 36 66 38 38 72 77 3 66 71 17 31 11 73 89 26 57 67 92 13 57 84 49 24 24 46 86 6 7 95 47 86 92 93 64 64 7 73 69 81 85 46 12 18 41 58 39 59 30 40 15 98 6 98 10 27 27 68 77 7 29 84 15 70 25 48 2 24 45 26 80 3 34 69 77 38 95 23 92 61 21 17 61 63 52 98 55 48 96 17 69 77 95 37 91 83 10 17 82 86 36 56 68 63 99 39 46 41 16 70 32 32 63 96 40 42 97 93 75 46 35 15 50 56 96 29 41 1 64 91 51 82 92 41 17 70 50 6 74 1 32 7 31 17 81 63 96 77 71 40 78 10 94 43 53 52 88 29 2 36 63 78 83 45 28 4 0 76 20 51 22
880 980
121 220
67 69
573 673
717 817
202 236
171 197
979 1000
588 688
224 324
413 503
626 696
657 756
174 226
243 343
651 750
197 297
199 298
850 892
484 584
297 397
186 285
93 183
446 458
174 211
528 564
87 88
7 107
902 999
229 238
390 490
356 379
660 754
619 719
686 782
477 512
375 474
100 199
791 890
34 134
129 147
895 995
231 330
54 154
943 1000
502 602
531 631
918 937
524 591
880 880
166 265
508 608
283 382
651 751
473 501
536 590
705 744
432 467
408 508
175 275
708 721
729 829
177 277
87 87
802 850
307 406
106 114
166 213
187 235
39 76
103 184
857 956
241 271
335 434
335 435
420 421
945 1000
587 615
139 239
558 657
619 719
155 254
773 872
851 950
211 310
170 267
722 822
528 627
992 1000
348 410
566 615
878 977
791 891
34 134
315 414
79 179
332 432
937 1000
921 936
116 137
866 871
217 267
503 602
293 392
904 962
988 1000
754 854
923 1000
17 89
866 965
80 112
808 838
427 526
697 796
346 360
204 287
573 641
867 967
177 239
428 457
981 1000
764 863
534 633
334 385
984 1000
761 791
650 750
729 829
156 255
750 850
325 398
164 228
782 882
2 102
269 368
315 377
5 101
39 139
16 116
383 482
423 522
938 1000
130 151
310 362
558 658
266 365
710 809
347 376
365 410
179 188
741 766
402 411
962 1000
583 683
238 255
74 174
617 716
418 518
103 202
716 815
308 398
614 707
689 781
662 762
883 953
762 778
647 730
345 445
971 1000
474 573
444 481
557 657
982 1000
992 1000
999 1000
906 935
619 646
909 923
556 655
40 50
590 689
26 82
764 788
766 865
10 46
27 106
530 629
842 942
812 904
568 668
601 637
716 816
170 211
949 989
532 631
28 127
954 1000
701 798
799 894
666 765
171 205
571 634
592 692
875 975
899 914
916 936
412 460
246 345
370 469
809 876
319 419
622 722
342 441
180 229
175 275
884 950
165 169
279 379
389 410
423 523
377 467
96 195
599 693
109 196
512 611
750 785
785 885
72 171
591 691
983 983
947 1000
800 899
218 318
517 603
800 846
115 215
818 846
519 618
452 539
481 580
930 948
101 201
559 656
712 811
580 680
453 552
700 764
861 960
827 926
100 199
798 897
286 324
249 349
380 457
656 755
24 124
541 640
788 887
644 743
489 589
153 253
717 795
83 182
53 149
569 569
867 894
116 216
39 138
280 343
163 263
99 198
921 924
578 677
137 188
567 666
732 831
582 587
52 152
634 734
362 462
97 181
159 259
881 980
984 1000
425 464
306 310
91 190
559 607
899 999
729 829
746 792
500 599
971 1000
116 215
949 1000
131 153
56 155
236 281
914 922
953 1000
293 344
352 361
767 779
521 620
677 758
976 1000
834 855
510 610
555 654
443 451
524 624
795 894
632 640
80 149
618 718
796 823
568 668
853 920
51 75
951 1000
925 1000
726 770
377 477
257 312
80 180
961 1000
319 418
848 886
72 159
161 260
964 1000
693 742
670 740
653 752
259 266
198 219
530 532
225 324
168 239
575 674
548 648
477 576
809 908
650 673
135 206
470 569
325 425
582 598
7 107
579 678
29 128
670 769
780 846
142 241
76 175
784 874
216 315
278 376
640 739
477 575
258 316
421 457
654 753
378 478
990 1000
493 510
737 824
672 672
530 629
730 829
42 142
339 438
645 744
375 474
898 961
523 620
236 261
431 530
276 375
292 391
982 1000
450 550
513 584
159 259
325 339
306 311
479 578
385 485
87 156
741 810
341 344
933 963
605 635
669 716
714 799
360 459
780 879
457 516
68 77
400 447
338 416
530 629
811 843
519 577
464 558
986 1000
751 773
539 546
197 297
168 268
264 318
315 352
399 499
621 721
687 787
180 279
440 540
456 556
378 477
352 452
89 188
277 377
213 312
2 11
404 504
618 656
316 415
576 647
571 649
541 640
426 509
248 347
422 508
406 506
648 747
612 711
927 1000
954 1000
959 1000
720 819
665 764
768 805
828 904
132 199
890 894
904 1000
931 975
20 31
912 1000
255 335
892 908
727 755
878 977
393 403
689 789
450 527
42 141
401 501
966 1000
540 555
148 217
993 1000
666 730
131 217
574 583
528 628
653 720
992 1000
194 294
741 840
891 991
934 1000
220 278
403 489
719 819
602 655
740 839
414 514
304 404
120 219
784 883
617 656
617 716
726 777
349 448
434 488
558 651
783 858
227 326
86 120
561 661
102 202
763 862
143 242
268 367
902 1000
184 284
80 180
199 298
5 30
369 430
787 886
405 461
474 572
683 748
966 1000
451 521
620 720
858 860
582 681
163 219
490 590
780 880
412 512
984 990
236 335
493 592
515 603
985 1000
664 764
579 679
15 15
612 712
666 766
743 805
504 604
966 986
804 900
695 751
173 273
695 749
252 352
712 758
52 124
70 71
193 292
103 202
903 986
897 996
592 692
878 977
408 434
661 760
562 626
511 606
431 511
793 892
226 325
626 725
629 726
696 774
536 600
365 373
164 264
655 668
618 701
651 751
592 692
535 634
306 406
524 533
333 433
445 492
78 177
883 963
545 605
996 1000
860 925
872 971
344 444
672 688
975 1000
20 81
886 927
55 87
781 857
579 581
155 171
35 99
345 403
765 785
48 148
273 373
930 1000
676 775
165 264
82 103
39 139
728 828
878 978
885 910
167 222
297 396
825 887
260 359
319 419
809 905
114 214
356 369
276 347
164 264
893 992
347 446
982 1000
870 969
750 849
505 600
821 920
885 885
968 1000
52 152
629 671
633 733
292 392
849 949
10 110
646 733
343 344
266 366
460 547
103 119
691 790
499 562
95 124
728 828
681 749
661 749
989 1000
839 939
762 861
905 1000
138 238
838 896
517 556
935 991
83 183
897 947
169 268
541 587
22 121
27 48
22 72
671 770
41 140
120 174
144 180
934 1000
973 992
688 788
706 793
446 546
816 916
384 484
106 205
778 823
971 994
517 595
479 528
175 274
712 739
565 579
107 207
386 486
124 224
37 97
274 372
959 1000
975 1000
709 808
519 619
319 418
297 333
885 976
899 998
676 775
794 893
707 807
186 228
424 523
491 591
771 868
533 633
986 1000
904 956
552 583
320 419
180 223
315 414
661 761
868 883
750 850
790 821
188 287
618 645
619 718
241 340
330 430
936 1000
90 159
659 759
927 1000
331 431
977 1000
952 1000
709 794
996 1000
317 397
209 234
650 729
217 317
897 996
592 654
300 399
394 476
476 576
654 753
257 282
106 205
299 327
140 164
747 816
282 381
557 656
369 469
948 1000
173 273
564 592
928 1000
265 322
133 140
609 616
518 577
643 743
605 621
160 176
521 529
652 715
138 181
794 893
830 844
362 454
708 807
539 638
441 516
700 799
263 263
364 464
918 953
502 602
864 918
803 849
71 171
509 608
542 583
224 232
538 601
594 684
116 183
921 976
301 320
457 557
626 725
777 877
57 85
233 240
188 287
244 337
250 349
1 101
196 290
789 888
694 781
32 57
40 140
293 392
428 527
636 646
369 468
16 115
391 410
614 700
595 694
808 907
830 929
478 577
934 983
361 436
532 547
479 578
249 348
594 678
723 823
59 158
811 911
867 929
516 616
627 719
408 490
42 141
412 511
703 781
458 558
843 928
304 404
485 584
30 71
516 616
455 554
638 665
766 781
175 275
760 859
300 347
557 650
445 545
423 522
220 319
750 842
746 845
409 509
988 1000
851 951
337 370
2 101
367 466
615 714
74 163
347 402
883 967
950 981
814 880
7 107
262 341
703 802
415 419
343 416
432 433
39 138
333 432
149 249
360 414
767 845
275 375
146 245
492 499
961 1000
883 948
634 694
37 75
751 851
472 559
29 39
18 44
317 416
45 144
964 1000
926 1000
261 361
34 125
776 876
577 676
330 429
931 1000
442 479
717 801
559 576
682 711
394 493
499 529
65 164
12 23
692 791
842 942
763 860
478 577
159 258
696 716
757 798
658 713
253 353
893 941
702 794
258 358
636 649
532 602
548 647
266 306
106 172
772 783
610 710
986 993
226 326
13 77
390 490
330 430
268 278
544 643
448 481
247 324
36 64
140 240
548 647
98 197
28 88
52 151
994 1000
135 235
78 178
84 183
125 224
707 783
954 1000
26 122
211 310
280 380
682 782
506 548
399 489
377 477
504 558
100 165
774 810
228 327
823 903
46 108
911 938
491 519
832 931
229 329
485 585
986 1000
545 566
701 801
146 210
500 551
930 1000
935 976
314 366
503 602
560 660
701 800
217 317
37 137
411 508
273 371
510 609
305 382
42 141
898 900
773 872
442 486
271 368
445 544
619 669
380 434
47 147
623 645
995 1000
628 727
487 585
181 257
220 309
950 1000
305 320
138 237
16 81
581 598
366 465
820 919
795 895
755 764
537 636
515 615
619 622
970 1000
534 594
179 206
900 1000
87 150
293 319
938 1000
920 1000
517 616
293 359
247 346
504 577
605 688
565 612
454 553
941 975
592 691
488 588
389 488
783 883
120 219
664 704
917 1000
923 1000
48 147
102 202
