1000 37 1000
0 1 2 3 4 5 6 7 8 9 10 11 12 13 14 15 16 17 18 19 20 21 22 23 24 25 26 27 28 29 30 31 32 33 34 35 36 0 1 2 3 4 5 6 7 8 9 10 11 12 13 14 15 16 17 18 19 20 21 22 23 24 25 26 27 28 29 30 31 32 33 34 35 36 0 1 2 3 4 5 6 7 8 9 10 11 12 13 14 15 16 17 18 19 20 21 22 23 24 25 26 27 28 29 30 31 32 33 34 35 36 0 1 2 3 4 5 6 7 8 9 10 11 12 13 14 15 16 17 18 19 20 21 22 23 24 25 26 27 28 29 30 31 32 33 34 35 36 0 1 2 3 4 5 6 7 8 9 10 11 12 13 14 15 16 17 18 19 20 21 22 23 24 25 26 27 28 29 30 31 32 33 34 35 36 0 1 2 3 4 5 6 7 8 9 10 11 12 13 14 15 16 17 18 19 20 21 22 23 24 25 26 27 28 29 30 31 32 33 34 35 36 0 1 2 3 4 5 6 7 8 9 10 11 12 13 14 15 16 17 18 19 20 21 22 23 24 25 26 27 28 29 30 31 32 33 34 35 36 0 1 2 3 4 5 6 7 8 9 10 11 12 13 14 15 16 17 18 19 20 21 22 23 24 25 26 27 28 29 30 31 32 33 34 35 36 0 1 2 3 4 5 6 7 8 9 10 11 12 13 14 15 16 17 18 19 20 21 22 23 24 25 26 27 28 29 30 31 32 33 34 35 36 0 1 2 3 4 5 6 7 8 9 10 11 12 13 14 15 16 17 18 19 20 21 22 23 24 25 26 27 28 29 30 31 32 33 34 35 36 0 1 2 3 4 5 6 7 8 9 10 11 12 13 14 15 16 17 18 19 20 21 22 23 24 25 26 27 28 29 30 31 32 33 34 35 36 0 1 2 3 4 5 6 7 8 9 10 11 12 13 14 15 16 17 18 19 20 21 22 23 24 25 26 27 28 29 30 31 32 33 34 35 36 0 1 2 3 4 5 6 7 8 9 10 11 12 13 14 15 16 17 18 19 20 21 22 23 24 25 26 27 28 29 30 31 32 33 34 35 36 0 1 2 3 4 5 6 7 8 9 10 11 12 13 14 15 16 17 18 19 20 21 22 23 24 25 26 27 28 29 30 31 32 33 34 35 36 0 1 2 3 4 5 6 7 8 9 10 11 12 13 14 15 16 17 18 19 20 21 22 23 24 25 26 27 28 29 30 31 32 33 34 35 36 0 1 2 3 4 5 6 7 8 9 10 11 12 13 14 15 16 17 18 19 20 21 22 23 24 25 26 27 28 29 30 31 32 33 34 35 36 0 1 2 3 4 5 6 7 8 9 10 11 12 13 14 15 16 17 18 19 20 21 22 23 24 25 26 27 28 29 30 31 32 33 34 35 36 0 1 2 3 4 5 6 7 8 9 10 11 12 13 14 15 16 17 18 19 20 21 22 23 24 25 26 27 28 29 30 31 32 33 34 35 36 0 1 2 3 4 5 6 7 8 9 10 11 12 13 14 15 16 17 18 19 20 21 22 23 24 25 26 27 28 29 30 31 32 33 34 35 36 0 1 2 3 4 5 6 7 8 9 10 11 12 13 14 15 16 17 18 19 20 21 22 23 24 25 26 27 28 29 30 31 32 33 34 35 36 0 1 2 3 4 5 6 7 8 9 26 32 11 31 20 36 12 9 33 29 12 32 10 4 16 35 30 7 1 21 9 0 29 26 28 14 18 18 1 20 21 31 31 27 5 18 32 1 0 14 32 18 19 25 24 14 12 26 36 10 12 3 16 11 28 22 3 6 11 17 8 28 36 13 33 4 10 33 18 14 27 35 9 0 1 21 5 15 4 6 12 32 12 3 31 2 25 21 22 20 35 27 12 27 2 33 24 0 4 31 26 19 7 24 23 12 31 3 33 12 19 1 19 12 4 10 23 16 22 11 16 10 28 3 17 35 11 7 35 6 20 29 32 20 30 23 34 22 11 29 28 30 28 18 0 14 16 18 30 34 26 9 5 2 30 16 29 24 23 6 22 17 13 21 9 25 36 36 10 10 0 5 29 14 1 3 31 18 23 21 30 6 27 18 12 33 25 11 31 36 1 27 23 33 6 7 7 14 17 18 34 17 12 17 5 17 28 2 27 4 16 17 3 9 13 32 6 13 12 14 11 34 25 4 16 5 4 34 24 17 6 17 20 23 35 20 22 11 7 17 30 24 22 18 30 32 34 22 22 34
117 398
256 745
571 592
10 127
100 888
359 824
226 383
420 782
193 222
26 464
699 768
14 102
343 611
308 312
792 985
801 951
811 854
136 195
720 790
450 943
59 919
145 321
272 911
49 65
459 840
410 440
143 396
308 658
198 635
355 415
660 996
726 801
761 883
37 456
536 578
511 773
37 213
393 952
381 757
363 979
547 553
307 739
62 239
149 175
628 749
194 444
76 620
75 276
581 677
135 765
185 448
644 805
207 668
92 931
70 165
371 453
557 907
4 923
256 510
63 722
744 959
76 590
115 967
497 799
418 898
483 628
315 374
502 990
856 947
132 280
607 997
639 723
166 644
327 645
291 766
35 961
603 918
19 804
676 693
749 914
616 831
630 733
29 574
571 678
527 807
254 602
321 607
63 838
130 924
531 679
97 350
156 686
87 683
411 934
235 921
392 451
216 341
67 851
809 873
154 174
114 423
251 356
281 359
132 454
202 280
267 911
413 726
59 101
351 592
186 212
262 483
174 563
138 439
236 571
177 689
65 189
21 168
102 295
341 953
14 25
159 540
505 958
212 998
295 538
344 358
491 947
176 880
333 962
125 554
311 947
357 901
627 844
187 473
205 680
788 985
35 407
141 388
623 960
207 225
350 600
261 823
310 556
909 986
577 602
66 512
264 918
208 230
697 932
141 528
292 530
700 950
392 710
518 688
64 478
48 348
323 478
36 40
127 706
332 441
179 722
760 894
121 257
184 756
333 558
141 205
178 942
580 589
74 561
189 586
124 723
153 953
70 316
645 719
590 739
117 270
37 884
494 921
83 311
23 915
173 724
288 740
447 640
638 692
59 436
494 823
24 105
6 280
21 386
738 971
458 662
113 748
681 807
492 624
624 668
158 477
626 774
474 994
235 852
14 435
543 603
295 914
393 964
836 905
286 319
877 999
21 37
726 818
172 470
371 476
580 873
155 372
508 918
107 907
407 689
267 734
721 813
53 769
715 756
5 248
130 805
111 339
332 491
265 609
216 954
487 862
337 799
494 669
30 360
68 956
268 429
160 721
378 541
331 527
35 860
144 828
55 728
35 804
291 460
394 596
243 767
613 942
466 804
100 944
466 645
257 696
253 320
785 946
38 739
46 721
603 953
269 880
395 568
429 689
264 803
815 894
251 486
661 987
853 872
22 885
239 354
154 703
21 752
199 455
681 870
156 928
651 870
237 558
232 657
221 942
402 746
321 337
64 561
327 399
796 995
716 946
247 670
383 638
674 749
480 516
3 319
357 880
413 975
36 644
504 542
44 278
858 995
3 103
205 740
133 504
572 884
178 597
265 558
328 757
16 282
7 760
288 424
97 924
235 459
374 375
99 803
37 131
212 290
812 905
496 845
417 438
90 796
220 349
420 840
546 841
809 984
19 74
369 730
87 900
27 343
392 428
101 199
97 739
63 112
461 774
121 473
255 813
45 765
160 704
260 431
166 668
265 767
502 535
508 775
248 683
215 708
270 583
400 414
9 98
80 91
453 690
946 957
602 795
148 411
164 936
303 360
207 958
210 588
57 989
662 665
131 159
208 380
650 839
45 55
4 287
350 632
117 313
93 799
359 383
224 661
190 1000
14 100
87 336
617 749
320 426
475 805
540 647
204 629
27 611
300 585
187 946
434 489
92 973
489 631
266 672
505 640
246 930
494 580
65 306
459 504
409 779
769 779
309 756
359 856
576 804
17 950
17 133
247 713
714 840
22 167
881 981
806 979
306 319
546 737
343 666
521 902
501 568
314 828
370 418
420 740
346 627
604 913
100 268
172 861
308 819
748 785
220 264
68 703
875 933
77 344
207 490
722 983
313 394
320 978
449 644
339 659
149 372
175 481
521 523
512 621
521 538
69 797
544 649
74 442
906 984
658 809
159 616
214 677
369 811
388 875
71 488
586 736
167 240
95 258
612 748
35 87
344 600
22 636
299 348
188 543
108 507
510 765
349 423
27 256
701 859
825 921
500 891
156 881
47 590
659 998
105 132
678 741
575 682
893 990
200 277
331 903
225 673
673 928
560 567
145 427
25 277
511 644
190 722
834 860
87 904
678 785
484 700
621 790
62 80
59 283
245 853
470 474
157 477
235 924
108 168
560 662
923 924
527 534
125 869
159 902
185 499
199 534
290 744
671 825
331 469
287 350
126 726
635 752
320 713
302 533
501 599
348 506
166 377
105 340
40 939
763 892
53 420
216 921
313 520
56 429
721 912
156 801
548 794
288 347
281 341
495 827
65 899
191 752
374 966
948 992
504 911
128 887
332 923
592 815
837 869
10 864
87 517
108 697
399 835
183 740
113 932
18 550
420 694
100 557
418 831
372 808
26 234
288 866
156 664
656 780
170 410
48 343
56 587
217 788
57 786
77 129
29 389
504 518
356 609
88 104
304 755
238 757
537 609
295 503
574 758
488 876
148 436
648 956
309 514
48 577
563 841
143 502
386 830
84 823
250 431
110 975
517 800
338 451
239 335
202 926
692 979
674 691
53 1000
631 777
304 445
205 504
352 424
698 701
273 660
502 540
762 802
930 954
410 458
354 999
313 582
421 442
196 210
603 712
348 796
7 286
67 817
401 899
390 900
311 812
742 822
64 222
84 183
209 490
685 789
468 602
516 522
87 872
729 945
309 407
103 330
684 952
380 424
798 805
181 197
374 774
32 42
221 790
143 763
91 372
300 802
373 447
444 586
464 891
165 223
159 496
141 686
567 769
803 813
547 876
848 983
383 390
235 918
740 973
37 922
52 347
368 720
32 217
25 900
274 703
179 827
178 713
112 451
296 444
56 435
210 230
395 857
114 571
895 993
265 567
378 457
534 851
495 717
614 827
296 671
594 985
268 576
186 521
46 291
459 774
755 853
438 885
476 780
200 781
194 717
31 45
363 364
458 613
659 750
232 485
170 602
96 803
111 382
146 829
170 957
27 353
572 872
582 592
138 383
648 767
263 836
8 681
407 991
495 520
72 347
1 614
301 799
185 374
264 327
101 260
443 966
644 867
103 319
471 948
60 218
75 643
522 626
30 326
193 449
726 825
235 583
77 911
131 664
687 996
659 983
352 679
258 258
515 535
554 737
21 811
216 303
466 578
802 856
552 742
857 960
244 986
105 721
682 942
605 684
396 746
207 481
133 367
138 692
138 391
746 971
677 894
702 802
403 953
215 407
531 982
84 631
276 375
384 648
265 690
555 976
81 765
127 300
30 545
384 926
367 982
111 304
45 695
592 628
110 675
494 693
585 716
44 732
690 974
257 840
615 654
433 896
51 529
390 640
70 229
84 406
267 507
652 798
408 453
282 602
26 985
371 470
191 620
33 911
353 869
481 777
81 380
319 996
873 886
576 910
367 930
284 388
362 889
45 357
820 888
692 707
620 752
306 534
336 889
340 870
683 987
127 931
134 643
212 732
724 782
98 990
396 770
793 979
20 501
632 909
57 845
320 527
196 427
553 627
126 793
803 888
319 521
140 275
193 869
407 959
648 810
33 646
157 798
317 615
71 967
261 882
471 931
27 286
387 791
488 766
77 186
216 368
219 590
345 504
336 973
306 440
218 919
626 630
690 783
387 686
150 478
653 932
627 628
122 898
290 381
14 663
347 859
204 825
12 341
799 810
114 492
793 904
57 736
209 673
106 967
114 503
229 276
732 792
92 774
597 936
97 781
178 762
527 862
155 166
158 796
68 978
166 529
54 221
40 99
590 820
377 896
189 853
815 862
709 710
711 906
148 682
114 622
310 697
659 891
1 14
738 917
331 765
668 727
37 690
231 296
136 818
80 648
420 860
94 948
28 881
240 249
133 838
349 882
226 794
696 709
85 776
577 636
547 739
504 644
347 794
412 871
401 869
193 302
91 299
433 507
111 325
267 318
686 813
317 733
545 834
269 354
207 657
325 655
128 528
389 626
335 350
512 881
26 484
677 927
335 860
151 634
636 961
237 527
364 968
72 564
301 921
214 305
326 700
47 990
406 838
357 952
365 676
5 981
562 947
626 812
556 993
284 463
632 882
114 447
316 469
829 971
1 481
144 484
300 472
186 835
171 773
612 686
86 760
227 817
273 510
303 654
710 838
176 673
545 812
207 685
718 749
97 519
22 534
55 807
377 778
537 689
29 952
104 807
899 984
133 243
350 566
77 842
222 363
480 958
515 596
85 249
211 897
503 852
625 979
593 750
117 170
202 515
428 920
447 633
235 794
17 60
707 800
129 271
449 574
352 904
882 954
276 760
644 914
220 225
131 226
291 980
594 936
401 580
299 526
223 971
438 680
89 539
115 599
341 693
64 283
642 696
383 941
694 998
378 416
492 562
226 964
645 686
18 193
654 983
618 693
22 127
561 741
171 927
231 962
596 974
175 462
171 396
242 626
66 788
121 377
37 128
772 777
364 422
61 136
397 563
750 761
673 959
95 593
320 619
515 888
805 878
29 544
132 901
282 886
280 707
813 946
551 925
536 575
35 165
362 760
217 415
678 979
290 357
