1000 139 1000
0 1 2 3 4 5 6 7 8 9 10 11 12 13 14 15 16 17 18 19 20 21 22 23 24 25 26 27 28 29 30 31 32 33 34 35 36 37 38 39 40 41 42 43 44 45 46 47 48 49 50 51 52 53 54 55 56 57 58 59 60 61 62 63 64 65 66 67 68 69 70 71 72 73 74 75 76 77 78 79 80 81 82 83 84 85 86 87 88 89 90 91 92 93 94 95 96 97 98 99 100 101 102 103 104 105 106 107 108 109 110 111 112 113 114 115 116 117 118 119 120 121 122 123 124 125 126 127 128 129 130 131 132 133 134 135 136 137 138 0 1 2 3 4 5 6 7 8 9 10 11 12 13 14 15 16 17 18 19 20 21 22 23 24 25 26 27 28 29 30 31 32 33 34 35 36 37 38 39 40 41 42 43 44 45 46 47 48 49 50 51 52 53 54 55 56 57 58 59 60 61 62 63 64 65 66 67 68 69 70 71 72 73 74 75 76 77 78 79 80 81 82 83 84 85 86 87 88 89 90 91 92 93 94 95 96 97 98 99 100 101 102 103 104 105 106 107 108 109 110 111 112 113 114 115 116 117 118 119 120 121 122 123 124 125 126 127 128 129 130 131 132 133 134 135 136 137 138 0 1 2 3 4 5 6 7 8 9 10 11 12 13 14 15 16 17 18 19 20 21 22 23 24 25 26 27 28 29 30 31 32 33 34 35 36 37 38 39 40 41 42 43 44 45 46 47 48 49 50 51 52 53 54 55 56 57 58 59 60 61 62 63 64 65 66 67 68 69 70 71 72 73 74 75 76 77 78 79 80 81 82 83 84 85 86 87 88 89 90 91 92 93 94 95 96 97 98 99 100 101 102 103 104 105 106 107 108 109 110 111 112 113 114 115 116 117 118 119 120 121 122 123 124 125 126 127 128 129 130 131 132 133 134 135 136 137 138 0 1 2 3 4 5 6 7 8 9 10 11 12 13 14 15 16 17 18 19 20 21 22 23 24 25 26 27 28 29 30 31 32 33 34 35 36 37 38 39 40 41 42 43 44 45 46 47 48 49 50 51 52 53 54 55 56 57 58 59 60 61 62 63 64 65 66 67 68 69 70 71 72 73 74 75 76 77 78 79 80 81 82 83 84 85 86 87 88 89 90 91 92 93 94 95 96 97 98 99 100 101 102 103 104 105 106 107 108 109 110 111 112 113 114 115 116 117 118 119 120 121 122 123 124 125 126 127 128 129 130 131 132 133 134 135 136 137 138 0 1 2 3 4 5 6 7 8 9 10 11 12 13 14 15 16 17 18 19 20 21 22 23 24 25 26 27 28 29 30 31 32 33 34 35 36 37 38 39 40 41 42 43 44 45 46 47 48 49 50 51 52 53 54 55 56 57 58 59 60 61 62 63 64 65 66 67 68 69 70 71 72 73 74 75 76 77 78 79 80 81 82 83 84 85 86 87 88 89 90 91 92 93 94 95 96 97 98 99 100 101 102 103 104 105 106 107 108 109 110 111 112 113 114 115 116 117 118 119 120 121 122 123 124 125 126 127 128 129 130 131 132 133 134 135 136 137 138 0 1 2 3 4 5 6 7 8 9 10 11 12 13 14 15 16 17 18 19 20 21 22 23 24 25 26 27 28 29 30 31 32 33 34 35 36 37 38 39 40 41 42 43 44 45 46 47 48 49 50 51 52 53 54 82 120 29 108 102 123 114 94 84 117 84 39 134 3 27 42 61 133 134 92 22 112 12 9 110 120 28 96 49 102 10 127 127 54 107 32 22 72 34 133 57 52 45 98 51 0 120 64 27 136 21 6 26 126 59 23 8 19 84 32 115 68 107 128 46 91 0 120 4 88 32 51 127 137 87 112 55 18 39 126 42 110 53 4 66 136 85 11 70 112 60 129 22 59 114 89 5 60 84 119 66 64 71 122 23 69 109 17 1 37 99 56 73 50 30 68 38 56 53 11 131 70 106 73 6 18 33 8 95 123 38 110 23 118 43 103 36 107 126 122 31 129 96 17 122 7 6 28 70 79 116 81 51 36 98 110 97 81 134 104 83 24 13 77 76 99 21 69 41 116 105 48 11 133 82 105 60 113 84 100 63 46 121 68 10 27 49 0 65 71 119 92 81 112 138 94 116 4 8 107 75 10 126 118 114 60 103 97 100 79 63 15 109 45 18 5 30 46 79 13 8 4 121 90 14 45 88 27 90 34 36 95 108 50 1 122 86 8 89 42 0 70 46 23 89 31 104 18 3 11
613 972
320 629
266 540
26 117
291 943
427 979
478 848
234 574
712 722
242 632
460 836
219 689
410 905
231 546
203 974
689 851
522 870
593 879
55 548
270 947
103 410
70 829
343 551
362 522
189 689
142 216
274 995
531 764
489 782
603 844
402 405
683 744
207 512
232 838
49 626
132 573
38 882
111 359
12 648
662 693
749 950
464 844
779 821
615 893
230 411
194 857
319 455
267 973
378 557
145 700
279 467
35 593
24 535
459 516
277 368
264 820
162 305
634 709
421 466
537 880
323 714
357 910
189 379
836 837
718 805
363 657
135 369
298 875
370 422
248 257
620 648
562 625
679 706
37 508
396 999
485 640
80 489
364 662
333 763
452 667
268 691
94 321
250 622
270 484
386 536
721 875
713 755
77 329
40 816
261 266
16 825
668 712
176 446
532 693
199 908
405 976
608 624
172 759
221 293
79 377
488 763
745 804
495 762
96 221
123 646
91 151
21 333
263 983
271 576
61 551
524 919
21 569
141 926
136 483
237 970
520 792
506 769
87 420
629 729
2 800
764 895
78 229
88 128
248 994
516 735
835 976
97 879
824 924
68 886
209 226
163 525
633 667
121 156
188 384
407 629
337 627
87 254
94 256
393 876
657 881
49 594
925 938
212 692
570 793
316 806
126 410
84 704
386 595
346 833
208 279
322 695
726 734
296 973
344 901
436 538
101 541
33 547
688 809
507 969
65 117
455 910
65 923
407 613
197 321
209 458
362 937
212 672
492 753
540 607
274 891
695 984
289 571
350 604
310 974
122 332
628 852
543 866
403 820
182 872
366 887
25 624
33 327
164 886
529 640
551 819
711 889
823 997
214 664
467 843
187 218
243 375
8 248
131 710
27 454
682 697
524 644
337 872
79 293
16 131
32 220
298 592
34 333
328 865
536 901
536 609
848 998
391 823
304 804
234 981
59 848
22 855
237 456
621 722
342 444
323 867
19 124
88 568
577 797
91 179
859 871
100 226
384 915
579 723
583 931
247 779
570 574
296 577
287 444
605 736
67 168
353 925
12 333
260 755
306 793
76 118
291 447
340 418
932 989
106 975
176 884
540 957
81 149
372 664
815 893
197 238
474 954
236 651
442 521
670 877
570 681
630 899
21 611
310 901
246 722
599 732
475 731
224 900
446 746
167 533
379 604
723 944
323 796
331 912
741 784
30 77
237 282
577 682
171 915
241 807
441 661
769 945
274 636
92 580
108 549
462 651
347 549
20 926
89 994
7 610
336 578
51 377
604 870
133 690
565 996
706 847
713 776
109 700
63 602
147 482
230 747
944 953
855 902
309 730
7 382
80 538
186 581
336 816
39 191
218 764
530 533
19 592
267 696
58 317
475 716
342 806
154 726
457 942
13 595
633 773
35 961
346 484
153 332
41 630
203 819
307 596
887 908
280 436
189 300
257 636
337 524
708 970
683 697
214 560
418 887
33 57
225 930
40 202
23 675
198 411
445 634
66 342
519 687
87 794
648 844
703 827
255 488
789 868
864 999
25 174
284 937
35 633
611 915
95 585
860 951
79 373
180 885
783 927
707 813
50 675
390 499
118 658
312 940
220 678
63 784
630 883
192 655
585 975
161 570
926 941
609 975
33 682
10 917
649 655
118 192
248 729
427 746
934 994
38 580
414 631
337 899
192 827
570 726
259 390
228 301
96 210
522 729
459 631
187 781
531 907
614 766
223 771
213 981
359 646
490 798
162 732
197 705
798 838
161 649
221 861
437 592
199 964
177 819
243 274
321 847
455 747
90 542
389 964
324 933
312 683
862 968
14 841
594 695
92 947
486 762
287 677
115 894
99 347
620 700
51 621
48 756
487 577
418 655
199 413
14 768
221 653
141 998
802 893
156 629
366 772
393 801
33 429
33 351
34 975
53 203
179 633
389 836
529 618
130 471
680 796
515 539
265 768
26 881
130 292
808 942
115 226
53 424
422 744
650 752
450 773
370 972
456 874
92 192
201 903
194 448
105 133
560 666
249 807
351 835
138 998
34 593
278 361
37 862
483 588
170 864
582 778
104 704
19 167
596 807
682 979
401 859
135 621
255 552
20 311
131 243
1 117
525 532
558 698
407 583
226 711
287 868
84 463
306 763
532 773
941 989
561 631
230 664
76 92
39 696
289 533
226 822
389 480
789 790
87 637
179 470
698 895
665 734
536 659
352 480
248 756
652 759
440 899
219 826
396 887
437 976
325 978
463 710
431 460
99 204
844 856
138 464
570 696
407 612
570 829
122 657
591 839
256 804
838 899
300 952
510 858
89 708
172 871
134 555
249 492
24 640
44 804
892 970
264 561
30 468
104 962
654 702
420 933
306 423
126 603
212 574
115 901
470 663
183 816
150 181
412 695
432 565
9 145
73 430
95 897
139 225
786 844
562 675
656 784
165 671
603 843
294 941
133 595
154 704
224 878
48 255
274 706
93 803
751 945
415 684
744 989
76 828
44 160
432 770
421 600
599 663
108 131
321 335
199 949
583 772
65 950
317 594
200 570
404 689
218 832
655 765
65 523
568 682
313 884
524 791
112 575
373 734
118 270
784 845
468 737
183 791
78 432
173 828
634 925
180 817
142 506
476 802
62 871
55 801
764 987
158 563
765 771
335 723
442 616
128 523
684 949
596 681
670 764
567 777
46 323
186 249
882 887
311 491
90 745
5 957
286 468
214 834
24 492
766 839
135 675
5 386
200 718
750 827
88 754
165 640
627 780
809 936
367 490
132 476
293 704
509 903
401 521
487 945
690 906
154 939
84 699
69 807
64 279
140 852
577 993
37 710
662 728
182 284
580 733
5 353
337 669
431 784
283 692
497 988
394 440
174 513
556 677
117 820
129 692
400 859
367 569
406 938
36 955
438 847
597 729
34 573
211 321
460 558
214 491
55 387
508 890
48 246
324 646
253 347
568 741
142 463
387 631
189 947
899 926
408 505
385 915
82 427
883 888
656 949
637 812
617 821
446 726
336 883
520 589
204 831
22 146
17 904
100 888
357 864
161 244
335 596
163 508
64 65
416 888
151 1000
115 635
42 406
683 860
285 742
258 480
418 699
471 878
249 300
291 406
88 759
84 349
339 642
142 978
442 488
241 841
10 97
753 891
104 732
29 838
366 421
344 930
551 919
187 888
431 968
284 722
59 989
620 797
679 795
406 773
17 610
32 517
434 549
67 935
363 957
547 769
213 434
650 810
217 628
334 703
97 896
235 474
55 730
29 239
385 949
72 900
49 596
255 742
62 176
658 758
581 743
368 804
415 868
194 247
478 742
669 739
552 849
47 285
373 915
329 348
878 971
330 684
89 585
625 799
120 551
70 686
730 848
21 32
373 848
743 769
99 337
480 535
620 891
89 91
145 661
157 1000
313 524
143 572
296 624
811 887
452 472
317 600
52 301
24 726
344 657
490 710
415 785
108 921
454 924
544 555
851 977
645 868
175 788
361 820
36 50
169 722
382 975
233 725
791 847
894 920
302 680
2 679
36 480
22 737
428 688
100 179
251 871
747 863
398 882
122 860
793 892
145 327
411 861
160 221
83 412
504 990
458 657
163 691
761 816
3 817
470 799
1 315
44 738
886 933
26 367
731 962
211 256
78 711
696 788
449 481
11 957
513 590
192 278
668 725
94 634
33 780
128 467
557 898
135 529
932 947
325 440
2 631
577 606
31 976
781 980
523 782
654 977
291 527
159 819
449 868
13 525
214 963
376 494
57 646
31 248
40 676
255 278
36 161
235 911
401 690
788 983
250 615
285 818
296 448
509 862
634 952
99 561
175 709
15 812
81 181
330 837
215 335
700 741
217 773
477 629
21 831
70 480
92 554
307 906
101 540
65 939
406 648
333 675
12 980
681 889
371 659
134 330
297 626
208 288
379 651
273 523
237 367
653 663
465 909
685 966
30 851
137 761
35 746
146 436
153 300
285 972
345 860
443 635
171 817
126 322
566 569
368 473
337 438
711 873
591 653
371 401
308 538
879 984
594 794
227 824
897 918
305 995
377 769
333 638
371 983
611 685
522 726
68 913
153 546
593 869
406 926
142 248
159 999
251 957
187 804
101 251
90 701
29 33
538 654
214 238
685 911
239 975
36 313
544 928
851 882
17 607
668 826
495 709
174 446
120 910
799 933
557 696
159 207
357 871
324 986
240 311
16 450
9 316
287 849
250 451
466 792
430 729
211 929
277 699
160 396
624 825
300 775
246 953
557 789
367 573
373 500
49 375
46 517
84 209
341 479
399 652
827 960
185 422
546 685
827 994
73 263
570 996
186 240
861 991
103 104
374 757
396 651
35 318
475 893
134 149
279 370
214 676
111 144
170 790
364 535
77 771
153 611
12 496
466 645
37 104
45 281
213 281
88 205
509 969
132 428
45 65
16 361
247 512
380 619
696 793
129 652
494 839
126 605
434 688
11 315
842 932
416 658
208 402
479 602
362 882
779 813
244 716
287 411
448 894
16 483
441 511
381 486
371 417
