1000 300 1000
0 1 2 3 4 5 6 7 8 9 10 11 12 13 14 15 16 17 18 19 20 21 22 23 24 25 26 27 28 29 30 31 32 33 34 35 36 37 38 39 40 41 42 43 44 45 46 47 48 49 50 51 52 53 54 55 56 57 58 59 60 61 62 63 64 65 66 67 68 69 70 71 72 73 74 75 76 77 78 79 80 81 82 83 84 85 86 87 88 89 90 91 92 93 94 95 96 97 98 99 100 101 102 103 104 105 106 107 108 109 110 111 112 113 114 115 116 117 118 119 120 121 122 123 124 125 126 127 128 129 130 131 132 133 134 135 136 137 138 139 140 141 142 143 144 145 146 147 148 149 150 151 152 153 154 155 156 157 158 159 160 161 162 163 164 165 166 167 168 169 170 171 172 173 174 175 176 177 178 179 180 181 182 183 184 185 186 187 188 189 190 191 192 193 194 195 196 197 198 199 200 201 202 203 204 205 206 207 208 209 210 211 212 213 214 215 216 217 218 219 220 221 222 223 224 225 226 227 228 229 230 231 232 233 234 235 236 237 238 239 240 241 242 243 244 245 246 247 248 249 250 251 252 253 254 255 256 257 258 259 260 261 262 263 264 265 266 267 268 269 270 271 272 273 274 275 276 277 278 279 280 281 282 283 284 285 286 287 288 289 290 291 292 293 294 295 296 297 298 299 0 1 2 3 4 5 6 7 8 9 10 11 12 13 14 15 16 17 18 19 20 21 22 23 24 25 26 27 28 29 30 31 32 33 34 35 36 37 38 39 40 41 42 43 44 45 46 47 48 49 50 51 52 53 54 55 56 57 58 59 60 61 62 63 64 65 66 67 68 69 70 71 72 73 74 75 76 77 78 79 80 81 82 83 84 85 86 87 88 89 90 91 92 93 94 95 96 97 98 99 100 101 102 103 104 105 106 107 108 109 110 111 112 113 114 115 116 117 118 119 120 121 122 123 124 125 126 127 128 129 130 131 132 133 134 135 136 137 138 139 140 141 142 143 144 145 146 147 148 149 150 151 152 153 154 155 156 157 158 159 160 161 162 163 164 165 166 167 168 169 170 171 172 173 174 175 176 177 178 179 180 181 182 183 184 185 186 187 188 189 190 191 192 193 194 195 196 197 198 199 200 201 202 203 204 205 206 207 208 209 210 211 212 213 214 215 216 217 218 219 220 221 222 223 224 225 226 227 228 229 230 231 232 233 234 235 236 237 238 239 240 241 242 243 244 245 246 247 248 249 250 251 252 253 254 255 256 257 258 259 260 261 262 263 264 265 266 267 268 269 270 271 272 273 274 275 276 277 278 279 280 281 282 283 284 285 286 287 288 289 290 291 292 293 294 295 296 297 298 299 0 1 2 3 4 5 6 7 8 9 10 11 12 13 14 15 16 17 18 19 20 21 22 23 24 25 26 27 28 29 30 31 32 33 34 35 36 37 38 39 40 41 42 43 44 45 46 47 48 49 50 51 52 53 54 55 56 57 58 59 60 61 62 63 64 65 66 67 68 69 70 71 72 73 74 75 76 77 78 79 80 81 82 83 84 85 86 87 88 89 90 91 92 93 94 95 96 97 98 99 100 101 102 103 104 105 106 107 108 109 110 111 112 113 114 115 116 117 118 119 120 121 122 123 124 125 126 127 128 129 130 131 132 133 134 135 136 137 138 139 140 141 142 143 144 145 146 147 148 149 275 191 109 209 293 256 155 103 76 0 141 104 298 160 39 203 144 55 72 43 214 246 223 269 34 152 108 258 227 217 191 196 195 241 42 55 95 12 56 125 258 2 96 47 157 154 85 40 235 81 115 239 74 139 44 183 214 238 116 29 37 211 188 236 158 246 218 218 275 181 159 27 192 166 198 214 123 80 101 124 34 255 139 259 284 121 13 66 134 275 258 37 238 196 171 52 115 199 207 287 78 10 24 283 273 80 124 125 237 86 218 68 71 64 198 191 180 78 161 46 49 132 124 151 210 60 90 236 189 53 115 90 32 42 61 46 181 96 282 292 256 8 273 129 247 275 94 58 63 87 163 287 106 83 108 295 155 141 222 109 22 181 182 135 275 170 274 267 18 78 229 296 200 52 25 46 245 201 47 223 240 282 107 92 166 270 80 233 86 280 162 160 113 291 221 106 258 200 280 49 17 84 275 125 138 67 131 217 149 123 257 23 208 239 271 96 35 148 164 70 1 10 218 28 71 95 61 54 169 22 82 47 90 269 37 6 129 277 100 288 281 186 81 161 239 50 50 132 89 81
669 727
248 933
172 394
299 505
338 985
193 235
124 436
388 927
433 876
51 305
837 979
4 958
655 750
168 228
168 206
58 593
684 689
557 595
28 130
291 727
648 818
43 919
93 774
670 787
193 600
146 507
739 955
145 217
149 450
279 689
542 786
619 805
717 739
182 833
290 530
257 712
498 553
248 889
128 245
282 337
124 338
417 837
809 906
56 898
293 698
123 607
251 693
290 403
128 582
172 793
445 460
361 783
16 971
495 989
238 822
832 840
616 993
203 260
300 813
151 536
343 450
408 737
404 787
362 731
387 875
523 638
605 927
9 341
271 647
183 943
368 461
351 809
115 717
59 956
266 517
760 890
93 783
86 761
462 935
131 149
613 917
42 706
433 633
334 448
73 926
16 705
495 615
633 753
662 718
424 855
47 61
38 603
36 755
81 649
164 931
482 611
149 975
126 564
492 605
6 187
492 511
459 862
491 712
56 336
332 823
589 963
68 422
57 560
35 126
238 343
74 584
669 930
124 743
675 857
193 510
352 965
206 361
274 358
31 833
709 974
345 721
485 988
191 779
482 859
330 425
384 615
62 360
109 908
544 704
42 993
26 862
17 675
678 867
52 781
631 956
553 762
141 397
23 394
195 665
403 616
441 779
534 892
338 359
650 667
799 904
475 561
394 743
634 988
214 456
139 759
437 466
289 386
47 202
474 907
277 846
483 495
75 376
154 901
269 642
39 349
248 377
47 217
459 789
390 750
419 823
294 330
45 287
407 840
91 862
364 967
804 809
718 876
715 743
304 872
773 871
104 226
54 910
552 618
303 445
380 382
351 516
384 815
595 628
180 691
101 433
538 748
84 796
26 390
696 923
5 20
56 960
125 483
75 344
247 742
285 608
573 944
525 604
430 839
516 642
393 679
243 718
686 757
276 585
335 776
18 104
60 866
542 621
492 812
193 888
149 156
451 572
39 714
418 630
261 374
23 549
84 585
741 998
415 673
296 891
515 948
533 979
206 470
315 853
46 476
96 846
655 893
194 446
233 660
5 668
628 713
826 831
542 706
100 654
220 907
150 831
144 564
510 652
38 230
580 904
747 903
101 388
46 950
631 802
346 920
142 983
84 772
332 894
373 523
802 859
299 485
82 183
154 226
407 854
745 771
342 429
456 778
364 909
574 953
529 844
372 403
702 847
221 489
5 558
59 997
553 934
141 747
70 673
660 736
8 651
79 536
325 812
19 572
537 584
106 947
15 605
417 692
370 404
146 184
72 947
167 442
511 844
476 632
174 238
510 935
873 947
564 667
423 717
310 353
133 733
224 860
221 722
495 923
583 646
238 247
373 400
256 743
95 919
65 374
516 894
627 998
121 885
489 627
382 801
158 425
633 711
825 857
102 209
655 862
287 480
250 387
348 447
776 832
446 822
258 782
479 755
79 332
165 200
232 277
558 562
484 631
281 427
212 339
94 769
79 850
523 642
799 905
96 487
200 885
317 807
78 201
633 941
437 456
311 781
27 187
265 532
103 539
668 894
561 883
49 347
216 997
289 792
339 726
123 897
357 516
223 874
562 765
281 408
131 969
740 851
182 834
483 551
507 847
91 197
275 984
154 913
315 905
331 814
179 871
511 954
232 848
62 354
276 949
613 809
191 208
314 395
420 453
155 592
509 786
438 498
325 807
124 294
441 874
197 787
197 891
5 166
208 871
676 964
115 524
714 845
608 921
101 630
757 818
140 448
621 672
398 801
177 923
230 682
458 464
463 1000
627 980
320 953
17 406
20 858
455 733
491 601
976 1000
87 597
514 887
163 618
204 437
409 771
1 123
283 653
691 946
291 545
893 955
164 688
53 853
411 660
290 414
196 823
314 618
400 701
19 211
564 999
308 783
34 641
36 784
422 784
572 919
826 881
169 877
734 963
261 555
71 704
377 583
673 886
301 935
136 328
398 858
434 591
60 812
191 959
487 910
287 729
80 368
175 258
155 721
597 971
127 579
661 676
131 225
49 574
752 765
312 975
449 751
107 917
484 836
676 793
357 402
417 510
683 960
400 811
71 595
297 508
330 434
102 589
195 534
458 761
61 629
313 926
722 737
89 305
59 171
78 668
386 958
139 573
540 576
303 550
138 887
445 520
426 968
73 372
573 988
739 937
165 438
53 621
854 858
120 836
242 965
99 776
688 986
600 820
685 856
295 613
796 803
144 598
264 309
103 992
505 685
288 768
623 870
34 425
545 881
534 729
265 945
24 985
735 842
319 437
301 396
851 902
95 186
283 479
129 853
583 712
558 914
351 435
734 828
216 335
276 726
568 607
274 282
692 837
327 794
329 648
506 862
343 494
23 54
49 468
241 966
347 939
420 611
430 955
622 629
257 903
348 387
759 881
166 631
911 941
458 792
296 314
340 780
303 530
698 786
47 842
218 499
141 524
61 106
427 463
411 480
262 559
182 533
593 710
59 864
177 423
607 917
285 742
515 884
2 537
291 515
122 591
438 721
662 750
8 805
78 534
220 571
700 894
143 252
522 736
427 508
351 720
190 731
3 865
155 981
577 673
217 801
551 823
96 407
578 985
143 568
232 822
405 897
702 818
7 538
915 988
160 319
374 585
461 803
318 334
277 573
299 420
226 625
580 722
171 551
461 579
708 792
144 606
509 691
556 891
378 868
592 634
417 758
318 894
492 977
131 774
144 275
39 769
315 402
69 736
378 410
490 965
254 904
46 577
176 295
254 648
143 445
150 321
531 868
190 283
732 858
440 712
470 964
698 895
625 988
252 927
124 911
416 452
325 932
165 578
368 556
438 757
587 948
349 357
276 653
136 236
442 678
264 628
111 895
781 913
282 598
417 902
30 980
84 496
447 639
168 386
142 316
263 694
187 724
401 960
750 807
77 851
172 625
1 580
774 876
479 970
293 862
86 200
579 708
573 614
233 654
830 908
627 981
243 882
54 721
678 788
450 657
533 609
824 882
437 665
186 892
744 790
938 981
680 991
75 605
125 696
108 841
27 828
388 522
697 833
112 603
1 805
673 684
171 599
14 187
53 885
67 882
102 332
329 679
43 179
152 499
709 803
5 221
718 861
76 422
546 797
438 646
682 797
58 154
873 885
711 975
744 999
249 521
73 168
748 793
465 523
562 832
105 343
62 804
523 750
434 719
455 751
300 423
161 241
687 838
477 547
2 238
387 559
589 747
285 681
415 438
63 510
151 932
592 643
685 974
12 537
933 992
215 769
102 795
61 434
153 280
492 679
442 637
522 684
85 364
319 322
106 140
267 942
392 598
184 706
9 238
683 774
214 515
813 882
245 645
420 693
573 671
454 535
471 586
857 971
491 667
450 468
343 632
93 776
676 795
624 986
183 350
609 872
536 737
99 328
570 714
700 707
127 440
115 352
443 568
53 592
116 206
78 572
78 105
46 811
266 754
112 139
115 988
323 642
875 950
143 429
410 963
445 819
57 644
66 238
246 530
48 79
110 659
16 594
803 835
506 814
11 112
37 995
107 957
45 355
279 418
694 997
577 697
114 939
91 425
121 492
97 882
404 415
301 605
441 697
300 816
226 784
521 897
304 391
136 574
61 474
133 595
197 449
223 893
15 606
376 980
64 812
68 608
53 384
350 851
415 542
31 896
196 255
104 712
430 996
110 224
569 591
399 953
191 231
541 889
175 188
67 341
481 900
178 472
465 492
181 364
582 825
331 498
228 444
151 601
137 542
355 905
423 878
862 940
569 963
386 519
155 282
354 597
391 415
292 868
182 537
85 712
222 345
564 793
232 282
510 716
399 779
7 358
651 991
135 620
443 599
342 550
509 592
816 944
549 657
210 747
722 992
593 830
212 775
680 786
134 644
588 959
154 689
262 851
219 640
10 217
118 329
555 935
172 285
232 778
160 822
394 451
90 652
25 900
575 967
80 170
287 292
32 212
250 589
199 892
203 987
150 279
879 970
779 785
85 211
638 871
842 881
259 852
281 430
458 963
226 990
915 922
463 932
163 390
216 962
563 622
150 504
334 471
377 588
212 936
202 327
419 950
81 736
27 973
13 430
463 530
299 925
101 521
473 491
559 950
787 817
349 604
551 598
243 633
518 656
254 322
245 397
366 443
27 781
226 756
379 574
176 201
30 767
129 482
303 306
351 476
65 393
111 192
454 466
457 914
416 526
393 643
260 563
601 682
474 635
614 908
636 863
59 437
179 865
321 867
496 525
359 366
302 550
189 512
318 749
15 318
123 971
75 941
813 838
335 916
773 994
438 526
277 586
682 784
292 728
708 950
13 696
21 357
598 843
43 937
715 991
58 114
78 805
227 927
208 491
318 844
88 374
462 546
186 802
438 931
10 298
469 828
494 906
163 231
624 699
348 964
430 929
145 234
186 256
180 932
117 755
783 951
367 814
12 465
53 953
263 882
120 608
808 811
87 385
270 614
129 336
523 700
163 574
469 854
744 843
217 237
679 940
195 235
742 785
423 837
19 992
112 952
93 453
91 454
348 350
382 835
