82 10000 89
4750 7335 38
2697 8238 24
2417 8011 59
2980 9319 39
1831 4958 14
2533 9390 77
844 4436 44
3588 9715 20
4275 5741 66
3714 4813 5
3298 6135 36
5603 7772 30
1562 9403 89
2919 3489 78
1769 3267 13
4744 5101 93
3938 6809 43
1784 4303 77
2109 5657 74
1560 4623 91
1303 3706 7
5919 9664 26
1059 2258 64
865 9452 57
374 3520 35
2189 6852 74
3359 5584 61
2130 9414 20
7579 7906 88
2664 7876 28
4249 8142 51
1023 4819 37
927 3221 76
529 4781 94
2336 9781 35
4554 6191 59
2111 2839 20
2588 5136 11
1228 9875 32
3012 9686 70
4243 6393 97
5473 6536 21
1066 3538 69
504 7512 60
649 7757 94
4582 8329 75
3363 3744 8
687 7660 50
9093 9331 33
1499 8039 45
4646 9914 20
4210 8219 83
3987 9914 57
200 2595 2
3781 8215 18
1233 7640 80
2760 8895 17
2517 6014 56
2146 3215 25
6748 8516 87
2171 7810 62
246 6826 12
1927 7383 35
4228 5627 63
543 4023 28
3222 5156 71
579 4691 41
3116 5773 85
3485 5655 72
7793 9630 42
4299 9113 42
4986 6974 27
869 6525 50
4491 7586 92
5367 7727 9
1639 7923 45
3557 6089 13
2807 9888 98
6592 7009 55
4927 9159 88
914 1131 50
1710 8772 71
