158 23451 39
1964 14972 61
14677 18244 75
3205 20152 55
39 11317 79
7712 19586 77
19418 23052 60
20276 21326 40
705 9549 39
1276 13491 18
8411 9465 46
3003 16737 12
2616 21069 23
11149 20786 31
17647 17763 74
2636 14500 57
19974 21094 85
6692 17510 32
2615 13174 24
1230 19052 15
8374 20716 23
19984 22927 30
4549 9166 52
7778 11331 46
13750 20695 13
4417 22047 90
12570 14936 4
6391 19642 56
294 18034 19
10962 15500 54
15892 19353 41
7800 8649 49
1650 7801 92
1396 3595 13
12832 20774 89
17723 21539 86
16345 20222 12
18092 22167 6
3274 23154 91
1021 4279 99
12786 19896 65
3833 7864 97
19868 20192 6
19528 22763 42
7862 10776 63
799 8129 94
10813 16232 46
12424 13505 99
9263 10625 56
15412 15605 13
7845 13416 62
6752 17416 2
5309 21513 47
20237 21819 39
4355 15003 35
116 10063 15
1451 12380 7
10725 19097 38
14 5900 69
14359 16080 13
15659 18621 80
3977 17213 11
16655 19417 1
17543 19068 17
11909 14360 95
800 4360 23
20496 21312 10
6615 23060 16
4408 22194 82
2605 6974 73
13476 16287 46
4472 5593 36
1993 9431 75
3837 13832 49
20609 21423 98
8251 21422 25
4854 12303 92
7655 9848 78
12525 15770 95
2995 15157 48
19641 21983 33
8947 17146 14
10588 22225 33
7936 18866 87
20593 22444 60
14857 18537 87
12553 12834 65
9487 19619 32
9926 23219 56
1880 5379 48
10424 15411 71
173 23160 32
4790 11820 38
1692 17279 31
512 10566 28
4950 17784 70
9358 16970 26
15716 17666 42
18070 21864 72
3866 12662 7
15034 17894 88
15165 17274 99
12096 19190 47
6823 18152 49
13874 17356 34
1646 20650 35
19457 22005 36
405 12846 71
3804 12447 28
14149 21373 82
9679 12790 8
2594 12387 95
9951 11474 56
3389 18536 82
10868 19208 96
14088 18471 87
4651 12678 3
10086 18859 67
4486 12700 88
12040 20913 97
12007 22710 63
7796 8957 39
21896 21907 15
15064 17453 84
9483 19552 9
9768 20898 49
8351 22896 51
6712 8590 99
16968 23404 95
16137 18481 47
7016 19067 42
7819 9578 8
750 1508 80
4937 11793 11
13169 14708 35
8815 12993 9
11943 21568 9
3002 18242 99
9179 12703 35
9777 17323 61
15997 23310 65
1517 6215 26
1037 8559 77
1503 4344 17
1140 16917 61
22002 22866 86
1573 4146 95
2007 17326 47
1851 14477 42
1481 8274 33
5581 17677 9
209 22965 80
2856 9445 76
7745 18110 29
1534 13557 65
6532 7973 87
13804 17455 31
6903 17322 38
6849 19921 97
