2553 200000 39
134693 186222 8
67470 124295 97
61185 106089 31
103673 193342 44
84623 197839 73
19239 197101 44
47925 49781 71
106964 125331 29
108849 192829 64
67823 80371 45
7827 22099 54
174501 186693 6
153299 198714 87
20901 58447 21
79503 123642 38
18018 120923 78
47325 151445 53
15613 21572 61
144493 175790 77
108017 159220 34
56107 133468 19
14214 171271 100
36711 119662 96
19723 162374 61
15314 50025 55
2397 10718 91
18427 23775 100
139941 148710 94
33369 177343 3
91146 199233 14
60945 128415 67
12621 67885 94
35605 119110 68
40896 186966 17
173663 188885 28
109640 175061 88
17979 167918 27
77903 140226 2
44041 93325 26
27510 41155 27
85952 119019 41
23970 93481 66
92598 136950 10
6340 181570 55
116113 158766 85
61989 84513 82
10542 18441 98
115262 182043 33
4215 61217 71
377 124324 85
35100 115674 35
14849 190908 78
140818 156525 80
50568 112864 52
51252 124465 57
15501 154357 64
33694 169082 85
39248 143731 78
124763 185464 1
136582 143973 73
167935 181966 18
28080 57932 89
60828 164233 31
6655 151617 39
23475 82083 24
128773 145950 14
2555 103161 51
132836 172931 96
115834 125954 59
20595 89401 54
95914 191394 92
35227 185186 27
134887 189142 22
65787 80651 91
63090 102312 80
39454 171687 2
124430 164715 48
60407 171288 11
118159 148528 78
53743 159773 2
68708 165449 76
79048 80025 9
48099 63676 5
121817 123464 46
30944 55721 41
55104 102277 90
132865 176190 27
79790 172172 7
175991 187618 71
129800 164915 56
68386 177794 35
30272 104304 72
122004 196701 39
16058 45266 74
48023 179830 68
99521 145513 96
72333 104371 74
138082 173310 36
2408 154221 89
48402 72352 83
143330 181374 9
44632 112841 39
77691 194180 60
30183 184311 42
144301 191077 16
8519 189662 66
107169 135851 44
69836 94225 28
53 189269 67
27619 37751 37
82218 170753 6
78689 151797 86
419 114129 77
14956 28578 94
93345 111910 90
73988 109756 78
25442 142244 93
22838 181865 43
30169 55682 97
135439 140898 34
54243 173421 60
55888 95479 60
114469 155108 51
15721 137346 57
1942 88697 95
34261 98515 33
128466 176024 80
111511 178993 61
71604 95156 90
2024 3764 36
36965 132618 87
56119 102949 44
120266 129508 29
10767 80140 49
107958 151105 26
568 18926 28
17516 131066 44
103423 135679 63
15678 83784 46
15723 59802 39
24452 198241 2
37683 141529 88
79739 141812 69
150733 164134 34
162900 187963 68
49900 50581 33
14367 63933 97
115755 189115 10
155567 183553 75
78618 151711 37
35488 189054 72
14312 116338 21
29505 53050 76
30590 192341 4
86607 132016 80
154852 170404 78
10345 20603 13
100319 108480 53
254 178366 80
74363 74584 17
25739 120563 87
87521 107612 50
27969 115744 29
14859 42008 19
119002 191953 17
79945 140694 38
11118 129514 25
35922 90395 47
21018 91962 74
108848 171065 3
39616 48495 12
164403 178793 79
36220 156316 62
90484 116217 48
45928 158179 86
13567 174804 22
44683 65744 13
64314 91652 9
91439 182337 18
71862 143688 93
57379 175952 52
25454 108363 44
164438 167106 82
26572 64086 87
85594 153294 86
3782 64229 5
40894 121695 10
14297 44094 42
61775 68293 1
33454 196012 81
24691 84500 18
174658 187317 7
45733 140491 73
14253 52530 53
91431 154387 10
123467 193812 75
93411 160756 4
35500 49357 25
73085 115284 93
101258 119126 34
33501 183837 91
50249 121143 26
94684 147124 51
4006 71990 90
39846 73367 48
129670 179387 1
37799 161383 49
32987 113573 14
68507 151066 48
158934 169105 4
45605 74455 57
100321 132257 91
110241 122235 55
176213 183635 42
179125 179773 1
39292 118444 24
182643 198289 80
90777 108777 96
2162 194778 97
67583 179712 61
87878 173648 38
4838 38366 58
98876 107536 95
43952 90457 62
84639 180346 28
127555 182790 3
114383 121334 26
33375 142064 80
140196 189332 98
46039 184803 79
54852 81478 64
86267 126030 32
134670 172222 37
120809 147625 12
38106 143155 75
131398 136144 17
8710 190996 40
1419 118465 86
19246 98368 52
60015 179599 22
33890 152169 42
28896 111355 94
95813 154902 74
71559 124588 98
117049 124080 81
45734 103983 96
94736 158213 100
88025 132461 49
128323 150202 29
52668 173525 90
1370 141768 26
139945 163020 89
148380 169485 91
24512 154818 25
23448 62931 89
80492 80724 49
17081 172786 81
17165 111739 9
66140 196159 13
144159 159859 97
69804 116683 76
28611 75186 43
148172 174632 30
6806 74249 78
66771 134031 17
101230 197674 79
48326 187822 51
57842 78742 53
20361 77354 6
54030 54801 25
5580 65834 47
1920 85936 21
5997 199253 63
18538 186417 65
7864 198111 46
96569 182333 85
136071 159446 63
114331 135199 5
33687 156706 6
3856 156057 38
48167 109271 9
74658 181044 19
3614 12706 61
8573 193951 100
177756 190638 40
30905 181610 72
47822 69973 13
105917 153810 56
18317 162215 8
52160 101877 89
20179 172853 78
124995 138704 23
59682 175009 47
1932 162305 91
10683 159393 86
28428 33696 69
117699 175618 98
132514 156543 13
119137 180992 95
159044 194215 46
79125 159997 69
115519 197058 68
99611 153322 12
150435 169934 28
27902 161755 31
7426 91204 41
22278 86565 5
26147 161135 75
17693 84734 50
107495 135643 20
8412 80818 85
30982 162761 71
2380 140490 86
114532 157698 39
43336 68153 31
10599 22700 53
114197 184036 41
52969 188144 90
60966 174558 14
19694 182529 89
98293 180699 52
27399 53741 100
17148 172559 28
37385 130291 41
134211 143328 61
53697 145799 9
27235 147788 16
108367 147922 43
63743 70012 36
20750 175624 12
37061 78473 39
34691 189184 69
20483 105902 74
37381 156230 76
92477 172456 89
124489 181555 25
56121 127328 14
130634 140228 29
81256 168970 25
171125 177516 77
76129 107953 90
31564 82263 60
110742 197890 28
169305 171376 66
8663 169743 15
39199 85347 70
116007 142523 63
87393 101341 27
87473 158924 13
96181 133571 41
123626 191291 17
69718 127506 54
132902 136695 1
83733 135122 19
59029 126075 5
52669 99687 50
52089 197842 61
1177 66449 11
33773 77254 66
125351 179024 60
50976 79631 79
4979 38429 32
158496 193688 40
39134 106077 41
47370 93699 96
45426 151732 44
59489 199288 28
74908 195124 77
111018 174334 14
35416 45749 17
196318 196408 6
125481 167256 4
1442 154321 85
85002 123143 62
81680 160731 94
71029 122776 21
185405 196972 20
125267 148846 74
1686 57181 87
128255 171836 93
58123 166254 67
78460 174120 1
56322 59182 63
107694 115272 17
35585 60296 38
176136 181963 87
64767 114644 60
21426 161566 79
2198 158931 85
133304 193108 25
179010 195672 86
15685 169454 23
59317 109129 56
5006 20050 66
50895 191616 63
30946 178744 81
14391 188825 2
9230 38378 44
11096 36634 69
21042 195144 13
98282 106708 82
39123 116108 63
72791 157508 17
12362 62001 32
33767 131579 88
125893 196303 19
121883 192474 71
185604 187392 18
48304 147995 4
91476 155131 23
13544 92186 14
79259 152853 65
16318 30267 43
53034 127810 96
29682 50705 43
32888 167387 88
140022 160997 88
48630 80194 61
109995 186117 24
67474 117473 17
129132 178453 41
68438 76902 98
101544 148244 1
47541 63860 70
18196 70872 52
125300 134029 72
130338 135472 53
96271 169106 59
110782 153360 97
81827 147397 6
23287 177955 49
6442 104762 77
168431 170700 40
1501 172207 88
16420 32105 78
87731 147262 66
1920 108967 59
77061 78092 53
8493 29391 96
72107 105125 65
69943 182427 22
143251 185089 6
29962 118311 44
91831 144522 57
8805 65373 54
76430 174063 90
183029 188984 61
141395 178545 35
141508 150994 72
136356 146443 88
23461 168970 94
111221 127698 33
172141 188682 5
6954 129750 39
106184 188599 16
53069 159752 47
127950 129331 16
20710 175092 9
94293 108167 21
154175 191564 65
99509 167501 24
65002 187247 84
132070 138635 28
26267 48272 60
18486 191110 87
122595 164105 66
32806 157885 84
40772 176906 2
25328 171813 83
9285 194789 61
3766 8968 57
35834 37829 42
89662 170053 84
133635 143261 92
27265 127697 37
117482 161302 99
13152 27162 82
37030 136379 21
123038 132538 10
54298 158092 19
17991 62828 84
27830 110058 5
63018 98105 23
116577 137998 75
2393 99640 97
101154 136444 69
50305 116292 21
56644 188740 49
81743 178972 19
138277 188615 45
29311 117208 3
107953 111789 20
155467 187537 34
1070 5044 44
14144 187891 8
74218 110868 32
52972 73207 53
23089 81781 53
78330 154220 33
95590 157485 4
178866 183231 49
8401 157949 60
108669 148263 46
17993 69518 4
27390 190395 4
10291 64480 64
113282 191756 58
107581 170009 50
57849 70215 77
64423 124955 72
4219 78594 25
36004 120625 23
162378 189811 99
47331 98831 31
98405 175599 52
33612 162723 1
88221 103479 75
3706 156556 9
30826 87378 27
170015 185002 80
133231 154626 35
3584 97391 97
67221 115003 95
120023 199081 27
69443 92059 63
4564 179703 56
3870 24047 37
112456 189203 4
21589 187987 71
31839 110253 98
99733 157118 74
57288 123505 18
96653 114513 92
87601 199977 15
56418 136900 48
41007 92734 59
272 97936 14
75963 184201 61
93923 159677 75
73509 173184 36
30939 31579 72
2882 116029 55
110600 158212 74
100507 139419 6
100471 171097 25
66768 147451 8
59904 86031 41
112552 129838 87
198990 199475 45
115812 171630 33
13333 189000 89
8947 122335 52
2493 167179 47
90852 165882 19
133766 186300 93
37031 125238 58
11241 191288 38
47740 102174 66
26997 172893 15
26158 171727 89
54701 121547 61
105006 188780 31
20302 32482 18
22643 72571 34
78796 119724 88
142605 175114 73
58435 85756 94
4278 59991 13
56671 167874 2
8995 148977 66
123080 126058 14
104120 184425 37
63419 132841 83
153410 170161 85
36041 178995 54
99935 108039 36
158174 198423 54
9194 77923 36
14360 102482 30
17226 156010 33
4875 133779 34
100659 146971 32
22785 141549 96
14244 38068 100
175408 186433 2
85565 122954 53
68354 143687 47
102922 149097 41
151132 156399 59
90782 102533 60
54687 198436 90
11341 93049 54
34049 71184 4
100280 117897 87
39932 164961 5
101610 161437 28
49350 54590 62
68924 195107 17
159745 181569 68
37918 172798 5
22411 132412 35
96759 175257 34
146050 147508 96
62167 166372 73
77516 168800 3
72694 198263 38
39494 47269 14
21546 63502 76
162082 176802 64
175112 186285 2
4795 152133 60
43873 196355 48
71187 84240 35
28425 89616 87
77184 130477 60
64209 132943 45
71779 88676 48
36598 129740 51
54580 73833 57
63389 139811 64
132320 162575 88
85496 190125 94
11644 114851 1
104391 151462 5
51967 93152 39
25566 51876 36
75401 111431 19
122634 163789 55
16031 27526 28
109497 116018 19
33145 154403 50
27163 121827 44
21181 164319 2
57223 83461 10
7924 197536 98
59500 147613 30
41467 155153 52
105418 122714 36
38232 190163 95
56252 195658 76
40954 52758 51
158090 180080 26
44813 100010 26
108709 174150 61
38400 111885 50
79205 195279 23
139691 197388 3
44513 133726 67
70895 143363 63
55648 143773 88
38074 144006 14
15317 21891 2
82920 111029 4
81430 141505 13
181543 184905 99
18291 173568 5
25349 49828 83
102544 105252 1
138326 143094 82
101345 162569 96
88464 193427 39
27806 173890 35
44003 54598 69
26976 81086 3
26080 36580 56
38270 138996 59
41957 58805 3
8292 34869 71
86466 99540 29
186937 188918 79
32669 151595 92
2416 50064 24
183509 194865 37
45144 198959 91
1549 44972 61
3229 148354 80
69749 128936 55
97505 176718 89
95974 150445 94
40403 61856 63
28433 172122 38
81022 162329 16
18477 145646 95
68264 93666 44
55865 71387 54
130 178925 89
152631 158811 73
142096 154921 56
57462 169005 82
34730 85106 88
14711 124101 92
38564 117340 95
61171 182809 30
156629 169074 54
730 28741 74
38186 153679 73
26698 61301 2
814 17208 4
29446 184450 59
149919 177176 95
128205 129714 94
59077 85014 42
54123 186699 88
35326 93051 18
159737 183322 87
66028 121666 100
69402 95476 44
93225 137879 33
163580 198053 37
73951 182307 92
39335 72394 57
40387 89353 26
54917 102595 82
94161 136621 43
12898 147442 40
114502 136801 60
85311 197863 95
106544 140141 89
57812 118144 76
125608 194167 85
7320 135437 92
52445 110740 1
174438 196015 80
3589 170843 94
62601 185584 94
48509 124356 23
76317 123449 33
48727 153030 72
162472 167130 68
177272 178593 10
67232 169222 18
114128 151537 25
2394 123992 52
19365 154006 7
109268 150491 66
79836 95738 1
24099 141876 78
25688 27256 67
107896 175040 44
21093 46425 96
26064 149662 48
49491 60333 11
20683 171150 86
32577 161732 64
40256 102747 22
44042 109292 37
11172 177987 15
1062 179282 37
3929 47444 100
175791 197691 98
110100 117318 37
19178 116830 87
44724 177305 4
56834 120596 94
119201 180617 39
61496 96425 94
187578 194694 88
53324 61437 42
124303 164224 65
2389 88998 25
32827 74355 45
46149 140750 89
70888 140712 75
91003 141165 76
66243 154883 58
96281 162818 98
114597 142846 61
48663 54079 14
43543 46978 19
94856 181337 37
19084 77782 21
39161 113085 32
67384 140068 58
60345 184020 43
104066 175416 6
14182 162997 41
117400 175713 44
28222 199410 97
196197 198333 57
51554 151672 98
2724 18620 31
100985 187676 41
151353 170907 77
65265 71480 51
10073 184986 42
21466 76375 69
76195 169257 26
113061 169212 7
79666 173815 64
162294 170723 77
47287 134779 45
114164 142661 43
32997 96037 26
32842 127034 35
123153 149869 6
158069 184293 3
101345 146925 55
27260 179204 71
20810 34753 76
46383 78028 32
98868 104402 60
31272 36639 4
50264 53780 65
96652 162090 24
150557 190386 92
58956 198681 1
29716 94372 40
188037 188479 72
101544 150089 47
39543 115138 62
96175 98873 79
11204 75549 82
98929 151704 84
98766 100899 2
136465 172185 29
166588 171730 16
51928 55148 10
9240 184867 61
48198 182905 11
61289 75703 85
86735 192938 60
34472 180841 62
62571 86889 98
37319 81870 87
23008 167972 71
26676 152885 5
158401 183140 33
58141 185306 16
101074 119146 2
65458 80902 87
72096 115695 62
9692 76234 61
90286 127163 97
146297 197751 25
455 22476 62
105568 176927 17
52467 56405 42
94793 115515 90
147820 172713 39
60675 120616 4
29404 175621 25
73090 91143 52
21846 134870 38
179858 190076 55
8381 19244 86
89142 96825 76
1376 198540 69
175882 190298 48
34497 175242 77
55976 118269 30
108389 152486 71
4317 18972 12
65272 126864 73
135661 180469 90
126942 191963 68
82192 140891 55
77684 91757 12
117949 143175 88
6229 19727 76
9907 161421 84
137960 176798 5
77951 148907 45
118235 164376 80
104332 192135 53
21935 150043 15
19135 122645 59
47056 193921 81
2992 56633 75
105315 146397 15
70499 143491 29
63482 152231 56
16503 40171 55
132422 164976 100
80302 163957 75
4228 117496 34
120971 170170 30
1361 53600 60
149956 167207 29
65613 129100 55
134004 184050 76
118346 137377 45
12208 128771 48
85700 199313 25
34442 135082 86
40078 110093 87
2920 198066 82
21124 106539 96
97478 190197 4
57136 57237 3
111284 141684 18
52515 136706 68
1091 189547 43
9062 175514 2
14435 91458 4
67826 82278 85
26653 156424 74
24177 117031 85
19020 188379 72
125664 142712 80
41462 126900 59
26601 64423 76
141381 160635 12
64582 89630 23
8857 175528 1
3617 85677 38
132086 136793 84
101675 115805 45
45558 49690 99
123181 146133 19
86752 98155 97
62454 87649 9
108089 130982 47
24040 136745 73
14322 145879 30
7030 81099 41
23044 25943 8
140184 163383 59
28695 83189 63
148386 159354 43
59131 162460 83
43084 192847 38
75798 174586 22
25154 57505 16
10818 52195 32
53459 68108 35
123635 195039 73
82506 103402 60
6821 75038 57
42426 77600 69
94262 176716 95
36148 199049 89
5818 181140 84
89317 121268 98
101300 190207 30
10541 17028 30
53434 131057 63
44343 170489 97
112059 171885 62
19651 95938 69
145763 193550 63
79814 173770 4
39073 130761 41
39617 148533 70
170372 194122 65
58092 191853 93
5375 95411 96
58232 179888 86
169909 191999 43
16260 93048 47
104117 149943 34
51169 198417 42
62770 183357 16
121452 132874 77
52427 94130 84
133616 175135 48
57346 180081 4
20229 75404 23
85955 152340 4
55129 89011 38
82962 140917 56
133692 156762 93
32579 166774 73
62590 113552 57
63552 83487 34
22653 134045 15
23446 196224 96
141902 178743 93
178762 188121 27
89450 113799 94
45444 77740 12
93325 132834 43
38827 51104 1
15860 42319 10
114234 152690 6
105365 121976 83
173368 188747 8
73822 190351 7
169071 182027 51
20502 55101 84
32630 117781 92
75261 169228 70
27823 167232 17
84342 111678 35
65960 124796 18
38436 53498 72
66665 127776 68
87106 168692 49
49714 96128 13
10073 35418 96
124126 162317 24
164880 179386 69
50518 169776 79
55360 125687 32
148791 179308 62
72377 145464 99
155531 193038 37
19068 153629 77
16562 117131 70
11420 42376 55
8167 138109 24
2019 186124 57
46694 177555 63
121314 148982 84
81245 140046 28
27487 49791 91
40433 125475 67
97140 180041 64
118284 118912 43
22260 137853 91
22622 55127 43
91219 117250 91
59913 188440 47
54753 120204 84
3407 53576 1
101367 113597 79
2471 192118 45
27147 166338 43
5101 125488 27
57874 103867 71
20287 159662 16
27865 180626 22
13760 83327 25
5164 139277 79
61078 79464 20
34943 130255 5
37413 123660 27
78524 198909 75
33248 81222 97
34625 130630 29
165696 195276 27
108025 128854 49
71750 90627 17
97060 133139 91
172535 183720 86
17883 89557 75
134016 178292 69
121650 148296 48
50327 87818 85
100660 116399 14
889 125367 58
99489 171809 8
109345 141297 92
44328 169936 57
60202 153626 43
84543 154171 94
51539 144373 32
32135 107874 81
166798 173955 60
350 6917 46
64900 164137 45
88597 100631 90
100680 110823 15
48378 74473 47
162786 199200 46
100025 129431 18
1635 198263 64
170735 188985 81
156685 174876 39
106126 171389 35
47330 73746 15
25384 172924 80
109111 132819 100
124985 156950 19
20677 168500 20
51131 142208 73
80165 139396 97
17292 172373 24
127766 141019 68
55414 80275 11
52064 171093 74
22220 160466 9
7219 87774 71
94356 103526 31
4929 36404 98
11371 40937 26
31649 111413 5
79912 92131 95
7392 84366 63
168637 189439 93
29942 72476 66
1131 140967 37
32108 62288 32
73626 120615 75
80686 97529 47
61707 137826 35
32816 117736 28
30237 58846 79
2498 118730 27
130106 141240 82
102837 167838 74
56318 61743 87
30837 67075 95
3059 65020 38
72899 144036 88
63110 182862 63
12782 123670 95
1065 195418 15
87745 141853 50
140358 175792 30
100205 191720 3
94420 131208 61
30844 185133 74
176947 199228 21
46190 130570 20
90138 196338 42
106964 188042 11
25394 134743 5
98423 157968 33
21323 197134 45
117793 162603 74
51141 107331 3
29726 156248 31
143363 146859 14
169342 199648 53
112281 130449 25
4245 82962 90
15132 147157 5
107726 163576 92
28599 35599 29
92420 101144 19
156768 157172 93
151638 170089 4
10463 54378 99
14001 39999 46
2039 177457 19
1659 20289 83
81786 124017 64
58335 101040 51
32821 175861 50
117434 172042 28
114389 117857 83
52076 124151 6
14333 93871 97
47291 124917 67
1269 127823 55
115756 192737 82
13576 127828 38
43764 148480 96
6340 197871 50
14066 159354 55
180195 194372 27
37683 45148 52
970 74357 9
7267 22621 37
21151 30442 71
40572 88962 68
20746 41687 17
14186 118939 55
83537 174229 11
140814 184756 97
46988 168912 34
69960 133704 64
100978 198631 93
92729 158774 92
28143 79195 15
65696 71431 18
5213 180434 100
60635 129841 54
92346 105063 17
92508 99655 7
37456 115483 100
137070 164111 26
119227 127048 82
75794 184728 29
105631 125398 58
46030 158641 74
98936 143894 40
34273 118872 29
73311 174145 95
32662 190438 61
47609 114713 93
122861 128483 10
18265 95185 80
18708 76160 1
40361 152103 71
7910 83413 55
52793 60862 24
138739 169257 88
64211 175931 20
98913 135028 62
18747 135185 64
73511 113117 40
162457 192957 44
43972 108797 5
6462 187935 39
93641 181854 25
162822 177651 65
14012 139785 91
5223 141863 66
43963 104276 90
150987 172742 69
34212 188690 45
8517 150577 55
31213 151334 35
26662 137121 75
14584 187013 32
84531 100741 2
77482 150464 56
58139 118216 1
84845 168289 57
84011 158609 26
156719 196475 56
17543 117077 53
33840 160195 6
3429 153342 40
110988 198942 41
39778 100849 2
27723 41729 45
54424 91802 92
120042 133994 81
33609 141358 60
1988 175830 94
88431 90445 21
130728 189716 38
66536 155636 75
20023 24372 4
69969 140003 85
128430 172757 80
116128 134598 42
168150 195162 28
155139 174636 90
82105 150841 87
36058 113286 7
3330 130986 19
149246 149282 84
11648 68350 100
65671 113491 43
92952 122787 1
75566 178163 10
176548 194741 90
42221 167498 57
79248 141481 64
23061 168226 9
25109 49603 21
7867 135969 30
63307 66037 39
25539 180073 87
115531 140737 21
35215 165544 45
21204 37792 87
33889 118459 25
61649 148900 51
111642 114984 43
22546 55729 1
26173 172463 97
39092 68833 56
69765 101791 65
14377 188320 59
110567 180785 10
6559 194581 96
31183 161446 98
45034 101449 43
120141 170774 89
112575 142953 38
89302 176297 6
130437 163720 76
26636 169837 56
145441 149107 59
185568 196199 93
67846 174444 74
164314 180827 67
12158 112803 73
133362 178800 32
158892 199895 35
17118 191157 97
88430 118557 1
6262 33153 5
27005 64479 63
35354 84963 47
27489 192408 56
108101 139272 51
89567 169144 50
6866 149322 45
28955 128292 23
99513 184495 21
104807 111949 86
575 80109 34
50520 146344 55
116082 127358 42
45946 138460 52
4209 169043 59
72141 147123 59
34780 50006 30
12571 114270 10
102469 125013 11
210 36470 17
105681 113265 18
4415 197695 11
33424 91897 23
6748 178927 82
111667 157557 54
68152 135489 24
15083 42024 52
40366 53773 38
23792 60795 71
45340 145410 35
43893 138378 13
135650 155695 57
193088 195751 6
88342 95528 4
26240 161259 16
122851 190138 47
10611 128100 44
51842 185715 62
98453 193412 31
129876 131702 6
6161 68407 37
63918 66516 63
155597 169382 80
139553 163559 30
103605 165226 96
5947 96782 4
95798 124836 49
108751 152815 11
36621 100663 54
20676 126221 32
116935 184163 47
12562 136964 80
48020 183115 41
19745 163711 20
83132 109565 45
53818 114077 23
51775 146412 18
77677 159104 32
111463 134781 11
43686 85234 74
12434 85174 48
149362 168185 18
128593 190965 26
45100 180704 66
69153 163166 7
160935 183442 22
4867 102560 47
134506 174164 47
25736 64229 85
19373 27526 96
139772 182358 58
91527 175486 19
106021 113961 38
115043 138784 17
12906 69127 9
95340 183573 51
10615 31364 57
90266 120800 83
153595 160114 87
17753 194646 5
33332 97733 73
30444 143963 48
155420 180289 45
117259 174374 92
91102 176457 15
140320 187874 76
68402 71907 19
60473 68714 3
22050 108870 51
35159 184962 78
72474 118757 57
12136 127758 51
125093 183210 55
17384 130271 79
3386 38639 43
1922 60419 38
43129 51024 81
90518 185327 99
135903 168958 63
32168 190693 94
12056 154218 88
39425 187215 27
42077 46585 16
60287 119614 98
134282 151060 2
36497 144430 71
11158 67291 58
120096 144710 53
114681 118262 52
118340 173719 8
34915 182278 75
108678 124334 8
126326 133698 75
61439 87296 68
36396 132132 68
82146 164460 79
115178 164656 53
65142 89382 26
28240 115432 87
104578 190678 79
89434 165583 45
72800 98488 89
104656 120900 83
18991 78423 12
77796 177241 89
33916 103357 68
2755 185591 57
153371 175144 12
97994 161404 18
19710 155952 33
12097 46920 6
6158 145728 21
101026 146353 68
95142 132016 51
88562 165455 98
75371 147668 43
52775 86820 2
133833 138158 43
47482 107945 66
13931 97837 56
13407 199895 21
88620 180958 100
48718 153613 22
15000 113239 84
48660 83741 8
99538 128323 6
2702 190763 13
15669 49790 45
53995 155162 96
30846 142260 77
24232 122427 12
168061 171057 85
47539 116638 55
20048 187006 64
39441 188375 76
65937 191087 19
75497 143560 77
73839 119054 14
132445 194390 67
160868 196305 13
6316 57053 48
53403 108303 52
152812 153300 85
127003 141769 91
128357 171509 37
67019 163022 16
160377 173955 24
144615 149038 42
170288 177454 11
183043 189359 91
5816 60540 6
51924 139993 43
177500 181861 33
35591 79991 68
43495 178566 90
38478 92067 14
80396 141582 22
17473 179183 57
52240 177701 80
79921 106408 57
88891 108681 12
27906 116425 94
99265 126224 35
30325 139412 40
111028 137515 6
11669 130054 64
120524 145111 70
48015 82291 13
160241 180656 33
78015 197912 6
152217 161684 77
36074 39263 59
10151 133177 65
20953 186960 85
1015 159558 34
3541 103373 45
52398 167336 69
29252 80084 61
9485 127819 85
87297 171828 45
17305 62087 86
47391 178204 53
50517 150934 6
136244 162759 33
35368 142486 7
3069 69716 67
3497 147330 12
19857 31526 56
11429 42354 8
68334 110996 40
135087 189252 78
100136 152389 55
52951 150785 40
24702 138045 29
40716 131241 87
37642 179246 6
88513 146439 89
115532 134321 8
50968 79636 78
26336 34772 53
98654 197598 87
69519 119353 81
31646 85262 76
58476 187972 54
39351 90052 26
76626 119134 51
117885 124838 60
37899 172016 30
105643 111870 72
16387 82105 9
49651 199730 40
150917 192567 47
11233 14932 59
56737 184731 17
7351 190653 3
123516 124480 99
111859 150572 51
90460 162762 22
53967 55590 8
42631 195365 55
15208 39467 81
42643 58128 7
57029 87139 53
57921 82485 13
129084 175941 72
7054 148273 41
121952 181902 18
34334 126235 83
74279 80562 40
96677 117257 31
128493 173204 76
34210 187230 94
60179 176965 56
73568 188598 11
29393 106675 17
24337 183000 71
12145 64716 67
88519 98210 91
152993 187411 77
184574 187145 19
168055 176219 77
18976 65585 44
33044 198611 98
45504 150119 2
89968 154575 89
48915 179415 95
30934 34231 20
13009 38150 8
66931 195593 67
147779 187906 77
36941 135615 50
8101 18671 90
34200 45892 51
86157 121600 51
74633 89767 40
82918 118615 40
4383 57327 11
86106 113985 84
16201 29526 69
65299 192012 47
28139 62083 85
13575 107641 69
28076 60285 77
50244 143105 27
98055 139148 79
11190 45204 85
170217 178207 35
70345 110853 1
62669 66692 19
134131 171582 68
91609 158170 19
12694 192137 55
58154 159760 48
118642 120011 15
144299 159155 84
33104 181588 69
25358 112059 47
44689 132976 48
60719 175439 84
50545 177264 75
170727 171100 61
58989 129554 77
3545 3875 80
117721 128047 47
12905 68059 63
30681 60131 12
39329 52426 63
48027 135138 47
86702 159778 41
63199 97121 37
141164 180789 32
108236 122037 98
75886 85258 92
107697 190991 43
51766 132995 27
30845 38234 41
7269 132292 96
22585 64544 16
115456 174634 50
80294 164135 16
108791 163218 87
23899 184987 40
42899 98450 50
111508 136067 50
149242 151582 88
80730 131570 37
26051 43583 23
37510 129304 86
32401 85175 29
145163 197781 35
14632 59706 36
69077 164708 79
169079 183513 79
93052 107039 19
47683 122906 90
181701 193686 82
135 111725 34
12890 79867 38
10007 76060 37
74071 77875 16
52063 84169 80
47342 167609 68
47804 69500 55
106173 168766 60
5487 193433 77
42094 113542 65
1868 35395 46
42445 44903 50
6097 176547 13
23977 55147 7
76188 127995 20
172275 176286 51
38994 77396 36
39221 92718 67
65006 80216 90
64967 124841 32
29664 178086 77
94626 142996 18
104697 196558 12
164963 165359 63
81613 143042 15
75761 174508 1
45363 175995 39
27081 64770 17
122947 171066 47
38505 181152 80
34337 187801 65
118055 137824 30
22370 138296 74
87695 166342 92
44757 71054 81
116204 197754 49
72208 89053 1
6253 164175 21
35453 137075 82
34317 74127 17
95986 198277 83
16010 78555 38
39522 92675 22
27030 197234 21
14193 55679 29
54310 95223 19
109926 145020 19
51624 59774 41
30025 134586 26
141727 178019 46
117994 163370 59
125942 149933 21
11161 82996 4
89947 190632 80
14699 83579 72
28908 96700 98
112122 178266 88
26670 96103 77
19460 105346 85
74664 189725 36
98749 102618 58
14539 198456 62
44278 144756 85
159778 170952 24
59280 163333 88
15256 48146 81
77273 169383 84
26113 184447 5
110465 148161 11
9871 151486 7
119978 148406 39
22070 189273 93
9614 197290 4
34321 197102 16
84875 124225 33
66055 159605 24
20846 155163 35
26886 196577 71
43185 186621 50
25947 155342 75
13575 174808 62
64026 160635 35
16596 157242 84
90219 181482 33
142934 193492 73
156376 172978 16
46585 86934 83
132783 198532 5
89639 134105 72
49416 96056 49
86385 169108 28
32956 92141 12
156390 177336 98
47887 182079 72
1275 103660 42
47618 97824 4
103477 148346 69
175401 178892 52
52562 138782 50
80583 114311 34
69338 155921 8
163011 175192 48
42868 84401 33
74289 171872 17
4225 60768 26
132256 181760 22
111364 160267 31
99826 124816 98
71964 122119 29
13527 160424 72
95672 105613 14
34856 185197 82
31605 162139 26
21458 195661 53
5372 91265 21
71865 194638 23
6422 185079 94
25410 132877 6
182639 188937 38
5997 59305 43
59938 172047 48
10885 47430 8
93558 141240 95
90377 104511 92
40661 48145 43
50738 86152 33
41782 44924 13
22977 140838 44
86798 192650 8
10272 67212 12
101788 142576 20
59204 110987 24
22558 50118 50
96203 104701 42
91300 130233 34
79506 108455 27
2426 166444 13
107820 139665 76
100083 115203 58
58825 63645 11
77813 79205 15
152364 154531 52
70187 81511 88
46247 117323 89
81428 141319 31
74473 187474 61
130921 150228 90
171791 177129 21
1438 40103 31
70639 160721 93
95430 145058 20
46472 177878 53
76695 184262 57
103845 199512 94
6449 113796 77
80516 188824 23
155410 177505 25
38552 83960 86
14066 133463 93
58184 110345 60
134984 147132 48
32117 148304 31
121971 184553 2
131862 187489 52
112137 183972 37
97307 134116 52
110814 167078 48
11810 192392 62
21313 180779 95
188423 198010 43
14149 77211 23
48789 198768 69
27982 69004 81
32693 173648 63
110015 170805 43
114147 178854 57
195082 196691 73
14969 148544 91
14991 135541 84
99054 163776 2
49626 176439 25
106083 127600 11
79180 130254 69
46508 183303 93
99881 124937 55
100392 162383 66
72297 138342 78
34848 149844 77
24460 181438 28
22248 44939 23
93346 191126 93
22196 67229 39
23214 158815 97
38228 141832 15
69091 105038 94
133307 140172 55
76653 118745 50
93724 111344 46
83960 177541 62
42076 79402 44
33502 115501 23
126554 161809 41
107171 194907 90
141790 158637 6
463 57590 83
78640 101734 41
71992 106754 24
106978 149182 59
61361 65287 30
36199 127970 33
64902 89642 19
92839 126676 38
70927 160828 94
24011 157716 67
99479 185464 69
18280 154308 87
46655 150835 22
73267 175754 7
40513 145500 2
119742 196856 78
56832 73978 98
121286 153262 71
20908 155237 52
60736 162305 22
45262 89071 25
36332 195258 15
35878 51617 8
40666 102919 87
26470 157091 66
102366 156118 37
9148 16219 2
7112 103826 49
171189 197155 81
25947 197495 81
19413 72429 5
154907 193894 91
74909 113678 10
82064 132101 58
61751 140644 93
22348 90853 100
37526 59310 15
175996 177783 15
24738 56130 76
72523 82631 73
93591 160547 23
60813 190744 2
53791 141209 91
59916 198854 32
74562 154135 69
19933 128961 51
91744 92323 94
41889 192969 42
73351 80661 78
125406 136025 69
64573 110892 99
50451 113483 70
41015 44503 38
88258 91109 63
18266 191755 62
40907 166618 8
10828 38680 18
29582 145140 19
111839 162221 67
147760 193458 19
105952 170158 15
9680 171024 12
85085 101764 12
45439 165514 6
97557 162628 5
124041 154818 53
30213 156480 10
154289 165941 42
27714 47170 74
91565 141429 33
148425 173893 28
28531 48628 2
17689 170785 21
69743 125573 8
24289 47968 89
35638 109611 65
27910 54611 38
127418 135266 50
19321 171371 9
29724 86597 48
27789 38288 78
25209 105325 44
112959 114495 5
53323 194170 11
63594 86135 43
81499 119610 27
1779 50316 1
80734 88346 43
124472 166135 56
1436 53437 61
19933 188258 54
43235 88953 64
2776 116160 66
63700 147905 65
12268 111942 47
21847 169341 77
73914 165175 28
8991 74935 20
105494 113345 100
129516 165275 3
37428 163942 58
330 86649 96
91722 131850 18
7149 32076 47
40724 68032 96
107953 126537 80
21699 36308 5
5522 117774 77
50132 166923 6
3202 167134 80
16530 152829 61
58069 73239 85
47633 54394 74
120363 123723 39
75674 187433 31
96087 99725 9
27378 115697 97
146357 147657 75
60974 115387 42
17845 46137 64
71063 126807 35
96848 121871 87
282 12034 34
18240 82628 49
120498 133725 54
37133 126530 99
114935 176300 44
2414 177716 81
57624 102269 48
42872 146211 68
79894 109854 78
110767 137960 92
51083 110033 84
60882 85574 25
21471 35716 79
120736 177914 13
3148 43192 69
43702 123829 20
5038 6107 32
71881 110016 93
40086 73817 38
145160 175521 10
7536 122222 49
17234 157997 71
130080 154356 49
18012 118467 45
38834 157800 19
69931 120665 78
27420 34743 90
142674 166272 25
100357 180477 55
49678 132599 25
16246 185289 60
102655 182230 100
119361 138188 73
49694 144603 71
40034 190410 58
109204 118308 51
41774 46224 10
37554 188475 33
69346 81384 56
45015 122637 95
127093 148918 30
39027 183795 93
170203 194740 57
11024 50046 78
97200 184383 43
41069 195213 24
12266 107528 45
81259 105655 38
147399 155685 12
50785 90727 94
39389 190775 20
66866 160657 19
38812 172891 97
58749 193684 90
64877 75940 69
46228 98840 73
23225 110672 68
91387 137088 22
50688 62772 26
33494 164827 32
22172 141133 100
3538 102450 25
76806 115182 31
51900 152882 29
63950 195461 95
20415 125512 3
71112 118450 76
98634 190038 97
21589 171299 94
107625 117755 7
21382 60053 73
97997 198153 1
46736 190998 24
60661 183757 15
162730 199160 50
30636 181595 68
109915 159058 34
24012 137499 61
198 152271 68
103982 122019 11
35490 57137 6
115929 197338 40
69250 75238 99
98342 136652 21
65796 81396 24
44602 63023 45
69067 149002 57
13841 186177 88
8572 189835 53
35202 175372 27
5676 88231 67
96479 157056 1
45113 56102 27
67052 120100 50
99134 167170 18
17286 78019 17
22531 146183 11
68999 115543 68
14807 178414 39
154033 156883 72
13252 78662 100
92509 115008 27
3532 77745 15
48817 170871 14
85406 133300 94
30287 50521 11
62 39070 60
82399 116054 57
48242 127800 7
29241 127994 70
37113 42316 82
137006 155879 70
110771 117409 61
58634 111529 39
53495 54003 90
29238 29691 37
80322 89740 77
63723 90859 59
89887 192152 27
56813 171013 55
112947 190620 49
49268 56854 43
5248 143811 65
11665 178089 42
94309 186631 27
45674 176375 64
33640 116947 78
112138 112859 34
111878 138099 46
8466 57919 81
85061 187274 33
103542 182835 66
23370 23425 91
86055 153961 75
17700 116682 1
58760 103519 81
66111 171965 34
158125 191466 53
5024 78632 77
16575 78692 69
34266 42542 95
144171 190822 50
33614 98058 84
27133 108740 26
108707 188868 48
66462 161975 46
153018 184614 9
163078 186526 38
21017 119461 91
42868 194428 89
32940 80237 49
54251 183353 96
9356 100456 42
43341 64735 37
47297 172260 83
101709 169931 81
8079 51816 99
23295 155208 25
131051 151369 50
83315 193543 38
107897 165406 21
22750 144790 89
20397 27270 6
79156 101243 6
139312 160850 34
93862 177196 84
5389 193286 48
123287 157322 9
105053 161719 29
6056 27031 74
15325 161069 38
75921 185415 50
8170 65471 90
6270 118833 54
15857 76324 71
122793 141492 79
85683 163731 11
91991 132405 55
59969 116900 17
111455 158511 71
124736 171449 75
75006 119778 52
44951 153727 26
32500 170579 74
1182 125711 47
18903 135516 2
17547 172758 24
50469 121671 76
57401 109009 66
23864 95900 78
122697 149563 26
107725 165911 40
78179 173146 22
36548 41353 98
26447 184494 78
3125 191894 55
41502 43159 75
172230 179148 19
172478 189557 12
17715 19569 19
13747 196997 97
58179 75600 50
6684 80564 36
15870 150646 13
1173 13383 64
52662 72537 80
48430 56793 36
852 190299 93
46999 149455 25
9147 19469 55
189830 197521 31
87528 90717 55
24905 84952 62
50208 81976 7
2998 97336 53
78787 170238 25
33898 155879 20
42625 57436 33
33980 184252 71
28179 129981 65
41578 146118 63
91607 190132 59
160369 168280 60
39446 136874 90
47425 101248 57
73985 144867 92
16413 98416 55
66246 81450 28
43469 45976 24
3115 190707 37
11634 171787 97
150572 177346 11
41217 41262 16
131092 186795 37
52475 191551 15
170425 188113 15
52858 58708 24
130446 145299 52
38474 198646 23
51989 52607 12
92586 125068 21
108430 148608 82
79265 85339 19
45135 133629 42
169705 193384 17
100767 184016 38
7876 28782 87
193079 196352 33
77295 190160 44
65503 144203 99
144399 189915 59
134715 179310 100
102924 144033 94
79736 160611 89
60345 103692 77
105497 155809 40
8736 135600 66
36935 54580 45
44002 154141 85
148802 197975 84
39890 133963 66
21045 180909 35
150704 199510 60
96902 176689 5
77798 168552 100
119276 182319 53
127954 167837 2
160815 184672 37
55127 141959 20
162560 175422 49
62012 194250 97
108066 173495 64
42288 173559 59
62103 167510 46
9663 23467 64
81283 187380 69
118559 145692 48
35523 75171 33
1105 155170 58
42219 161921 95
159240 198297 87
58863 112015 37
188667 192476 20
111321 170580 22
35626 65994 42
129743 152938 65
173897 191643 75
150290 196114 80
4519 179552 88
116017 150901 69
25550 31630 88
16791 99024 30
373 58585 1
112786 126771 52
10619 73599 1
119125 126507 75
93264 135304 81
61678 128379 27
20577 179132 82
30484 191569 34
6284 102577 26
30682 37162 65
168062 195742 33
30469 109888 69
55495 132687 51
33171 100970 81
61131 129957 69
1824 145116 93
14043 52091 76
46421 69310 72
96097 186440 36
77995 108111 66
61106 138194 90
45451 74653 97
69637 182003 30
69446 161204 27
22985 144611 45
41090 110347 98
19716 67531 69
15073 92467 76
27984 103550 68
35261 144046 63
49441 56286 93
14763 115330 43
39745 48298 86
30448 85103 28
117275 152473 39
125091 180169 64
33021 192823 35
137685 167719 49
144501 173141 4
48249 105634 25
157775 191423 97
31663 162333 44
11848 129634 100
56945 137338 72
3357 13051 91
134745 140621 49
42600 161573 68
67655 150260 79
3510 176352 79
141179 192468 31
109214 145734 26
57977 119545 37
27564 118216 19
113424 177686 65
15381 25037 22
60721 172067 3
28502 126713 33
64841 79888 47
39226 190058 36
103723 172504 6
14229 116045 23
120595 147630 60
58438 197035 28
26861 104191 37
14205 154541 40
1051 38130 3
32579 141090 28
64460 134292 88
87369 130810 16
120323 181117 5
45885 141406 2
31536 111880 66
103868 186892 63
147670 189693 55
141732 183221 16
41424 159598 26
29763 71279 65
759 160835 27
14700 192666 37
81426 148752 86
133876 173490 43
39241 90383 28
97240 171119 69
52899 181327 41
38486 53230 42
22546 42470 5
81012 190454 41
169978 182304 34
52120 123560 61
49308 101569 46
99916 153679 8
90467 140551 77
107802 127872 76
113724 136470 8
139752 192534 45
77338 150361 77
66986 150016 69
61464 152435 91
189571 196529 52
42159 129995 37
15563 122982 5
88560 129346 55
6716 8428 45
177201 181153 82
132181 189352 68
15548 112446 19
922 176212 29
90814 129763 20
81371 154424 84
109737 152952 72
144168 192659 20
29029 77408 24
80014 94247 55
81890 105324 75
6536 91431 76
3640 55321 61
34802 192125 35
91730 193763 85
3130 102347 16
114307 128144 32
11758 27265 3
98659 192418 69
99063 126773 48
15665 43582 58
31599 144624 26
131038 164710 75
131475 197533 22
37572 57807 47
108152 109081 5
29901 52704 82
76430 157978 31
51984 121087 88
76512 179863 97
126940 198966 42
90474 146391 80
10478 90546 33
35206 62531 6
9412 44891 93
80688 102139 22
170052 172658 75
106701 110778 66
91643 153606 30
5570 159419 98
137256 154740 76
55090 190500 31
34651 161156 39
95815 133293 84
16917 74153 6
67623 98913 66
106556 180930 64
26500 73843 86
19174 85183 72
40196 68037 77
49444 130150 69
122786 146401 63
2986 144746 64
132947 141987 5
47424 146889 84
188844 199791 74
143616 187588 7
91898 177683 87
80057 137427 55
19172 159983 4
49581 149111 89
62866 100424 3
19994 192226 79
126489 150692 71
14097 121303 76
148962 174457 39
61363 119023 51
111637 137003 7
31440 165406 73
26238 62865 99
33557 143264 30
35124 164771 57
181553 198918 49
93343 163424 43
28473 141374 69
42770 75599 21
78282 122658 91
15640 186491 23
118958 146183 70
64308 141152 45
85768 131948 22
724 175763 23
20469 113546 46
80306 124107 40
61257 197750 39
28764 59436 75
46235 52668 71
15442 79310 36
64170 66292 55
63437 113063 27
84914 154701 71
31865 44473 3
14687 117232 53
20584 56608 81
41262 60524 19
36447 176125 56
71651 102800 51
8062 25241 39
131922 181550 8
80192 109518 53
121748 166742 52
15081 57528 5
95573 167577 57
95410 143162 39
84688 118848 59
5104 40133 18
130312 150996 34
49134 144832 40
1077 199966 60
160421 166874 100
15070 141446 16
179389 190322 69
54312 175320 69
28038 72385 55
9927 64718 51
38681 168536 31
91453 191603 30
79826 177025 6
55505 177438 92
83106 111605 13
78719 179148 30
104139 105648 30
48137 116580 71
49689 148074 91
86221 140893 21
41595 188315 49
32329 55427 34
66375 146151 58
16759 184136 79
56844 104379 85
37736 40597 46
89348 167564 64
5626 177195 64
31251 165537 83
4461 147081 31
21603 109895 29
101087 162017 20
21437 137019 11
57450 120683 63
44427 192747 91
41916 168521 70
55426 116470 71
69831 93711 93
23519 33387 93
15870 43034 2
99456 125489 47
49975 198597 96
65158 115467 7
102404 110109 77
11476 183265 96
31973 60950 61
4583 145625 29
65748 188446 22
8672 15082 71
11954 143763 26
8160 191191 52
59493 157031 20
53871 143916 29
125940 150588 60
100258 125810 55
50956 154601 84
72719 83463 44
69735 183310 45
124948 195530 34
31361 184237 4
108266 128057 32
76815 166571 53
73115 151494 82
1303 113099 58
58198 189580 67
109211 154508 78
53750 133811 62
13556 27986 27
28324 173270 7
64754 170731 21
7400 63977 77
84792 164611 57
21158 117413 11
78956 92579 95
77788 180301 45
191145 193690 88
82497 144030 17
32292 145570 19
19096 75335 55
7308 166159 44
59154 64459 98
122719 199790 50
71848 95033 58
99457 166521 23
8613 130567 63
62629 179298 13
39180 86061 41
110186 179888 16
151410 162917 52
51379 89423 14
54104 158422 11
10491 87241 55
25223 37288 82
30166 99749 100
4886 134596 7
21291 187454 80
132206 198059 25
38598 43966 55
96070 145787 84
151674 162411 29
67594 181188 100
98949 185929 2
114393 119459 83
30507 185507 15
36332 43948 81
25642 171927 65
68695 109675 52
38818 151188 54
89583 121215 56
39700 62976 9
24898 72598 50
108577 185559 17
1310 160756 37
13472 148523 21
25745 113539 14
132124 145275 41
6659 55211 50
170500 170864 58
21775 118010 84
114735 117548 4
31901 72280 71
11757 72227 21
1066 91440 7
73512 186227 82
34531 61452 8
