739 200000 28
82659 187728 73
181490 198809 42
64515 73851 45
35471 89120 91
40677 165719 56
27578 31781 95
140710 170943 21
3425 132398 93
108972 164725 25
54936 128762 65
1036 154437 6
63557 153867 62
29350 145926 13
66957 122840 7
13429 189981 93
114179 198525 57
54687 184675 11
113175 138892 46
40739 132637 31
7827 17636 33
25488 90267 17
34894 36122 58
65102 138679 32
141107 187381 82
23313 199616 27
108130 128251 36
49473 108578 49
58486 80903 52
81328 191021 39
74854 189254 34
614 104655 57
146894 195353 19
65504 86757 20
176753 179762 8
57218 167005 86
14395 48046 16
64113 109816 40
11474 102110 65
53426 100828 27
132587 150931 82
27516 148095 56
106952 166661 48
52568 174584 18
36076 90510 83
20899 124117 25
97577 197544 19
58305 130333 81
4370 96383 8
30809 151800 83
20840 186912 36
17687 128893 58
89132 124056 5
16910 40519 4
37682 71027 12
24080 59493 36
98837 192687 71
14143 160993 31
70598 165069 97
42025 142137 27
25969 199974 9
68589 137000 57
26664 98313 69
174734 181166 56
17287 106706 93
13736 102120 96
1011 191043 41
2242 44308 50
1118 21763 44
27757 118574 10
19502 102431 51
67472 139754 50
17316 35858 31
40235 104297 41
67395 185021 46
120146 153986 38
86044 129947 46
102352 165593 48
13283 66298 80
110546 199227 86
36168 165837 9
164136 190151 16
49392 59968 72
84005 100225 23
25428 120906 58
43276 55484 35
196790 198149 98
94487 199290 50
64947 171432 57
18395 113676 9
16646 168757 82
167267 180930 66
13781 73062 52
69363 73285 89
22672 25583 13
156174 157826 45
99697 163686 45
34785 46688 89
74700 131206 19
130613 168459 77
19988 182177 74
54508 102146 91
141670 196405 70
87232 92531 89
100540 143822 42
24931 160926 86
126718 158260 14
111218 148879 22
66089 147366 42
2679 143822 36
95363 160520 17
95552 197453 41
70910 145402 95
5453 179436 36
133008 154712 21
91052 151575 98
49594 173585 14
76703 130221 84
144960 197779 14
23134 48409 71
80662 106454 14
12383 80569 86
50588 188358 23
54014 70064 68
101633 178546 10
33309 121243 61
73363 83728 43
25869 97969 36
727 34967 77
82274 189602 89
23952 190337 83
11573 123172 68
29904 121143 67
137742 160621 35
89272 157932 48
54130 83628 5
168084 178361 84
89673 94398 10
88597 155453 77
36374 62117 16
28940 60737 61
126374 190892 62
83581 180271 32
65574 93072 51
28095 94125 86
32780 152147 73
33593 49532 56
133218 180062 53
133748 160342 13
53623 128387 40
32441 132273 54
11102 37945 93
17076 173511 11
38337 71205 50
155455 199141 47
103378 153739 64
147288 165281 89
68988 90278 85
119554 196005 52
190053 192397 3
130878 133721 78
148819 177550 75
110877 182137 78
22082 164070 62
61321 141915 67
170372 173872 36
4349 62351 77
80504 94130 65
45339 197871 50
47415 75689 40
34584 65142 47
1138 17619 45
7372 117975 95
13323 169937 67
12976 134063 84
54601 100971 67
44658 98850 21
124912 135603 80
39116 49326 26
66042 198630 77
84558 140326 87
58161 105266 64
22376 109696 90
33736 153703 12
104073 142346 92
140637 186550 44
160094 162582 81
81091 81491 49
51761 146187 3
143551 180203 81
77675 175129 24
59312 69352 75
48109 167804 70
99199 136010 30
44309 138133 91
36109 112884 48
155493 161729 62
57911 174515 95
56945 66395 71
80976 91864 61
13032 56725 18
14938 35223 1
16549 132205 29
28671 175545 21
31968 75591 93
82786 181506 12
101311 160396 82
155426 179745 21
104945 152635 1
13772 186550 43
44351 95492 88
137822 156569 8
103472 198125 12
13064 170953 65
33069 80547 43
59987 154818 64
187494 198862 16
96403 160076 81
125006 156450 100
14859 155654 28
86310 193212 90
19158 86371 41
89464 173629 46
529 62496 79
97444 117829 32
79816 86012 11
129450 150378 59
51530 106568 69
29568 178141 1
95142 150685 83
7734 139074 19
46330 147822 38
100994 140588 19
58366 156501 61
183488 191850 30
126678 133831 53
62746 155343 91
67541 73342 82
57256 85001 59
122997 151827 82
57816 66174 55
5134 198383 64
22706 107213 62
84028 177808 49
91335 106138 86
52300 120165 48
146784 173457 47
136343 158008 6
46453 71915 64
77397 171355 7
132089 162772 11
33615 158812 58
26014 68852 92
13434 123520 48
73266 156964 64
33295 43295 86
117576 184911 60
7179 144741 94
113978 132597 53
30148 167577 53
20504 30422 93
104916 133376 39
14549 122929 15
112794 143696 2
26177 126820 90
58538 105116 85
26166 120910 79
480 123680 72
61992 80534 41
29348 103132 10
110639 132216 20
44107 122138 50
176093 189559 44
64873 123292 5
7478 159585 91
75829 175919 61
192129 197334 2
22026 36126 44
105125 149612 71
85074 180870 63
1573 74392 3
20607 111347 95
71461 187803 44
50699 179787 11
91282 178426 2
34786 55639 92
50687 148355 81
18933 119892 17
134666 166711 64
13711 115384 24
36003 155504 15
48482 122940 52
42319 192740 21
131343 164902 15
86031 191896 44
112315 174682 46
127492 155862 40
104071 158885 36
103497 121967 43
30752 105304 50
1906 94650 13
60634 153074 87
21243 41932 71
20757 189128 96
85297 143202 44
16058 103264 88
63270 88280 56
38905 84763 90
5409 121558 23
63563 162415 53
57417 123772 12
104074 123909 26
25863 46745 56
167506 197394 3
126165 151940 36
24685 43661 59
88106 126303 100
52565 155864 84
4025 194940 26
32894 151450 69
49617 169529 79
19851 33781 38
4000 67752 63
87113 94222 47
9836 99494 6
18253 124052 90
57458 137293 47
64013 152145 3
84880 175703 44
28334 60989 55
45983 62258 22
106933 138609 90
20525 112458 27
26374 79784 12
65227 88770 18
99896 107731 98
170330 199542 70
57185 81464 7
91745 103736 32
119315 188777 4
17902 193598 40
20019 141127 39
189897 191572 95
22799 123823 14
152514 173448 1
30439 122493 69
7851 161031 87
15625 56890 69
82496 88181 12
33678 163268 2
51770 173297 41
112439 159369 54
42512 181720 49
37890 177528 65
132346 178728 13
12266 13411 67
160674 163464 55
162232 190226 38
90085 131064 15
177462 193586 20
38032 74455 85
110660 170300 46
59706 133920 74
109072 147138 44
57413 158225 15
23083 45846 2
101758 196454 83
79756 82731 37
67990 180663 57
25848 50616 64
91303 117592 19
99771 199410 46
37169 56691 96
695 125658 98
136995 176478 31
124027 166254 5
45781 70482 30
110778 157571 47
5164 108813 3
32734 184425 95
65545 172689 3
118255 192771 100
3966 87725 87
165159 167125 72
14063 56512 77
92466 150651 60
123530 191447 64
107258 115377 32
128088 184004 24
57624 171046 65
88429 164039 7
4767 64802 41
79086 138066 87
69033 94437 93
37800 68486 100
58475 93030 52
147858 198560 77
29906 67864 12
71129 104567 93
178714 194685 30
17452 160307 78
23638 194437 63
119918 158724 44
22620 81828 38
59011 103568 42
80126 198052 11
64721 197957 14
119277 192659 45
36645 53483 27
183251 186406 50
5475 107704 51
9291 133476 15
24180 44103 76
57213 92573 82
57275 127449 58
75077 193385 92
96526 146490 98
139720 171535 96
41689 113076 37
13789 36024 54
54485 185107 48
77853 102553 37
46858 180190 13
19872 133684 57
43443 118645 45
133596 149556 56
83446 189063 86
169857 177021 88
13360 44643 92
15542 95717 24
162687 186750 53
47404 63801 97
117362 122142 27
131058 196715 33
122671 183125 76
99658 115037 25
130886 161927 11
152801 188662 14
165016 187330 32
21175 159703 88
151506 169718 60
31465 148578 6
38304 167872 69
105365 198021 7
107496 181843 27
110915 138117 28
61715 66015 59
162144 197286 85
69050 180782 16
86110 156582 88
29994 165165 74
73301 76477 81
90134 153727 62
51478 195878 46
56852 83604 36
16255 78063 96
21811 112622 14
13191 90012 16
134804 142026 89
3296 46754 84
10077 89512 28
111401 127807 6
135473 197993 100
87517 129098 53
10611 68943 10
149280 160003 71
192654 196215 15
25813 68685 43
72105 88780 74
37945 189684 8
122531 188038 38
10289 109615 100
186223 192331 53
44378 135058 78
57095 170790 14
101677 146320 70
167170 173445 76
136109 147099 46
115359 177222 86
86270 176315 70
42722 140024 26
109468 162276 46
77202 141896 50
32757 41261 70
80942 101052 83
120405 180061 1
34470 96830 4
19566 184863 1
47967 104407 9
50141 143485 47
123592 130841 84
98050 181141 98
68043 178361 6
125038 125969 43
83928 139604 98
59698 169833 75
14872 50854 13
8144 160666 18
102924 150484 94
159246 196647 12
132841 164290 88
79807 138342 39
76261 118678 23
64468 179180 43
66615 141970 16
128824 148689 24
109520 147419 73
51335 79677 18
162365 189635 8
87318 182093 76
28065 88111 85
49874 59349 30
36828 154670 19
3013 34067 81
41993 79660 30
40362 58232 15
122214 166984 95
25676 85693 87
95763 158337 39
52311 69265 31
52202 98694 38
27508 125080 48
23603 99903 63
4325 23339 57
43171 84091 32
108176 191118 85
72920 128833 55
38702 183899 48
51402 107280 57
34198 158277 28
103424 181344 58
59777 157459 36
99671 168248 37
77925 85763 71
6417 8264 11
18422 34496 64
47633 158674 58
10116 108676 81
154363 174511 42
139734 140037 97
131602 199459 40
109024 151301 36
154480 188740 6
30885 116572 28
130297 140138 34
16214 116888 89
121169 196707 1
53907 97391 55
60652 139476 52
72419 168285 78
26871 145573 75
114874 184596 32
31199 163710 95
84531 193639 29
47190 140933 26
62546 199211 35
34836 110793 94
33790 174632 31
27521 59893 46
18825 66927 30
115297 159866 66
58951 171556 26
163195 168486 10
90421 144603 63
8127 131101 18
93470 116876 9
14231 26279 59
89328 127714 69
100154 137723 85
195831 196148 21
33696 100924 80
10141 163112 11
28800 79896 1
25074 87423 85
27437 63794 37
44069 176916 99
46734 94107 71
65772 129171 25
31061 171065 54
138186 175337 72
39464 92951 57
105940 149272 34
15036 28448 61
139987 151536 96
167412 184142 83
22370 35202 21
23197 60540 68
6808 192456 42
24712 49229 22
14602 40465 33
163659 180207 96
11392 85033 31
32873 196567 20
112831 150590 61
77519 151182 55
73601 81095 24
109318 167451 74
89918 198299 19
33011 122275 96
104089 130363 39
64426 155136 20
96861 185049 10
11017 185087 65
79761 155061 4
23908 53178 100
126772 183621 30
11251 99686 36
149869 189639 94
106946 123611 45
55499 190084 39
26596 31999 33
14005 181213 31
13848 28858 32
47880 147578 41
100047 167081 15
173046 179436 47
11010 130865 32
1919 195886 22
47043 109861 89
88144 111982 21
9372 91961 1
186072 188764 87
21338 182594 40
147149 170292 38
61189 70063 63
32894 132051 91
51458 170444 60
136688 142430 40
77157 158656 45
55469 169071 30
76406 178878 96
14948 171626 43
77535 98486 20
48731 162254 33
185566 196196 48
22043 35005 18
109193 118031 78
15223 107170 32
73744 97979 8
15738 45387 65
113349 117780 21
7595 40414 21
6579 42413 43
50904 182516 33
26848 38578 83
37786 183691 57
118029 163947 84
25265 165818 39
88651 89360 53
74479 139827 25
146462 168751 46
57165 66869 5
93349 158636 33
35626 175861 68
8565 194951 81
80953 134065 64
149083 177951 25
360 11657 73
134344 193748 81
69709 145212 31
29747 69973 97
9691 93695 72
12090 141085 2
72029 103802 94
47559 63918 8
58835 164572 42
140423 174992 69
11826 167345 88
91800 129871 70
324 105570 82
92097 147261 66
18109 190569 65
184577 189521 19
47173 118929 83
107528 187435 49
10040 49127 93
1403 29481 41
105658 134869 27
19075 167318 11
14487 18786 26
44723 53875 49
52989 150360 12
103107 103667 23
39975 146083 6
28017 136541 22
87079 132145 71
12439 59728 15
72582 85698 38
80632 117056 5
11110 156579 14
58808 88908 12
30404 32836 76
67767 94097 72
44916 145672 18
63228 150703 3
67370 161781 35
6286 124739 23
124533 149620 34
16637 154121 83
15097 176289 55
32867 186055 78
71125 93228 83
114277 181576 63
12728 73762 82
28079 38304 55
171445 171816 31
136238 146061 58
52007 92758 45
181059 198059 45
50662 186629 55
21926 177093 98
58660 180183 83
76119 88620 49
122640 197377 95
25728 196503 42
131423 169678 81
159712 184884 90
120056 133918 72
110643 194849 34
11927 134300 58
18550 194990 31
20053 177064 5
44595 72468 3
153649 183730 19
11673 52846 57
59215 93563 67
100674 177043 33
5349 62760 25
27354 135767 36
134383 160369 87
147462 167030 75
124325 142799 62
46905 90256 94
175713 182685 76
6286 35533 32
99588 109308 100
150998 164313 23
27482 53836 85
66814 76912 49
163441 177496 20
