2
100 500
270 83
122 102
186 184
247 183
305 289
280 361
1 328
19 330
122 333
131 13
328 259
60 329
106 38
376 241
321 45
286 189
179 381
220 48
322 153
150 128
327 366
293 256
363 200
237 26
190 60
160 308
329 251
49 262
151 278
85 20
257 376
340 360
395 347
175 54
348 114
35 3
88 226
193 276
347 181
62 391
179 280
293 94
390 311
330 170
262 380
312 84
155 228
364 147
165 397
218 230
290 132
223 155
370 92
368 249
349 217
301 215
202 60
234 111
324 244
204 39
47 37
354 289
222 177
136 291
123 346
123 61
54 276
1 31
171 252
14 3
60 127
20 23
41 118
258 400
87 270
119 219
115 4
158 153
269 8
371 302
106 348
158 206
217 297
1 175
6 56
123 95
154 334
292 45
90 218
31 97
88 3
27 217
75 318
12 170
231 91
45 99
55 161
199 56
250 279
106 21
201 352
397 34
155 71
202 73
16 301
200 330
285 351
139 12
34 364
258 271
116 241
150 374
138 376
111 178
215 394
156 173
98 330
114 344
248 142
22 18
351 84
256 85
323 97
174 73
181 242
27 20
272 279
261 44
208 235
121 396
335 330
163 1
8 207
80 154
42 343
227 209
230 85
278 233
56 42
217 210
112 216
31 40
273 16
98 368
257 264
37 359
331 262
306 362
365 145
251 16
170 85
398 200
141 225
212 285
70 343
381 334
155 220
143 85
213 12
312 101
140 370
306 114
69 284
56 77
202 86
145 286
18 294
338 72
308 71
251 33
314 40
253 296
87 50
27 47
373 366
167 210
136 154
379 237
319 371
399 58
290 55
271 294
304 291
358 136
225 236
127 376
255 31
27 57
161 347
116 122
82 345
307 175
331 49
197 112
282 101
243 256
199 306
339 206
310 8
65 380
362 307
32 115
301 194
157 206
205 28
372 72
386 179
272 44
151 65
181 293
7 246
300 64
69 387
211 327
307 25
310 65
142 185
34 232
269 333
35 268
330 187
86 377
386 238
155 110
184 24
192 140
263 270
120 57
171 4
371 392
221 75
354 233
81 52
341 344
385 264
77 367
337 189
279 76
391 301
6 285
190 65
224 365
236 127
364 96
164 383
282 84
209 208
330 26
195 88
204 86
161 125
54 124
339 306
149 31
301 254
116 266
113 307
201 314
148 223
248 339
396 385
367 69
52 164
175 382
140 68
213 317
219 152
203 174
375 35
167 263
146 335
248 311
289 303
279 66
151 314
105 61
1 94
120 224
97 100
290 54
240 106
358 246
143 41
198 30
75 195
364 88
241 103
18 212
74 237
199 141
97 197
263 68
360 203
42 231
354 10
115 361
300 195
191 282
281 302
255 332
159 240
352 386
42 201
283 224
318 31
191 318
278 352
151 276
19 246
247 384
209 322
42 245
226 95
94 272
23 348
322 290
230 173
329 257
379 353
261 150
65 247
218 108
40 277
19 379
184 397
128 141
320 216
352 234
205 293
259 74
341 81
317 59
59 7
283 300
61 217
28 137
302 236
149 230
257 216
2 210
368 364
62 395
390 256
336 80
278 107
371 236
295 60
217 128
240 118
304 302
132 395
330 77
214 383
108 73
92 80
98 383
114 95
398 248
31 305
227 90
166 317
203 260
340 117
37 191
298 118
136 386
370 273
348 267
334 295
86 167
361 313
373 142
346 148
291 209
122 104
396 115
267 85
205 163
283 20
289 38
150 70
47 297
74 254
28 61
82 101
175 241
119 4
279 104
24 360
60 155
228 68
45 313
19 319
315 76
347 292
198 289
169 7
233 99
94 47
38 99
380 392
104 249
360 84
265 282
50 117
300 166
71 292
133 306
240 188
205 12
239 297
350 371
37 63
329 287
252 2
230 95
61 364
65 260
365 89
360 220
3 91
330 368
36 32
238 173
300 71
282 237
356 96
302 151
110 30
113 29
277 100
161 44
242 382
51 363
221 151
307 180
383 191
44 205
151 203
62 209
252 310
45 375
298 222
170 87
189 123
300 267
232 26
392 150
7 322
152 296
85 392
130 200
36 220
387 223
357 75
4 356
248 347
293 265
269 245
227 194
310 383
34 166
153 331
234 250
398 352
123 5
141 38
175 297
193 279
47 280
259 11
42 182
377 55
326 57
74 380
288 131
263 233
379 354
254 20
35 51
124 17
8 270
363 144
323 276
169 400
378 341
124 6
80 22
368 226
48 357
370 204
320 78
285 132
343 394
110 128
340 126
159 102
186 23
391 280
119 285
