1001
3 823 203 546
1 585
3 357 500 230
1 317
3 1000 501 86
3 890 450 520
3 848 516 960
3 909 220 111
1 930
3 802 222 335
3 284 271 643
3 651 810 630
1 608
3 817 622 920
1 728
1 673
3 217 375 944
1 611
1 652
3 678 322 996
3 302 632 559
3 737 463 629
1 889
1 232
3 683 81 206
3 964 517 321
3 659 836 931
1 819
3 226 965 1000
3 79 130 347
3 737 245 947
1 381
1 671
1 367
1 860
3 957 51 547
1 147
3 96 368 864
1 926
3 575 602 187
1 752
1 487
1 541
3 578 538 331
1 514
3 713 719 224
1 87
3 607 577 950
1 682
3 798 288 151
1 208
1 35
3 471 817 436
1 312
1 898
3 410 181 962
1 151
3 857 777 313
1 417
3 628 198 639
1 446
1 290
3 234 427 420
3 567 479 87
1 834
3 607 755 409
1 736
1 278
3 693 568 483
1 176
1 703
1 552
3 553 921 896
3 315 967 438
3 375 218 821
1 581
1 729
3 738 493 439
1 590
3 950 369 29
3 755 938 128
1 24
1 942
1 958
1 587
3 790 882 906
3 4 490 508
3 63 301 46
3 432 601 951
3 675 486 961
1 388
1 875
3 686 756 405
3 828 979 779
1 217
1 534
3 896 305 37
1 530
3 440 534 499
1 683
3 406 400 227
3 497 879 589
3 251 971 189
3 235 199 764
3 802 372 818
3 767 796 852
3 994 563 239
1 585
1 524
3 278 770 126
3 237 927 452
3 7 579 229
3 406 860 384
1 554
3 384 554 679
3 888 567 957
1 539
1 547
3 749 937 578
1 980
1 940
1 356
1 295
1 987
3 685 833 648
3 893 809 850
1 109
3 510 673 605
1 80
3 560 376 791
1 29
3 913 381 249
3 506 536 339
1 976
1 384
3 512 953 583
3 995 494 587
3 828 464 855
1 958
3 766 678 891
1 540
3 591 174 993
3 239 844 336
1 742
3 717 411 265
1 593
1 691
3 580 367 36
1 471
1 985
1 226
3 49 56 569
3 635 865 219
1 211
3 877 205 475
3 540 310 545
3 174 681 704
1 484
1 862
1 758
1 962
1 994
1 856
1 717
1 993
1 315
3 428 868 406
3 751 725 762
3 616 414 881
3 627 690 651
1 988
3 486 257 491
3 998 985 178
1 461
3 141 210 156
3 830 235 692
3 443 69 482
1 539
1 172
1 407
1 302
3 55 415 287
1 856
1 797
3 702 897 671
1 696
1 590
3 39 726 761
1 963
3 102 789 193
1 725
1 864
1 389
1 189
3 441 560 914
1 222
3 886 263 644
1 486
1 59
3 103 911 942
3 610 255 830
1 830
1 591
1 0
1 213
1 154
1 24
1 821
3 886 50 433
3 316 759 766
1 174
3 547 829 153
3 829 362 668
3 593 204 929
1 457
1 909
3 710 772 280
3 954 94 16
1 74
1 152
1 7
3 853 969 794
3 9 195 742
3 977 535 541
1 45
1 519
3 562 150 28
1 100
3 897 425 658
3 111 523 799
3 2 456 646
3 690 917 307
3 612 23 913
1 512
3 249 62 737
3 175 103 311
1 627
3 708 424 110
1 816
3 106 142 754
1 864
1 354
2 797 832
3 520 484 795
1 431
3 30 509 798
3 968 838 618
3 366 597 530
1 390
3 131 504 234
1 743
3 771 102 466
1 657
3 874 353 610
1 730
1 200
1 416
3 171 576 575
1 698
1 716
1 952
1 288
3 533 839 800
3 196 540 820
1 682
1 144
3 567 867 981
3 667 325 716
1 482
1 703
3 742 468 396
1 10
3 835 859 488
1 714
1 504
1 534
1 690
3 752 533 663
3 840 67 109
3 504 973 633
1 216
1 365
1 812
3 992 825 696
3 657 10 738
3 674 525 333
1 391
1 181
3 49 366 261
1 785
3 536 61 793
3 610 858 446
1 472
1 954
1 546
3 771 462 122
3 696 806 309
3 713 958 453
1 653
1 404
1 513
1 87
3 347 180 20
3 377 784 609
3 691 417 631
1 96
3 930 645 418
3 231 805 318
1 693
1 296
1 155
1 235
3 355 53 904
1 57
1 528
3 721 73 165
3 931 941 209
3 555 943 3
3 307 672 898
3 588 745 593
1 473
1 25
1 19
1 705
1 833
1 267
1 966
1 398
3 820 851 451
1 794
3 614 718 444
3 43 687 750
1 767
3 285 459 421
3 652 591 803
3 9 901 395
1 142
1 922
1 833
1 132
3 940 566 894
3 926 592 952
3 440 443 611
1 541
1 508
1 896
3 992 862 870
3 29 883 302
1 570
1 757
1 476
1 788
3 988 713 389
3 253 670 902
3 686 241 785
3 383 905 312
3 475 383 121
3 528 2 869
1 629
1 834
1 428
1 697
1 212
3 932 724 457
1 643
3 556 281 377
3 288 247 835
3 147 33 808
1 37
1 79
1 580
1 699
3 104 390 585
3 441 419 604
3 546 595 691
3 16 884 74
1 129
3 365 303 487
1 447
1 949
1 786
3 131 31 994
1 727
3 356 787 355
3 112 114 134
1 705
1 888
1 677
3 741 90 526
3 352 192 507
3 372 248 565
3 521 286 542
1 746
3 949 857 640
1 794
1 335
3 270 676 408
1 710
3 773 620 327
3 697 773 455
3 100 811 955
1 445
1 831
1 571
3 437 813 299
1 92
3 166 112 100
3 729 666 179
1 396
1 65
3 946 801 55
3 144 853 790
1 993
1 642
1 168
1 181
3 964 256 978
3 304 58 437
1 306
1 373
3 62 471 974
1 333
1 677
1 468
1 237
1 228
1 586
1 62
3 557 360 166
1 611
1 929
3 565 244 607
3 550 88 707
3 208 615 751
3 581 697 824
1 986
3 52 537 936
3 417 404 637
3 73 840 714
1 77
3 843 98 342
3 503 194 373
1 667
3 342 925 176
1 330
3 552 652 401
3 291 570 60
3 533 792 378
3 889 503 573
1 626
1 5
1 328
1 110
1 297
3 485 885 588
1 399
1 230
3 363 467 214
1 520
1 333
1 629
3 572 827 173
1 295
1 21
1 137
1 727
1 251
1 457
3 270 423 848
1 998
3 904 968 983
3 420 148 52
3 839 594 292
3 952 918 320
1 557
3 154 356 688
3 542 564 350
1 980
1 967
1 63
1 618
1 938
3 176 268 890
1 68
3 243 157 657
3 734 775 454
3 89 171 197
3 377 863 41
1 272
1 503
1 86
1 171
1 796
1 77
1 136
1 608
1 662
3 974 101 649
1 962
1 98
1 2
3 4 723 614
1 950
3 448 489 441
3 249 279 274
1 925
3 649 956 132
3 389 634 749
3 86 344 767
1 245
3 570 992 127
1 803
3 862 233 135
3 972 300 684
3 809 709 44
1 725
1 6
1 25
1 880
3 721 907 225
3 5 243 458
3 857 391 580
1 904
1 229
3 646 108 612
3 285 781 686
1 388
1 968
3 583 314 357
1 757
3 247 815 97
1 734
3 554 984 923
3 277 447 262
3 98 95 275
1 223
3 132 539 290
1 436
1 43
3 536 116 177
3 263 155 140
3 223 42 343
3 391 822 476
1 626
1 848
1 155
3 0 374 294
3 35 211 117
1 572
1 561
3 945 432 744
1 839
3 738 71 445
3 662 72 930
3 114 532 113
3 898 317 987
3 817 365 782
3 927 474 428
1 736
1 20
3 194 129 743
3 741 877 549
3 786 842 226
1 106
1 476
3 390 431 763
3 340 959 700
3 115 63 266
1 68
3 151 872 972
3 446 510 348
3 760 403 889
3 1000 548 461
1 448
1 799
3 257 903 39
1 257
1 47
3 118 731 43
1 111
3 521 370 147
3 668 434 75
1 588
3 135 910 528
1 759
3 372 1 107
3 605 426 636
3 136 84 922
3 454 319 582
1 101
3 789 78 186
3 334 141 202
1 341
3 319 145 213
1 472
1 374
1 931
1 247
1 986
1 646
1 782
3 88 912 627
1 39
1 782
1 373
3 127 939 586
1 932
3 431 65 47
3 963 12 495
1 303
3 253 291 200
3 342 429 17
3 524 846 232
3 678 998 935
3 501 988 330
1 433
3 701 168 823
1 758
3 246 683 480
1 751
1 398
1 823
3 13 915 970
1 632
1 874
1 853
3 809 543 449
3 601 236 169
3 769 780 59
3 21 460 358
1 11
1 304
3 20 954 623
1 279
1 507
3 967 152 802
1 586
3 437 854 706
1 860
3 59 909 758
3 393 741 655
1 948
3 759 413 861
3 10 866 364
3 196 963 966
1 306
3 230 524 599
1 877
1 124
3 497 946 506
1 701
3 169 11 769
3 445 18 334
3 829 298 933
1 687
1 640
1 663
3 484 252 284
1 228
3 897 26 847
1 972
1 966
3 714 553 496
3 277 656 819
1 702
1 735
1 407
3 681 267 442
3 212 831 581
1 831
1 353
3 184 32 703
1 318
3 127 899 15
3 711 986 285
3 799 89 757
1 396
3 880 387 422
3 139 613 19
1 114
1 735
3 156 991 667
3 773 264 48
3 618 99 24
1 513
3 976 768 124
3 525 92 354
3 331 932 654
1 475
1 805
3 169 276 231
3 374 146 304
1 175
3 977 68 308
1 711
1 704
3 283 296 185
3 434 361 399
3 927 258 732
3 924 371 717
3 566 843 774
3 824 616 650
3 923 664 184
3 671 269 70
3 156 695 816
3 902 323 385
1 637
1 432
3 730 237 892
1 514
3 947 216 397
3 733 674 694
3 922 982 893
3 352 45 297
3 438 273 662
1 728
3 267 924 259
3 699 163 144
3 330 964 736
1 45
1 971
3 797 315 519
1 957
1 501
1 363
3 167 190 515
1 187
3 816 382 465
3 805 14 715
3 903 407 76
3 821 254 708
1 578
1 698
3 985 776 711
3 743 485 531
3 987 665 680
3 718 558 66
3 234 30 21
3 284 77 552
1 838
1 824
3 640 561 388
3 222 143 270
3 560 734 250
1 550
1 319
3 770 976 392
1 923
1 854
3 507 118 878
1 331
3 433 619 167
3 913 40 277
1 969
1 239
3 65 80 989
1 92
3 675 529 349
3 639 159 617
3 209 584 642
3 854 834 571
1 187
1 167
1 565
1 103
1 969
3 209 139 812
3 508 332 105
1 685
3 651 828 628
3 109 783 746
3 893 251 295
1 216
3 399 398 682
1 700
1 485
1 733
1 57
1 935
1 93
1 628
1 525
3 556 600 603
1 770
1 303
3 354 919 289
3 929 562 380
1 383
3 820 845 351
3 189 590 880
3 411 995 85
1 129
1 447
1 290
3 221 329 394
1 243
3 105 940 492
3 242 183 721
3 245 49 887
3 229 574 675
1 262
1 410
3 635 9 104
3 334 511 837
1 890
3 307 728 689
1 296
1 945
1 367
3 125 626 514
1 11
1 400
3 766 814 282
1 404
1 812
1 530
3 704 727 238
3 52 556 13
1 104
3 663 27 841
3 263 788 328
3 74 730 207
1 542
3 616 621 0
3 434 740 701
1 283
1 995
1 461
3 769 93 137
3 211 653 212
3 200 175 201
3 668 402 669
1 242
3 124 338 324
3 760 64 359
3 366 980 272
1 26
1 803
3 246 945 739
3 262 472 551
3 438 278 928
1 819
1 562
3 700 900 440
1 142
1 788
1 612
1 659
3 468 544 6
1 892
1 125
1 328
1 105
3 411 625 221
3 637 748 760
1 137
3 907 182 162
3 393 57 521
1 291
1 272
3 112 638 34
1 642
3 346 158 512
1 487
3 37 240 191
1 152
1 643
1 266
1 166
1 357
1 346
1 892
1 569
1 974
3 971 253 624
3 902 975 91
1 901
3 561 647 154
1 749
1 101
3 789 677 518
1 168
1 85
1 347
1 375
1 454
3 947 208 196
1 798
3 903 386 115
3 571 448 22
3 482 804 5
1 139
3 708 849 871
3 712 771 125
1 340
1 991
3 72 345 96
3 184 659 228
3 318 54 555
1 673
1 843
3 335 926 876
3 353 705 875
3 575 888 729
3 312 522 470
1 355
1 85
3 519 856 997
1 942
3 639 215 7
1 583
1 199
1 601
3 232 752 131
1 194
1 622
1 948
1 231
1 473
1 785
1 13
1 72
3 587 712 337
3 532 702 747
3 716 999 699
3 443 990 505
3 901 341 38
3 110 698 557
1 840
3 213 786 430
3 553 306 8
3 26 596 316
3 687 363 606
1 653
1 991
3 613 778 949
1 436
1 118
3 80 481 948
1 605
3 796 120 340
1 316
3 199 82 908
1 317
1 16
3 838 807 550
3 649 977 410
3 30 886 710
3 938 916 641
3 935 379 393
3 47 502 79
1 88
3 341 473 260
1 135
3 632 217 293
1 400
1 506
3 115 35 722
3 297 138 83
1 566
1 6
1 89
3 55 498 160
3 644 608 188
3 718 25 416
1 28
3 644 326 661
3 73 478 635
3 470 246 527
3 221 753 765
1 622
3 102 874 720
3 569 513 660
1 279
3 420 873 497
1 875
3 746 685 133
3 946 223 693
1 416
1 93
3 835 119 477
1 266
1 712
1 470
1 532
3 172 149 733
3 674 435 598
3 555 123 735
3 614 352 170
1 755
1 925
3 681 895 934
3 510 283 346
3 141 412 164
3 381 106 161
3 790 136 826
1 19
1 907
3 613 469 172
1 924
3 28 4 572
