1000
3 156 139 907
3 134 805 638
3 246 797 398
2 350 584
2 169 777
3 11 968 944
2 126 675
2 856 765
2 895 770
3 327 250 295
2 855 870
3 853 5 806
1 109
2 314 456
2 922 288
2 94 26
2 540 936
1 112
2 86 414
2 873 323
1 115
2 227 222
2 834 132
2 140 152
2 673 233
1 39
2 15 769
2 750 470
3 993 859 386
2 488 277
2 789 342
2 111 615
2 961 866
2 534 541
3 317 591 625
2 936 836
3 73 89 216
2 84 120
2 342 479
3 452 25 749
2 728 140
2 890 395
2 786 764
2 507 450
2 77 873
3 763 534 693
2 908 536
2 97 606
2 846 979
2 455 203
2 767 343
1 784
1 701
2 523 255
2 250 785
1 573
2 446 163
2 85 365
1 117
1 480
1 903
3 744 850 149
3 71 356 461
1 486
2 787 360
3 449 90 434
2 573 261
3 203 518 902
1 684
2 82 442
2 402 119
3 692 775 62
1 509
3 270 36 963
2 369 646
3 236 168 808
2 972 903
3 861 44 680
2 647 685
1 678
1 804
1 463
3 642 609 69
2 379 564
3 575 37 671
3 464 57 608
3 105 18 800
3 176 404 879
2 795 476
1 36
1 65
2 749 196
2 232 605
2 876 626
2 238 15
1 656
2 849 532
2 437 47
2 409 662
2 632 150
1 213
2 406 543
2 459 364
2 790 260
2 355 645
2 941 86
2 162 655
2 250 761
2 769 264
2 547 12
2 673 779
3 634 31 525
2 798 17
2 918 401
2 792 773
3 785 20 718
1 222
2 179 58
2 789 993
2 70 214
1 37
2 668 361
2 910 248
2 911 937
2 923 624
1 683
3 164 6 985
2 984 618
2 269 754
3 832 568 792
2 333 440
2 920 960
2 22 966
2 952 887
2 768 1
2 872 191
3 484 925 888
2 266 215
2 800 580
2 0 193
2 40 23
1 635
3 996 311 930
1 291
2 539 684
2 395 567
2 733 252
2 774 845
2 771 854
2 61 973
3 99 596 503
2 313 402
1 23
2 240 383
2 165 860
2 968 721
3 202 0 934
2 274 165
2 193 793
2 405 633
2 705 375
2 393 347
2 172 106
1 56
2 663 126
2 157 154
2 435 237
1 560
3 75 933 408
2 823 4
3 647 382 898
2 217 767
3 967 951 162
2 320 174
2 173 453
1 594
2 953 87
3 629 569 812
3 479 807 199
3 478 117 436
2 231 446
2 375 207
3 233 556 889
2 225 486
1 967
3 628 290 817
2 759 783
2 956 631
2 192 560
2 607 629
2 284 814
3 135 877 893
3 950 653 188
2 139 158
3 662 334 895
2 954 952
1 91
2 781 381
2 322 558
2 178 827
1 497
2 696 308
2 343 156
3 49 507 67
3 241 803 838
2 223 403
1 725
2 181 469
2 212 863
1 940
3 651 681 755
3 650 435 307
3 993 208 494
2 892 100
3 119 231 931
2 137 658
2 36 319
2 597 171
1 824
2 641 521
1 491
3 958 988 730
2 21 116
3 860 465 205
2 582 858
3 748 751 183
2 690 506
2 320 21
3 779 649 708
2 843 427
2 563 657
2 214 180
2 684 92
3 24 182 938
1 505
2 376 552
2 776 75
3 166 504 742
3 703 94 279
1 301
2 893 153
2 390 204
2 541 377
2 503 672
1 608
1 630
2 469 2
2 802 656
2 122 729
1 865
3 9 107 54
2 262 331
2 146 750
2 876 384
2 793 397
1 53
1 305
2 530 437
2 826 301
2 653 689
2 103 869
2 66 274
2 977 251
2 583 957
2 108 582
2 414 700
2 460 137
1 952
1 472
2 443 128
2 887 73
2 408 738
2 882 590
3 681 451 647
3 261 157 463
2 772 815
2 364 454
1 29
1 921
3 238 351 313
3 337 874 904
2 572 857
3 410 291 881
2 373 312
2 441 190
1 812
2 858 900
2 343 846
1 14
1 717
3 185 368 376
3 282 578 143
2 875 366
1 367
2 928 971
2 9 636
2 579 958
2 592 725
2 947 948
1 657
2 432 379
2 258 239
2 806 791
1 624
2 466 739
3 974 256 723
2 458 639
1 211
3 201 891 357
1 524
3 854 892 393
1 142
2 283 997
2 279 151
2 444 13
2 631 489
2 741 743
2 803 34
2 946 352
2 216 538
3 418 173 227
1 848
2 466 198
2 19 350
3 371 981 611
2 511 956
2 558 741
2 338 9
1 917
2 800 514
2 763 643
1 251
1 738
2 808 130
2 194 637
2 680 344
1 695
2 365 280
2 804 327
2 356 844
2 377 698
2 726 515
2 30 38
3 50 287 202
1 335
3 939 885 984
2 838 523
2 161 394
1 550
2 905 542
2 323 3
3 279 474 460
1 318
3 488 752 720
2 884 928
2 883 104
2 62 339
1 308
1 932
2 529 562
1 64
1 121
2 586 573
2 422 974
2 102 276
2 57 337
2 292 406
3 694 380 293
3 290 439 549
3 666 982 74
2 761 871
2 401 324
1 688
2 533 283
2 575 719
2 160 181
2 290 235
3 242 340 890
2 497 795
2 300 83
1 367
1 197
2 170 428
2 153 595
3 253 654 784
1 730
1 28
2 852 676
2 480 995
1 494
3 652 241 510
1 979
1 994
2 310 161
3 347 487 876
2 41 145
3 636 740 509
2 254 696
1 2
2 602 697
2 709 634
3 113 776 371
2 151 70
2 205 409
2 87 690
2 424 159
2 366 101
1 666
2 168 271
2 403 98
3 903 282 522
2 969 417
2 423 834
3 738 753 445
2 18 265
2 623 941
1 670
2 411 940
2 726 320
1 765
2 595 771
1 502
2 928 363
2 516 412
2 490 405
2 557 969
2 901 843
2 229 918
1 382
1 515
2 933 614
2 796 994
2 476 300
1 560
1 65
2 211 166
1 179
2 257 97
1 746
1 368
2 130 628
2 483 284
3 69 537 498
3 803 269 978
3 462 314 848
1 413
3 180 715 56
1 843
1 604
3 866 699 65
2 43 550
1 273
2 707 39
1 174
2 276 746
2 668 49
3 13 545 712
2 588 714
3 737 306 488
2 102 683
2 351 266
2 62 916
3 646 444 632
2 274 81
3 788 735 85
2 223 627
3 665 304 322
2 742 945
2 932 882
2 207 246
2 27 490
2 980 727
2 916 268
2 931 599
2 351 896
1 600
2 88 432
2 566 702
2 561 179
3 38 778 178
3 833 388 59
2 520 640
1 948
3 787 441 529
2 719 136
1 766
2 183 63
1 394
3 458 353 29
1 315
2 470 424
3 960 847 220
1 918
2 920 589
3 212 389 862
1 919
3 931 849 961
3 548 200 378
2 442 652
1 537
1 663
1 619
2 914 421
3 150 243 574
3 237 516 912
2 679 234
2 226 813
2 203 43
2 837 616
2 396 72
2 390 704
3 751 703 325
2 966 557
3 863 924 942
2 329 604
3 341 706 429
2 504 423
2 874 832
2 67 829
1 881
2 874 481
1 219
1 410
3 346 612 53
3 609 309 728
2 111 949
2 653 713
2 929 577
2 712 774
2 483 359
2 857 257
2 676 865
2 96 722
2 739 373
2 45 33
2 762 905
2 46 989
3 442 499 586
2 319 864
2 827 144
2 948 16
2 33 242
1 349
3 101 724 986
2 659 833
2 456 781
1 916
2 549 109
2 810 497
2 368 547
2 450 348
3 571 809 613
1 235
1 614
2 998 972
2 706 780
1 182
2 512 425
2 198 326
3 648 667 651
3 188 433 167
3 585 478 983
1 359
2 957 230
2 83 787
2 640 852
2 778 477
1 145
1 129
1 177
1 603
2 912 551
2 926 281
3 362 55 66
1 503
3 996 84 374
2 777 593
1 527
1 291
2 746 296
1 138
2 850 946
3 264 224 875
2 906 263
2 3 811
2 756 561
2 537 362
1 702
3 980 457 943
2 493 947
2 272 688
1 34
2 976 297
2 576 716
2 946 175
3 383 420 990
2 150 897
2 710 217
2 747 856
2 473 906
2 782 475
2 829 980
2 671 399
3 645 962 570
3 514 448 687
3 92 796 668
1 47
2 754 189
2 85 244
3 82 524 910
2 899 939
2 324 666
2 523 660
1 551
2 430 553
1 31
1 508
1 621
2 127 999
2 638 501
2 986 991
2 947 617
2 989 759
2 704 415
2 124 303
2 34 935
2 93 677
2 465 798
2 440 185
2 189 177
2 900 245
2 187 315
2 462 99
2 159 932
2 400 111
2 799 141
2 295 396
2 334 883
3 1 717 619
2 306 915
2 481 565
2 809 219
2 963 82
2 330 861
2 711 967
2 104 603
2 74 462
3 273 170 78
2 902 559
1 228
2 862 211
3 559 210 816
2 498 390
3 192 526 259
2 384 955
1 106
2 247 95
2 230 299
2 215 824
2 974 544
1 612
1 686
2 98 194
3 935 500 164
1 909
3 882 772 466
3 611 407 369
1 559
3 605 121 455
2 757 822
2 687 416
2 84 602
2 243 804
3 959 110 24
2 676 756
1 6
3 387 531 674
2 626 802
2 860 79
2 825 505
2 77 335
2 210 273
1 753
2 459 125
3 144 68 232
1 78
2 841 661
2 604 670
3 590 372 788
1 259
2 404 226
1 840
3 735 851 71
1 45
2 801 367
2 751 336
2 397 201
2 399 913
1 340
2 449 709
1 265
3 779 830 52
2 477 587
2 511 238
2 510 623
2 835 160
2 515 555
2 904 452
1 228
3 699 954 400
3 919 766 597
2 970 644
3 456 528 821
1 526
2 457 880
2 446 855
2 593 872
2 638 289
1 115
2 374 484
1 353
1 155
2 532 732
1 305
1 543
2 297 206
3 770 418 341
2 471 950
3 524 762 40
2 248 757
2 221 385
1 981
1 722
2 995 146
2 820 760
2 464 692
2 937 929
2 943 458
3 271 413 332
2 304 533
1 396
2 326 316
3 237 763 467
2 316 819
2 994 61
2 992 782
3 454 438 579
3 955 598 837
2 851 225
2 39 91
2 252 27
3 225 511 695
1 353
2 413 682
2 128 607
1 210
2 674 585
3 729 839 669
2 814 899
2 622 186
3 734 841 835
2 107 370
2 728 535
3 742 45 330
1 42
2 7 419
2 710 485
2 171 50
2 930 134
2 26 108
2 8 726
2 420 148
2 665 275
1 114
2 528 147
2 71 964
2 401 236
2 4 576
2 479 566
3 110 701 228
2 555 831
2 545 197
2 745 600
2 186 921
2 384 51
2 54 115
2 888 42
3 564 64 483
2 688 464
3 901 118 30
2 864 103
2 302 911
2 129 114
3 158 254 799
2 936 894
2 378 88
2 605 431
1 2
2 627 112
2 793 635
3 86 138 329
2 971 694
2 677 247
3 204 443 317
3 672 338 80
1 1
2 11 302
1 178
2 75 333
2 551 641
2 856 548
1 584
2 177 285
1 506
2 190 758
2 275 840
2 651 992
2 185 820
1 845
1 743
3 817 734 976
1 712
2 669 998
2 925 169
2 658 218
2 992 679
2 870 258
3 199 539 926
2 935 922
2 518 601
1 701
1 780
2 517 129
2 544 480
2 412 22
2 760 705
1 35
2 747 508
2 204 346
2 757 901
2 815 691
2 760 686
1 898
3 426 447 229
1 339
2 147 818
3 287 48 917
1 491
2 444 321
2 496 96
2 61 581
2 692 748
2 565 387
2 933 11
2 148 310
2 715 10
3 598 7 810
3 281 908 530
2 224 286
1 28
3 154 678 223
2 643 77
3 494 650 868
2 208 513
2 538 790
2 531 249
2 32 449
2 988 970
1 862
1 260
2 10 826
1 370
2 716 135
2 44 19
3 280 520 517
2 582 292
3 394 253 93
1 191
2 964 965
2 87 959
1 714
2 282 519
3 468 665 272
2 637 355
2 907 354
1 345
1 986
2 133 270
2 136 786
1 182
2 377 41
1 308
2 310 213
2 191 240
2 794 919
2 194 8
1 474
1 596
2 170 842
2 758 610
2 286 630
3 839 426 789
2 67 648
3 76 410 60
2 280 707
2 535 349
3 599 583 923
2 0 884
2 857 46
2 999 664
2 609 122
2 791 123
2 504 571
1 697
2 987 502
1 639
3 461 472 546
2 846 328
3 427 113 492
3 894 710 495
3 999 493 131
2 783 278
2 828 14
2 906 124
2 513 975
2 136 823
3 827 987 572
1 982
3 354 294 422
2 736 527
2 142 768
3 214 496 473
3 633 358 468
3 168 430 853
1 156
3 625 828 663
3 16 794 35
3 123 736 953
1 233
2 610 345
2 417 209
2 415 105
1 513
2 588 737
1 5
1 467
3 581 318 594
3 589 621 298
3 298 482 540
1 525
2 727 192
2 172 996
3 195 133 267
2 937 176
2 709 195
2 654 747
2 325 187
2 263 563
2 296 221
2 879 673
2 131 491
2 496 32
1 603
2 73 642
2 775 878
1 878
2 132 512
3 644 184 172
2 5 155
2 425 411
2 867 711
3 294 977 801
2 554 76
1 149
3 363 659 305
1 924
2 820 592
2 971 262
1 443
2 48 391
3 601 588 471
2 324 731
2 369 927
1 561
2 345 127
1 126
3 543 620 886
2 926 914
2 221 867
2 536 622
1 595
1 620
3 816 825 745
3 118 28 212
3 431 744 392
2 388 733
3 951 575 142
1 312
2 822 554
3 618 909 920
