333 99 72
63 114
170 327
32 58
21 254
304 295
240 235
230 158
296 92
302 330
219 136
300 10
116 273
141 279
268 132
34 303
133 141
172 276
18 208
79 260
219 63
127 121
315 134
91 40
232 220
29 163
228 151
264 5
45 29
129 185
49 315
223 24
129 277
195 291
136 179
217 26
14 155
173 56
105 10
235 249
136 251
117 245
286 1
191 130
268 252
223 122
270 226
21 13
73 293
80 40
39 224
277 281
152 95
20 180
191 215
266 241
169 158
272 164
246 73
327 194
231 133
242 256
301 232
143 330
327 71
206 119
96 129
327 103
38 124
322 106
29 333
295 88
120 226
41 18
98 100
227 290
300 132
293 30
14 272
305 18
139 176
242 153
219 298
231 8
278 177
250 300
210 96
50 37
222 104
219 94
10 235
158 16
211 21
6 149
267 131
137 52
74 291
197 58
59 164
129 247
329 106
138 248
102 137
144 199
104 293
119 58
205 187
92 184
149 228
84 329
211 245
101 244
9 278
212 18
13 227
223 70
132 26
92 101
249 175
84 324
8 325
58 256
20 183
4 156
6 162
195 22
249 176
298 253
56 190
102 178
135 268
235 258
130 107
190 5
234 33
291 289
297 101
250 318
132 236
127 287
107 25
190 131
58 110
266 86
200 121
233 179
328 267
219 182
254 261
20 92
272 106
321 5
231 148
12 311
19 91
284 29
142 278
137 197
86 160
218 75
69 235
64 258
232 201
194 237
81 272
307 272
288 221
300 254
80 321
49 189
61 277
196 315
93 102
4 273
44 259
292 306
213 18
170 313
183 154
129 283
209 124
126 3
45 202
58 73
21 27
226 274
9 329
149 4
224 199
292 222
57 198
287 44
106 202
166 108
68 103
147 285
53 228
174 47
203 223
272 158
77 211
106 321
5 288
31 199
316 123
199 44
83 136
223 181
282 321
119 238
127 72
277 260
124 92
320 147
317 136
235 88
300 159
67 321
12 285
126 204
223 20
329 248
54 236
118 182
14 18
185 85
161 89
321 10
257 267
211 285
323 75
1 229
321 92
11 14
117 319
164 25
277 207
130 111
188 280
329 265
115 81
159 332
46 257
262 88
330 273
48 287
149 258
129 321
219 60
28 277
312 180
299 315
80 95
269 164
76 268
103 188
243 73
62 270
325 220
57 10
145 37
192 99
125 326
86 112
49 276
165 288
171 97
106 326
9 108
10 1
308 266
82 330
43 249
327 106
15 7
330 17
55 51
243 126
272 109
150 7
37 315
34 136
255 107
248 289
309 74
277 87
222 99
223 271
57 2
2 66
56 146
274 116
310 35
327 161
98 97
35 326
136 4
234 241
28 167
65 40
128 12
103 263
267 8
285 186
314 239
214 88
205 47
51 10
10 123
268 314
225 14
106 299
92 157
216 278
295 199
90 15
331 188
15 300
131 78
42 26
323 309
57 205
274 98
113 180
293 272
193 309
104 275
160 92
30 36
136 140
294 327
295 23
168 327
